  2955
    300.0   0.75204
    305.0   0.75344
    310.0   0.75750
    315.0   0.76099
    320.0   0.76576
    325.0   0.76925
    330.0   0.77320
    335.0   0.77741
    340.0   0.78042
    345.0   0.78309
    350.0   0.78517
    355.0   0.78863
    360.0   0.79125
    365.0   0.79281
    370.0   0.79644
    375.0   0.79831
    380.0   0.80086
    385.0   0.80354
    390.0   0.80512
    395.0   0.80759
    400.0   0.80844
    405.0   0.80948
    410.0   0.81155
    415.0   0.81295
    420.0   0.81434
    425.0   0.81619
    430.0   0.81892
    435.0   0.82045
    440.0   0.82217
    445.0   0.82390
    450.0   0.82557
    455.0   0.82673
    460.0   0.82828
    465.0   0.82971
    470.0   0.83099
    475.0   0.83268
    480.0   0.83384
    485.0   0.83590
    490.0   0.83719
    495.0   0.83876
    500.0   0.84139
    505.0   0.84265
    510.0   0.84423
    515.0   0.84546
    520.0   0.84671
    525.0   0.84789
    530.0   0.84886
    535.0   0.85019
    540.0   0.85114
    545.0   0.85166
    550.0   0.85228
    555.0   0.85399
    560.0   0.85438
    565.0   0.85513
    570.0   0.85614
    575.0   0.85675
    580.0   0.85681
    585.0   0.85755
    590.0   0.85826
    595.0   0.85863
    600.0   0.85422
    605.0   0.85444
    610.0   0.85471
    615.0   0.85505
    620.0   0.85511
    625.0   0.85477
    630.0   0.85523
    635.0   0.85446
    640.0   0.85451
    645.0   0.85523
    650.0   0.85442
    655.0   0.85533
    660.0   0.85515
    665.0   0.85501
    670.0   0.85599
    675.0   0.85596
    680.0   0.85493
    685.0   0.85555
    690.0   0.85633
    695.0   0.85518
    700.0   0.85759
    705.0   0.85823
    710.0   0.85815
    715.0   0.85843
    720.0   0.85771
    725.0   0.85773
    730.0   0.85790
    735.0   0.85808
    740.0   0.85844
    745.0   0.85793
    750.0   0.85784
    755.0   0.85778
    760.0   0.85799
    765.0   0.85916
    770.0   0.85748
    775.0   0.85798
    780.0   0.85773
    785.0   0.85864
    790.0   0.85842
    795.0   0.85846
    800.0   0.85831
    805.0   0.85862
    810.0   0.85920
    815.0   0.85962
    820.0   0.86052
    825.0   0.86025
    830.0   0.86048
    835.0   0.86131
    840.0   0.86143
    845.0   0.86162
    850.0   0.86201
    855.0   0.86142
    860.0   0.86127
    865.0   0.86174
    870.0   0.86178
    875.0   0.86114
    880.0   0.86099
    885.0   0.86093
    890.0   0.86091
    895.0   0.86076
    900.0   0.86010
    905.0   0.86052
    910.0   0.85988
    915.0   0.85936
    920.0   0.85947
    925.0   0.85852
    930.0   0.85766
    935.0   0.85898
    940.0   0.85781
    945.0   0.85730
    950.0   0.85642
    955.0   0.85603
    960.0   0.85516
    965.0   0.85381
    970.0   0.85293
    975.0   0.85182
    980.0   0.85183
    985.0   0.85204
    990.0   0.85141
    995.0   0.85092
   1000.0   0.85075
   1005.0   0.85131
   1010.0   0.85163
   1015.0   0.85254
   1020.0   0.85273
   1025.0   0.85265
   1030.0   0.85347
   1035.0   0.85356
   1040.0   0.85309
   1045.0   0.85322
   1050.0   0.85403
   1055.0   0.85357
   1060.0   0.85372
   1065.0   0.85359
   1070.0   0.85256
   1075.0   0.85197
   1080.0   0.85255
   1085.0   0.85214
   1090.0   0.85189
   1095.0   0.85224
   1100.0   0.85148
   1105.0   0.85112
   1110.0   0.85075
   1115.0   0.85032
   1120.0   0.85058
   1125.0   0.85139
   1130.0   0.85061
   1135.0   0.84893
   1140.0   0.84819
   1145.0   0.84585
   1150.0   0.84537
   1155.0   0.84333
   1160.0   0.83829
   1165.0   0.83383
   1170.0   0.83213
   1175.0   0.83243
   1180.0   0.83302
   1185.0   0.83363
   1190.0   0.83465
   1195.0   0.83414
   1200.0   0.83379
   1205.0   0.83332
   1210.0   0.83284
   1215.0   0.83690
   1220.0   0.83773
   1225.0   0.83847
   1230.0   0.83748
   1235.0   0.83670
   1240.0   0.83767
   1245.0   0.83839
   1250.0   0.83951
   1255.0   0.83991
   1260.0   0.83982
   1265.0   0.84056
   1270.0   0.84047
   1275.0   0.84062
   1280.0   0.84059
   1285.0   0.84074
   1290.0   0.84061
   1295.0   0.84020
   1300.0   0.84019
   1301.2   0.84044
   1301.9   0.83914
   1302.5   0.83865
   1303.2   0.83899
   1303.9   0.83825
   1304.5   0.83865
   1305.2   0.83940
   1305.8   0.83866
   1306.5   0.83822
   1307.1   0.83919
   1307.8   0.83917
   1308.5   0.83825
   1309.1   0.83772
   1309.8   0.83775
   1310.4   0.83702
   1311.1   0.83661
   1311.8   0.83704
   1312.4   0.83751
   1313.1   0.83710
   1313.8   0.83672
   1314.4   0.83641
   1315.1   0.83642
   1315.8   0.83669
   1316.4   0.83668
   1317.1   0.83565
   1317.8   0.83558
   1318.4   0.83578
   1319.1   0.83586
   1319.8   0.83547
   1320.5   0.83460
   1321.1   0.83431
   1321.8   0.83405
   1322.5   0.83348
   1323.2   0.83428
   1323.8   0.83464
   1324.5   0.83408
   1325.2   0.83330
   1325.9   0.83334
   1326.5   0.83317
   1327.2   0.83250
   1327.9   0.83176
   1328.6   0.83152
   1329.3   0.83171
   1329.9   0.83139
   1330.6   0.83100
   1331.3   0.83061
   1332.0   0.82984
   1332.7   0.82943
   1333.4   0.82905
   1334.1   0.82889
   1334.7   0.82865
   1335.4   0.82842
   1336.1   0.82756
   1336.8   0.82689
   1337.5   0.82633
   1338.2   0.82653
   1338.9   0.82647
   1339.6   0.82625
   1340.3   0.82555
   1341.0   0.82488
   1341.6   0.82456
   1342.3   0.82399
   1343.0   0.82390
   1343.7   0.82430
   1344.4   0.82476
   1345.1   0.82493
   1345.8   0.82417
   1346.5   0.82341
   1347.2   0.82356
   1347.9   0.82395
   1348.6   0.82407
   1349.3   0.82359
   1350.0   0.82335
   1350.7   0.82355
   1351.4   0.82338
   1352.1   0.82308
   1352.9   0.82308
   1353.6   0.82265
   1354.3   0.82272
   1355.0   0.82258
   1355.7   0.82178
   1356.4   0.82169
   1357.1   0.82134
   1357.8   0.82115
   1358.5   0.82143
   1359.2   0.82207
   1360.0   0.82202
   1360.7   0.82136
   1361.4   0.82033
   1362.1   0.81994
   1362.8   0.81968
   1363.5   0.81898
   1364.2   0.81929
   1365.0   0.81981
   1365.7   0.81946
   1366.4   0.81967
   1367.1   0.81920
   1367.8   0.81850
   1368.6   0.81812
   1369.3   0.81817
   1370.0   0.81759
   1370.7   0.81779
   1371.5   0.81770
   1372.2   0.81688
   1372.9   0.81642
   1373.6   0.81563
   1374.4   0.81495
   1375.1   0.81480
   1375.8   0.81408
   1376.6   0.81374
   1377.3   0.81252
   1378.0   0.81229
   1378.8   0.81230
   1379.5   0.81191
   1380.2   0.81139
   1381.0   0.81074
   1381.7   0.81022
   1382.4   0.80979
   1383.2   0.80860
   1383.9   0.80795
   1384.7   0.80732
   1385.4   0.80611
   1386.1   0.80445
   1386.9   0.80347
   1387.6   0.80218
   1388.4   0.80071
   1389.1   0.80008
   1389.8   0.79932
   1390.6   0.79836
   1391.3   0.79744
   1392.1   0.79637
   1392.8   0.79592
   1393.6   0.79475
   1394.3   0.79406
   1395.1   0.79416
   1395.8   0.79344
   1396.6   0.79250
   1397.3   0.79323
   1398.1   0.79336
   1398.8   0.79212
   1399.6   0.79135
   1400.4   0.79169
   1401.1   0.79001
   1401.9   0.78813
   1402.6   0.78759
   1403.4   0.78713
   1404.2   0.78612
   1404.9   0.78413
   1405.7   0.78240
   1406.4   0.78176
   1407.2   0.78050
   1408.0   0.77926
   1408.7   0.77733
   1409.5   0.77436
   1410.3   0.77228
   1411.0   0.77073
   1411.8   0.76818
   1412.6   0.76565
   1413.3   0.76319
   1414.1   0.76092
   1414.9   0.75818
   1415.7   0.75571
   1416.4   0.75275
   1417.2   0.75017
   1418.0   0.74732
   1418.8   0.74527
   1419.5   0.74331
   1420.3   0.74115
   1421.1   0.73819
   1421.9   0.73517
   1422.6   0.73269
   1423.4   0.73099
   1424.2   0.72986
   1425.0   0.72852
   1425.8   0.72707
   1426.6   0.72594
   1427.3   0.72447
   1428.1   0.72357
   1428.9   0.72369
   1429.7   0.72388
   1430.5   0.72388
   1431.3   0.72395
   1432.1   0.72349
   1432.9   0.72269
   1433.7   0.72232
   1434.5   0.72262
   1435.3   0.72277
   1436.0   0.72217
   1436.8   0.72109
   1437.6   0.71974
   1438.4   0.71878
   1439.2   0.71798
   1440.0   0.71624
   1440.8   0.71362
   1441.6   0.71139
   1442.4   0.70963
   1443.2   0.70753
   1444.0   0.70588
   1444.9   0.70432
   1445.7   0.70324
   1446.5   0.70236
   1447.3   0.70309
   1448.1   0.70526
   1448.9   0.70779
   1449.7   0.71026
   1450.5   0.71351
   1451.3   0.71672
   1452.1   0.72000
   1453.0   0.72313
   1453.8   0.72620
   1454.6   0.72884
   1455.4   0.73084
   1456.2   0.73265
   1457.0   0.73465
   1457.9   0.73649
   1458.7   0.73803
   1459.5   0.73949
   1460.3   0.74033
   1461.1   0.74128
   1462.0   0.74297
   1462.8   0.74363
   1463.6   0.74334
   1464.4   0.74405
   1465.3   0.74513
   1466.1   0.74553
   1466.9   0.74533
   1467.8   0.74555
   1468.6   0.74576
   1469.4   0.74525
   1470.3   0.74477
   1471.1   0.74467
   1471.9   0.74462
   1472.8   0.74445
   1473.6   0.74405
   1474.4   0.74345
   1475.3   0.74318
   1476.1   0.74278
   1477.0   0.74359
   1477.8   0.74494
   1478.6   0.74592
   1479.5   0.74671
   1480.3   0.74774
   1481.2   0.74863
   1482.0   0.74899
   1482.9   0.74914
   1483.7   0.74922
   1484.6   0.74822
   1485.4   0.74733
   1486.3   0.74702
   1487.1   0.74667
   1488.0   0.74634
   1488.8   0.74584
   1489.7   0.74583
   1490.6   0.74598
   1491.4   0.74584
   1492.3   0.74571
   1493.1   0.74616
   1494.0   0.74722
   1494.8   0.74840
   1495.7   0.74952
   1496.6   0.75061
   1497.4   0.75196
   1498.3   0.75391
   1499.2   0.75625
   1500.0   0.75786
   1500.9   0.75896
   1501.8   0.76030
   1502.6   0.76255
   1503.5   0.76453
   1504.4   0.76581
   1505.3   0.76622
   1506.1   0.76774
   1507.0   0.76916
   1507.9   0.76911
   1508.8   0.76967
   1509.6   0.77109
   1510.5   0.77190
   1511.4   0.77228
   1512.3   0.77283
   1513.2   0.77363
   1514.1   0.77327
   1514.9   0.77346
   1515.8   0.77365
   1516.7   0.77392
   1517.6   0.77392
   1518.5   0.77399
   1519.4   0.77413
   1520.3   0.77406
   1521.2   0.77404
   1522.1   0.77412
   1523.0   0.77367
   1523.8   0.77315
   1524.7   0.77333
   1525.6   0.77377
   1526.5   0.77350
   1527.4   0.77304
   1528.3   0.77266
   1529.2   0.77195
   1530.1   0.77131
   1531.0   0.77077
   1532.0   0.77017
   1532.9   0.76959
   1533.8   0.76910
   1534.7   0.76931
   1535.6   0.76879
   1536.5   0.76845
   1537.4   0.76805
   1538.3   0.76825
   1539.2   0.76888
   1540.1   0.76977
   1541.1   0.76973
   1542.0   0.76972
   1542.9   0.76995
   1543.8   0.77083
   1544.7   0.77201
   1545.7   0.77310
   1546.6   0.77394
   1547.5   0.77478
   1548.4   0.77602
   1549.4   0.77733
   1550.3   0.77856
   1551.2   0.77943
   1552.1   0.78020
   1553.1   0.78135
   1554.0   0.78252
   1554.9   0.78431
   1555.9   0.78555
   1556.8   0.78647
   1557.7   0.78720
   1558.7   0.78780
   1559.6   0.78823
   1560.5   0.78980
   1561.5   0.79042
   1562.4   0.79114
   1563.4   0.79193
   1564.3   0.79210
   1565.3   0.79229
   1566.2   0.79330
   1567.2   0.79424
   1568.1   0.79504
   1569.0   0.79481
   1570.0   0.79544
   1570.9   0.79623
   1571.9   0.79634
   1572.9   0.79715
   1573.8   0.79827
   1574.8   0.79832
   1575.7   0.79772
   1576.7   0.79809
   1577.6   0.79954
   1578.6   0.80030
   1579.6   0.80036
   1580.5   0.80046
   1581.5   0.80065
   1582.5   0.80092
   1583.4   0.80147
   1584.4   0.80196
   1585.4   0.80192
   1586.3   0.80194
   1587.3   0.80270
   1588.3   0.80308
   1589.3   0.80372
   1590.2   0.80432
   1591.2   0.80434
   1592.2   0.80458
   1593.2   0.80456
   1594.1   0.80479
   1595.1   0.80575
   1596.1   0.80633
   1597.1   0.80621
   1598.1   0.80681
   1599.1   0.80763
   1600.0   0.80756
   1601.0   0.80765
   1602.0   0.80821
   1603.0   0.80884
   1604.0   0.80906
   1605.0   0.80912
   1606.0   0.80959
   1607.0   0.81014
   1608.0   0.81009
   1609.0   0.81036
   1610.0   0.81120
   1611.0   0.81192
   1612.0   0.81227
   1613.0   0.81206
   1614.0   0.81182
   1615.0   0.81248
   1616.0   0.81310
   1617.0   0.81383
   1618.0   0.81383
   1619.0   0.81329
   1620.0   0.81351
   1621.1   0.81407
   1622.1   0.81379
   1623.1   0.81366
   1624.1   0.81415
   1625.1   0.81486
   1626.1   0.81524
   1627.2   0.81586
   1628.2   0.81577
   1629.2   0.81555
   1630.2   0.81533
   1631.3   0.81559
   1632.3   0.81584
   1633.3   0.81658
   1634.3   0.81685
   1635.4   0.81666
   1636.4   0.81658
   1637.4   0.81671
   1638.5   0.81752
   1639.5   0.81785
   1640.5   0.81746
   1641.6   0.81745
   1642.6   0.81745
   1643.7   0.81787
   1644.7   0.81862
   1645.8   0.81855
   1646.8   0.81841
   1647.8   0.81837
   1648.9   0.81828
   1649.9   0.81882
   1651.0   0.81898
   1652.1   0.81893
   1653.1   0.81931
   1654.2   0.81957
   1655.2   0.81931
   1656.3   0.81953
   1657.3   0.81949
   1658.4   0.81909
   1659.5   0.81932
   1660.5   0.81989
   1661.6   0.81997
   1662.6   0.81994
   1663.7   0.81971
   1664.8   0.81994
   1665.9   0.81996
   1666.9   0.81994
   1668.0   0.82030
   1669.1   0.82030
   1670.1   0.81967
   1671.2   0.81983
   1672.3   0.82019
   1673.4   0.82048
   1674.5   0.82006
   1675.5   0.81958
   1676.6   0.81948
   1677.7   0.81923
   1678.8   0.81905
   1679.9   0.81924
   1681.0   0.81915
   1682.1   0.81909
   1683.2   0.81899
   1684.3   0.81890
   1685.3   0.81862
   1686.4   0.81838
   1687.5   0.81783
   1688.6   0.81742
   1689.7   0.81698
   1690.8   0.81680
   1692.0   0.81675
   1693.1   0.81687
   1694.2   0.81656
   1695.3   0.81593
   1696.4   0.81545
   1697.5   0.81536
   1698.6   0.81478
   1699.7   0.81408
   1700.8   0.81357
   1701.9   0.81304
   1703.1   0.81210
   1704.2   0.81158
   1705.3   0.81102
   1706.4   0.80966
   1707.6   0.80879
   1708.7   0.80825
   1709.8   0.80681
   1710.9   0.80567
   1712.1   0.80459
   1713.2   0.80303
   1714.3   0.80137
   1715.5   0.80042
   1716.6   0.79915
   1717.7   0.79782
   1718.9   0.79634
   1720.0   0.79485
   1721.2   0.79394
   1722.3   0.79276
   1723.4   0.79073
   1724.6   0.78854
   1725.7   0.78705
   1726.9   0.78544
   1728.0   0.78367
   1729.2   0.78251
   1730.4   0.78095
   1731.5   0.77923
   1732.7   0.77730
   1733.8   0.77540
   1735.0   0.77357
   1736.1   0.77199
   1737.3   0.77006
   1738.5   0.76795
   1739.6   0.76671
   1740.8   0.76523
   1742.0   0.76319
   1743.2   0.76184
   1744.3   0.76070
   1745.5   0.75958
   1746.7   0.75837
   1747.9   0.75760
   1749.0   0.75699
   1750.2   0.75640
   1751.4   0.75585
   1752.6   0.75563
   1753.8   0.75550
   1755.0   0.75593
   1756.1   0.75649
   1757.3   0.75688
   1758.5   0.75725
   1759.7   0.75783
   1760.9   0.75767
   1762.1   0.75772
   1763.3   0.75777
   1764.5   0.75772
   1765.7   0.75848
   1766.9   0.75896
   1768.1   0.75895
   1769.3   0.75916
   1770.5   0.75932
   1771.7   0.75983
   1773.0   0.76017
   1774.2   0.75968
   1775.4   0.75982
   1776.6   0.75985
   1777.8   0.75914
   1779.0   0.75928
   1780.3   0.76032
   1781.5   0.76094
   1782.7   0.76171
   1783.9   0.76285
   1785.2   0.76374
   1786.4   0.76462
   1787.6   0.76594
   1788.9   0.76767
   1790.1   0.76846
   1791.3   0.76919
   1792.6   0.77045
   1793.8   0.77204
   1795.1   0.77345
   1796.3   0.77423
   1797.6   0.77535
   1798.8   0.77646
   1800.0   0.77696
   1801.3   0.77790
   1802.6   0.77876
   1803.8   0.77979
   1805.1   0.78049
   1806.3   0.78136
   1807.6   0.78169
   1808.8   0.78244
   1810.1   0.78354
   1811.4   0.78392
   1812.6   0.78400
   1813.9   0.78454
   1815.2   0.78510
   1816.4   0.78546
   1817.7   0.78557
   1819.0   0.78607
   1820.3   0.78653
   1821.6   0.78678
   1822.8   0.78662
   1824.1   0.78695
   1825.4   0.78723
   1826.7   0.78673
   1828.0   0.78719
   1829.3   0.78766
   1830.6   0.78696
   1831.8   0.78718
   1833.1   0.78735
   1834.4   0.78708
   1835.7   0.78602
   1837.0   0.78535
   1838.3   0.78528
   1839.7   0.78517
   1841.0   0.78462
   1842.3   0.78404
   1843.6   0.78302
   1844.9   0.78248
   1846.2   0.78251
   1847.5   0.78192
   1848.8   0.78083
   1850.2   0.77978
   1851.5   0.77888
   1852.8   0.77811
   1854.1   0.77701
   1855.5   0.77549
   1856.8   0.77399
   1858.1   0.77250
   1859.4   0.77072
   1860.8   0.76851
   1862.1   0.76620
   1863.5   0.76438
   1864.8   0.76205
   1866.1   0.75944
   1867.5   0.75655
   1868.8   0.75384
   1870.2   0.75113
   1871.5   0.74814
   1872.9   0.74474
   1874.2   0.74066
   1875.6   0.73651
   1876.9   0.73249
   1878.3   0.72799
   1879.7   0.72371
   1881.0   0.71899
   1882.4   0.71346
   1883.8   0.70770
   1885.1   0.70226
   1886.5   0.69658
   1887.9   0.69069
   1889.3   0.68402
   1890.6   0.67768
   1892.0   0.67119
   1893.4   0.66468
   1894.8   0.65744
   1896.2   0.64973
   1897.6   0.64133
   1899.0   0.63207
   1900.3   0.62211
   1901.7   0.61158
   1903.1   0.60017
   1904.5   0.58797
   1905.9   0.57433
   1907.3   0.55925
   1908.7   0.54315
   1910.1   0.52567
   1911.6   0.50670
   1913.0   0.48750
   1914.4   0.46784
   1915.8   0.44864
   1917.2   0.43234
   1918.6   0.42022
   1920.0   0.41442
   1921.5   0.41550
   1922.9   0.42185
   1924.3   0.43173
   1925.8   0.44315
   1927.2   0.45386
   1928.6   0.46189
   1930.1   0.46631
   1931.5   0.46740
   1932.9   0.46655
   1934.4   0.46462
   1935.8   0.46205
   1937.3   0.45914
   1938.7   0.45709
   1940.2   0.45614
   1941.6   0.45586
   1943.1   0.45635
   1944.5   0.45761
   1946.0   0.45873
   1947.5   0.46049
   1948.9   0.46297
   1950.4   0.46612
   1951.9   0.47011
   1953.3   0.47557
   1954.8   0.48317
   1956.3   0.49232
   1957.8   0.50229
   1959.2   0.51284
   1960.7   0.52224
   1962.2   0.52897
   1963.7   0.53378
   1965.2   0.53711
   1966.7   0.53836
   1968.2   0.53889
   1969.7   0.53925
   1971.2   0.53991
   1972.7   0.54096
   1974.2   0.54278
   1975.7   0.54537
   1977.2   0.54813
   1978.7   0.55123
   1980.2   0.55444
   1981.7   0.55753
   1983.2   0.56025
   1984.7   0.56295
   1986.3   0.56648
   1987.8   0.57008
   1989.3   0.57374
   1990.8   0.57887
   1992.4   0.58537
   1993.9   0.59357
   1995.4   0.60298
   1997.0   0.61280
   1998.5   0.62312
   2000.1   0.63317
   2001.6   0.64244
   2003.1   0.65065
   2004.7   0.65832
   2006.2   0.66477
   2007.8   0.67091
   2009.4   0.67659
   2010.9   0.68171
   2012.5   0.68572
   2014.0   0.68956
   2015.6   0.69327
   2017.2   0.69655
   2018.7   0.69967
   2020.3   0.70251
   2021.9   0.70518
   2023.5   0.70758
   2025.1   0.70926
   2026.6   0.71099
   2028.2   0.71256
   2029.8   0.71427
   2031.4   0.71604
   2033.0   0.71746
   2034.6   0.71861
   2036.2   0.71946
   2037.8   0.72039
   2039.4   0.72143
   2041.0   0.72238
   2042.6   0.72383
   2044.2   0.72465
   2045.8   0.72497
   2047.4   0.72552
   2049.1   0.72592
   2050.7   0.72598
   2052.3   0.72648
   2053.9   0.72673
   2055.6   0.72651
   2057.2   0.72590
   2058.8   0.72575
   2060.5   0.72503
   2062.1   0.72420
   2063.7   0.72382
   2065.4   0.72324
   2067.0   0.72249
   2068.7   0.72219
   2070.3   0.72218
   2072.0   0.72238
   2073.7   0.72211
   2075.3   0.72163
   2077.0   0.72146
   2078.6   0.72146
   2080.3   0.72079
   2082.0   0.71994
   2083.7   0.71916
   2085.3   0.71813
   2087.0   0.71711
   2088.7   0.71607
   2090.4   0.71466
   2092.1   0.71338
   2093.8   0.71190
   2095.4   0.71068
   2097.1   0.70915
   2098.8   0.70806
   2100.5   0.70716
   2102.2   0.70613
   2104.0   0.70510
   2105.7   0.70448
   2107.4   0.70347
   2109.1   0.70250
   2110.8   0.70122
   2112.5   0.70039
   2114.2   0.69976
   2116.0   0.69913
   2117.7   0.69855
   2119.4   0.69768
   2121.2   0.69667
   2122.9   0.69585
   2124.6   0.69494
   2126.4   0.69415
   2128.1   0.69304
   2129.9   0.69252
   2131.6   0.69212
   2133.4   0.69139
   2135.1   0.69062
   2136.9   0.69001
   2138.7   0.68927
   2140.4   0.68857
   2142.2   0.68780
   2144.0   0.68708
   2145.8   0.68614
   2147.5   0.68539
   2149.3   0.68395
   2151.1   0.68254
   2152.9   0.68174
   2154.7   0.68116
   2156.5   0.67965
   2158.3   0.67790
   2160.1   0.67662
   2161.9   0.67567
   2163.7   0.67424
   2165.5   0.67269
   2167.3   0.67160
   2169.1   0.67069
   2170.9   0.66952
   2172.7   0.66838
   2174.6   0.66698
   2176.4   0.66612
   2178.2   0.66547
   2180.0   0.66491
   2181.9   0.66436
   2183.7   0.66412
   2185.6   0.66366
   2187.4   0.66260
   2189.2   0.66142
   2191.1   0.66089
   2193.0   0.66011
   2194.8   0.65934
   2196.7   0.65814
   2198.5   0.65675
   2200.4   0.65561
   2202.3   0.65456
   2204.1   0.65278
   2206.0   0.65077
   2207.9   0.64885
   2209.8   0.64690
   2211.7   0.64488
   2213.6   0.64321
   2215.4   0.64150
   2217.3   0.64025
   2219.2   0.63950
   2221.1   0.63963
   2223.0   0.64104
   2225.0   0.64328
   2226.9   0.64609
   2228.8   0.64886
   2230.7   0.65123
   2232.6   0.65333
   2234.5   0.65516
   2236.5   0.65584
   2238.4   0.65682
   2240.3   0.65806
   2242.3   0.65830
   2244.2   0.65855
   2246.2   0.65887
   2248.1   0.65932
   2250.1   0.65939
   2252.0   0.65899
   2254.0   0.65858
   2255.9   0.65763
   2257.9   0.65641
   2259.9   0.65558
   2261.8   0.65438
   2263.8   0.65316
   2265.8   0.65200
   2267.8   0.65118
   2269.8   0.65079
   2271.8   0.65164
   2273.7   0.65316
   2275.7   0.65460
   2277.7   0.65633
   2279.7   0.65859
   2281.7   0.66029
   2283.8   0.66198
   2285.8   0.66347
   2287.8   0.66479
   2289.8   0.66582
   2291.8   0.66635
   2293.9   0.66718
   2295.9   0.66797
   2297.9   0.66829
   2300.0   0.66829
   2302.0   0.66886
   2304.1   0.66940
   2306.1   0.66955
   2308.2   0.66958
   2310.2   0.66939
   2312.3   0.66931
   2314.3   0.66929
   2316.4   0.66870
   2318.5   0.66803
   2320.6   0.66750
   2322.6   0.66691
   2324.7   0.66653
   2326.8   0.66536
   2328.9   0.66390
   2331.0   0.66271
   2333.1   0.66197
   2335.2   0.66034
   2337.3   0.65868
   2339.4   0.65666
   2341.5   0.65511
   2343.6   0.65300
   2345.8   0.65079
   2347.9   0.64898
   2350.0   0.64690
   2352.1   0.64438
   2354.3   0.64127
   2356.4   0.63826
   2358.6   0.63537
   2360.7   0.63164
   2362.9   0.62826
   2365.0   0.62518
   2367.2   0.62145
   2369.3   0.61758
   2371.5   0.61439
   2373.7   0.61040
   2375.9   0.60644
   2378.0   0.60225
   2380.2   0.59729
   2382.4   0.59193
   2384.6   0.58654
   2386.8   0.58058
   2389.0   0.57407
   2391.2   0.56726
   2393.4   0.56028
   2395.6   0.55301
   2397.8   0.54597
   2400.1   0.53886
   2402.3   0.53152
   2404.5   0.52432
   2406.7   0.51747
   2409.0   0.51076
   2411.2   0.50424
   2413.5   0.49801
   2415.7   0.49305
   2418.0   0.48825
   2420.2   0.48309
   2422.5   0.47806
   2424.8   0.47379
   2427.0   0.46975
   2429.3   0.46566
   2431.6   0.46160
   2433.9   0.45750
   2436.2   0.45334
   2438.4   0.44961
   2440.7   0.44601
   2443.0   0.44218
   2445.3   0.43793
   2447.7   0.43465
   2450.0   0.43121
   2452.3   0.42730
   2454.6   0.42451
   2456.9   0.42189
   2459.3   0.41909
   2461.6   0.41625
   2463.9   0.41371
   2466.3   0.41082
   2468.6   0.40833
   2471.0   0.40612
   2473.3   0.40392
   2475.7   0.40188
   2478.1   0.39999
   2480.4   0.39860
   2482.8   0.39791
   2485.2   0.39798
   2487.6   0.39848
   2490.0   0.39918
   2492.4   0.40002
   2494.8   0.40100
   2497.2   0.40234
   2499.6   0.40377
   2502.0   0.40527
   2504.4   0.40698
   2506.8   0.40951
   2509.3   0.41262
   2511.7   0.41525
   2514.1   0.41796
   2516.6   0.42064
   2519.0   0.42307
   2521.5   0.42509
   2523.9   0.42748
   2526.4   0.42973
   2528.8   0.43113
   2531.3   0.43198
   2533.8   0.43312
   2536.3   0.43427
   2538.8   0.43464
   2541.2   0.43549
   2543.7   0.43655
   2546.2   0.43669
   2548.7   0.43679
   2551.2   0.43757
   2553.8   0.43799
   2556.3   0.43821
   2558.8   0.43879
   2561.3   0.43903
   2563.9   0.43905
   2566.4   0.43900
   2568.9   0.43900
   2571.5   0.43870
   2574.0   0.43793
   2576.6   0.43778
   2579.2   0.43878
   2581.7   0.43863
   2584.3   0.43786
   2586.9   0.43786
   2589.5   0.43786
   2592.1   0.43759
   2594.7   0.43737
   2597.3   0.43640
   2599.9   0.43476
   2602.5   0.43350
   2605.1   0.43224
   2607.7   0.43072
   2610.3   0.42857
   2613.0   0.42627
   2615.6   0.42433
   2618.3   0.42223
   2620.9   0.41963
   2623.6   0.41662
   2626.2   0.41391
   2628.9   0.41080
   2631.5   0.40767
   2634.2   0.40424
   2636.9   0.40079
   2639.6   0.39740
   2642.3   0.39345
   2645.0   0.38899
   2647.7   0.38418
   2650.4   0.37985
   2653.1   0.37541
   2655.8   0.37055
   2658.5   0.36507
   2661.3   0.35892
   2664.0   0.35260
   2666.7   0.34617
   2669.5   0.33944
   2672.2   0.33184
   2675.0   0.32435
   2677.8   0.31756
   2680.5   0.30974
   2683.3   0.30167
   2686.1   0.29357
   2688.9   0.28549
   2691.7   0.27734
   2694.5   0.26879
   2697.3   0.25927
   2700.1   0.24927
   2700.1   0.24384
   2701.5   0.23964
   2702.9   0.23736
   2704.3   0.23544
   2705.7   0.23134
   2707.1   0.22692
   2708.5   0.22436
   2710.0   0.22158
   2711.4   0.21827
   2712.8   0.21544
   2714.2   0.21025
   2715.6   0.20706
   2717.1   0.20375
   2718.5   0.19819
   2719.9   0.19502
   2721.3   0.19214
   2722.8   0.18643
   2724.2   0.18286
   2725.6   0.17877
   2727.1   0.17480
   2728.5   0.17049
   2729.9   0.16529
   2731.4   0.15920
   2732.8   0.15347
   2734.2   0.14909
   2735.7   0.14621
   2737.1   0.14162
   2738.6   0.13651
   2740.0   0.13219
   2741.5   0.12759
   2742.9   0.12255
   2744.4   0.11661
   2745.8   0.11172
   2747.3   0.10686
   2748.7   0.10249
   2750.2   0.09896
   2751.7   0.09557
   2753.1   0.09396
   2754.6   0.09039
   2756.1   0.08699
   2757.5   0.08475
   2759.0   0.08225
   2760.5   0.07883
   2761.9   0.07513
   2763.4   0.07417
   2764.9   0.07533
   2766.3   0.07515
   2767.8   0.07382
   2769.3   0.07358
   2770.8   0.07285
   2772.3   0.07257
   2773.7   0.07389
   2775.2   0.07406
   2776.7   0.07393
   2778.2   0.07521
   2779.7   0.07737
   2781.2   0.07826
   2782.7   0.07919
   2784.2   0.08126
   2785.7   0.08298
   2787.2   0.08402
   2788.7   0.08527
   2790.2   0.08585
   2791.7   0.08551
   2793.2   0.08524
   2794.7   0.08527
   2796.2   0.08360
   2797.7   0.08243
   2799.2   0.08094
   2800.7   0.07780
   2802.2   0.07378
   2803.8   0.07274
   2805.3   0.07402
   2806.8   0.07331
   2808.3   0.07097
   2809.8   0.07073
   2811.4   0.07202
   2812.9   0.07259
   2814.4   0.07206
   2815.9   0.07353
   2817.5   0.07526
   2819.0   0.07501
   2820.5   0.07607
   2822.1   0.07964
   2823.6   0.08090
   2825.1   0.08144
   2826.7   0.08246
   2828.2   0.08341
   2829.8   0.08435
   2831.3   0.08551
   2832.9   0.08670
   2834.4   0.08806
   2836.0   0.08902
   2837.5   0.08899
   2839.1   0.08910
   2840.6   0.09019
   2842.2   0.09245
   2843.7   0.09285
   2845.3   0.09264
   2846.9   0.09219
   2848.4   0.09247
   2850.0   0.09277
   2851.6   0.09369
   2853.1   0.09382
   2854.7   0.09297
   2856.3   0.09400
   2857.8   0.09337
   2859.4   0.09243
   2861.0   0.09393
   2862.6   0.09413
   2864.2   0.09389
   2865.7   0.09404
   2867.3   0.09403
   2868.9   0.09575
   2870.5   0.09674
   2872.1   0.09693
   2873.7   0.09687
   2875.3   0.09716
   2876.9   0.09797
   2878.5   0.09804
   2880.1   0.09846
   2881.7   0.09948
   2883.3   0.10019
   2884.9   0.10108
   2886.5   0.10204
   2888.1   0.10295
   2889.7   0.10237
   2891.3   0.10209
   2892.9   0.10236
   2894.5   0.10230
   2896.2   0.10344
   2897.8   0.10463
   2899.4   0.10440
   2901.0   0.10452
   2902.7   0.10522
   2904.3   0.10661
   2905.9   0.10707
   2907.5   0.10634
   2909.2   0.10662
   2910.8   0.10790
   2912.4   0.10819
   2914.1   0.10878
   2915.7   0.10961
   2917.4   0.10926
   2919.0   0.10978
   2920.6   0.11075
   2922.3   0.11159
   2923.9   0.11155
   2925.6   0.11030
   2927.2   0.11038
   2928.9   0.11195
   2930.5   0.11276
   2932.2   0.11135
   2933.9   0.11102
   2935.5   0.11129
   2937.2   0.11146
   2938.9   0.11142
   2940.5   0.11213
   2942.2   0.11240
   2943.9   0.11247
   2945.5   0.11184
   2947.2   0.11179
   2948.9   0.11239
   2950.6   0.11250
   2952.2   0.11273
   2953.9   0.11278
   2955.6   0.11231
   2957.3   0.11303
   2959.0   0.11491
   2960.7   0.11523
   2962.4   0.11354
   2964.1   0.11307
   2965.8   0.11447
   2967.4   0.11563
   2969.1   0.11647
   2970.9   0.11758
   2972.6   0.11770
   2974.3   0.11864
   2976.0   0.12025
   2977.7   0.12012
   2979.4   0.11988
   2981.1   0.11942
   2982.8   0.12108
   2984.5   0.12285
   2986.3   0.12162
   2988.0   0.12100
   2989.7   0.12273
   2991.4   0.12224
   2993.1   0.12203
   2994.9   0.12379
   2996.6   0.12398
   2998.3   0.12356
   3000.1   0.12488
   3001.8   0.12560
   3003.6   0.12544
   3005.3   0.12666
   3007.0   0.12680
   3008.8   0.12566
   3010.5   0.12645
   3012.3   0.12720
   3014.0   0.12721
   3015.8   0.12710
   3017.5   0.12854
   3019.3   0.13042
   3021.1   0.13138
   3022.8   0.13083
   3024.6   0.13034
   3026.3   0.13061
   3028.1   0.13160
   3029.9   0.13162
   3031.7   0.13241
   3033.4   0.13308
   3035.2   0.13382
   3037.0   0.13477
   3038.8   0.13411
   3040.5   0.13419
   3042.3   0.13596
   3044.1   0.13729
   3045.9   0.13652
   3047.7   0.13728
   3049.5   0.13841
   3051.3   0.13783
   3053.1   0.13789
   3054.9   0.13955
   3056.7   0.14085
   3058.5   0.14032
   3060.3   0.13988
   3062.1   0.13995
   3063.9   0.14058
   3065.7   0.14110
   3067.5   0.14114
   3069.4   0.14281
   3071.2   0.14359
   3073.0   0.14220
   3074.8   0.14218
   3076.6   0.14105
   3078.5   0.13982
   3080.3   0.14132
   3082.1   0.14284
   3084.0   0.14261
   3085.8   0.14185
   3087.6   0.14238
   3089.5   0.14438
   3091.3   0.14597
   3093.2   0.14650
   3095.0   0.14751
   3096.9   0.14827
   3098.7   0.14921
   3100.6   0.14947
   3102.4   0.14990
   3104.3   0.15146
   3106.1   0.15174
   3108.0   0.15217
   3109.9   0.15364
   3111.7   0.15438
   3113.6   0.15443
   3115.5   0.15454
   3117.3   0.15576
   3119.2   0.15739
   3121.1   0.15928
   3123.0   0.16026
   3124.9   0.16044
   3126.7   0.16111
   3128.6   0.16277
   3130.5   0.16421
   3132.4   0.16468
   3134.3   0.16568
   3136.2   0.16741
   3138.1   0.16893
   3140.0   0.16962
   3141.9   0.17079
   3143.8   0.17254
   3145.7   0.17347
   3147.6   0.17446
   3149.5   0.17588
   3151.4   0.17787
   3153.4   0.17979
   3155.3   0.18057
   3157.2   0.18259
   3159.1   0.18485
   3161.1   0.18625
   3163.0   0.18728
   3164.9   0.18875
   3166.9   0.19103
   3168.8   0.19281
   3170.7   0.19306
   3172.7   0.19419
   3174.6   0.19546
   3176.6   0.19627
   3178.5   0.19779
   3180.5   0.19974
   3182.4   0.20169
   3184.4   0.20338
   3186.3   0.20425
   3188.3   0.20548
   3190.2   0.20591
   3192.2   0.20682
   3194.2   0.20871
   3196.1   0.21086
   3198.1   0.21293
   3200.1   0.21399
   3202.1   0.21527
   3204.0   0.21656
   3206.0   0.21750
   3208.0   0.21812
   3210.0   0.21958
   3212.0   0.22108
   3214.0   0.22247
   3216.0   0.22338
   3218.0   0.22519
   3220.0   0.22657
   3222.0   0.22744
   3224.0   0.22876
   3226.0   0.23019
   3228.0   0.23167
   3230.0   0.23306
   3232.0   0.23426
   3234.0   0.23480
   3236.0   0.23473
   3238.1   0.23565
   3240.1   0.23690
   3242.1   0.23899
   3244.1   0.24035
   3246.2   0.24136
   3248.2   0.24323
   3250.2   0.24453
   3252.3   0.24587
   3254.3   0.24687
   3256.4   0.24727
   3258.4   0.24833
   3260.5   0.25007
   3262.5   0.25194
   3264.6   0.25308
   3266.6   0.25367
   3268.7   0.25417
   3270.7   0.25564
   3272.8   0.25730
   3274.9   0.25867
   3276.9   0.25970
   3279.0   0.26065
   3281.1   0.26124
   3283.2   0.26247
   3285.3   0.26433
   3287.3   0.26615
   3289.4   0.26791
   3291.5   0.26858
   3293.6   0.27017
   3295.7   0.27208
   3297.8   0.27260
   3299.9   0.27487
   3302.0   0.27723
   3304.1   0.27804
   3306.2   0.27836
   3308.3   0.27937
   3310.4   0.28122
   3312.5   0.28303
   3314.7   0.28431
   3316.8   0.28567
   3318.9   0.28698
   3321.0   0.28768
   3323.2   0.28924
   3325.3   0.29053
   3327.4   0.29186
   3329.6   0.29371
   3331.7   0.29455
   3333.8   0.29526
   3336.0   0.29668
   3338.1   0.29837
   3340.3   0.29972
   3342.4   0.29989
   3344.6   0.30010
   3346.8   0.30175
   3348.9   0.30291
   3351.1   0.30301
   3353.3   0.30418
   3355.4   0.30556
   3357.6   0.30612
   3359.8   0.30722
   3362.0   0.30879
   3364.1   0.31045
   3366.3   0.31197
   3368.5   0.31255
   3370.7   0.31279
   3372.9   0.31347
   3375.1   0.31428
   3377.3   0.31560
   3379.5   0.31704
   3381.7   0.31821
   3383.9   0.31974
   3386.1   0.32107
   3388.3   0.32210
   3390.5   0.32313
   3392.8   0.32348
   3395.0   0.32520
   3397.2   0.32677
   3399.4   0.32712
   3401.7   0.32855
   3403.9   0.33088
   3406.1   0.33119
   3408.4   0.33086
   3410.6   0.33107
   3412.9   0.33136
   3415.1   0.33242
   3417.4   0.33416
   3419.6   0.33543
   3421.9   0.33611
   3424.1   0.33736
   3426.4   0.33903
   3428.7   0.33931
   3430.9   0.34003
   3433.2   0.34102
   3435.5   0.34188
   3437.8   0.34321
   3440.0   0.34463
   3442.3   0.34590
   3444.6   0.34737
   3446.9   0.34869
   3449.2   0.34948
   3451.5   0.35090
   3453.8   0.35163
   3456.1   0.35155
   3458.4   0.35252
   3460.7   0.35394
   3463.0   0.35457
   3465.3   0.35542
   3467.6   0.35601
   3470.0   0.35701
   3472.3   0.35799
   3474.6   0.35824
   3477.0   0.35942
   3479.3   0.36072
   3481.6   0.36100
   3484.0   0.36144
   3486.3   0.36247
   3488.7   0.36325
   3491.0   0.36353
   3493.4   0.36423
   3495.7   0.36535
   3498.1   0.36634
   3500.4   0.36671
   3502.8   0.36686
   3505.2   0.36791
   3507.5   0.36920
   3509.9   0.37019
   3512.3   0.37087
   3514.7   0.37177
   3517.1   0.37283
   3519.4   0.37396
   3521.8   0.37474
   3524.2   0.37515
   3526.6   0.37637
   3529.0   0.37708
   3531.4   0.37735
   3533.8   0.37868
   3536.2   0.37935
   3538.7   0.37936
   3541.1   0.37944
   3543.5   0.37996
   3545.9   0.38111
   3548.3   0.38207
   3550.8   0.38272
   3553.2   0.38325
   3555.6   0.38405
   3558.1   0.38484
   3560.5   0.38577
   3563.0   0.38685
   3565.4   0.38705
   3567.9   0.38676
   3570.3   0.38733
   3572.8   0.38942
   3575.3   0.39107
   3577.7   0.39089
   3580.2   0.39076
   3582.7   0.39160
   3585.2   0.39307
   3587.6   0.39399
   3590.1   0.39459
   3592.6   0.39541
   3595.1   0.39611
   3597.6   0.39673
   3600.1   0.39717
   3602.6   0.39754
   3605.1   0.39844
   3607.6   0.39988
   3610.1   0.40112
   3612.6   0.40186
   3615.2   0.40214
   3617.7   0.40323
   3620.2   0.40413
   3622.7   0.40474
   3625.3   0.40529
   3627.8   0.40603
   3630.3   0.40657
   3632.9   0.40756
   3635.4   0.40868
   3638.0   0.40936
   3640.5   0.40975
   3643.1   0.41060
   3645.7   0.41122
   3648.2   0.41212
   3650.8   0.41233
   3653.4   0.41260
   3655.9   0.41373
   3658.5   0.41477
   3661.1   0.41492
   3663.7   0.41496
   3666.3   0.41558
   3668.9   0.41657
   3671.5   0.41748
   3674.1   0.41850
   3676.7   0.41893
   3679.3   0.41896
   3681.9   0.41919
   3684.5   0.41947
   3687.2   0.42020
   3689.8   0.42134
   3692.4   0.42235
   3695.0   0.42355
   3697.7   0.42387
   3700.3   0.42408
   3703.0   0.42408
   3705.6   0.42476
   3708.3   0.42560
   3710.9   0.42599
   3713.6   0.42650
   3716.2   0.42746
   3718.9   0.42804
   3721.6   0.42771
   3724.2   0.42769
   3726.9   0.42837
   3729.6   0.42896
   3732.3   0.42930
   3735.0   0.42996
   3737.7   0.43045
   3740.4   0.43016
   3743.1   0.43042
   3745.8   0.43106
   3748.5   0.43154
   3751.2   0.43169
   3753.9   0.43211
   3756.6   0.43299
   3759.3   0.43322
   3762.1   0.43254
   3764.8   0.43229
   3767.5   0.43276
   3770.3   0.43238
   3773.0   0.43207
   3775.8   0.43253
   3778.5   0.43270
   3781.3   0.43293
   3784.0   0.43306
   3786.8   0.43292
   3789.6   0.43281
   3792.3   0.43312
   3795.1   0.43345
   3797.9   0.43432
   3800.7   0.43491
   3803.5   0.43449
   3806.3   0.43411
   3809.1   0.43425
   3811.9   0.43501
   3814.7   0.43615
   3817.5   0.43648
   3820.3   0.43610
   3823.1   0.43644
   3825.9   0.43729
   3828.8   0.43802
   3831.6   0.43820
   3834.4   0.43761
   3837.3   0.43720
   3840.1   0.43760
   3842.9   0.43785
   3845.8   0.43777
   3848.7   0.43783
   3851.5   0.43814
   3854.4   0.43769
   3857.2   0.43618
   3860.1   0.43536
   3863.0   0.43497
   3865.9   0.43414
   3868.8   0.43315
   3871.6   0.43293
   3874.5   0.43307
   3877.4   0.43421
   3880.3   0.43555
   3883.2   0.43618
   3886.2   0.43602
   3889.1   0.43673
   3892.0   0.43760
   3894.9   0.43752
   3897.8   0.43741
   3900.8   0.43780
   3903.7   0.43829
   3906.7   0.43868
   3909.6   0.43810
   3912.6   0.43786
   3915.5   0.43740
   3918.5   0.43701
   3921.4   0.43673
   3924.4   0.43671
   3927.4   0.43642
   3930.4   0.43557
   3933.3   0.43542
   3936.3   0.43582
   3939.3   0.43512
   3942.3   0.43417
   3945.3   0.43373
   3948.3   0.43307
   3951.3   0.43271
   3954.3   0.43184
   3957.4   0.43097
   3960.4   0.43029
   3963.4   0.42909
   3966.4   0.42746
   3969.5   0.42597
   3972.5   0.42457
   3975.6   0.42358
   3978.6   0.42388
   3981.7   0.42480
   3984.7   0.42458
   3987.8   0.42392
   3990.9   0.42379
   3993.9   0.42410
   3997.0   0.42384
   4000.1   0.42356
   4003.2   0.42383
   4006.3   0.42325
   4009.4   0.42247
   4012.5   0.42220
   4015.6   0.42200
   4018.7   0.42144
   4021.8   0.42042
   4024.9   0.41946
   4028.1   0.41876
   4031.2   0.41842
   4034.3   0.41784
   4037.5   0.41664
   4040.6   0.41511
   4043.8   0.41395
   4046.9   0.41347
   4050.1   0.41253
   4053.3   0.41199
   4056.4   0.41169
   4059.6   0.41000
   4062.8   0.40813
   4066.0   0.40743
   4069.2   0.40659
   4072.4   0.40500
   4075.6   0.40335
   4078.8   0.40259
   4082.0   0.40151
   4085.2   0.39989
   4088.4   0.39906
   4091.7   0.39819
   4094.9   0.39634
   4098.1   0.39496
   4101.4   0.39388
   4104.6   0.39244
   4107.9   0.39144
   4111.1   0.39061
   4114.4   0.38935
   4117.7   0.38804
   4120.9   0.38649
   4124.2   0.38436
   4127.5   0.38252
   4130.8   0.38164
   4134.1   0.38016
   4137.4   0.37856
   4140.7   0.37748
   4144.0   0.37608
   4147.3   0.37464
   4150.6   0.37299
   4154.0   0.37149
   4157.3   0.36968
   4160.6   0.36779
   4164.0   0.36658
   4167.3   0.36530
   4170.7   0.36314
   4174.0   0.36125
   4177.4   0.36003
   4180.8   0.35738
   4184.1   0.35475
   4187.5   0.35295
   4190.9   0.35057
   4194.3   0.34755
   4197.7   0.34511
   4201.1   0.34264
   4204.5   0.34025
   4207.9   0.33689
   4211.3   0.33343
   4214.7   0.33046
   4218.2   0.32705
   4221.6   0.32358
   4225.0   0.31950
   4228.5   0.31554
   4231.9   0.31184
   4235.4   0.30836
   4238.9   0.30536
   4242.3   0.30213
   4245.8   0.29918
   4249.3   0.29663
   4252.8   0.29416
   4256.3   0.29220
   4259.8   0.29073
   4263.3   0.28756
   4266.8   0.28406
   4270.3   0.28105
   4273.8   0.27852
   4277.3   0.27586
   4280.9   0.27311
   4284.4   0.27025
   4288.0   0.26753
   4291.5   0.26545
   4295.1   0.26369
   4298.6   0.26195
   4302.2   0.25960
   4305.8   0.25651
   4309.3   0.25361
   4312.9   0.25174
   4316.5   0.25025
   4320.1   0.24773
   4323.7   0.24572
   4327.3   0.24383
   4330.9   0.24171
   4334.6   0.23954
   4338.2   0.23716
   4341.8   0.23545
   4345.5   0.23439
   4349.1   0.23297
   4352.8   0.23140
   4356.4   0.22980
   4360.1   0.22841
   4363.8   0.22694
   4367.4   0.22515
   4371.1   0.22339
   4374.8   0.22212
   4378.5   0.22103
   4382.2   0.21996
   4385.9   0.21817
   4389.6   0.21635
   4393.3   0.21490
   4397.1   0.21240
   4400.8   0.20980
   4404.5   0.20790
   4408.3   0.20603
   4412.0   0.20407
   4415.8   0.20217
   4419.6   0.19995
   4423.3   0.19738
   4427.1   0.19515
   4430.9   0.19288
   4434.7   0.19045
   4438.5   0.18889
   4442.3   0.18743
   4446.1   0.18538
   4449.9   0.18319
   4453.7   0.18145
   4457.6   0.18028
   4461.4   0.17935
   4465.2   0.17896
   4469.1   0.17827
   4472.9   0.17709
   4476.8   0.17678
   4480.7   0.17677
   4484.5   0.17599
   4488.4   0.17588
   4492.3   0.17655
   4496.2   0.17656
   4500.1   0.17697
   4504.0   0.17807
   4507.9   0.17927
   4511.9   0.18073
   4515.8   0.18179
   4519.7   0.18290
   4523.7   0.18398
   4527.6   0.18559
   4531.6   0.18728
   4535.6   0.18859
   4539.5   0.19006
   4543.5   0.19122
   4547.5   0.19214
   4551.5   0.19281
   4555.5   0.19374
   4559.5   0.19470
   4563.5   0.19551
   4567.5   0.19620
   4571.5   0.19692
   4575.6   0.19773
   4579.6   0.19775
   4583.7   0.19765
   4587.7   0.19746
   4591.8   0.19705
   4595.9   0.19623
   4599.9   0.19536
   4604.0   0.19427
   4608.1   0.19311
   4612.2   0.19246
   4616.3   0.19234
   4620.4   0.19261
   4624.6   0.19332
   4628.7   0.19398
   4632.8   0.19391
   4637.0   0.19412
   4641.1   0.19430
   4645.3   0.19433
   4649.4   0.19421
   4653.6   0.19398
   4657.8   0.19411
   4662.0   0.19420
   4666.2   0.19319
   4670.4   0.19190
   4674.6   0.19015
   4678.8   0.18727
   4683.0   0.18429
   4687.3   0.18118
   4691.5   0.17889
   4695.8   0.17874
   4700.0   0.18073
   4704.3   0.18482
   4708.6   0.18994
   4712.8   0.19528
   4717.1   0.20084
   4721.4   0.20513
   4725.7   0.20891
   4730.0   0.21232
   4734.4   0.21511
   4738.7   0.21780
   4743.0   0.22100
   4747.4   0.22526
   4751.7   0.23027
   4756.1   0.23562
   4760.5   0.24136
   4764.8   0.24711
   4769.2   0.25332
   4773.6   0.25950
   4778.0   0.26588
   4782.4   0.27163
   4786.8   0.27671
   4791.3   0.28246
   4795.7   0.28884
   4800.1   0.29439
   4804.6   0.29925
   4809.0   0.30421
   4813.5   0.30889
   4818.0   0.31340
   4822.5   0.31779
   4826.9   0.32135
   4831.4   0.32417
   4835.9   0.32702
   4840.5   0.33005
   4845.0   0.33274
   4849.5   0.33521
   4854.1   0.33754
   4858.6   0.33910
   4863.2   0.34083
   4867.7   0.34308
   4872.3   0.34480
   4876.9   0.34612
   4881.5   0.34741
   4886.1   0.34855
   4890.7   0.35018
   4895.3   0.35227
   4899.9   0.35376
   4904.6   0.35525
   4909.2   0.35625
   4913.9   0.35774
   4918.5   0.35923
   4923.2   0.36020
   4927.9   0.36139
   4932.6   0.36222
   4937.3   0.36287
   4942.0   0.36422
   4946.7   0.36502
   4951.4   0.36494
   4956.2   0.36521
   4960.9   0.36571
   4965.6   0.36568
   4970.4   0.36506
   4975.2   0.36396
   4980.0   0.36375
   4984.7   0.36552
   4989.5   0.36806
   4994.3   0.37027
   4999.2   0.37247
   5004.0   0.37414
   5008.8   0.37522
   5013.7   0.37613
   5018.5   0.37705
   5023.4   0.37768
   5028.3   0.37834
   5033.1   0.37907
   5038.0   0.37969
   5042.9   0.38000
   5047.8   0.38033
   5052.8   0.38109
   5057.7   0.38167
   5062.6   0.38196
   5067.6   0.38221
   5072.5   0.38241
   5077.5   0.38295
   5082.5   0.38387
   5087.5   0.38454
   5092.5   0.38503
   5097.5   0.38544
   5102.5   0.38578
   5107.5   0.38609
   5112.6   0.38684
   5117.6   0.38795
   5122.7   0.38830
   5127.7   0.38857
   5132.8   0.38919
   5137.9   0.39015
   5143.0   0.39102
   5148.1   0.39174
   5153.2   0.39216
   5158.3   0.39253
   5163.5   0.39279
   5168.6   0.39400
   5173.8   0.39485
   5179.0   0.39529
   5184.1   0.39538
   5189.3   0.39581
   5194.5   0.39697
   5199.7   0.39773
   5205.0   0.39803
   5210.2   0.39875
   5215.4   0.39935
   5220.7   0.40007
   5225.9   0.40034
   5231.2   0.40007
   5236.5   0.40022
   5241.8   0.40067
   5247.1   0.40049
   5252.4   0.40024
   5257.7   0.40052
   5263.1   0.40042
   5268.4   0.39989
   5273.8   0.40003
   5279.2   0.39981
   5284.5   0.39962
   5289.9   0.39884
   5295.3   0.39843
   5300.8   0.39838
   5306.2   0.39802
   5311.6   0.39738
   5317.1   0.39727
   5322.5   0.39727
   5328.0   0.39711
   5333.5   0.39657
   5339.0   0.39632
   5344.5   0.39632
   5350.0   0.39595
   5355.5   0.39545
   5361.0   0.39505
   5366.6   0.39393
   5372.2   0.39300
   5377.7   0.39260
   5383.3   0.39198
   5388.9   0.39126
   5394.5   0.39054
   5400.1   0.38994
   5405.8   0.38915
   5411.4   0.38799
   5417.1   0.38732
   5422.7   0.38676
   5428.4   0.38646
   5434.1   0.38524
   5439.8   0.38395
   5445.5   0.38260
   5451.2   0.38120
   5457.0   0.38033
   5462.7   0.37971
   5468.5   0.37857
   5474.3   0.37775
   5480.1   0.37669
   5485.9   0.37578
   5491.7   0.37401
   5497.5   0.37259
   5503.3   0.37154
   5509.2   0.37062
   5515.0   0.36900
   5520.9   0.36761
   5526.8   0.36621
   5532.7   0.36458
   5538.6   0.36311
   5544.5   0.36171
   5550.5   0.36012
   5556.4   0.35866
   5562.4   0.35675
   5568.4   0.35517
   5574.3   0.35416
   5580.3   0.35361
   5586.4   0.35274
   5592.4   0.35144
   5598.4   0.35034
   5604.5   0.34976
   5610.5   0.34857
   5616.6   0.34741
   5622.7   0.34626
   5628.8   0.34499
   5634.9   0.34355
   5641.1   0.34278
   5647.2   0.34196
   5653.4   0.33984
   5659.5   0.33755
   5665.7   0.33593
   5671.9   0.33466
   5678.1   0.33373
   5684.4   0.33222
   5690.6   0.33038
   5696.9   0.32879
   5703.1   0.32718
   5709.4   0.32548
   5715.7   0.32425
   5722.0   0.32280
   5728.3   0.32089
   5734.7   0.31793
   5741.0   0.31536
   5747.4   0.31344
   5753.8   0.31133
   5760.1   0.30858
   5766.6   0.30685
   5773.0   0.30519
   5779.4   0.30179
   5785.9   0.29800
   5792.3   0.29450
   5798.8   0.29114
   5805.3   0.28791
   5811.8   0.28417
   5818.3   0.28100
   5824.9   0.27840
   5831.4   0.27512
   5838.0   0.27003
   5844.6   0.26471
   5851.2   0.25952
   5857.8   0.25389
   5864.4   0.24721
   5871.0   0.24003
   5877.7   0.23252
   5884.4   0.22492
   5891.1   0.21590
   5897.8   0.20796
   5904.5   0.19957
   5911.2   0.19003
   5918.0   0.18148
   5924.7   0.17392
   5931.5   0.16689
   5938.3   0.16257
   5945.1   0.16046
   5951.9   0.16035
   5958.8   0.16245
   5965.6   0.16620
   5972.5   0.17048
   5979.4   0.17465
   5986.3   0.17820
   5993.2   0.18229
   6000.2   0.18489
   6007.1   0.18567
   6014.1   0.18651
   6021.1   0.18693
   6028.1   0.18625
   6035.1   0.18462
   6042.1   0.18191
   6049.2   0.17922
   6056.2   0.17604
   6063.3   0.17029
   6070.4   0.16480
   6077.5   0.15924
   6084.7   0.15230
   6091.8   0.14435
   6099.0   0.13605
   6106.2   0.12777
   6113.4   0.12019
   6120.6   0.11238
   6127.8   0.10455
   6135.1   0.09780
   6142.3   0.09142
   6149.6   0.08531
   6156.9   0.08041
   6164.3   0.07650
   6171.6   0.07383
   6178.9   0.07324
   6186.3   0.07481
   6193.7   0.07893
   6201.1   0.08530
   6208.5   0.09299
   6216.0   0.10185
   6223.5   0.11091
   6230.9   0.12002
   6238.4   0.12898
   6245.9   0.13773
   6253.5   0.14586
   6261.0   0.15382
   6268.6   0.16169
   6276.2   0.16886
   6283.8   0.17574
   6291.4   0.18202
   6299.1   0.18734
   6306.7   0.19258
   6314.4   0.19769
   6322.1   0.20217
   6329.8   0.20598
   6337.6   0.20964
   6345.3   0.21306
   6353.1   0.21747
   6360.9   0.22086
   6368.7   0.22275
   6376.5   0.22506
   6384.4   0.22814
   6392.3   0.23029
   6400.2   0.23197
   6408.1   0.23333
   6416.0   0.23572
   6424.0   0.23712
   6431.9   0.23609
   6439.9   0.23579
   6447.9   0.23630
   6456.0   0.23704
   6464.0   0.23838
   6472.1   0.24043
   6480.2   0.24278
   6488.3   0.24454
   6496.4   0.24689
   6504.6   0.24906
   6512.7   0.24943
   6520.9   0.25024
   6529.1   0.25195
   6537.4   0.25287
   6545.6   0.25429
   6553.9   0.25664
   6562.2   0.25956
   6570.5   0.26185
   6578.9   0.26426
   6587.2   0.26640
   6595.6   0.26835
   6604.0   0.27015
   6612.4   0.27168
   6620.9   0.27315
   6629.3   0.27444
   6637.8   0.27615
   6646.3   0.27783
   6654.9   0.27719
   6663.4   0.27641
   6672.0   0.27572
   6680.6   0.27494
   6689.2   0.27490
   6697.8   0.27532
   6706.5   0.27606
   6715.2   0.27743
   6723.9   0.27768
   6732.6   0.27758
   6741.4   0.27713
   6750.2   0.27682
   6759.0   0.27663
   6767.8   0.27607
   6776.6   0.27576
   6785.5   0.27547
   6794.4   0.27522
   6803.3   0.27410
   6812.3   0.27213
   6821.2   0.27131
   6830.2   0.27137
   6839.2   0.27078
   6848.3   0.26952
   6857.3   0.26903
   6866.4   0.26941
   6875.5   0.26871
   6884.6   0.26598
   6893.8   0.26384
   6903.0   0.26242
   6912.2   0.26152
   6921.4   0.26036
   6930.7   0.25904
   6939.9   0.25798
   6949.2   0.25668
   6958.6   0.25540
   6967.9   0.25445
   6977.3   0.25291
   6986.7   0.25095
   6996.1   0.24853
   7005.6   0.24672
   7015.1   0.24530
   7024.6   0.24356
   7034.1   0.24181
   7043.7   0.23997
   7053.2   0.23793
   7062.9   0.23596
   7072.5   0.23413
   7082.2   0.23208
   7091.8   0.22975
   7101.6   0.22728
   7111.3   0.22524
   7121.1   0.22362
   7130.9   0.22197
   7140.7   0.21983
   7150.5   0.21806
   7160.4   0.21580
   7170.3   0.21311
   7180.2   0.21111
   7190.2   0.20888
   7200.2   0.20644
   7210.2   0.20427
   7220.2   0.20177
   7230.3   0.19876
   7240.4   0.19574
   7250.5   0.19298
   7260.7   0.19062
   7270.9   0.18791
   7281.1   0.18412
   7291.3   0.18034
   7301.6   0.17685
   7311.9   0.17390
   7322.2   0.17029
   7332.6   0.16649
   7343.0   0.16319
   7353.4   0.15965
   7363.8   0.15542
   7374.3   0.15124
   7384.8   0.14736
   7395.3   0.14387
   7405.9   0.14046
   7416.5   0.13720
   7427.1   0.13365
   7437.8   0.13014
   7448.5   0.12612
   7459.2   0.12216
   7469.9   0.11832
   7480.7   0.11385
   7491.5   0.10995
   7502.4   0.10699
   7513.2   0.10348
   7524.1   0.09925
   7535.1   0.09503
   7546.0   0.09154
   7557.0   0.08830
   7568.1   0.08464
   7579.1   0.08109
   7590.2   0.07745
   7601.4   0.07375
   7612.5   0.07097
   7623.7   0.06833
   7635.0   0.06565
   7646.2   0.06248
   7657.5   0.05965
   7668.8   0.05721
   7680.2   0.05409
   7691.6   0.05077
   7703.0   0.04896
   7714.5   0.04671
   7726.0   0.04415
   7737.5   0.04214
   7749.1   0.04034
   7760.7   0.03812
   7772.3   0.03652
   7784.0   0.03572
   7795.7   0.03451
   7807.4   0.03326
   7819.2   0.03212
   7831.0   0.03181
   7842.9   0.03232
   7854.7   0.03288
   7866.7   0.03431
   7878.6   0.03534
   7890.6   0.03671
   7902.6   0.03909
   7914.7   0.04257
   7926.8   0.04652
   7939.0   0.05182
   7951.1   0.05867
   7963.3   0.06598
   7975.6   0.07353
   7987.9   0.08195
   8000.2   0.09074
   8012.6   0.10081
   8025.0   0.11118
   8037.4   0.12151
   8049.9   0.13138
   8062.4   0.14109
   8075.0   0.15039
   8087.6   0.15825
   8100.2   0.16430
   8112.9   0.16932
   8125.6   0.17334
   8138.4   0.17683
   8151.2   0.17963
   8164.0   0.18099
   8176.9   0.18221
   8189.8   0.18421
   8202.7   0.18736
   8215.7   0.19099
   8228.8   0.19378
   8241.9   0.19555
   8255.0   0.19675
   8268.2   0.19808
   8281.4   0.19900
   8294.6   0.19981
   8307.9   0.20136
   8321.2   0.20271
   8334.6   0.20309
   8348.0   0.20252
   8361.5   0.20096
   8375.0   0.19831
   8388.6   0.19556
   8402.2   0.19275
   8415.8   0.19020
   8429.5   0.18740
   8443.2   0.18470
   8457.0   0.18275
   8470.8   0.18097
   8484.7   0.17924
   8498.6   0.17813
   8512.5   0.17645
   8526.5   0.17420
   8540.6   0.17254
   8554.7   0.17110
   8568.8   0.16926
   8583.0   0.16715
   8597.2   0.16555
   8611.5   0.16405
   8625.8   0.16276
   8640.2   0.16086
   8654.6   0.15773
   8669.1   0.15269
   8683.6   0.14607
   8698.2   0.13834
   8712.8   0.13058
   8727.5   0.12419
   8742.2   0.11913
   8757.0   0.11552
   8771.8   0.11425
   8786.7   0.11501
   8801.6   0.11679
   8816.6   0.11738
   8831.6   0.11713
   8846.6   0.11604
   8861.8   0.11444
   8876.9   0.11321
   8892.2   0.11222
   8907.4   0.11068
   8922.8   0.10901
   8938.2   0.10718
   8953.6   0.10476
   8969.1   0.10355
   8984.6   0.10220
   9000.2   0.10035
   9015.9   0.09829
   9031.6   0.09483
   9047.4   0.09120
   9063.2   0.08798
   9079.0   0.08504
   9095.0   0.08290
   9111.0   0.08170
   9127.0   0.08043
   9143.1   0.07920
   9159.2   0.07847
   9175.5   0.07816
   9191.7   0.07830
   9208.1   0.07893
   9224.4   0.07930
   9240.9   0.07962
   9257.4   0.07990
   9273.9   0.08052
   9290.6   0.08194
   9307.2   0.08331
   9324.0   0.08482
   9340.8   0.08673
   9357.6   0.08831
   9374.6   0.08973
   9391.5   0.09072
   9408.6   0.09257
   9425.7   0.09446
   9442.9   0.09568
   9460.1   0.09672
   9477.4   0.09794
   9494.8   0.09891
   9512.2   0.10064
   9529.7   0.10275
   9547.2   0.10397
   9564.8   0.10467
   9582.5   0.10536
   9600.3   0.10639
   9618.1   0.10784
   9635.9   0.10971
   9653.9   0.11136
   9671.9   0.11290
   9690.0   0.11459
   9708.1   0.11513
   9726.3   0.11526
   9744.6   0.11539
   9763.0   0.11608
   9781.4   0.11627
   9799.9   0.11614
   9818.4   0.11552
   9837.1   0.11287
   9855.8   0.10805
   9874.5   0.10370
   9893.4   0.10174
   9912.3   0.10025
   9931.3   0.09857
   9950.4   0.09934
   9969.5   0.10270
   9988.7   0.10734
  10008.0   0.11185
  10027.3   0.11537
  10046.8   0.11763
  10066.3   0.11934
  10085.9   0.12181
  10105.5   0.12378
  10125.3   0.12466
  10145.1   0.12502
  10165.0   0.12646
  10184.9   0.12812
  10205.0   0.12968
  10225.1   0.13078
  10245.3   0.13116
  10265.6   0.13223
  10286.0   0.13331
  10306.4   0.13445
  10327.0   0.13554
  10347.6   0.13652
  10368.3   0.13687
  10389.0   0.13676
  10409.9   0.13697
  10430.9   0.13862
  10451.9   0.13960
  10473.0   0.14021
  10494.2   0.14018
  10515.5   0.14051
  10536.9   0.14145
  10558.3   0.14251
  10579.9   0.14343
  10601.5   0.14419
  10623.2   0.14458
  10645.0   0.14518
  10666.9   0.14566
  10688.9   0.14645
  10711.0   0.14733
  10733.2   0.14741
  10755.5   0.14777
  10777.8   0.14781
  10800.3   0.14866
  10822.8   0.14913
  10845.5   0.14921
  10868.2   0.15008
  10891.0   0.15065
  10914.0   0.15081
  10937.0   0.14993
  10960.1   0.14934
  10983.3   0.15019
  11006.7   0.15081
  11030.1   0.15035
  11053.6   0.14944
  11077.2   0.14990
  11100.9   0.15052
  11124.8   0.15053
  11148.7   0.14983
  11172.7   0.14918
  11196.8   0.14892
  11221.1   0.14937
  11245.4   0.15045
  11269.9   0.15025
  11294.4   0.14891
  11319.1   0.14757
  11343.8   0.14781
  11368.7   0.14926
  11393.7   0.14920
  11418.8   0.14798
  11444.0   0.14731
  11469.3   0.14668
  11494.8   0.14629
  11520.3   0.14580
  11546.0   0.14578
  11571.7   0.14600
  11597.6   0.14576
  11623.6   0.14460
  11649.7   0.14378
  11676.0   0.14442
  11702.3   0.14439
  11728.8   0.14364
  11755.4   0.14336
  11782.1   0.14223
  11809.0   0.14167
  11835.9   0.14174
  11863.0   0.14137
  11890.2   0.14185
  11917.6   0.14153
  11945.0   0.14070
  11972.6   0.14089
  12000.3   0.14088
  12028.2   0.14017
  12056.1   0.14064
  12084.2   0.14119
  12112.5   0.14124
  12140.8   0.14165
  12169.3   0.14141
  12198.0   0.14099
  12226.7   0.14123
  12255.6   0.14156
  12284.7   0.14128
  12313.9   0.14039
  12343.2   0.13993
  12372.6   0.13955
  12402.2   0.13869
  12432.0   0.13840
  12461.9   0.13766
  12491.9   0.13726
  12522.1   0.13763
  12552.4   0.13708
  12582.9   0.13765
  12613.5   0.13719
  12644.2   0.13608
  12675.1   0.13708
  12706.2   0.13774
  12737.4   0.13680
  12768.8   0.13591
  12800.3   0.13527
  12832.0   0.13463
  12863.9   0.13468
  12895.9   0.13555
  12928.0   0.13578
  12960.3   0.13495
  12992.8   0.13477
  13025.5   0.13455
  13058.3   0.13434
  13091.3   0.13432
  13124.4   0.13379
  13157.7   0.13288
  13191.2   0.13228
  13224.8   0.13176
  13258.7   0.13059
  13292.7   0.12944
  13326.8   0.12909
  13361.2   0.12730
  13395.7   0.12542
  13430.4   0.12495
  13465.3   0.12369
  13500.4   0.12273
  13535.6   0.12257
  13571.0   0.12148
  13606.7   0.12042
  13642.5   0.11987
  13678.5   0.11814
  13714.6   0.11695
  13751.0   0.11523
  13787.6   0.11241
  13824.4   0.10997
  13861.3   0.10855
  13898.5   0.10721
  13935.8   0.10575
  13973.4   0.10454
  14011.2   0.10185
  14049.1   0.09850
  14087.3   0.09626
  14125.7   0.09435
  14164.3   0.09190
  14203.1   0.08976
  14242.1   0.08734
  14281.4   0.08582
  14320.8   0.08420
  14360.5   0.08305
  14400.4   0.08377
  14440.5   0.08314
  14480.8   0.08202
  14521.4   0.08106
  14562.2   0.07910
  14603.2   0.07712
  14644.4   0.07658
  14685.9   0.07681
  14727.7   0.07635
  14769.6   0.07591
  14811.8   0.07509
  14854.3   0.07434
  14896.9   0.07323
  14939.9   0.07392
  14983.0   0.07271
  15026.5   0.06897
  15070.2   0.06507
  15114.1   0.06387
  15158.3   0.06439
  15202.7   0.06503
  15247.5   0.06590
  15292.4   0.06758
  15337.7   0.07131
  15383.2   0.07432
  15429.0   0.07513
  15475.0   0.07514
  15521.4   0.07566
  15568.0   0.07524
  15614.9   0.07307
  15662.0   0.06859
  15709.5   0.06173
  15757.2   0.05430
  15805.3   0.04698
  15853.6   0.04278
  15902.3   0.04357
  15951.2   0.04692
  16000.4   0.05000
  16050.0   0.05020
  16099.8   0.05018
  16150.0   0.05099
  16200.4   0.05095
  16251.2   0.05098
  16302.3   0.05251
  16353.7   0.05416
  16405.5   0.05602
  16457.6   0.05679
  16510.0   0.05564
  16562.7   0.05511
  16615.8   0.05513
  16669.2   0.05660
  16723.0   0.05997
  16777.1   0.06215
  16831.6   0.06217
  16886.4   0.06300
  16941.6   0.06299
  16997.2   0.06250
  17053.1   0.06255
  17109.4   0.06267
  17166.0   0.06505
  17223.0   0.06924
  17280.4   0.07248
  17338.2   0.07584
  17396.4   0.07794
  17455.0   0.08014
  17514.0   0.08136
  17573.3   0.08171
  17633.1   0.08212
  17693.3   0.08427
  17753.9   0.08464
  17814.9   0.08383
  17876.3   0.08476
  17938.2   0.08554
  18000.5   0.08655
  18063.2   0.08609
  18126.3   0.08468
  18189.9   0.08418
  18254.0   0.08411
  18318.5   0.08471
  18383.5   0.08594
  18448.9   0.08394
  18514.8   0.08315
  18581.1   0.08412
  18648.0   0.08435
  18715.3   0.08721
  18783.1   0.08746
  18851.4   0.08751
  18920.2   0.08804
  18989.5   0.08559
  19059.3   0.08400
  19129.6   0.08249
  19200.5   0.08094
  19271.9   0.08135
  19343.8   0.08156
  19416.2   0.08291
  19489.2   0.08169
  19562.8   0.08005
  19636.9   0.08059
  19711.5   0.08078
  19786.8   0.08133
  19862.6   0.07920
  19939.0   0.07621
  20016.0   0.07904
  20093.5   0.07959
  20171.7   0.07845
  20250.5   0.08013
  20329.9   0.08102
  20410.0   0.07893
  20490.7   0.07704
  20572.0   0.07868
  20653.9   0.07880
  20736.5   0.07689
  20819.8   0.07596
  20903.8   0.07491
  20988.4   0.07394
  21073.7   0.07661
  21159.7   0.07654
  21246.5   0.07562
  21333.9   0.07375
  21422.0   0.07189
  21510.9   0.07328
  21600.6   0.07239
  21690.9   0.07018
  21782.1   0.06903
  21874.0   0.07241
  21966.7   0.07444
  22060.1   0.07572
  22154.4   0.07428
  22249.5   0.07004
  22345.4   0.06664
  22442.1   0.06696
  22539.7   0.06887
  22638.1   0.06670
  22737.4   0.06541
  22837.6   0.06250
  22938.7   0.05975
  23040.6   0.06499
  23143.5   0.06357
  23247.2   0.05806
  23352.0   0.05847
  23457.6   0.05749
  23564.3   0.05931
  23671.8   0.06158
  23780.4   0.05246
  23890.0   0.04873
  24000.6   0.05569
  24112.3   0.05929
  24224.9   0.05597
  24338.7   0.05500
  24453.5   0.05324
  24569.4   0.05341
  24686.4   0.05902
  24804.5   0.05836
  24923.7   0.04555
  25044.1   0.04044
  25165.7   0.03985
  25288.5   0.05421
  25412.4   0.06293
  25537.6   0.06014
  25664.0   0.06154
  25791.7   0.05899
  25920.7   0.06340



 1101F556    .ASC                        

 JB-JLB-556                                                              
 Gypsum <63 um (on-axis)                                                 

 Source Ang: 30.00   Detect Ang: 30.00  Volt: 1.222
 Date:  6-OCT-02   Time: 06:05:25
