  2357
    300.0   0.76218
    305.0   0.76976
    310.0   0.77959
    315.0   0.78869
    320.0   0.79721
    325.0   0.80239
    330.0   0.80985
    335.0   0.81463
    340.0   0.81909
    345.0   0.82326
    350.0   0.82607
    355.0   0.82636
    360.0   0.83046
    365.0   0.83232
    370.0   0.83878
    375.0   0.83953
    380.0   0.84298
    385.0   0.84602
    390.0   0.84763
    395.0   0.84947
    400.0   0.85065
    405.0   0.85291
    410.0   0.85609
    415.0   0.85820
    420.0   0.86056
    425.0   0.86324
    430.0   0.86610
    435.0   0.86858
    440.0   0.87078
    445.0   0.87247
    450.0   0.87432
    455.0   0.87600
    460.0   0.87735
    465.0   0.87851
    470.0   0.87983
    475.0   0.88089
    480.0   0.88187
    485.0   0.88363
    490.0   0.88401
    495.0   0.88497
    500.0   0.88682
    505.0   0.88708
    510.0   0.88787
    515.0   0.88847
    520.0   0.88925
    525.0   0.88986
    530.0   0.89000
    535.0   0.89025
    540.0   0.89049
    545.0   0.89054
    550.0   0.89110
    555.0   0.89202
    560.0   0.89247
    565.0   0.89342
    570.0   0.89431
    575.0   0.89467
    580.0   0.89522
    585.0   0.89588
    590.0   0.89677
    595.0   0.89723
    600.0   0.89553
    605.0   0.89707
    610.0   0.89453
    615.0   0.89431
    620.0   0.89367
    625.0   0.89258
    630.0   0.89234
    635.0   0.89114
    640.0   0.89099
    645.0   0.89146
    650.0   0.89127
    655.0   0.89238
    660.0   0.89281
    665.0   0.89308
    670.0   0.89385
    675.0   0.89409
    680.0   0.89396
    685.0   0.89474
    690.0   0.89474
    695.0   0.89473
    700.0   0.89645
    705.0   0.89649
    710.0   0.89651
    715.0   0.89648
    720.0   0.89631
    725.0   0.89602
    730.0   0.89525
    735.0   0.89441
    740.0   0.89410
    745.0   0.89400
    750.0   0.89340
    755.0   0.89304
    760.0   0.89238
    765.0   0.89347
    770.0   0.89248
    775.0   0.89227
    780.0   0.89241
    785.0   0.89260
    790.0   0.89231
    795.0   0.89247
    800.0   0.89177
    805.0   0.89185
    810.0   0.89193
    815.0   0.89217
    820.0   0.89100
    825.0   0.89159
    830.0   0.89084
    835.0   0.89160
    840.0   0.89100
    845.0   0.89128
    850.0   0.89110
    855.0   0.89120
    860.0   0.89099
    865.0   0.89043
    870.0   0.89108
    875.0   0.89044
    880.0   0.89066
    885.0   0.89186
    890.0   0.89167
    895.0   0.89109
    900.0   0.89033
    905.0   0.89006
    910.0   0.89120
    915.0   0.89112
    920.0   0.89046
    925.0   0.89008
    930.0   0.88888
    935.0   0.89100
    940.0   0.88989
    945.0   0.89084
    950.0   0.89053
    955.0   0.89045
    960.0   0.89028
    965.0   0.89014
    970.0   0.89067
    975.0   0.89058
    980.0   0.89056
    985.0   0.89151
    990.0   0.89094
    995.0   0.89048
   1000.0   0.88952
   1005.0   0.88918
   1010.0   0.88993
   1015.0   0.88954
   1020.0   0.88898
   1025.0   0.89018
   1030.0   0.88958
   1035.0   0.88902
   1040.0   0.88855
   1045.0   0.88821
   1050.0   0.88983
   1055.0   0.88929
   1060.0   0.88921
   1065.0   0.89036
   1070.0   0.89020
   1075.0   0.88958
   1080.0   0.88995
   1085.0   0.88956
   1090.0   0.89023
   1095.0   0.88931
   1100.0   0.88940
   1105.0   0.88986
   1110.0   0.89062
   1115.0   0.88987
   1120.0   0.89029
   1125.0   0.89118
   1130.0   0.89166
   1135.0   0.88930
   1140.0   0.89079
   1145.0   0.89041
   1150.0   0.89092
   1155.0   0.89088
   1160.0   0.89144
   1165.0   0.89111
   1170.0   0.89111
   1175.0   0.89136
   1180.0   0.89206
   1185.0   0.89256
   1190.0   0.89256
   1195.0   0.89276
   1200.0   0.89122
   1205.0   0.89213
   1210.0   0.89032
   1215.0   0.89370
   1220.0   0.89193
   1225.0   0.89188
   1230.0   0.89213
   1235.0   0.89038
   1240.0   0.89015
   1245.0   0.89099
   1250.0   0.89148
   1255.0   0.89232
   1260.0   0.89170
   1265.0   0.89023
   1270.0   0.89098
   1275.0   0.89283
   1280.0   0.89211
   1285.0   0.89189
   1290.0   0.89228
   1295.0   0.89270
   1300.0   0.89247
   1305.0   0.89238
   1310.0   0.89205
   1315.0   0.89260
   1320.0   0.89216
   1325.0   0.89193
   1330.0   0.89261
   1335.0   0.89335
   1340.0   0.89442
   1345.0   0.89166
   1350.0   0.89113
   1355.0   0.89103
   1360.0   0.89143
   1365.0   0.89197
   1370.0   0.89183
   1375.0   0.89355
   1380.0   0.89407
   1385.0   0.89370
   1390.0   0.89266
   1395.0   0.89278
   1400.0   0.89126
   1405.0   0.89038
   1410.0   0.89116
   1415.0   0.89265
   1420.0   0.89339
   1425.0   0.89449
   1430.0   0.89521
   1435.0   0.89615
   1440.0   0.89687
   1445.0   0.89336
   1450.0   0.89238
   1455.0   0.89446
   1460.0   0.89310
   1465.0   0.89503
   1470.0   0.89469
   1475.0   0.89499
   1480.0   0.89576
   1485.0   0.89715
   1490.0   0.89374
   1495.0   0.89417
   1500.0   0.89504
   1505.0   0.89447
   1510.0   0.89664
   1515.0   0.89678
   1520.0   0.89507
   1525.0   0.89510
   1530.0   0.89616
   1535.0   0.89680
   1540.0   0.89683
   1545.0   0.89464
   1550.0   0.89459
   1555.0   0.89409
   1560.0   0.89501
   1565.0   0.89345
   1570.0   0.89381
   1575.0   0.89617
   1580.0   0.89461
   1585.0   0.89396
   1590.0   0.89431
   1595.0   0.89598
   1600.0   0.89665
   1605.0   0.89556
   1610.0   0.89460
   1615.0   0.89794
   1620.0   0.89596
   1625.0   0.89540
   1630.0   0.89358
   1635.0   0.89453
   1640.0   0.89279
   1645.0   0.89456
   1650.0   0.89518
   1655.0   0.89437
   1660.0   0.89504
   1665.0   0.89542
   1670.0   0.89677
   1675.0   0.89687
   1680.0   0.89602
   1685.0   0.89584
   1690.0   0.89523
   1695.0   0.89351
   1700.0   0.89378
   1705.0   0.89399
   1710.0   0.89224
   1715.0   0.89219
   1720.0   0.88970
   1725.0   0.88688
   1730.0   0.88724
   1735.0   0.88638
   1740.0   0.88659
   1745.0   0.88616
   1750.0   0.88777
   1751.4   0.88734
   1752.6   0.88712
   1753.8   0.88694
   1755.0   0.88701
   1756.1   0.88730
   1757.3   0.88747
   1758.5   0.88755
   1759.7   0.88715
   1760.9   0.88638
   1762.1   0.88631
   1763.3   0.88634
   1764.5   0.88648
   1765.7   0.88736
   1766.9   0.88756
   1768.1   0.88795
   1769.3   0.88811
   1770.5   0.88813
   1771.7   0.88859
   1773.0   0.88882
   1774.2   0.88869
   1775.4   0.88830
   1776.6   0.88815
   1777.8   0.88798
   1779.0   0.88808
   1780.3   0.88835
   1781.5   0.88822
   1782.7   0.88836
   1783.9   0.88884
   1785.2   0.88861
   1786.4   0.88841
   1787.6   0.88802
   1788.9   0.88825
   1790.1   0.88828
   1791.3   0.88777
   1792.6   0.88764
   1793.8   0.88830
   1795.1   0.88827
   1796.3   0.88812
   1797.6   0.88825
   1798.8   0.88803
   1800.0   0.88741
   1801.3   0.88766
   1802.6   0.88733
   1803.8   0.88691
   1805.1   0.88666
   1806.3   0.88695
   1807.6   0.88708
   1808.8   0.88674
   1810.1   0.88659
   1811.4   0.88649
   1812.6   0.88621
   1813.9   0.88604
   1815.2   0.88561
   1816.4   0.88568
   1817.7   0.88568
   1819.0   0.88611
   1820.3   0.88586
   1821.6   0.88505
   1822.8   0.88493
   1824.1   0.88511
   1825.4   0.88479
   1826.7   0.88427
   1828.0   0.88422
   1829.3   0.88439
   1830.6   0.88339
   1831.8   0.88298
   1833.1   0.88271
   1834.4   0.88207
   1835.7   0.88125
   1837.0   0.88095
   1838.3   0.88119
   1839.7   0.88115
   1841.0   0.88031
   1842.3   0.87944
   1843.6   0.87861
   1844.9   0.87869
   1846.2   0.87898
   1847.5   0.87883
   1848.8   0.87830
   1850.2   0.87759
   1851.5   0.87712
   1852.8   0.87756
   1854.1   0.87757
   1855.5   0.87680
   1856.8   0.87612
   1858.1   0.87553
   1859.4   0.87512
   1860.8   0.87474
   1862.1   0.87434
   1863.5   0.87394
   1864.8   0.87257
   1866.1   0.87080
   1867.5   0.86923
   1868.8   0.86789
   1870.2   0.86681
   1871.5   0.86574
   1872.9   0.86438
   1874.2   0.86246
   1875.6   0.86092
   1876.9   0.86027
   1878.3   0.86032
   1879.7   0.86159
   1881.0   0.86395
   1882.4   0.86678
   1883.8   0.86900
   1885.1   0.87071
   1886.5   0.87215
   1887.9   0.87455
   1889.3   0.87575
   1890.6   0.87693
   1892.0   0.87827
   1893.4   0.87919
   1894.8   0.87955
   1896.2   0.88041
   1897.6   0.88030
   1899.0   0.87979
   1900.3   0.87950
   1901.7   0.87953
   1903.1   0.88012
   1904.5   0.88123
   1905.9   0.88114
   1907.3   0.88094
   1908.7   0.88147
   1910.1   0.88127
   1911.6   0.88099
   1913.0   0.88143
   1914.4   0.88123
   1915.8   0.88090
   1917.2   0.88118
   1918.6   0.88136
   1920.0   0.88089
   1921.5   0.88079
   1922.9   0.88087
   1924.3   0.88059
   1925.8   0.88028
   1927.2   0.88074
   1928.6   0.88063
   1930.1   0.87999
   1931.5   0.87975
   1932.9   0.87971
   1934.4   0.88003
   1935.8   0.88011
   1937.3   0.87911
   1938.7   0.87921
   1940.2   0.87983
   1941.6   0.87956
   1943.1   0.87897
   1944.5   0.87883
   1946.0   0.87796
   1947.5   0.87746
   1948.9   0.87783
   1950.4   0.87731
   1951.9   0.87611
   1953.3   0.87566
   1954.8   0.87543
   1956.3   0.87455
   1957.8   0.87345
   1959.2   0.87343
   1960.7   0.87322
   1962.2   0.87222
   1963.7   0.87163
   1965.2   0.87173
   1966.7   0.87099
   1968.2   0.87026
   1969.7   0.87003
   1971.2   0.86985
   1972.7   0.86947
   1974.2   0.86928
   1975.7   0.86943
   1977.2   0.86937
   1978.7   0.86895
   1980.2   0.86869
   1981.7   0.86838
   1983.2   0.86772
   1984.7   0.86663
   1986.3   0.86576
   1987.8   0.86486
   1989.3   0.86332
   1990.8   0.86117
   1992.4   0.85933
   1993.9   0.85779
   1995.4   0.85654
   1997.0   0.85570
   1998.5   0.85519
   2000.1   0.85559
   2001.6   0.85694
   2003.1   0.85823
   2004.7   0.86001
   2006.2   0.86213
   2007.8   0.86493
   2009.4   0.86783
   2010.9   0.86976
   2012.5   0.87053
   2014.0   0.87116
   2015.6   0.87166
   2017.2   0.87256
   2018.7   0.87338
   2020.3   0.87369
   2021.9   0.87469
   2023.5   0.87547
   2025.1   0.87537
   2026.6   0.87536
   2028.2   0.87621
   2029.8   0.87678
   2031.4   0.87722
   2033.0   0.87778
   2034.6   0.87809
   2036.2   0.87828
   2037.8   0.87841
   2039.4   0.87868
   2041.0   0.87879
   2042.6   0.87939
   2044.2   0.87921
   2045.8   0.87877
   2047.4   0.87868
   2049.1   0.87853
   2050.7   0.87870
   2052.3   0.87924
   2053.9   0.87897
   2055.6   0.87882
   2057.2   0.87912
   2058.8   0.87916
   2060.5   0.87902
   2062.1   0.87936
   2063.7   0.87979
   2065.4   0.87910
   2067.0   0.87876
   2068.7   0.87917
   2070.3   0.87943
   2072.0   0.87984
   2073.7   0.87918
   2075.3   0.87881
   2077.0   0.87905
   2078.6   0.87940
   2080.3   0.87939
   2082.0   0.87902
   2083.7   0.87841
   2085.3   0.87748
   2087.0   0.87760
   2088.7   0.87800
   2090.4   0.87770
   2092.1   0.87753
   2093.8   0.87704
   2095.4   0.87682
   2097.1   0.87631
   2098.8   0.87579
   2100.5   0.87497
   2102.2   0.87451
   2104.0   0.87464
   2105.7   0.87466
   2107.4   0.87400
   2109.1   0.87313
   2110.8   0.87271
   2112.5   0.87299
   2114.2   0.87227
   2116.0   0.87106
   2117.7   0.87065
   2119.4   0.87064
   2121.2   0.87057
   2122.9   0.87013
   2124.6   0.86969
   2126.4   0.86932
   2128.1   0.86866
   2129.9   0.86884
   2131.6   0.86882
   2133.4   0.86823
   2135.1   0.86719
   2136.9   0.86625
   2138.7   0.86523
   2140.4   0.86376
   2142.2   0.86218
   2144.0   0.86010
   2145.8   0.85798
   2147.5   0.85617
   2149.3   0.85426
   2151.1   0.85328
   2152.9   0.85307
   2154.7   0.85295
   2156.5   0.85223
   2158.3   0.85184
   2160.1   0.85199
   2161.9   0.85266
   2163.7   0.85346
   2165.5   0.85381
   2167.3   0.85444
   2169.1   0.85564
   2170.9   0.85659
   2172.7   0.85746
   2174.6   0.85848
   2176.4   0.85960
   2178.2   0.86030
   2180.0   0.86057
   2181.9   0.86059
   2183.7   0.86154
   2185.6   0.86193
   2187.4   0.86194
   2189.2   0.86215
   2191.1   0.86224
   2193.0   0.86177
   2194.8   0.86161
   2196.7   0.86140
   2198.5   0.86120
   2200.4   0.86104
   2202.3   0.86100
   2204.1   0.86003
   2206.0   0.85865
   2207.9   0.85750
   2209.8   0.85710
   2211.7   0.85647
   2213.6   0.85571
   2215.4   0.85505
   2217.3   0.85399
   2219.2   0.85267
   2221.1   0.85177
   2223.0   0.85155
   2225.0   0.85033
   2226.9   0.84858
   2228.8   0.84735
   2230.7   0.84588
   2232.6   0.84431
   2234.5   0.84288
   2236.5   0.84148
   2238.4   0.84021
   2240.3   0.83831
   2242.3   0.83593
   2244.2   0.83452
   2246.2   0.83334
   2248.1   0.83150
   2250.1   0.82885
   2252.0   0.82634
   2254.0   0.82456
   2255.9   0.82222
   2257.9   0.81909
   2259.9   0.81618
   2261.8   0.81353
   2263.8   0.81082
   2265.8   0.80778
   2267.8   0.80447
   2269.8   0.80059
   2271.8   0.79708
   2273.7   0.79354
   2275.7   0.78910
   2277.7   0.78380
   2279.7   0.77827
   2281.7   0.77245
   2283.8   0.76682
   2285.8   0.76092
   2287.8   0.75641
   2289.8   0.75247
   2291.8   0.74893
   2293.9   0.74540
   2295.9   0.74139
   2297.9   0.73809
   2300.0   0.73562
   2302.0   0.73275
   2304.1   0.73009
   2306.1   0.72839
   2308.2   0.72709
   2310.2   0.72521
   2312.3   0.72311
   2314.3   0.72095
   2316.4   0.71777
   2318.5   0.71369
   2320.6   0.70912
   2322.6   0.70332
   2324.7   0.69744
   2326.8   0.69087
   2328.9   0.68296
   2331.0   0.67420
   2333.1   0.66604
   2335.2   0.65923
   2337.3   0.65433
   2339.4   0.65087
   2341.5   0.64976
   2343.6   0.65087
   2345.8   0.65468
   2347.9   0.66129
   2350.0   0.67029
   2352.1   0.68159
   2354.3   0.69469
   2356.4   0.70959
   2358.6   0.72600
   2360.7   0.74268
   2362.9   0.75892
   2365.0   0.77420
   2367.2   0.78716
   2369.3   0.79752
   2371.5   0.80616
   2373.7   0.81314
   2375.9   0.81939
   2378.0   0.82447
   2380.2   0.82832
   2382.4   0.83114
   2384.6   0.83359
   2386.8   0.83504
   2389.0   0.83583
   2391.2   0.83637
   2393.4   0.83663
   2395.6   0.83562
   2397.8   0.83418
   2400.1   0.83260
   2402.3   0.83123
   2404.5   0.83075
   2406.7   0.83167
   2409.0   0.83262
   2411.2   0.83305
   2413.5   0.83271
   2415.7   0.83198
   2418.0   0.83019
   2420.2   0.82768
   2422.5   0.82514
   2424.8   0.82209
   2427.0   0.81871
   2429.3   0.81611
   2431.6   0.81279
   2433.9   0.80886
   2436.2   0.80506
   2438.4   0.80140
   2440.7   0.79736
   2443.0   0.79318
   2445.3   0.78861
   2447.7   0.78382
   2450.0   0.77885
   2452.3   0.77369
   2454.6   0.76842
   2456.9   0.76242
   2459.3   0.75556
   2461.6   0.74743
   2463.9   0.73891
   2466.3   0.72996
   2468.6   0.72011
   2471.0   0.70933
   2473.3   0.69867
   2475.7   0.68825
   2478.1   0.67704
   2480.4   0.66723
   2482.8   0.65887
   2485.2   0.65088
   2487.6   0.64402
   2490.0   0.63913
   2492.4   0.63497
   2494.8   0.63134
   2497.2   0.62816
   2499.6   0.62505
   2502.0   0.62263
   2504.4   0.62047
   2506.8   0.61825
   2509.3   0.61566
   2511.7   0.61212
   2514.1   0.60762
   2516.6   0.60258
   2519.0   0.59622
   2521.5   0.58700
   2523.9   0.57568
   2526.4   0.56241
   2528.8   0.54697
   2531.3   0.53204
   2533.8   0.52027
   2536.3   0.51229
   2538.8   0.50861
   2541.2   0.51250
   2543.7   0.52442
   2546.2   0.54259
   2548.7   0.56566
   2551.2   0.59266
   2553.8   0.62086
   2556.3   0.64962
   2558.8   0.67718
   2561.3   0.70124
   2563.9   0.72166
   2566.4   0.73918
   2568.9   0.75308
   2571.5   0.76363
   2574.0   0.77157
   2576.6   0.77808
   2579.2   0.78324
   2581.7   0.78654
   2584.3   0.78868
   2586.9   0.79274
   2589.5   0.79918
   2592.1   0.80580
   2594.7   0.81096
   2597.3   0.81489
   2599.9   0.81989
   2602.5   0.82377
   2605.1   0.82567
   2607.7   0.82706
   2610.3   0.82992
   2613.0   0.83247
   2615.6   0.83412
   2618.3   0.83484
   2620.9   0.83560
   2623.6   0.83679
   2626.2   0.83745
   2628.9   0.83776
   2631.5   0.83844
   2634.2   0.83954
   2636.9   0.84071
   2639.6   0.84156
   2642.3   0.84165
   2645.0   0.84097
   2647.7   0.84044
   2650.4   0.84074
   2653.1   0.84106
   2655.8   0.84111
   2658.5   0.84099
   2661.3   0.83940
   2664.0   0.83837
   2666.7   0.83740
   2669.5   0.83589
   2672.2   0.83522
   2675.0   0.83499
   2677.8   0.83369
   2680.5   0.83262
   2683.3   0.83167
   2686.1   0.82957
   2688.9   0.82758
   2691.7   0.82487
   2694.5   0.82183
   2697.3   0.81890
   2700.1   0.81527
   2702.9   0.81034
   2705.7   0.80600
   2708.5   0.80030
   2711.4   0.79163
   2714.2   0.78492
   2717.1   0.78017
   2719.9   0.77590
   2722.8   0.77036
   2725.6   0.76552
   2728.5   0.76121
   2731.4   0.75760
   2734.2   0.75490
   2737.1   0.75187
   2740.0   0.74851
   2742.9   0.74453
   2745.8   0.74202
   2748.7   0.74076
   2751.7   0.73797
   2754.6   0.73280
   2757.5   0.72780
   2760.5   0.72530
   2763.4   0.72005
   2766.3   0.70611
   2769.3   0.68680
   2772.3   0.66404
   2775.2   0.64019
   2778.2   0.61497
   2781.2   0.58916
   2784.2   0.56294
   2787.2   0.54127
   2790.2   0.53130
   2793.2   0.53859
   2796.2   0.56168
   2799.2   0.59070
   2802.2   0.61610
   2805.3   0.63498
   2808.3   0.65194
   2811.4   0.66839
   2814.4   0.68380
   2817.5   0.69896
   2820.5   0.71277
   2823.6   0.72341
   2826.7   0.73321
   2829.8   0.74303
   2832.9   0.75284
   2836.0   0.76211
   2839.1   0.76974
   2842.2   0.77579
   2845.3   0.78175
   2848.4   0.78604
   2851.6   0.78831
   2854.7   0.79000
   2857.8   0.79194
   2861.0   0.79463
   2864.2   0.79677
   2867.3   0.79749
   2870.5   0.79819
   2873.7   0.79901
   2876.9   0.80042
   2880.1   0.80129
   2883.3   0.80154
   2886.5   0.80150
   2889.7   0.80148
   2892.9   0.80160
   2896.2   0.80128
   2899.4   0.80114
   2902.7   0.80050
   2905.9   0.80029
   2909.2   0.80060
   2912.4   0.79986
   2915.7   0.79909
   2919.0   0.79921
   2922.3   0.80016
   2925.6   0.79967
   2928.9   0.79964
   2932.2   0.79921
   2935.5   0.79807
   2938.9   0.79676
   2942.2   0.79595
   2945.5   0.79451
   2948.9   0.79322
   2952.2   0.79150
   2955.6   0.79044
   2959.0   0.78933
   2962.4   0.78984
   2965.8   0.79115
   2969.1   0.79016
   2972.6   0.78908
   2976.0   0.78846
   2979.4   0.78642
   2982.8   0.78521
   2986.3   0.78442
   2989.7   0.78342
   2993.1   0.78161
   2996.6   0.77968
   3000.1   0.77684
   3003.6   0.77357
   3007.0   0.76963
   3010.5   0.76567
   3014.0   0.76137
   3017.5   0.75641
   3021.1   0.75114
   3024.6   0.74664
   3028.1   0.74235
   3031.7   0.73783
   3035.2   0.73210
   3038.8   0.72670
   3042.3   0.72138
   3045.9   0.71675
   3049.5   0.71159
   3053.1   0.70429
   3056.7   0.69543
   3060.3   0.68756
   3063.9   0.68053
   3067.5   0.67409
   3071.2   0.66711
   3074.8   0.66135
   3078.5   0.65610
   3082.1   0.64897
   3085.8   0.63709
   3089.5   0.62270
   3093.2   0.60658
   3096.9   0.59204
   3100.6   0.57870
   3104.3   0.56440
   3108.0   0.55288
   3111.7   0.54822
   3115.5   0.54981
   3119.2   0.56008
   3123.0   0.57519
   3126.7   0.58760
   3130.5   0.59335
   3134.3   0.59410
   3138.1   0.58857
   3141.9   0.58073
   3145.7   0.57146
   3149.5   0.56303
   3153.4   0.55844
   3157.2   0.56020
   3161.1   0.56879
   3164.9   0.58433
   3168.8   0.60175
   3172.7   0.61647
   3176.6   0.62721
   3180.5   0.63270
   3184.4   0.63445
   3188.3   0.63516
   3192.2   0.63373
   3196.1   0.63169
   3200.1   0.62876
   3204.0   0.62464
   3208.0   0.62052
   3212.0   0.61560
   3216.0   0.60887
   3220.0   0.60328
   3224.0   0.59895
   3228.0   0.59503
   3232.0   0.58815
   3236.0   0.58010
   3240.1   0.57177
   3244.1   0.56476
   3248.2   0.55824
   3252.3   0.55281
   3256.4   0.54635
   3260.5   0.53891
   3264.6   0.53128
   3268.7   0.52355
   3272.8   0.51464
   3276.9   0.50412
   3281.1   0.49282
   3285.3   0.48132
   3289.4   0.46932
   3293.6   0.45765
   3297.8   0.44529
   3302.0   0.43107
   3304.1   0.42488
   3306.2   0.41945
   3308.3   0.41215
   3310.4   0.40464
   3312.5   0.39566
   3314.7   0.38680
   3316.8   0.37951
   3318.9   0.37248
   3321.0   0.36202
   3323.2   0.35121
   3325.3   0.34073
   3327.4   0.32793
   3329.6   0.31275
   3331.7   0.29710
   3333.8   0.27885
   3336.0   0.25847
   3338.1   0.23483
   3340.3   0.20745
   3342.4   0.17762
   3344.6   0.15089
   3346.8   0.12978
   3348.9   0.11569
   3351.1   0.11005
   3353.3   0.10962
   3355.4   0.11158
   3357.6   0.11079
   3359.8   0.11029
   3362.0   0.11748
   3364.1   0.12461
   3366.3   0.12643
   3368.5   0.12676
   3370.7   0.12776
   3372.9   0.12996
   3375.1   0.13190
   3377.3   0.13148
   3379.5   0.13206
   3381.7   0.13155
   3383.9   0.13193
   3386.1   0.13403
   3388.3   0.13524
   3390.5   0.13377
   3392.8   0.13173
   3395.0   0.13320
   3397.2   0.13630
   3399.4   0.13794
   3401.7   0.13911
   3403.9   0.14023
   3406.1   0.14025
   3408.4   0.14078
   3410.6   0.14214
   3412.9   0.14311
   3415.1   0.14458
   3417.4   0.14600
   3419.6   0.14528
   3421.9   0.14312
   3424.1   0.14442
   3426.4   0.14683
   3428.7   0.14567
   3430.9   0.14411
   3433.2   0.14481
   3435.5   0.14552
   3437.8   0.14472
   3440.0   0.14298
   3442.3   0.14372
   3444.6   0.14442
   3446.9   0.14442
   3449.2   0.14287
   3451.5   0.14065
   3453.8   0.13906
   3456.1   0.13825
   3458.4   0.13736
   3460.7   0.13404
   3463.0   0.12846
   3465.3   0.12138
   3467.6   0.11617
   3470.0   0.11036
   3472.3   0.10113
   3474.6   0.09394
   3477.0   0.09068
   3479.3   0.08855
   3481.6   0.08801
   3484.0   0.08968
   3486.3   0.09109
   3488.7   0.09149
   3491.0   0.09180
   3493.4   0.09439
   3495.7   0.09825
   3498.1   0.10099
   3500.4   0.10493
   3502.8   0.10772
   3505.2   0.11051
   3507.5   0.11376
   3509.9   0.11795
   3512.3   0.12251
   3514.7   0.12729
   3517.1   0.13335
   3519.4   0.14178
   3521.8   0.15191
   3524.2   0.16596
   3526.6   0.18373
   3529.0   0.20331
   3531.4   0.22290
   3533.8   0.24274
   3536.2   0.26228
   3538.7   0.28003
   3541.1   0.29659
   3543.5   0.31087
   3545.9   0.32611
   3548.3   0.33956
   3550.8   0.35000
   3553.2   0.35867
   3555.6   0.36718
   3558.1   0.37566
   3560.5   0.38169
   3563.0   0.38516
   3565.4   0.38732
   3567.9   0.38635
   3570.3   0.38421
   3572.8   0.38381
   3575.3   0.38549
   3577.7   0.39155
   3580.2   0.40337
   3582.7   0.41675
   3585.2   0.43163
   3587.6   0.44607
   3590.1   0.45869
   3592.6   0.46965
   3595.1   0.47794
   3597.6   0.48747
   3600.1   0.49660
   3602.6   0.50327
   3605.1   0.50916
   3607.6   0.51458
   3610.1   0.51986
   3612.6   0.52537
   3615.2   0.53030
   3617.7   0.53410
   3620.2   0.53710
   3622.7   0.54048
   3625.3   0.54377
   3627.8   0.54716
   3630.3   0.54839
   3632.9   0.55028
   3635.4   0.55349
   3638.0   0.55567
   3640.5   0.55841
   3643.1   0.56165
   3645.7   0.56384
   3648.2   0.56541
   3650.8   0.56641
   3653.4   0.56701
   3655.9   0.56897
   3658.5   0.57210
   3661.1   0.57534
   3663.7   0.57814
   3666.3   0.57888
   3668.9   0.57931
   3671.5   0.57928
   3674.1   0.58042
   3676.7   0.58017
   3679.3   0.57985
   3681.9   0.58103
   3684.5   0.58231
   3687.2   0.58300
   3689.8   0.58386
   3692.4   0.58484
   3695.0   0.58359
   3697.7   0.58219
   3700.3   0.58215
   3703.0   0.58023
   3705.6   0.57919
   3708.3   0.57922
   3710.9   0.57858
   3713.6   0.57583
   3716.2   0.57399
   3718.9   0.57270
   3721.6   0.57039
   3724.2   0.56766
   3726.9   0.56546
   3729.6   0.56231
   3732.3   0.55854
   3735.0   0.55667
   3737.7   0.55351
   3740.4   0.54761
   3743.1   0.54226
   3745.8   0.53753
   3748.5   0.53369
   3751.2   0.52984
   3753.9   0.52568
   3756.6   0.52287
   3759.3   0.52023
   3762.1   0.51561
   3764.8   0.51040
   3767.5   0.50490
   3770.3   0.49853
   3773.0   0.49152
   3775.8   0.48477
   3778.5   0.47763
   3781.3   0.46860
   3784.0   0.45687
   3786.8   0.44343
   3789.6   0.42672
   3792.3   0.40602
   3795.1   0.38238
   3797.9   0.35669
   3800.7   0.33076
   3803.5   0.30615
   3806.3   0.28237
   3809.1   0.26177
   3811.9   0.24486
   3814.7   0.22961
   3817.5   0.21678
   3820.3   0.20447
   3823.1   0.19265
   3825.9   0.18302
   3828.8   0.17437
   3831.6   0.16536
   3834.4   0.15713
   3837.3   0.15020
   3840.1   0.14287
   3842.9   0.13645
   3845.8   0.13319
   3848.7   0.13078
   3851.5   0.12839
   3854.4   0.12787
   3857.2   0.12765
   3860.1   0.12603
   3863.0   0.12351
   3865.9   0.12421
   3868.8   0.12551
   3871.6   0.12408
   3874.5   0.12237
   3877.4   0.12185
   3880.3   0.12250
   3883.2   0.12216
   3886.2   0.12110
   3889.1   0.12127
   3892.0   0.12046
   3894.9   0.11756
   3897.8   0.11636
   3900.8   0.11682
   3903.7   0.11703
   3906.7   0.11683
   3909.6   0.11644
   3912.6   0.11616
   3915.5   0.11501
   3918.5   0.11346
   3921.4   0.11277
   3924.4   0.11102
   3927.4   0.10789
   3930.4   0.10511
   3933.3   0.10572
   3936.3   0.10611
   3939.3   0.10290
   3942.3   0.09718
   3945.3   0.09079
   3948.3   0.08550
   3951.3   0.08007
   3954.3   0.07599
   3957.4   0.07342
   3960.4   0.07054
   3963.4   0.06764
   3966.4   0.06528
   3969.5   0.06473
   3972.5   0.06478
   3975.6   0.06540
   3978.6   0.06561
   3981.7   0.06513
   3984.7   0.06414
   3987.8   0.06397
   3990.9   0.06561
   3993.9   0.06743
   3997.0   0.07024
   4000.1   0.07352
   4003.2   0.07706
   4006.3   0.08151
   4009.4   0.08724
   4012.5   0.09408
   4015.6   0.10388
   4018.7   0.11437
   4021.8   0.12234
   4024.9   0.12995
   4028.1   0.14011
   4031.2   0.15026
   4034.3   0.15970
   4037.5   0.17190
   4040.6   0.18805
   4043.8   0.20512
   4046.9   0.22246
   4050.1   0.24166
   4053.3   0.25991
   4056.4   0.27502
   4059.6   0.28828
   4062.8   0.30151
   4066.0   0.31268
   4069.2   0.32150
   4072.4   0.33174
   4075.6   0.34228
   4078.8   0.35130
   4082.0   0.36150
   4085.2   0.37250
   4088.4   0.38109
   4091.7   0.38855
   4094.9   0.39699
   4098.1   0.40558
   4101.4   0.41327
   4104.6   0.42072
   4107.9   0.42729
   4111.1   0.43365
   4114.4   0.44088
   4117.7   0.44793
   4120.9   0.45572
   4124.2   0.46385
   4127.5   0.47133
   4130.8   0.47768
   4134.1   0.48522
   4137.4   0.49394
   4140.7   0.50168
   4144.0   0.50812
   4147.3   0.51367
   4150.6   0.51957
   4154.0   0.52548
   4157.3   0.53043
   4160.6   0.53624
   4164.0   0.54199
   4167.3   0.54702
   4170.7   0.55139
   4174.0   0.55492
   4177.4   0.55874
   4180.8   0.56224
   4184.1   0.56540
   4187.5   0.56913
   4190.9   0.57308
   4194.3   0.57670
   4197.7   0.58036
   4201.1   0.58396
   4204.5   0.58789
   4207.9   0.58941
   4211.3   0.59106
   4214.7   0.59408
   4218.2   0.59537
   4221.6   0.59510
   4225.0   0.59634
   4228.5   0.59972
   4231.9   0.60131
   4235.4   0.60318
   4238.9   0.60607
   4242.3   0.61099
   4245.8   0.61361
   4249.3   0.61490
   4252.8   0.61771
   4256.3   0.62033
   4259.8   0.62285
   4263.3   0.62456
   4266.8   0.62630
   4270.3   0.62906
   4273.8   0.63171
   4277.3   0.63363
   4280.9   0.63497
   4284.4   0.63588
   4288.0   0.63505
   4291.5   0.63582
   4295.1   0.63629
   4298.6   0.63567
   4302.2   0.63512
   4305.8   0.63385
   4309.3   0.63259
   4312.9   0.63048
   4316.5   0.62846
   4320.1   0.62827
   4323.7   0.63022
   4327.3   0.63133
   4330.9   0.63314
   4334.6   0.63401
   4338.2   0.63391
   4341.8   0.63487
   4345.5   0.63715
   4349.1   0.63981
   4352.8   0.64297
   4356.4   0.64672
   4360.1   0.65178
   4363.8   0.65739
   4367.4   0.66389
   4371.1   0.66960
   4374.8   0.67405
   4378.5   0.67645
   4382.2   0.67729
   4385.9   0.67789
   4389.6   0.67908
   4393.3   0.67800
   4397.1   0.67684
   4400.8   0.67530
   4404.5   0.67269
   4408.3   0.67084
   4412.0   0.66878
   4415.8   0.66647
   4419.6   0.66470
   4423.3   0.66214
   4427.1   0.65984
   4430.9   0.65696
   4434.7   0.65247
   4438.5   0.64879
   4442.3   0.64419
   4446.1   0.63785
   4449.9   0.63292
   4453.7   0.62775
   4457.6   0.62252
   4461.4   0.61803
   4465.2   0.61450
   4469.1   0.60993
   4472.9   0.60449
   4476.8   0.59849
   4480.7   0.59241
   4484.5   0.58637
   4488.4   0.58074
   4492.3   0.57455
   4496.2   0.56955
   4500.1   0.56406
   4504.0   0.55956
   4507.9   0.55724
   4511.9   0.55530
   4515.8   0.55437
   4519.7   0.55505
   4523.7   0.55449
   4527.6   0.55341
   4531.6   0.55353
   4535.6   0.55343
   4539.5   0.55324
   4543.5   0.55375
   4547.5   0.55454
   4551.5   0.55500
   4555.5   0.55538
   4559.5   0.55465
   4563.5   0.55427
   4567.5   0.55467
   4571.5   0.55434
   4575.6   0.55417
   4579.6   0.55337
   4583.7   0.55299
   4587.7   0.55225
   4591.8   0.55020
   4595.9   0.54868
   4599.9   0.54616
   4604.0   0.54203
   4608.1   0.53846
   4612.2   0.53548
   4616.3   0.53113
   4620.4   0.52296
   4624.6   0.51133
   4628.7   0.49707
   4632.8   0.48218
   4637.0   0.46582
   4641.1   0.44693
   4645.3   0.42646
   4649.4   0.40662
   4653.6   0.38810
   4657.8   0.37172
   4662.0   0.35934
   4666.2   0.35253
   4670.4   0.34920
   4674.6   0.34755
   4678.8   0.34811
   4683.0   0.35074
   4687.3   0.35558
   4691.5   0.36329
   4695.8   0.37370
   4700.0   0.38785
   4704.3   0.40584
   4708.6   0.42828
   4712.8   0.45573
   4717.1   0.48584
   4721.4   0.51644
   4725.7   0.54611
   4730.0   0.57220
   4734.4   0.59350
   4738.7   0.60933
   4743.0   0.62140
   4747.4   0.63295
   4751.7   0.64385
   4756.1   0.65256
   4760.5   0.66034
   4764.8   0.66760
   4769.2   0.67421
   4773.6   0.68040
   4778.0   0.68566
   4782.4   0.68982
   4786.8   0.69307
   4791.3   0.69508
   4795.7   0.69643
   4800.1   0.69710
   4804.6   0.69803
   4809.0   0.69898
   4813.5   0.69998
   4818.0   0.70095
   4822.5   0.70080
   4826.9   0.69975
   4831.4   0.70000
   4835.9   0.70095
   4840.5   0.70152
   4845.0   0.70134
   4849.5   0.70076
   4854.1   0.69880
   4858.6   0.69836
   4863.2   0.69864
   4867.7   0.69898
   4872.3   0.69907
   4876.9   0.69824
   4881.5   0.69649
   4886.1   0.69553
   4890.7   0.69666
   4895.3   0.69697
   4899.9   0.69541
   4904.6   0.69500
   4909.2   0.69464
   4913.9   0.69534
   4918.5   0.69471
   4923.2   0.69417
   4927.9   0.69436
   4932.6   0.69410
   4937.3   0.69381
   4942.0   0.69393
   4946.7   0.69406
   4951.4   0.69447
   4956.2   0.69532
   4960.9   0.69618
   4965.6   0.69772
   4970.4   0.69889
   4975.2   0.69978
   4980.0   0.70150
   4984.7   0.70358
   4989.5   0.70487
   4994.3   0.70544
   4999.2   0.70682
   5004.0   0.70756
   5008.8   0.70836
   5013.7   0.70964
   5018.5   0.71100
   5023.4   0.71216
   5028.3   0.71319
   5033.1   0.71302
   5038.0   0.71356
   5042.9   0.71463
   5047.8   0.71514
   5052.8   0.71511
   5057.7   0.71443
   5062.6   0.71335
   5067.6   0.71240
   5072.5   0.71031
   5077.5   0.70661
   5082.5   0.69759
   5087.5   0.67954
   5092.5   0.64722
   5097.5   0.59454
   5102.5   0.54433
   5107.5   0.54603
   5112.6   0.58936
   5117.6   0.63524
   5122.7   0.66515
   5127.7   0.67816
   5132.8   0.68296
   5137.9   0.68519
   5143.0   0.68558
   5148.1   0.68492
   5153.2   0.68375
   5158.3   0.68233
   5163.5   0.68065
   5168.6   0.67760
   5173.8   0.67443
   5179.0   0.67231
   5184.1   0.67055
   5189.3   0.66846
   5194.5   0.66603
   5199.7   0.66393
   5205.0   0.65963
   5210.2   0.65590
   5215.4   0.65312
   5220.7   0.64888
   5225.9   0.64434
   5231.2   0.64161
   5236.5   0.63945
   5241.8   0.63643
   5247.1   0.63193
   5252.4   0.62750
   5257.7   0.62266
   5263.1   0.61828
   5268.4   0.61516
   5273.8   0.61054
   5279.2   0.60458
   5284.5   0.59939
   5289.9   0.59547
   5295.3   0.59105
   5300.8   0.58597
   5306.2   0.58071
   5311.6   0.57363
   5317.1   0.56615
   5322.5   0.55853
   5328.0   0.55005
   5333.5   0.54331
   5339.0   0.53593
   5344.5   0.52712
   5350.0   0.51902
   5355.5   0.51118
   5361.0   0.50364
   5366.6   0.49664
   5372.2   0.48906
   5377.7   0.48099
   5383.3   0.47195
   5388.9   0.46292
   5394.5   0.45329
   5400.1   0.44355
   5405.8   0.43481
   5411.4   0.42526
   5417.1   0.41473
   5422.7   0.40483
   5428.4   0.39381
   5434.1   0.38183
   5439.8   0.36951
   5445.5   0.35730
   5451.2   0.34521
   5457.0   0.33218
   5462.7   0.32002
   5468.5   0.30784
   5474.3   0.29525
   5480.1   0.28374
   5485.9   0.27212
   5491.7   0.25872
   5497.5   0.24445
   5503.3   0.23068
   5509.2   0.21530
   5515.0   0.19856
   5520.9   0.18083
   5526.8   0.16037
   5532.7   0.13690
   5538.6   0.11109
   5544.5   0.08473
   5550.5   0.06279
   5556.4   0.04865
   5562.4   0.04365
   5568.4   0.04316
   5574.3   0.04380
   5580.3   0.04514
   5586.4   0.04741
   5592.4   0.05254
   5598.4   0.06388
   5604.5   0.07886
   5610.5   0.09455
   5616.6   0.11039
   5622.7   0.12594
   5628.8   0.13817
   5634.9   0.14680
   5641.1   0.15251
   5647.2   0.15544
   5653.4   0.15519
   5659.5   0.15319
   5665.7   0.14863
   5671.9   0.14335
   5678.1   0.13758
   5684.4   0.13106
   5690.6   0.12699
   5696.9   0.12348
   5703.1   0.11947
   5709.4   0.11761
   5715.7   0.11565
   5722.0   0.11264
   5728.3   0.10990
   5734.7   0.10750
   5741.0   0.10470
   5747.4   0.10291
   5753.8   0.10018
   5760.1   0.09970
   5766.6   0.09916
   5773.0   0.09837
   5779.4   0.09905
   5785.9   0.10050
   5792.3   0.10177
   5798.8   0.10256
   5805.3   0.10375
   5811.8   0.10577
   5818.3   0.10703
   5824.9   0.10769
   5831.4   0.10823
   5838.0   0.11033
   5844.6   0.11152
   5851.2   0.11235
   5857.8   0.11334
   5864.4   0.11376
   5871.0   0.11426
   5877.7   0.11543
   5884.4   0.11622
   5891.1   0.11644
   5897.8   0.11642
   5904.5   0.11450
   5911.2   0.11190
   5918.0   0.11093
   5924.7   0.10865
   5931.5   0.10701
   5938.3   0.10538
   5945.1   0.10146
   5951.9   0.09853
   5958.8   0.09692
   5965.6   0.09500
   5972.5   0.09362
   5979.4   0.09057
   5986.3   0.08925
   5993.2   0.08878
   6000.2   0.08721
   6007.1   0.08385
   6014.1   0.08089
   6021.1   0.07923
   6028.1   0.07739
   6035.1   0.07407
   6042.1   0.07130
   6049.2   0.06892
   6056.2   0.06675
   6063.3   0.06399
   6070.4   0.06216
   6077.5   0.06183
   6084.7   0.06018
   6091.8   0.05758
   6099.0   0.05756
   6106.2   0.05614
   6113.4   0.05500
   6120.6   0.05439
   6127.8   0.05515
   6135.1   0.05629
   6142.3   0.05690
   6149.6   0.05800
   6156.9   0.05991
   6164.3   0.06130
   6171.6   0.06443
   6178.9   0.06896
   6186.3   0.07426
   6193.7   0.08106
   6201.1   0.08994
   6208.5   0.09967
   6216.0   0.11112
   6223.5   0.12355
   6230.9   0.13826
   6238.4   0.15394
   6245.9   0.17032
   6253.5   0.18675
   6261.0   0.20448
   6268.6   0.22174
   6276.2   0.23744
   6283.8   0.25058
   6291.4   0.25980
   6299.1   0.26614
   6306.7   0.27717
   6314.4   0.29267
   6322.1   0.31052
   6329.8   0.32882
   6337.6   0.34804
   6345.3   0.36984
   6353.1   0.39446
   6360.9   0.41245
   6368.7   0.42588
   6376.5   0.43779
   6384.4   0.44678
   6392.3   0.45400
   6400.2   0.46194
   6408.1   0.47060
   6416.0   0.48182
   6424.0   0.49278
   6431.9   0.50550
   6439.9   0.52203
   6447.9   0.54432
   6456.0   0.56918
   6464.0   0.59125
   6472.1   0.60614
   6480.2   0.61494
   6488.3   0.61921
   6496.4   0.62211
   6504.6   0.62187
   6512.7   0.62062
   6520.9   0.61843
   6529.1   0.61631
   6537.4   0.61378
   6545.6   0.61090
   6553.9   0.60794
   6562.2   0.60450
   6570.5   0.59977
   6578.9   0.59471
   6587.2   0.58794
   6595.6   0.58224
   6604.0   0.57535
   6612.4   0.56794
   6620.9   0.56124
   6629.3   0.55438
   6637.8   0.54812
   6646.3   0.54145
   6654.9   0.53304
   6663.4   0.52520
   6672.0   0.51827
   6680.6   0.51129
   6689.2   0.50279
   6697.8   0.49321
   6706.5   0.48425
   6715.2   0.47644
   6723.9   0.46852
   6732.6   0.45934
   6741.4   0.45003
   6750.2   0.44329
   6759.0   0.43703
   6767.8   0.43080
   6776.6   0.42541
   6785.5   0.42029
   6794.4   0.41632
   6803.3   0.41377
   6812.3   0.40944
   6821.2   0.40568
   6830.2   0.40230
   6839.2   0.39932
   6848.3   0.39617
   6857.3   0.39231
   6866.4   0.38968
   6875.5   0.38737
   6884.6   0.38403
   6893.8   0.38068
   6903.0   0.37757
   6912.2   0.37470
   6921.4   0.37148
   6930.7   0.36886
   6939.9   0.36684
   6949.2   0.36469
   6958.6   0.36389
   6967.9   0.36419
   6977.3   0.36361
   6986.7   0.36312
   6996.1   0.36229
   7005.6   0.36008
   7015.1   0.35804
   7024.6   0.35650
   7034.1   0.35543
   7043.7   0.35392
   7053.2   0.35232
   7062.9   0.35007
   7072.5   0.34789
   7082.2   0.34494
   7091.8   0.33921
   7101.6   0.33114
   7111.3   0.31933
   7121.1   0.30181
   7130.9   0.28243
   7140.7   0.26856
   7150.5   0.26098
   7160.4   0.25620
   7170.3   0.25069
   7180.2   0.24250
   7190.2   0.23459
   7200.2   0.22710
   7210.2   0.21971
   7220.2   0.21247
   7230.3   0.20620
   7240.4   0.20160
   7250.5   0.19696
   7260.7   0.19348
   7270.9   0.19128
   7281.1   0.18763
   7291.3   0.18402
   7301.6   0.18200
   7311.9   0.17933
   7322.2   0.17668
   7332.6   0.17542
   7343.0   0.17403
   7353.4   0.17215
   7363.8   0.17062
   7374.3   0.16979
   7384.8   0.16878
   7395.3   0.16667
   7405.9   0.16534
   7416.5   0.16453
   7427.1   0.16313
   7437.8   0.16141
   7448.5   0.15982
   7459.2   0.15884
   7469.9   0.15853
   7480.7   0.15844
   7491.5   0.15803
   7502.4   0.15727
   7513.2   0.15653
   7524.1   0.15600
   7535.1   0.15568
   7546.0   0.15458
   7557.0   0.15254
   7568.1   0.15142
   7579.1   0.15070
   7590.2   0.15034
   7601.4   0.15038
   7612.5   0.15014
   7623.7   0.14998
   7635.0   0.15069
   7646.2   0.15135
   7657.5   0.15238
   7668.8   0.15403
   7680.2   0.15515
   7691.6   0.15688
   7703.0   0.15970
   7714.5   0.16179
   7726.0   0.16384
   7737.5   0.16618
   7749.1   0.16652
   7760.7   0.16626
   7772.3   0.16621
   7784.0   0.16628
   7795.7   0.16752
   7807.4   0.16789
   7819.2   0.16750
   7831.0   0.16777
   7842.9   0.16917
   7854.7   0.17078
   7866.7   0.17095
   7878.6   0.17184
   7890.6   0.17251
   7902.6   0.17222
   7914.7   0.17176
   7926.8   0.17131
   7939.0   0.17169
   7951.1   0.17360
   7963.3   0.17593
   7975.6   0.17846
   7987.9   0.18048
   8000.2   0.18112
   8012.6   0.18092
   8025.0   0.18010
   8037.4   0.17874
   8049.9   0.17649
   8062.4   0.17497
   8075.0   0.17452
   8087.6   0.17439
   8100.2   0.17726
   8112.9   0.18125
   8125.6   0.18348
   8138.4   0.18358
   8151.2   0.18324
   8164.0   0.18462
   8176.9   0.18717
   8189.8   0.18792
   8202.7   0.18922
   8215.7   0.19063
   8228.8   0.19005
   8241.9   0.18937
   8255.0   0.18972
   8268.2   0.18963
   8281.4   0.18849
   8294.6   0.18862
   8307.9   0.18763
   8321.2   0.18615
   8334.6   0.18598
   8348.0   0.18511
   8361.5   0.18381
   8375.0   0.18142
   8388.6   0.17878
   8402.2   0.17756
   8415.8   0.17509
   8429.5   0.17251
   8443.2   0.17102
   8457.0   0.16955
   8470.8   0.16717
   8484.7   0.16528
   8498.6   0.16494
   8512.5   0.16572
   8526.5   0.16682
   8540.6   0.16847
   8554.7   0.16875
   8568.8   0.16732
   8583.0   0.16684
   8597.2   0.16805
   8611.5   0.16930
   8625.8   0.17277
   8640.2   0.17923
   8654.6   0.18772
   8669.1   0.19769
   8683.6   0.20726
   8698.2   0.21704
   8712.8   0.22430
   8727.5   0.23027
   8742.2   0.23862
   8757.0   0.24837
   8771.8   0.25834
   8786.7   0.26585
   8801.6   0.27183
   8816.6   0.27990
   8831.6   0.28590
   8846.6   0.28966
   8861.8   0.29423
   8876.9   0.29794
   8892.2   0.30080
   8907.4   0.30175
   8922.8   0.30490
   8938.2   0.30959
   8953.6   0.31406
   8969.1   0.31939
   8984.6   0.32280
   9000.2   0.32622
   9015.9   0.33064
   9031.6   0.33497
   9047.4   0.33724
   9063.2   0.33789
   9079.0   0.33776
   9095.0   0.33780
   9111.0   0.33811
   9127.0   0.34070
   9143.1   0.34231
   9159.2   0.34437
   9175.5   0.34367
   9191.7   0.33672
   9208.1   0.32178
   9224.4   0.30708
   9240.9   0.29910
   9257.4   0.31072
   9273.9   0.33286
   9290.6   0.34171
   9307.2   0.34025
   9324.0   0.33563
   9340.8   0.32938
   9357.6   0.32358
   9374.6   0.32106
   9391.5   0.32184
   9408.6   0.32992
   9425.7   0.33959
   9442.9   0.34616
   9460.1   0.35033
   9477.4   0.35346
   9494.8   0.35366
   9512.2   0.35253
   9529.7   0.35153
   9547.2   0.34808
   9564.8   0.34361
   9582.5   0.33884
   9600.3   0.33499
   9618.1   0.33330
   9635.9   0.33255
   9653.9   0.33036
   9671.9   0.32356
   9690.0   0.31467
   9708.1   0.30423
   9726.3   0.29317
   9744.6   0.28288
   9763.0   0.27391
   9781.4   0.26876
   9799.9   0.26746
   9818.4   0.26496
   9837.1   0.26041
   9855.8   0.25584
   9874.5   0.25272
   9893.4   0.25270
   9912.3   0.25488
   9931.3   0.25807
   9950.4   0.26197
   9969.5   0.26643
   9988.7   0.26935
  10008.0   0.27041
  10027.3   0.27208
  10046.8   0.27447
  10066.3   0.27839
  10085.9   0.28323
  10105.5   0.28934
  10125.3   0.29811
  10145.1   0.30569
  10165.0   0.31005
  10184.9   0.31132
  10205.0   0.31026
  10225.1   0.30815
  10245.3   0.31024
  10265.6   0.31998
  10286.0   0.33177
  10306.4   0.34209
  10327.0   0.34701
  10347.6   0.34780
  10368.3   0.34942
  10389.0   0.35114
  10409.9   0.34911
  10430.9   0.34460
  10451.9   0.33945
  10473.0   0.33185
  10494.2   0.32300
  10515.5   0.31536
  10536.9   0.30941
  10558.3   0.30559
  10579.9   0.30515
  10601.5   0.30494
  10623.2   0.30726
  10645.0   0.30819
  10666.9   0.30415
  10688.9   0.30205
  10711.0   0.30587
  10733.2   0.31095
  10755.5   0.31658
  10777.8   0.32664
  10800.3   0.33957
  10822.8   0.35194
  10845.5   0.36458
  10868.2   0.37554
  10891.0   0.38453
  10914.0   0.39340
  10937.0   0.39761
  10960.1   0.39745
  10983.3   0.39488
  11006.7   0.38912
  11030.1   0.38451
  11053.6   0.37875
  11077.2   0.37519
  11100.9   0.37344
  11124.8   0.37314
  11148.7   0.37749
  11172.7   0.38794
  11196.8   0.40606
  11221.1   0.43154
  11245.4   0.45753
  11269.9   0.47376
  11294.4   0.46463
  11319.1   0.42968
  11343.8   0.39414
  11368.7   0.37152
  11393.7   0.34503
  11418.8   0.29892
  11444.0   0.24816
  11469.3   0.21716
  11494.8   0.20153
  11520.3   0.19027
  11546.0   0.18416
  11571.7   0.18344
  11597.6   0.18784
  11623.6   0.19530
  11649.7   0.20414
  11676.0   0.21607
  11702.3   0.22865
  11728.8   0.23814
  11755.4   0.23608
  11782.1   0.20487
  11809.0   0.16517
  11835.9   0.18315
  11863.0   0.24292
  11890.2   0.29208
  11917.6   0.32408
  11945.0   0.34729
  11972.6   0.36357
  12000.3   0.37311
  12028.2   0.38153
  12056.1   0.38653
  12084.2   0.39005
  12112.5   0.39259
  12140.8   0.39293
  12169.3   0.39240
  12198.0   0.39383
  12226.7   0.39239
  12255.6   0.38782
  12284.7   0.38302
  12313.9   0.37826
  12343.2   0.37620
  12372.6   0.37546
  12402.2   0.37653
  12432.0   0.37907
  12461.9   0.37748
  12491.9   0.37019
  12522.1   0.36346
  12552.4   0.36034
  12582.9   0.36042
  12613.5   0.35845
  12644.2   0.35348
  12675.1   0.34894
  12706.2   0.34327
  12737.4   0.33628
  12768.8   0.33037
  12800.3   0.32860
  12832.0   0.32992
  12863.9   0.33186
  12895.9   0.33366
  12928.0   0.33474
  12960.3   0.33710
  12992.8   0.34406
  13025.5   0.35380
  13058.3   0.36662
  13091.3   0.38177
  13124.4   0.39613
  13157.7   0.40905
  13191.2   0.42262
  13224.8   0.43721
  13258.7   0.44876
  13292.7   0.45617
  13326.8   0.46335
  13361.2   0.47066
  13395.7   0.47278
  13430.4   0.46922
  13465.3   0.46435
  13500.4   0.45832
  13535.6   0.44684
  13571.0   0.43365
  13606.7   0.41725
  13642.5   0.39819
  13678.5   0.37807
  13714.6   0.35261
  13751.0   0.32442
  13787.6   0.29093
  13824.4   0.25109
  13861.3   0.20973
  13898.5   0.16484
  13935.8   0.11934
  13973.4   0.08276
  14011.2   0.07022
  14049.1   0.08867
  14087.3   0.10815
  14125.7   0.11145
  14164.3   0.11767
  14203.1   0.13744
  14242.1   0.17006
  14281.4   0.20310
  14320.8   0.23037
  14360.5   0.26164
  14400.4   0.28872
  14440.5   0.30532
  14480.8   0.32733
  14521.4   0.35127
  14562.2   0.36852
  14603.2   0.37883
  14644.4   0.38564
  14685.9   0.39121
  14727.7   0.39828
  14769.6   0.40320
  14811.8   0.40180
  14854.3   0.39858
  14896.9   0.39582
  14939.9   0.39404
  14983.0   0.39297
  15026.5   0.38686
  15070.2   0.38127
  15114.1   0.37752
  15158.3   0.37150
  15202.7   0.36621
  15247.5   0.36012
  15292.4   0.35397
  15337.7   0.34762
  15383.2   0.34188
  15429.0   0.33742
  15475.0   0.33189
  15521.4   0.32639
  15568.0   0.32050
  15614.9   0.31423
  15662.0   0.30774
  15709.5   0.30315
  15757.2   0.30017
  15805.3   0.29255
  15853.6   0.28411
  15902.3   0.27933
  15951.2   0.27391
  16000.4   0.27024
  16050.0   0.26627
  16099.8   0.26224
  16150.0   0.25676
  16200.4   0.25039
  16251.2   0.24705
  16302.3   0.24448
  16353.7   0.23830
  16405.5   0.23294
  16457.6   0.22772
  16510.0   0.21971
  16562.7   0.21340
  16615.8   0.20847
  16669.2   0.19749
  16723.0   0.18603
  16777.1   0.18198
  16831.6   0.17934
  16886.4   0.17614
  16941.6   0.17377
  16997.2   0.17117
  17053.1   0.16753
  17109.4   0.16623
  17166.0   0.16456
  17223.0   0.16198
  17280.4   0.16216
  17338.2   0.16332
  17396.4   0.16363
  17455.0   0.16745
  17514.0   0.16980
  17573.3   0.16912
  17633.1   0.17156
  17693.3   0.17223
  17753.9   0.16714
  17814.9   0.16577
  17876.3   0.16754
  17938.2   0.16804
  18000.5   0.16505
  18063.2   0.16408
  18126.3   0.16085
  18189.9   0.15635
  18254.0   0.15000
  18318.5   0.14443
  18383.5   0.14065
  18448.9   0.13866
  18514.8   0.13528
  18581.1   0.13002
  18648.0   0.12264
  18715.3   0.11459
  18783.1   0.11547
  18851.4   0.11479
  18920.2   0.10822
  18989.5   0.10589
  19059.3   0.10361
  19129.6   0.10016
  19200.5   0.10452
  19271.9   0.10725
  19343.8   0.09635
  19416.2   0.08987
  19489.2   0.09207
  19562.8   0.08550
  19636.9   0.08167
  19711.5   0.07905
  19786.8   0.07633
  19862.6   0.07353
  19939.0   0.07410
  20016.0   0.07424
  20093.5   0.07101
  20171.7   0.07060
  20250.5   0.06991
  20329.9   0.06289
  20410.0   0.05887
  20490.7   0.05850
  20572.0   0.05646
  20653.9   0.05647
  20736.5   0.06201
  20819.8   0.06076
  20903.8   0.05557
  20988.4   0.05525
  21073.7   0.05879
  21159.7   0.06095
  21246.5   0.05462
  21333.9   0.04622
  21422.0   0.04766
  21510.9   0.04537
  21600.6   0.04758
  21690.9   0.04789
  21782.1   0.04772
  21874.0   0.04500
  21966.7   0.03953
  22060.1   0.03951
  22154.4   0.03964
  22249.5   0.04093
  22345.4   0.04080
  22442.1   0.04023
  22539.7   0.04936
  22638.1   0.05873
  22737.4   0.05442
  22837.6   0.04747
  22938.7   0.05353
  23040.6   0.05824
  23143.5   0.05500
  23247.2   0.05779
  23352.0   0.06250
  23457.6   0.07837
  23564.3   0.09569
  23671.8   0.08856
  23780.4   0.09060
  23890.0   0.10322
  24000.6   0.10394
  24112.3   0.11564
  24224.9   0.12836
  24338.7   0.12526
  24453.5   0.13399
  24569.4   0.16500
  24686.4   0.21646
  24804.5   0.23342
  24923.7   0.25874
  25044.1   0.29241
  25165.7   0.29782
  25288.5   0.32919
  25412.4   0.33301
  25537.6   0.34753
  25664.0   0.37941
  25791.7   0.39870
  25920.7   0.40667



 1101F550    .ASC                        

 JB-JLB-550                                                              
 Calcite 63-90 um (on-axis)                                              

 Source Ang: 30.00   Detect Ang: 30.00  Volt: 1.222
 Date:  6-OCT-02   Time: 05:58:35
