  2955
    300.0   0.78965
    305.0   0.79460
    310.0   0.80059
    315.0   0.80594
    320.0   0.81117
    325.0   0.81519
    330.0   0.81975
    335.0   0.82340
    340.0   0.82712
    345.0   0.82956
    350.0   0.83187
    355.0   0.83456
    360.0   0.83725
    365.0   0.83856
    370.0   0.84134
    375.0   0.84373
    380.0   0.84752
    385.0   0.84973
    390.0   0.85154
    395.0   0.85320
    400.0   0.85511
    405.0   0.85689
    410.0   0.86017
    415.0   0.86231
    420.0   0.86505
    425.0   0.86810
    430.0   0.87175
    435.0   0.87446
    440.0   0.87758
    445.0   0.88000
    450.0   0.88254
    455.0   0.88465
    460.0   0.88734
    465.0   0.88969
    470.0   0.89173
    475.0   0.89383
    480.0   0.89573
    485.0   0.89844
    490.0   0.90007
    495.0   0.90237
    500.0   0.90434
    505.0   0.90641
    510.0   0.90845
    515.0   0.91039
    520.0   0.91252
    525.0   0.91407
    530.0   0.91534
    535.0   0.91744
    540.0   0.91854
    545.0   0.92009
    550.0   0.92149
    555.0   0.92354
    560.0   0.92475
    565.0   0.92638
    570.0   0.92761
    575.0   0.92899
    580.0   0.93050
    585.0   0.93153
    590.0   0.93231
    595.0   0.93318
    600.0   0.93097
    605.0   0.93227
    610.0   0.93179
    615.0   0.93280
    620.0   0.93257
    625.0   0.93237
    630.0   0.93242
    635.0   0.93221
    640.0   0.93220
    645.0   0.93313
    650.0   0.93261
    655.0   0.93400
    660.0   0.93424
    665.0   0.93492
    670.0   0.93597
    675.0   0.93631
    680.0   0.93592
    685.0   0.93783
    690.0   0.93820
    695.0   0.93801
    700.0   0.93931
    705.0   0.94048
    710.0   0.94050
    715.0   0.94044
    720.0   0.94036
    725.0   0.94092
    730.0   0.94101
    735.0   0.94121
    740.0   0.94144
    745.0   0.94165
    750.0   0.94143
    755.0   0.94124
    760.0   0.94145
    765.0   0.94273
    770.0   0.94176
    775.0   0.94222
    780.0   0.94274
    785.0   0.94367
    790.0   0.94332
    795.0   0.94401
    800.0   0.94357
    805.0   0.94507
    810.0   0.94464
    815.0   0.94490
    820.0   0.94606
    825.0   0.94701
    830.0   0.94627
    835.0   0.94651
    840.0   0.94674
    845.0   0.94655
    850.0   0.94735
    855.0   0.94609
    860.0   0.94569
    865.0   0.94654
    870.0   0.94672
    875.0   0.94666
    880.0   0.94689
    885.0   0.94783
    890.0   0.94702
    895.0   0.94760
    900.0   0.94675
    905.0   0.94717
    910.0   0.94548
    915.0   0.94598
    920.0   0.94508
    925.0   0.94442
    930.0   0.94278
    935.0   0.94396
    940.0   0.94191
    945.0   0.94098
    950.0   0.93855
    955.0   0.93657
    960.0   0.93321
    965.0   0.92967
    970.0   0.92655
    975.0   0.92279
    980.0   0.92063
    985.0   0.91805
    990.0   0.91641
    995.0   0.91442
   1000.0   0.91537
   1005.0   0.91942
   1010.0   0.92280
   1015.0   0.92614
   1020.0   0.92942
   1025.0   0.93263
   1030.0   0.93646
   1035.0   0.93786
   1040.0   0.93965
   1045.0   0.94058
   1050.0   0.94266
   1055.0   0.94305
   1060.0   0.94433
   1065.0   0.94405
   1070.0   0.94386
   1075.0   0.94339
   1080.0   0.94413
   1085.0   0.94299
   1090.0   0.94222
   1095.0   0.94214
   1100.0   0.93985
   1105.0   0.93888
   1110.0   0.93707
   1115.0   0.93583
   1120.0   0.93506
   1125.0   0.93502
   1130.0   0.93288
   1135.0   0.92995
   1140.0   0.92650
   1145.0   0.92107
   1150.0   0.91422
   1155.0   0.90562
   1160.0   0.89106
   1165.0   0.87655
   1170.0   0.86562
   1175.0   0.86145
   1180.0   0.85840
   1185.0   0.85825
   1190.0   0.85932
   1195.0   0.85849
   1200.0   0.85771
   1205.0   0.85537
   1210.0   0.85451
   1215.0   0.86430
   1220.0   0.87089
   1225.0   0.87154
   1230.0   0.87161
   1235.0   0.87172
   1240.0   0.87671
   1245.0   0.88258
   1250.0   0.88768
   1255.0   0.89068
   1260.0   0.89167
   1265.0   0.89259
   1270.0   0.89395
   1275.0   0.89511
   1280.0   0.89568
   1285.0   0.89582
   1290.0   0.89519
   1295.0   0.89457
   1300.0   0.89373
   1301.2   0.89362
   1301.9   0.89262
   1302.5   0.89195
   1303.2   0.89257
   1303.9   0.89273
   1304.5   0.89263
   1305.2   0.89281
   1305.8   0.89226
   1306.5   0.89152
   1307.1   0.89233
   1307.8   0.89265
   1308.5   0.89168
   1309.1   0.89035
   1309.8   0.89031
   1310.4   0.89042
   1311.1   0.89015
   1311.8   0.88962
   1312.4   0.88949
   1313.1   0.88985
   1313.8   0.88991
   1314.4   0.88883
   1315.1   0.88845
   1315.8   0.88832
   1316.4   0.88788
   1317.1   0.88724
   1317.8   0.88722
   1318.4   0.88676
   1319.1   0.88741
   1319.8   0.88757
   1320.5   0.88602
   1321.1   0.88465
   1321.8   0.88422
   1322.5   0.88416
   1323.2   0.88462
   1323.8   0.88458
   1324.5   0.88408
   1325.2   0.88340
   1325.9   0.88257
   1326.5   0.88233
   1327.2   0.88270
   1327.9   0.88199
   1328.6   0.88069
   1329.3   0.88054
   1329.9   0.88044
   1330.6   0.87970
   1331.3   0.87881
   1332.0   0.87860
   1332.7   0.87911
   1333.4   0.87832
   1334.1   0.87824
   1334.7   0.87790
   1335.4   0.87729
   1336.1   0.87645
   1336.8   0.87559
   1337.5   0.87499
   1338.2   0.87488
   1338.9   0.87449
   1339.6   0.87373
   1340.3   0.87324
   1341.0   0.87290
   1341.6   0.87275
   1342.3   0.87157
   1343.0   0.87038
   1343.7   0.87030
   1344.4   0.86964
   1345.1   0.86955
   1345.8   0.86867
   1346.5   0.86703
   1347.2   0.86683
   1347.9   0.86641
   1348.6   0.86553
   1349.3   0.86501
   1350.0   0.86438
   1350.7   0.86335
   1351.4   0.86264
   1352.1   0.86257
   1352.9   0.86200
   1353.6   0.86051
   1354.3   0.85936
   1355.0   0.85869
   1355.7   0.85744
   1356.4   0.85662
   1357.1   0.85612
   1357.8   0.85581
   1358.5   0.85526
   1359.2   0.85568
   1360.0   0.85513
   1360.7   0.85453
   1361.4   0.85367
   1362.1   0.85312
   1362.8   0.85227
   1363.5   0.85123
   1364.2   0.85035
   1365.0   0.85014
   1365.7   0.84937
   1366.4   0.84879
   1367.1   0.84867
   1367.8   0.84804
   1368.6   0.84735
   1369.3   0.84695
   1370.0   0.84658
   1370.7   0.84632
   1371.5   0.84578
   1372.2   0.84476
   1372.9   0.84406
   1373.6   0.84306
   1374.4   0.84233
   1375.1   0.84222
   1375.8   0.84124
   1376.6   0.84020
   1377.3   0.83901
   1378.0   0.83954
   1378.8   0.83925
   1379.5   0.83856
   1380.2   0.83824
   1381.0   0.83830
   1381.7   0.83843
   1382.4   0.83796
   1383.2   0.83669
   1383.9   0.83619
   1384.7   0.83621
   1385.4   0.83637
   1386.1   0.83603
   1386.9   0.83594
   1387.6   0.83490
   1388.4   0.83418
   1389.1   0.83427
   1389.8   0.83359
   1390.6   0.83263
   1391.3   0.83287
   1392.1   0.83307
   1392.8   0.83254
   1393.6   0.83110
   1394.3   0.82998
   1395.1   0.82942
   1395.8   0.82897
   1396.6   0.82747
   1397.3   0.82695
   1398.1   0.82570
   1398.8   0.82379
   1399.6   0.82261
   1400.4   0.82217
   1401.1   0.82034
   1401.9   0.81847
   1402.6   0.81721
   1403.4   0.81568
   1404.2   0.81404
   1404.9   0.81209
   1405.7   0.81045
   1406.4   0.80882
   1407.2   0.80673
   1408.0   0.80458
   1408.7   0.80177
   1409.5   0.79869
   1410.3   0.79640
   1411.0   0.79404
   1411.8   0.79079
   1412.6   0.78841
   1413.3   0.78594
   1414.1   0.78369
   1414.9   0.78076
   1415.7   0.77814
   1416.4   0.77477
   1417.2   0.77087
   1418.0   0.76685
   1418.8   0.76434
   1419.5   0.76106
   1420.3   0.75750
   1421.1   0.75370
   1421.9   0.74974
   1422.6   0.74637
   1423.4   0.74334
   1424.2   0.74003
   1425.0   0.73693
   1425.8   0.73460
   1426.6   0.73217
   1427.3   0.72876
   1428.1   0.72641
   1428.9   0.72514
   1429.7   0.72333
   1430.5   0.72080
   1431.3   0.71838
   1432.1   0.71517
   1432.9   0.71118
   1433.7   0.70732
   1434.5   0.70323
   1435.3   0.69875
   1436.0   0.69349
   1436.8   0.68702
   1437.6   0.68055
   1438.4   0.67421
   1439.2   0.66758
   1440.0   0.66100
   1440.8   0.65378
   1441.6   0.64609
   1442.4   0.63904
   1443.2   0.63240
   1444.0   0.62669
   1444.9   0.62228
   1445.7   0.61872
   1446.5   0.61607
   1447.3   0.61583
   1448.1   0.61814
   1448.9   0.62136
   1449.7   0.62502
   1450.5   0.62968
   1451.3   0.63540
   1452.1   0.64142
   1453.0   0.64669
   1453.8   0.65184
   1454.6   0.65674
   1455.4   0.66103
   1456.2   0.66468
   1457.0   0.66817
   1457.9   0.67106
   1458.7   0.67370
   1459.5   0.67621
   1460.3   0.67847
   1461.1   0.68053
   1462.0   0.68269
   1462.8   0.68417
   1463.6   0.68476
   1464.4   0.68632
   1465.3   0.68830
   1466.1   0.68947
   1466.9   0.69007
   1467.8   0.69063
   1468.6   0.69182
   1469.4   0.69315
   1470.3   0.69370
   1471.1   0.69386
   1471.9   0.69461
   1472.8   0.69569
   1473.6   0.69625
   1474.4   0.69705
   1475.3   0.69826
   1476.1   0.69856
   1477.0   0.69945
   1477.8   0.70060
   1478.6   0.70024
   1479.5   0.69937
   1480.3   0.69980
   1481.2   0.69972
   1482.0   0.69855
   1482.9   0.69700
   1483.7   0.69499
   1484.6   0.69308
   1485.4   0.69129
   1486.3   0.68896
   1487.1   0.68758
   1488.0   0.68636
   1488.8   0.68466
   1489.7   0.68335
   1490.6   0.68329
   1491.4   0.68347
   1492.3   0.68360
   1493.1   0.68411
   1494.0   0.68566
   1494.8   0.68762
   1495.7   0.68978
   1496.6   0.69224
   1497.4   0.69502
   1498.3   0.69834
   1499.2   0.70184
   1500.0   0.70441
   1500.9   0.70755
   1501.8   0.71110
   1502.6   0.71455
   1503.5   0.71745
   1504.4   0.72008
   1505.3   0.72259
   1506.1   0.72518
   1507.0   0.72725
   1507.9   0.72791
   1508.8   0.72926
   1509.6   0.73134
   1510.5   0.73272
   1511.4   0.73357
   1512.3   0.73442
   1513.2   0.73562
   1514.1   0.73576
   1514.9   0.73612
   1515.8   0.73633
   1516.7   0.73699
   1517.6   0.73790
   1518.5   0.73816
   1519.4   0.73824
   1520.3   0.73816
   1521.2   0.73770
   1522.1   0.73725
   1523.0   0.73661
   1523.8   0.73613
   1524.7   0.73569
   1525.6   0.73537
   1526.5   0.73474
   1527.4   0.73416
   1528.3   0.73314
   1529.2   0.73195
   1530.1   0.73102
   1531.0   0.73023
   1532.0   0.72919
   1532.9   0.72827
   1533.8   0.72743
   1534.7   0.72664
   1535.6   0.72543
   1536.5   0.72506
   1537.4   0.72495
   1538.3   0.72522
   1539.2   0.72543
   1540.1   0.72624
   1541.1   0.72680
   1542.0   0.72741
   1542.9   0.72814
   1543.8   0.73013
   1544.7   0.73252
   1545.7   0.73495
   1546.6   0.73669
   1547.5   0.73890
   1548.4   0.74195
   1549.4   0.74476
   1550.3   0.74739
   1551.2   0.74979
   1552.1   0.75223
   1553.1   0.75478
   1554.0   0.75707
   1554.9   0.76009
   1555.9   0.76260
   1556.8   0.76445
   1557.7   0.76649
   1558.7   0.76902
   1559.6   0.77061
   1560.5   0.77236
   1561.5   0.77389
   1562.4   0.77580
   1563.4   0.77759
   1564.3   0.77891
   1565.3   0.78003
   1566.2   0.78200
   1567.2   0.78376
   1568.1   0.78526
   1569.0   0.78629
   1570.0   0.78725
   1570.9   0.78866
   1571.9   0.79029
   1572.9   0.79157
   1573.8   0.79287
   1574.8   0.79361
   1575.7   0.79410
   1576.7   0.79513
   1577.6   0.79656
   1578.6   0.79769
   1579.6   0.79889
   1580.5   0.79983
   1581.5   0.80046
   1582.5   0.80125
   1583.4   0.80246
   1584.4   0.80377
   1585.4   0.80447
   1586.3   0.80448
   1587.3   0.80544
   1588.3   0.80631
   1589.3   0.80706
   1590.2   0.80793
   1591.2   0.80881
   1592.2   0.80998
   1593.2   0.81122
   1594.1   0.81211
   1595.1   0.81331
   1596.1   0.81440
   1597.1   0.81502
   1598.1   0.81610
   1599.1   0.81760
   1600.0   0.81832
   1601.0   0.81866
   1602.0   0.81992
   1603.0   0.82130
   1604.0   0.82239
   1605.0   0.82346
   1606.0   0.82456
   1607.0   0.82582
   1608.0   0.82619
   1609.0   0.82677
   1610.0   0.82823
   1611.0   0.82947
   1612.0   0.83004
   1613.0   0.83049
   1614.0   0.83085
   1615.0   0.83142
   1616.0   0.83200
   1617.0   0.83336
   1618.0   0.83448
   1619.0   0.83464
   1620.0   0.83528
   1621.1   0.83609
   1622.1   0.83626
   1623.1   0.83639
   1624.1   0.83728
   1625.1   0.83865
   1626.1   0.83943
   1627.2   0.84020
   1628.2   0.84063
   1629.2   0.84095
   1630.2   0.84148
   1631.3   0.84251
   1632.3   0.84309
   1633.3   0.84370
   1634.3   0.84412
   1635.4   0.84482
   1636.4   0.84488
   1637.4   0.84497
   1638.5   0.84636
   1639.5   0.84749
   1640.5   0.84804
   1641.6   0.84831
   1642.6   0.84849
   1643.7   0.84923
   1644.7   0.84959
   1645.8   0.84994
   1646.8   0.85060
   1647.8   0.85080
   1648.9   0.85139
   1649.9   0.85201
   1651.0   0.85191
   1652.1   0.85207
   1653.1   0.85266
   1654.2   0.85341
   1655.2   0.85340
   1656.3   0.85367
   1657.3   0.85400
   1658.4   0.85413
   1659.5   0.85435
   1660.5   0.85490
   1661.6   0.85539
   1662.6   0.85531
   1663.7   0.85514
   1664.8   0.85538
   1665.9   0.85565
   1666.9   0.85578
   1668.0   0.85585
   1669.1   0.85584
   1670.1   0.85588
   1671.2   0.85643
   1672.3   0.85651
   1673.4   0.85612
   1674.5   0.85571
   1675.5   0.85596
   1676.6   0.85555
   1677.7   0.85486
   1678.8   0.85475
   1679.9   0.85522
   1681.0   0.85507
   1682.1   0.85425
   1683.2   0.85331
   1684.3   0.85311
   1685.3   0.85326
   1686.4   0.85285
   1687.5   0.85185
   1688.6   0.85121
   1689.7   0.85045
   1690.8   0.84975
   1692.0   0.84930
   1693.1   0.84859
   1694.2   0.84756
   1695.3   0.84672
   1696.4   0.84516
   1697.5   0.84392
   1698.6   0.84274
   1699.7   0.84166
   1700.8   0.84041
   1701.9   0.83926
   1703.1   0.83740
   1704.2   0.83520
   1705.3   0.83320
   1706.4   0.83109
   1707.6   0.82909
   1708.7   0.82656
   1709.8   0.82351
   1710.9   0.82157
   1712.1   0.81877
   1713.2   0.81522
   1714.3   0.81226
   1715.5   0.80958
   1716.6   0.80634
   1717.7   0.80341
   1718.9   0.80010
   1720.0   0.79673
   1721.2   0.79349
   1722.3   0.79053
   1723.4   0.78715
   1724.6   0.78338
   1725.7   0.77984
   1726.9   0.77621
   1728.0   0.77247
   1729.2   0.76895
   1730.4   0.76534
   1731.5   0.76194
   1732.7   0.75833
   1733.8   0.75445
   1735.0   0.75065
   1736.1   0.74711
   1737.3   0.74352
   1738.5   0.74016
   1739.6   0.73749
   1740.8   0.73479
   1742.0   0.73187
   1743.2   0.72921
   1744.3   0.72681
   1745.5   0.72478
   1746.7   0.72292
   1747.9   0.72149
   1749.0   0.72133
   1750.2   0.72142
   1751.4   0.72129
   1752.6   0.72139
   1753.8   0.72235
   1755.0   0.72422
   1756.1   0.72666
   1757.3   0.72890
   1758.5   0.72999
   1759.7   0.73132
   1760.9   0.73310
   1762.1   0.73478
   1763.3   0.73598
   1764.5   0.73700
   1765.7   0.73828
   1766.9   0.73938
   1768.1   0.73980
   1769.3   0.74033
   1770.5   0.74064
   1771.7   0.74091
   1773.0   0.74126
   1774.2   0.74166
   1775.4   0.74212
   1776.6   0.74256
   1777.8   0.74270
   1779.0   0.74345
   1780.3   0.74532
   1781.5   0.74670
   1782.7   0.74802
   1783.9   0.74993
   1785.2   0.75198
   1786.4   0.75381
   1787.6   0.75568
   1788.9   0.75842
   1790.1   0.76107
   1791.3   0.76366
   1792.6   0.76595
   1793.8   0.76835
   1795.1   0.77059
   1796.3   0.77220
   1797.6   0.77403
   1798.8   0.77616
   1800.0   0.77759
   1801.3   0.77909
   1802.6   0.78065
   1803.8   0.78200
   1805.1   0.78278
   1806.3   0.78419
   1807.6   0.78526
   1808.8   0.78608
   1810.1   0.78699
   1811.4   0.78739
   1812.6   0.78792
   1813.9   0.78897
   1815.2   0.78989
   1816.4   0.79078
   1817.7   0.79096
   1819.0   0.79119
   1820.3   0.79173
   1821.6   0.79221
   1822.8   0.79281
   1824.1   0.79336
   1825.4   0.79377
   1826.7   0.79379
   1828.0   0.79414
   1829.3   0.79514
   1830.6   0.79510
   1831.8   0.79457
   1833.1   0.79434
   1834.4   0.79408
   1835.7   0.79362
   1837.0   0.79301
   1838.3   0.79309
   1839.7   0.79269
   1841.0   0.79160
   1842.3   0.79085
   1843.6   0.78986
   1844.9   0.78926
   1846.2   0.78859
   1847.5   0.78765
   1848.8   0.78603
   1850.2   0.78441
   1851.5   0.78279
   1852.8   0.78114
   1854.1   0.77927
   1855.5   0.77671
   1856.8   0.77398
   1858.1   0.77156
   1859.4   0.76832
   1860.8   0.76459
   1862.1   0.76057
   1863.5   0.75676
   1864.8   0.75211
   1866.1   0.74661
   1867.5   0.74111
   1868.8   0.73614
   1870.2   0.73067
   1871.5   0.72456
   1872.9   0.71814
   1874.2   0.71125
   1875.6   0.70438
   1876.9   0.69700
   1878.3   0.68921
   1879.7   0.68163
   1881.0   0.67304
   1882.4   0.66444
   1883.8   0.65637
   1885.1   0.64780
   1886.5   0.63895
   1887.9   0.63035
   1889.3   0.62107
   1890.6   0.61238
   1892.0   0.60362
   1893.4   0.59539
   1894.8   0.58678
   1896.2   0.57787
   1897.6   0.56901
   1899.0   0.55939
   1900.3   0.55000
   1901.7   0.54080
   1903.1   0.53133
   1904.5   0.52179
   1905.9   0.51214
   1907.3   0.50263
   1908.7   0.49307
   1910.1   0.48340
   1911.6   0.47407
   1913.0   0.46477
   1914.4   0.45529
   1915.8   0.44550
   1917.2   0.43534
   1918.6   0.42531
   1920.0   0.41529
   1921.5   0.40522
   1922.9   0.39481
   1924.3   0.38401
   1925.8   0.37284
   1927.2   0.36085
   1928.6   0.34900
   1930.1   0.33743
   1931.5   0.32604
   1932.9   0.31514
   1934.4   0.30522
   1935.8   0.29701
   1937.3   0.29008
   1938.7   0.28472
   1940.2   0.28101
   1941.6   0.27875
   1943.1   0.27714
   1944.5   0.27624
   1946.0   0.27656
   1947.5   0.27777
   1948.9   0.27926
   1950.4   0.28140
   1951.9   0.28505
   1953.3   0.29079
   1954.8   0.29860
   1956.3   0.30801
   1957.8   0.31944
   1959.2   0.33178
   1960.7   0.34297
   1962.2   0.35140
   1963.7   0.35744
   1965.2   0.36158
   1966.7   0.36317
   1968.2   0.36313
   1969.7   0.36299
   1971.2   0.36383
   1972.7   0.36521
   1974.2   0.36724
   1975.7   0.37026
   1977.2   0.37358
   1978.7   0.37751
   1980.2   0.38183
   1981.7   0.38551
   1983.2   0.38958
   1984.7   0.39393
   1986.3   0.39810
   1987.8   0.40215
   1989.3   0.40733
   1990.8   0.41476
   1992.4   0.42404
   1993.9   0.43550
   1995.4   0.44947
   1997.0   0.46460
   1998.5   0.48050
   2000.1   0.49661
   2001.6   0.51209
   2003.1   0.52626
   2004.7   0.53878
   2006.2   0.55048
   2007.8   0.56151
   2009.4   0.57119
   2010.9   0.57985
   2012.5   0.58767
   2014.0   0.59511
   2015.6   0.60174
   2017.2   0.60768
   2018.7   0.61349
   2020.3   0.61885
   2021.9   0.62350
   2023.5   0.62746
   2025.1   0.63113
   2026.6   0.63478
   2028.2   0.63843
   2029.8   0.64167
   2031.4   0.64461
   2033.0   0.64753
   2034.6   0.65040
   2036.2   0.65288
   2037.8   0.65517
   2039.4   0.65746
   2041.0   0.65930
   2042.6   0.66180
   2044.2   0.66342
   2045.8   0.66444
   2047.4   0.66597
   2049.1   0.66741
   2050.7   0.66873
   2052.3   0.66967
   2053.9   0.67007
   2055.6   0.67027
   2057.2   0.67036
   2058.8   0.67047
   2060.5   0.66964
   2062.1   0.66888
   2063.7   0.66885
   2065.4   0.66818
   2067.0   0.66752
   2068.7   0.66753
   2070.3   0.66802
   2072.0   0.66889
   2073.7   0.66914
   2075.3   0.66906
   2077.0   0.66943
   2078.6   0.66916
   2080.3   0.66850
   2082.0   0.66852
   2083.7   0.66820
   2085.3   0.66707
   2087.0   0.66591
   2088.7   0.66483
   2090.4   0.66340
   2092.1   0.66226
   2093.8   0.66049
   2095.4   0.65904
   2097.1   0.65756
   2098.8   0.65589
   2100.5   0.65371
   2102.2   0.65132
   2104.0   0.64942
   2105.7   0.64748
   2107.4   0.64510
   2109.1   0.64277
   2110.8   0.64018
   2112.5   0.63823
   2114.2   0.63636
   2116.0   0.63397
   2117.7   0.63178
   2119.4   0.62936
   2121.2   0.62696
   2122.9   0.62531
   2124.6   0.62300
   2126.4   0.62068
   2128.1   0.61856
   2129.9   0.61684
   2131.6   0.61559
   2133.4   0.61395
   2135.1   0.61203
   2136.9   0.61097
   2138.7   0.60965
   2140.4   0.60795
   2142.2   0.60609
   2144.0   0.60443
   2145.8   0.60272
   2147.5   0.60058
   2149.3   0.59841
   2151.1   0.59656
   2152.9   0.59446
   2154.7   0.59207
   2156.5   0.58955
   2158.3   0.58733
   2160.1   0.58502
   2161.9   0.58242
   2163.7   0.57998
   2165.5   0.57796
   2167.3   0.57581
   2169.1   0.57388
   2170.9   0.57163
   2172.7   0.56920
   2174.6   0.56707
   2176.4   0.56541
   2178.2   0.56434
   2180.0   0.56347
   2181.9   0.56272
   2183.7   0.56282
   2185.6   0.56248
   2187.4   0.56182
   2189.2   0.56127
   2191.1   0.56106
   2193.0   0.55983
   2194.8   0.55785
   2196.7   0.55590
   2198.5   0.55398
   2200.4   0.55223
   2202.3   0.55016
   2204.1   0.54742
   2206.0   0.54429
   2207.9   0.54097
   2209.8   0.53758
   2211.7   0.53412
   2213.6   0.53109
   2215.4   0.52819
   2217.3   0.52604
   2219.2   0.52498
   2221.1   0.52575
   2223.0   0.52877
   2225.0   0.53342
   2226.9   0.53899
   2228.8   0.54479
   2230.7   0.54991
   2232.6   0.55433
   2234.5   0.55797
   2236.5   0.56082
   2238.4   0.56287
   2240.3   0.56443
   2242.3   0.56601
   2244.2   0.56698
   2246.2   0.56741
   2248.1   0.56810
   2250.1   0.56823
   2252.0   0.56798
   2254.0   0.56714
   2255.9   0.56619
   2257.9   0.56517
   2259.9   0.56366
   2261.8   0.56150
   2263.8   0.55898
   2265.8   0.55653
   2267.8   0.55446
   2269.8   0.55386
   2271.8   0.55526
   2273.7   0.55810
   2275.7   0.56189
   2277.7   0.56584
   2279.7   0.57034
   2281.7   0.57442
   2283.8   0.57747
   2285.8   0.58005
   2287.8   0.58293
   2289.8   0.58543
   2291.8   0.58744
   2293.9   0.58879
   2295.9   0.58978
   2297.9   0.59035
   2300.0   0.59149
   2302.0   0.59218
   2304.1   0.59256
   2306.1   0.59309
   2308.2   0.59320
   2310.2   0.59287
   2312.3   0.59289
   2314.3   0.59319
   2316.4   0.59329
   2318.5   0.59248
   2320.6   0.59175
   2322.6   0.59131
   2324.7   0.59075
   2326.8   0.58943
   2328.9   0.58798
   2331.0   0.58648
   2333.1   0.58482
   2335.2   0.58268
   2337.3   0.58048
   2339.4   0.57765
   2341.5   0.57571
   2343.6   0.57312
   2345.8   0.56974
   2347.9   0.56698
   2350.0   0.56454
   2352.1   0.56078
   2354.3   0.55674
   2356.4   0.55331
   2358.6   0.54954
   2360.7   0.54524
   2362.9   0.54052
   2365.0   0.53517
   2367.2   0.52946
   2369.3   0.52391
   2371.5   0.51858
   2373.7   0.51239
   2375.9   0.50594
   2378.0   0.49901
   2380.2   0.49180
   2382.4   0.48433
   2384.6   0.47614
   2386.8   0.46732
   2389.0   0.45802
   2391.2   0.44841
   2393.4   0.43912
   2395.6   0.42958
   2397.8   0.41978
   2400.1   0.41016
   2402.3   0.40062
   2404.5   0.39152
   2406.7   0.38284
   2409.0   0.37470
   2411.2   0.36702
   2413.5   0.36062
   2415.7   0.35535
   2418.0   0.35078
   2420.2   0.34685
   2422.5   0.34325
   2424.8   0.34002
   2427.0   0.33720
   2429.3   0.33485
   2431.6   0.33284
   2433.9   0.33076
   2436.2   0.32832
   2438.4   0.32665
   2440.7   0.32546
   2443.0   0.32420
   2445.3   0.32321
   2447.7   0.32272
   2450.0   0.32184
   2452.3   0.32046
   2454.6   0.31924
   2456.9   0.31777
   2459.3   0.31589
   2461.6   0.31315
   2463.9   0.30992
   2466.3   0.30713
   2468.6   0.30405
   2471.0   0.30013
   2473.3   0.29665
   2475.7   0.29463
   2478.1   0.29286
   2480.4   0.29116
   2482.8   0.29023
   2485.2   0.28968
   2487.6   0.28965
   2490.0   0.29006
   2492.4   0.29061
   2494.8   0.29139
   2497.2   0.29216
   2499.6   0.29291
   2502.0   0.29377
   2504.4   0.29521
   2506.8   0.29642
   2509.3   0.29764
   2511.7   0.29878
   2514.1   0.29997
   2516.6   0.30131
   2519.0   0.30247
   2521.5   0.30338
   2523.9   0.30450
   2526.4   0.30509
   2528.8   0.30543
   2531.3   0.30537
   2533.8   0.30516
   2536.3   0.30479
   2538.8   0.30454
   2541.2   0.30379
   2543.7   0.30236
   2546.2   0.30075
   2548.7   0.29978
   2551.2   0.29876
   2553.8   0.29708
   2556.3   0.29541
   2558.8   0.29380
   2561.3   0.29235
   2563.9   0.29125
   2566.4   0.28983
   2568.9   0.28834
   2571.5   0.28715
   2574.0   0.28614
   2576.6   0.28563
   2579.2   0.28566
   2581.7   0.28605
   2584.3   0.28582
   2586.9   0.28533
   2589.5   0.28551
   2592.1   0.28490
   2594.7   0.28457
   2597.3   0.28428
   2599.9   0.28305
   2602.5   0.28203
   2605.1   0.28149
   2607.7   0.28070
   2610.3   0.27943
   2613.0   0.27847
   2615.6   0.27722
   2618.3   0.27592
   2620.9   0.27432
   2623.6   0.27297
   2626.2   0.27191
   2628.9   0.27059
   2631.5   0.26940
   2634.2   0.26846
   2636.9   0.26675
   2639.6   0.26440
   2642.3   0.26165
   2645.0   0.25896
   2647.7   0.25609
   2650.4   0.25276
   2653.1   0.24897
   2655.8   0.24435
   2658.5   0.23925
   2661.3   0.23397
   2664.0   0.22840
   2666.7   0.22342
   2669.5   0.21803
   2672.2   0.21237
   2675.0   0.20710
   2677.8   0.20230
   2680.5   0.19702
   2683.3   0.19225
   2686.1   0.18839
   2688.9   0.18409
   2691.7   0.17951
   2694.5   0.17477
   2697.3   0.16904
   2700.1   0.16341
   2700.1   0.15865
   2701.5   0.15424
   2702.9   0.15122
   2704.3   0.15002
   2705.7   0.14912
   2707.1   0.14571
   2708.5   0.14209
   2710.0   0.14058
   2711.4   0.13742
   2712.8   0.13305
   2714.2   0.13019
   2715.6   0.12709
   2717.1   0.12491
   2718.5   0.12458
   2719.9   0.12256
   2721.3   0.12033
   2722.8   0.11731
   2724.2   0.11404
   2725.6   0.11134
   2727.1   0.11090
   2728.5   0.10978
   2729.9   0.10593
   2731.4   0.10356
   2732.8   0.10194
   2734.2   0.09858
   2735.7   0.09530
   2737.1   0.09282
   2738.6   0.09272
   2740.0   0.09202
   2741.5   0.08703
   2742.9   0.08249
   2744.4   0.08186
   2745.8   0.07941
   2747.3   0.07584
   2748.7   0.07363
   2750.2   0.07176
   2751.7   0.06930
   2753.1   0.06841
   2754.6   0.06619
   2756.1   0.06471
   2757.5   0.06549
   2759.0   0.06415
   2760.5   0.06181
   2761.9   0.05944
   2763.4   0.05732
   2764.9   0.05592
   2766.3   0.05291
   2767.8   0.05080
   2769.3   0.05077
   2770.8   0.04989
   2772.3   0.05072
   2773.7   0.04994
   2775.2   0.04875
   2776.7   0.04824
   2778.2   0.04721
   2779.7   0.04592
   2781.2   0.04596
   2782.7   0.04526
   2784.2   0.04331
   2785.7   0.04062
   2787.2   0.04154
   2788.7   0.04286
   2790.2   0.04366
   2791.7   0.04220
   2793.2   0.04085
   2794.7   0.03983
   2796.2   0.03945
   2797.7   0.04096
   2799.2   0.03906
   2800.7   0.03761
   2802.2   0.03845
   2803.8   0.03937
   2805.3   0.03829
   2806.8   0.03747
   2808.3   0.03807
   2809.8   0.03840
   2811.4   0.03743
   2812.9   0.03845
   2814.4   0.03962
   2815.9   0.03920
   2817.5   0.03780
   2819.0   0.03620
   2820.5   0.03678
   2822.1   0.03701
   2823.6   0.03434
   2825.1   0.03487
   2826.7   0.03636
   2828.2   0.03674
   2829.8   0.03673
   2831.3   0.03614
   2832.9   0.03643
   2834.4   0.03675
   2836.0   0.03759
   2837.5   0.03906
   2839.1   0.03868
   2840.6   0.03662
   2842.2   0.03595
   2843.7   0.03569
   2845.3   0.03703
   2846.9   0.03675
   2848.4   0.03587
   2850.0   0.03697
   2851.6   0.03853
   2853.1   0.03857
   2854.7   0.03758
   2856.3   0.03665
   2857.8   0.03586
   2859.4   0.03588
   2861.0   0.03497
   2862.6   0.03376
   2864.2   0.03453
   2865.7   0.03576
   2867.3   0.03720
   2868.9   0.03911
   2870.5   0.03905
   2872.1   0.03850
   2873.7   0.03915
   2875.3   0.03954
   2876.9   0.03882
   2878.5   0.03804
   2880.1   0.03713
   2881.7   0.03721
   2883.3   0.03840
   2884.9   0.03856
   2886.5   0.03898
   2888.1   0.03927
   2889.7   0.03980
   2891.3   0.03804
   2892.9   0.03747
   2894.5   0.03673
   2896.2   0.03606
   2897.8   0.03700
   2899.4   0.03821
   2901.0   0.03906
   2902.7   0.03713
   2904.3   0.03536
   2905.9   0.03644
   2907.5   0.03742
   2909.2   0.03852
   2910.8   0.03789
   2912.4   0.03762
   2914.1   0.03703
   2915.7   0.03712
   2917.4   0.03768
   2919.0   0.03735
   2920.6   0.03745
   2922.3   0.03879
   2923.9   0.03995
   2925.6   0.04039
   2927.2   0.04004
   2928.9   0.03927
   2930.5   0.03936
   2932.2   0.03823
   2933.9   0.03762
   2935.5   0.03818
   2937.2   0.03892
   2938.9   0.03937
   2940.5   0.04001
   2942.2   0.03916
   2943.9   0.03972
   2945.5   0.04140
   2947.2   0.04110
   2948.9   0.04127
   2950.6   0.04102
   2952.2   0.04190
   2953.9   0.04113
   2955.6   0.04184
   2957.3   0.04408
   2959.0   0.04333
   2960.7   0.04219
   2962.4   0.04223
   2964.1   0.04286
   2965.8   0.04562
   2967.4   0.04603
   2969.1   0.04630
   2970.9   0.04740
   2972.6   0.04907
   2974.3   0.04897
   2976.0   0.04836
   2977.7   0.04937
   2979.4   0.04891
   2981.1   0.04801
   2982.8   0.04918
   2984.5   0.05029
   2986.3   0.04956
   2988.0   0.05064
   2989.7   0.04995
   2991.4   0.05018
   2993.1   0.05243
   2994.9   0.05403
   2996.6   0.05280
   2998.3   0.05156
   3000.1   0.05132
   3001.8   0.05181
   3003.6   0.05310
   3005.3   0.05359
   3007.0   0.05359
   3008.8   0.05369
   3010.5   0.05374
   3012.3   0.05339
   3014.0   0.05340
   3015.8   0.05372
   3017.5   0.05511
   3019.3   0.05558
   3021.1   0.05535
   3022.8   0.05661
   3024.6   0.05751
   3026.3   0.05793
   3028.1   0.05877
   3029.9   0.05869
   3031.7   0.05838
   3033.4   0.05899
   3035.2   0.06037
   3037.0   0.06216
   3038.8   0.06267
   3040.5   0.06178
   3042.3   0.06093
   3044.1   0.05993
   3045.9   0.06149
   3047.7   0.06371
   3049.5   0.06410
   3051.3   0.06332
   3053.1   0.06339
   3054.9   0.06408
   3056.7   0.06438
   3058.5   0.06457
   3060.3   0.06512
   3062.1   0.06489
   3063.9   0.06405
   3065.7   0.06465
   3067.5   0.06643
   3069.4   0.06654
   3071.2   0.06520
   3073.0   0.06426
   3074.8   0.06381
   3076.6   0.06332
   3078.5   0.06383
   3080.3   0.06318
   3082.1   0.06289
   3084.0   0.06487
   3085.8   0.06653
   3087.6   0.06667
   3089.5   0.06725
   3091.3   0.06743
   3093.2   0.06753
   3095.0   0.06798
   3096.9   0.06956
   3098.7   0.07131
   3100.6   0.07287
   3102.4   0.07349
   3104.3   0.07502
   3106.1   0.07729
   3108.0   0.07836
   3109.9   0.07920
   3111.7   0.07979
   3113.6   0.08065
   3115.5   0.08018
   3117.3   0.08033
   3119.2   0.08157
   3121.1   0.08251
   3123.0   0.08291
   3124.9   0.08259
   3126.7   0.08461
   3128.6   0.08742
   3130.5   0.08830
   3132.4   0.08975
   3134.3   0.09032
   3136.2   0.08919
   3138.1   0.08968
   3140.0   0.09015
   3141.9   0.09112
   3143.8   0.09259
   3145.7   0.09424
   3147.6   0.09588
   3149.5   0.09691
   3151.4   0.09773
   3153.4   0.09821
   3155.3   0.09883
   3157.2   0.10010
   3159.1   0.10233
   3161.1   0.10646
   3163.0   0.10862
   3164.9   0.10796
   3166.9   0.10795
   3168.8   0.10866
   3170.7   0.11051
   3172.7   0.11231
   3174.6   0.11292
   3176.6   0.11453
   3178.5   0.11583
   3180.5   0.11647
   3182.4   0.11803
   3184.4   0.12090
   3186.3   0.12304
   3188.3   0.12299
   3190.2   0.12318
   3192.2   0.12495
   3194.2   0.12651
   3196.1   0.12802
   3198.1   0.12844
   3200.1   0.12882
   3202.1   0.12985
   3204.0   0.13156
   3206.0   0.13302
   3208.0   0.13417
   3210.0   0.13540
   3212.0   0.13611
   3214.0   0.13759
   3216.0   0.13922
   3218.0   0.13993
   3220.0   0.13977
   3222.0   0.14032
   3224.0   0.14193
   3226.0   0.14338
   3228.0   0.14465
   3230.0   0.14705
   3232.0   0.14927
   3234.0   0.14981
   3236.0   0.14986
   3238.1   0.15118
   3240.1   0.15306
   3242.1   0.15372
   3244.1   0.15413
   3246.2   0.15545
   3248.2   0.15741
   3250.2   0.15780
   3252.3   0.15907
   3254.3   0.16110
   3256.4   0.16294
   3258.4   0.16466
   3260.5   0.16548
   3262.5   0.16711
   3264.6   0.16804
   3266.6   0.16809
   3268.7   0.16898
   3270.7   0.16997
   3272.8   0.17137
   3274.9   0.17339
   3276.9   0.17461
   3279.0   0.17655
   3281.1   0.17849
   3283.2   0.18025
   3285.3   0.18056
   3287.3   0.18095
   3289.4   0.18201
   3291.5   0.18495
   3293.6   0.18728
   3295.7   0.18927
   3297.8   0.19059
   3299.9   0.19104
   3302.0   0.19242
   3304.1   0.19482
   3306.2   0.19661
   3308.3   0.19740
   3310.4   0.19886
   3312.5   0.20077
   3314.7   0.20349
   3316.8   0.20624
   3318.9   0.20707
   3321.0   0.20807
   3323.2   0.21001
   3325.3   0.21110
   3327.4   0.21191
   3329.6   0.21390
   3331.7   0.21590
   3333.8   0.21800
   3336.0   0.21967
   3338.1   0.21949
   3340.3   0.22018
   3342.4   0.22316
   3344.6   0.22504
   3346.8   0.22527
   3348.9   0.22706
   3351.1   0.22868
   3353.3   0.23020
   3355.4   0.23171
   3357.6   0.23264
   3359.8   0.23362
   3362.0   0.23515
   3364.1   0.23724
   3366.3   0.23947
   3368.5   0.24021
   3370.7   0.24033
   3372.9   0.24104
   3375.1   0.24330
   3377.3   0.24594
   3379.5   0.24825
   3381.7   0.24960
   3383.9   0.25093
   3386.1   0.25276
   3388.3   0.25499
   3390.5   0.25650
   3392.8   0.25690
   3395.0   0.25762
   3397.2   0.26012
   3399.4   0.26132
   3401.7   0.26269
   3403.9   0.26442
   3406.1   0.26612
   3408.4   0.26762
   3410.6   0.26764
   3412.9   0.26818
   3415.1   0.26938
   3417.4   0.27174
   3419.6   0.27390
   3421.9   0.27483
   3424.1   0.27576
   3426.4   0.27694
   3428.7   0.27855
   3430.9   0.27939
   3433.2   0.28035
   3435.5   0.28286
   3437.8   0.28485
   3440.0   0.28619
   3442.3   0.28697
   3444.6   0.28703
   3446.9   0.28827
   3449.2   0.28970
   3451.5   0.29141
   3453.8   0.29346
   3456.1   0.29574
   3458.4   0.29565
   3460.7   0.29609
   3463.0   0.29765
   3465.3   0.29811
   3467.6   0.29964
   3470.0   0.30183
   3472.3   0.30274
   3474.6   0.30322
   3477.0   0.30476
   3479.3   0.30619
   3481.6   0.30743
   3484.0   0.30831
   3486.3   0.30974
   3488.7   0.31070
   3491.0   0.31153
   3493.4   0.31256
   3495.7   0.31427
   3498.1   0.31604
   3500.4   0.31598
   3502.8   0.31711
   3505.2   0.31884
   3507.5   0.31972
   3509.9   0.32052
   3512.3   0.32137
   3514.7   0.32311
   3517.1   0.32492
   3519.4   0.32588
   3521.8   0.32678
   3524.2   0.32808
   3526.6   0.32891
   3529.0   0.32938
   3531.4   0.33010
   3533.8   0.33091
   3536.2   0.33286
   3538.7   0.33463
   3541.1   0.33564
   3543.5   0.33667
   3545.9   0.33720
   3548.3   0.33658
   3550.8   0.33690
   3553.2   0.33819
   3555.6   0.34000
   3558.1   0.34155
   3560.5   0.34205
   3563.0   0.34317
   3565.4   0.34542
   3567.9   0.34647
   3570.3   0.34722
   3572.8   0.34852
   3575.3   0.35057
   3577.7   0.35221
   3580.2   0.35266
   3582.7   0.35321
   3585.2   0.35374
   3587.6   0.35473
   3590.1   0.35659
   3592.6   0.35849
   3595.1   0.36042
   3597.6   0.36158
   3600.1   0.36312
   3602.6   0.36456
   3605.1   0.36544
   3607.6   0.36673
   3610.1   0.36832
   3612.6   0.36992
   3615.2   0.37144
   3617.7   0.37245
   3620.2   0.37378
   3622.7   0.37605
   3625.3   0.37722
   3627.8   0.37787
   3630.3   0.37975
   3632.9   0.38127
   3635.4   0.38154
   3638.0   0.38321
   3640.5   0.38461
   3643.1   0.38497
   3645.7   0.38599
   3648.2   0.38678
   3650.8   0.38768
   3653.4   0.38868
   3655.9   0.39020
   3658.5   0.39211
   3661.1   0.39386
   3663.7   0.39425
   3666.3   0.39416
   3668.9   0.39577
   3671.5   0.39835
   3674.1   0.39947
   3676.7   0.39959
   3679.3   0.40066
   3681.9   0.40164
   3684.5   0.40286
   3687.2   0.40446
   3689.8   0.40499
   3692.4   0.40547
   3695.0   0.40650
   3697.7   0.40775
   3700.3   0.40847
   3703.0   0.40879
   3705.6   0.40966
   3708.3   0.41023
   3710.9   0.41132
   3713.6   0.41196
   3716.2   0.41212
   3718.9   0.41250
   3721.6   0.41374
   3724.2   0.41492
   3726.9   0.41511
   3729.6   0.41560
   3732.3   0.41571
   3735.0   0.41604
   3737.7   0.41692
   3740.4   0.41768
   3743.1   0.41833
   3745.8   0.41930
   3748.5   0.41965
   3751.2   0.42032
   3753.9   0.42140
   3756.6   0.42220
   3759.3   0.42199
   3762.1   0.42215
   3764.8   0.42312
   3767.5   0.42352
   3770.3   0.42347
   3773.0   0.42378
   3775.8   0.42491
   3778.5   0.42597
   3781.3   0.42536
   3784.0   0.42513
   3786.8   0.42624
   3789.6   0.42661
   3792.3   0.42628
   3795.1   0.42649
   3797.9   0.42759
   3800.7   0.42826
   3803.5   0.42906
   3806.3   0.42921
   3809.1   0.42880
   3811.9   0.42942
   3814.7   0.43053
   3817.5   0.43131
   3820.3   0.43103
   3823.1   0.43117
   3825.9   0.43161
   3828.8   0.43143
   3831.6   0.43043
   3834.4   0.43020
   3837.3   0.43073
   3840.1   0.43050
   3842.9   0.43098
   3845.8   0.43213
   3848.7   0.43135
   3851.5   0.42958
   3854.4   0.42877
   3857.2   0.42774
   3860.1   0.42650
   3863.0   0.42461
   3865.9   0.42248
   3868.8   0.42014
   3871.6   0.41868
   3874.5   0.41969
   3877.4   0.42181
   3880.3   0.42368
   3883.2   0.42484
   3886.2   0.42514
   3889.1   0.42676
   3892.0   0.42825
   3894.9   0.42837
   3897.8   0.42799
   3900.8   0.42800
   3903.7   0.42786
   3906.7   0.42742
   3909.6   0.42794
   3912.6   0.42798
   3915.5   0.42730
   3918.5   0.42696
   3921.4   0.42698
   3924.4   0.42649
   3927.4   0.42548
   3930.4   0.42433
   3933.3   0.42229
   3936.3   0.42129
   3939.3   0.42066
   3942.3   0.41969
   3945.3   0.41816
   3948.3   0.41732
   3951.3   0.41516
   3954.3   0.41304
   3957.4   0.41119
   3960.4   0.40963
   3963.4   0.40830
   3966.4   0.40607
   3969.5   0.40273
   3972.5   0.40006
   3975.6   0.39898
   3978.6   0.39851
   3981.7   0.39842
   3984.7   0.39873
   3987.8   0.39972
   3990.9   0.40058
   3993.9   0.39981
   3997.0   0.39899
   4000.1   0.39912
   4003.2   0.39891
   4006.3   0.39796
   4009.4   0.39740
   4012.5   0.39666
   4015.6   0.39539
   4018.7   0.39452
   4021.8   0.39308
   4024.9   0.39103
   4028.1   0.38957
   4031.2   0.38849
   4034.3   0.38716
   4037.5   0.38570
   4040.6   0.38434
   4043.8   0.38272
   4046.9   0.38066
   4050.1   0.37923
   4053.3   0.37830
   4056.4   0.37658
   4059.6   0.37486
   4062.8   0.37245
   4066.0   0.37060
   4069.2   0.36925
   4072.4   0.36731
   4075.6   0.36559
   4078.8   0.36428
   4082.0   0.36218
   4085.2   0.35915
   4088.4   0.35757
   4091.7   0.35638
   4094.9   0.35517
   4098.1   0.35263
   4101.4   0.35024
   4104.6   0.34818
   4107.9   0.34556
   4111.1   0.34360
   4114.4   0.34238
   4117.7   0.34033
   4120.9   0.33787
   4124.2   0.33640
   4127.5   0.33409
   4130.8   0.33198
   4134.1   0.32940
   4137.4   0.32716
   4140.7   0.32529
   4144.0   0.32344
   4147.3   0.32144
   4150.6   0.31936
   4154.0   0.31725
   4157.3   0.31494
   4160.6   0.31230
   4164.0   0.31087
   4167.3   0.30869
   4170.7   0.30599
   4174.0   0.30360
   4177.4   0.30108
   4180.8   0.29817
   4184.1   0.29599
   4187.5   0.29337
   4190.9   0.29098
   4194.3   0.28881
   4197.7   0.28675
   4201.1   0.28397
   4204.5   0.28052
   4207.9   0.27731
   4211.3   0.27467
   4214.7   0.27158
   4218.2   0.26840
   4221.6   0.26505
   4225.0   0.26201
   4228.5   0.25889
   4231.9   0.25494
   4235.4   0.25136
   4238.9   0.24905
   4242.3   0.24646
   4245.8   0.24319
   4249.3   0.24088
   4252.8   0.23812
   4256.3   0.23538
   4259.8   0.23330
   4263.3   0.22957
   4266.8   0.22570
   4270.3   0.22318
   4273.8   0.22039
   4277.3   0.21691
   4280.9   0.21283
   4284.4   0.20929
   4288.0   0.20677
   4291.5   0.20346
   4295.1   0.19925
   4298.6   0.19564
   4302.2   0.19289
   4305.8   0.18977
   4309.3   0.18618
   4312.9   0.18242
   4316.5   0.17896
   4320.1   0.17553
   4323.7   0.17224
   4327.3   0.16940
   4330.9   0.16644
   4334.6   0.16359
   4338.2   0.16199
   4341.8   0.15982
   4345.5   0.15706
   4349.1   0.15507
   4352.8   0.15342
   4356.4   0.15148
   4360.1   0.15001
   4363.8   0.14815
   4367.4   0.14601
   4371.1   0.14402
   4374.8   0.14270
   4378.5   0.14137
   4382.2   0.13870
   4385.9   0.13692
   4389.6   0.13606
   4393.3   0.13517
   4397.1   0.13309
   4400.8   0.13076
   4404.5   0.12892
   4408.3   0.12818
   4412.0   0.12739
   4415.8   0.12453
   4419.6   0.12153
   4423.3   0.12056
   4427.1   0.11925
   4430.9   0.11719
   4434.7   0.11578
   4438.5   0.11456
   4442.3   0.11279
   4446.1   0.11112
   4449.9   0.10990
   4453.7   0.10820
   4457.6   0.10729
   4461.4   0.10667
   4465.2   0.10619
   4469.1   0.10595
   4472.9   0.10545
   4476.8   0.10531
   4480.7   0.10531
   4484.5   0.10496
   4488.4   0.10448
   4492.3   0.10469
   4496.2   0.10500
   4500.1   0.10569
   4504.0   0.10549
   4507.9   0.10529
   4511.9   0.10599
   4515.8   0.10618
   4519.7   0.10598
   4523.7   0.10629
   4527.6   0.10679
   4531.6   0.10653
   4535.6   0.10656
   4539.5   0.10680
   4543.5   0.10647
   4547.5   0.10674
   4551.5   0.10782
   4555.5   0.10857
   4559.5   0.10958
   4563.5   0.11073
   4567.5   0.11215
   4571.5   0.11404
   4575.6   0.11627
   4579.6   0.11813
   4583.7   0.12028
   4587.7   0.12251
   4591.8   0.12471
   4595.9   0.12642
   4599.9   0.12736
   4604.0   0.12812
   4608.1   0.12963
   4612.2   0.13104
   4616.3   0.13235
   4620.4   0.13349
   4624.6   0.13442
   4628.7   0.13508
   4632.8   0.13588
   4637.0   0.13631
   4641.1   0.13701
   4645.3   0.13854
   4649.4   0.13942
   4653.6   0.13888
   4657.8   0.13764
   4662.0   0.13607
   4666.2   0.13503
   4670.4   0.13406
   4674.6   0.13262
   4678.8   0.13077
   4683.0   0.12978
   4687.3   0.12861
   4691.5   0.12805
   4695.8   0.12818
   4700.0   0.12828
   4704.3   0.12874
   4708.6   0.12922
   4712.8   0.12932
   4717.1   0.12962
   4721.4   0.12993
   4725.7   0.12953
   4730.0   0.12955
   4734.4   0.13026
   4738.7   0.13169
   4743.0   0.13486
   4747.4   0.13877
   4751.7   0.14359
   4756.1   0.15053
   4760.5   0.15784
   4764.8   0.16542
   4769.2   0.17334
   4773.6   0.18135
   4778.0   0.18925
   4782.4   0.19716
   4786.8   0.20377
   4791.3   0.21018
   4795.7   0.21762
   4800.1   0.22362
   4804.6   0.22814
   4809.0   0.23228
   4813.5   0.23704
   4818.0   0.24133
   4822.5   0.24527
   4826.9   0.24853
   4831.4   0.25233
   4835.9   0.25589
   4840.5   0.25907
   4845.0   0.26230
   4849.5   0.26452
   4854.1   0.26646
   4858.6   0.26876
   4863.2   0.27080
   4867.7   0.27269
   4872.3   0.27472
   4876.9   0.27718
   4881.5   0.27929
   4886.1   0.28149
   4890.7   0.28378
   4895.3   0.28577
   4899.9   0.28739
   4904.6   0.28912
   4909.2   0.29148
   4913.9   0.29343
   4918.5   0.29490
   4923.2   0.29723
   4927.9   0.29889
   4932.6   0.29962
   4937.3   0.30058
   4942.0   0.30177
   4946.7   0.30320
   4951.4   0.30474
   4956.2   0.30501
   4960.9   0.30521
   4965.6   0.30509
   4970.4   0.30418
   4975.2   0.30313
   4980.0   0.30173
   4984.7   0.30204
   4989.5   0.30490
   4994.3   0.30777
   4999.2   0.30959
   5004.0   0.31076
   5008.8   0.31181
   5013.7   0.31276
   5018.5   0.31393
   5023.4   0.31408
   5028.3   0.31386
   5033.1   0.31350
   5038.0   0.31380
   5042.9   0.31461
   5047.8   0.31535
   5052.8   0.31516
   5057.7   0.31495
   5062.6   0.31519
   5067.6   0.31563
   5072.5   0.31577
   5077.5   0.31615
   5082.5   0.31704
   5087.5   0.31755
   5092.5   0.31734
   5097.5   0.31768
   5102.5   0.31838
   5107.5   0.31944
   5112.6   0.32021
   5117.6   0.32056
   5122.7   0.32128
   5127.7   0.32205
   5132.8   0.32238
   5137.9   0.32311
   5143.0   0.32375
   5148.1   0.32454
   5153.2   0.32554
   5158.3   0.32680
   5163.5   0.32758
   5168.6   0.32820
   5173.8   0.32858
   5179.0   0.32908
   5184.1   0.32983
   5189.3   0.33111
   5194.5   0.33186
   5199.7   0.33230
   5205.0   0.33298
   5210.2   0.33391
   5215.4   0.33493
   5220.7   0.33595
   5225.9   0.33633
   5231.2   0.33628
   5236.5   0.33638
   5241.8   0.33562
   5247.1   0.33530
   5252.4   0.33558
   5257.7   0.33536
   5263.1   0.33526
   5268.4   0.33487
   5273.8   0.33396
   5279.2   0.33308
   5284.5   0.33291
   5289.9   0.33253
   5295.3   0.33181
   5300.8   0.33092
   5306.2   0.33092
   5311.6   0.33060
   5317.1   0.32998
   5322.5   0.32956
   5328.0   0.32919
   5333.5   0.32832
   5339.0   0.32792
   5344.5   0.32808
   5350.0   0.32723
   5355.5   0.32629
   5361.0   0.32561
   5366.6   0.32507
   5372.2   0.32438
   5377.7   0.32248
   5383.3   0.32120
   5388.9   0.32056
   5394.5   0.32027
   5400.1   0.31965
   5405.8   0.31921
   5411.4   0.31908
   5417.1   0.31849
   5422.7   0.31777
   5428.4   0.31748
   5434.1   0.31597
   5439.8   0.31496
   5445.5   0.31421
   5451.2   0.31266
   5457.0   0.31067
   5462.7   0.30898
   5468.5   0.30807
   5474.3   0.30715
   5480.1   0.30536
   5485.9   0.30358
   5491.7   0.30080
   5497.5   0.29833
   5503.3   0.29613
   5509.2   0.29391
   5515.0   0.29150
   5520.9   0.28966
   5526.8   0.28667
   5532.7   0.28388
   5538.6   0.28159
   5544.5   0.27942
   5550.5   0.27696
   5556.4   0.27463
   5562.4   0.27235
   5568.4   0.27026
   5574.3   0.26796
   5580.3   0.26614
   5586.4   0.26447
   5592.4   0.26217
   5598.4   0.26045
   5604.5   0.25926
   5610.5   0.25759
   5616.6   0.25597
   5622.7   0.25434
   5628.8   0.25250
   5634.9   0.25005
   5641.1   0.24800
   5647.2   0.24618
   5653.4   0.24386
   5659.5   0.24130
   5665.7   0.23944
   5671.9   0.23737
   5678.1   0.23537
   5684.4   0.23357
   5690.6   0.23116
   5696.9   0.22927
   5703.1   0.22701
   5709.4   0.22462
   5715.7   0.22279
   5722.0   0.21990
   5728.3   0.21704
   5734.7   0.21421
   5741.0   0.21164
   5747.4   0.20859
   5753.8   0.20550
   5760.1   0.20186
   5766.6   0.19894
   5773.0   0.19656
   5779.4   0.19343
   5785.9   0.18962
   5792.3   0.18552
   5798.8   0.18181
   5805.3   0.17878
   5811.8   0.17500
   5818.3   0.17109
   5824.9   0.16681
   5831.4   0.16205
   5838.0   0.15680
   5844.6   0.15148
   5851.2   0.14605
   5857.8   0.14159
   5864.4   0.13589
   5871.0   0.12940
   5877.7   0.12204
   5884.4   0.11523
   5891.1   0.10811
   5897.8   0.10042
   5904.5   0.09208
   5911.2   0.08425
   5918.0   0.07749
   5924.7   0.07156
   5931.5   0.06692
   5938.3   0.06444
   5945.1   0.06356
   5951.9   0.06408
   5958.8   0.06711
   5965.6   0.07067
   5972.5   0.07479
   5979.4   0.07980
   5986.3   0.08333
   5993.2   0.08592
   6000.2   0.08892
   6007.1   0.09117
   6014.1   0.09230
   6021.1   0.09335
   6028.1   0.09352
   6035.1   0.09242
   6042.1   0.09169
   6049.2   0.08994
   6056.2   0.08698
   6063.3   0.08372
   6070.4   0.08117
   6077.5   0.07813
   6084.7   0.07377
   6091.8   0.06926
   6099.0   0.06498
   6106.2   0.06050
   6113.4   0.05592
   6120.6   0.05191
   6127.8   0.04921
   6135.1   0.04746
   6142.3   0.04657
   6149.6   0.04616
   6156.9   0.04587
   6164.3   0.04606
   6171.6   0.04667
   6178.9   0.04752
   6186.3   0.04979
   6193.7   0.05354
   6201.1   0.05698
   6208.5   0.06040
   6216.0   0.06524
   6223.5   0.07009
   6230.9   0.07481
   6238.4   0.07932
   6245.9   0.08438
   6253.5   0.08929
   6261.0   0.09420
   6268.6   0.09887
   6276.2   0.10332
   6283.8   0.10739
   6291.4   0.11164
   6299.1   0.11508
   6306.7   0.11859
   6314.4   0.12104
   6322.1   0.12344
   6329.8   0.12710
   6337.6   0.13061
   6345.3   0.13376
   6353.1   0.13723
   6360.9   0.13887
   6368.7   0.14080
   6376.5   0.14359
   6384.4   0.14554
   6392.3   0.14759
   6400.2   0.14973
   6408.1   0.15069
   6416.0   0.15238
   6424.0   0.15320
   6431.9   0.15349
   6439.9   0.15447
   6447.9   0.15550
   6456.0   0.15584
   6464.0   0.15615
   6472.1   0.15645
   6480.2   0.15789
   6488.3   0.15935
   6496.4   0.15996
   6504.6   0.16020
   6512.7   0.16049
   6520.9   0.16116
   6529.1   0.16212
   6537.4   0.16265
   6545.6   0.16420
   6553.9   0.16610
   6562.2   0.16771
   6570.5   0.16884
   6578.9   0.17068
   6587.2   0.17366
   6595.6   0.17619
   6604.0   0.17810
   6612.4   0.17911
   6620.9   0.18076
   6629.3   0.18287
   6637.8   0.18427
   6646.3   0.18623
   6654.9   0.18738
   6663.4   0.18805
   6672.0   0.18865
   6680.6   0.18942
   6689.2   0.19098
   6697.8   0.19209
   6706.5   0.19198
   6715.2   0.19181
   6723.9   0.19238
   6732.6   0.19306
   6741.4   0.19288
   6750.2   0.19247
   6759.0   0.19271
   6767.8   0.19265
   6776.6   0.19218
   6785.5   0.19231
   6794.4   0.19261
   6803.3   0.19225
   6812.3   0.19134
   6821.2   0.19042
   6830.2   0.18983
   6839.2   0.18933
   6848.3   0.18888
   6857.3   0.18888
   6866.4   0.18888
   6875.5   0.18867
   6884.6   0.18662
   6893.8   0.18461
   6903.0   0.18359
   6912.2   0.18334
   6921.4   0.18297
   6930.7   0.18208
   6939.9   0.18054
   6949.2   0.17901
   6958.6   0.17903
   6967.9   0.17922
   6977.3   0.17716
   6986.7   0.17563
   6996.1   0.17462
   7005.6   0.17314
   7015.1   0.17170
   7024.6   0.17021
   7034.1   0.16919
   7043.7   0.16809
   7053.2   0.16694
   7062.9   0.16531
   7072.5   0.16391
   7082.2   0.16267
   7091.8   0.16073
   7101.6   0.15924
   7111.3   0.15716
   7121.1   0.15530
   7130.9   0.15377
   7140.7   0.15231
   7150.5   0.15052
   7160.4   0.14851
   7170.3   0.14721
   7180.2   0.14595
   7190.2   0.14394
   7200.2   0.14230
   7210.2   0.14036
   7220.2   0.13804
   7230.3   0.13645
   7240.4   0.13465
   7250.5   0.13199
   7260.7   0.12982
   7270.9   0.12763
   7281.1   0.12566
   7291.3   0.12322
   7301.6   0.12109
   7311.9   0.11914
   7322.2   0.11687
   7332.6   0.11479
   7343.0   0.11234
   7353.4   0.10963
   7363.8   0.10694
   7374.3   0.10387
   7384.8   0.10145
   7395.3   0.09925
   7405.9   0.09670
   7416.5   0.09439
   7427.1   0.09191
   7437.8   0.08888
   7448.5   0.08609
   7459.2   0.08386
   7469.9   0.08196
   7480.7   0.07930
   7491.5   0.07615
   7502.4   0.07398
   7513.2   0.07197
   7524.1   0.06939
   7535.1   0.06660
   7546.0   0.06448
   7557.0   0.06238
   7568.1   0.05975
   7579.1   0.05744
   7590.2   0.05637
   7601.4   0.05512
   7612.5   0.05291
   7623.7   0.05082
   7635.0   0.04914
   7646.2   0.04750
   7657.5   0.04572
   7668.8   0.04354
   7680.2   0.04124
   7691.6   0.04009
   7703.0   0.03856
   7714.5   0.03641
   7726.0   0.03503
   7737.5   0.03357
   7749.1   0.03167
   7760.7   0.03013
   7772.3   0.02936
   7784.0   0.02790
   7795.7   0.02689
   7807.4   0.02581
   7819.2   0.02422
   7831.0   0.02298
   7842.9   0.02220
   7854.7   0.02222
   7866.7   0.02195
   7878.6   0.02108
   7890.6   0.02066
   7902.6   0.02120
   7914.7   0.02214
   7926.8   0.02322
   7939.0   0.02467
   7951.1   0.02630
   7963.3   0.02841
   7975.6   0.03071
   7987.9   0.03432
   8000.2   0.03837
   8012.6   0.04208
   8025.0   0.04578
   8037.4   0.05053
   8049.9   0.05553
   8062.4   0.06021
   8075.0   0.06439
   8087.6   0.06844
   8100.2   0.07352
   8112.9   0.07882
   8125.6   0.08423
   8138.4   0.09042
   8151.2   0.09710
   8164.0   0.10434
   8176.9   0.11203
   8189.8   0.12079
   8202.7   0.13116
   8215.7   0.14121
   8228.8   0.15148
   8241.9   0.16236
   8255.0   0.17315
   8268.2   0.18468
   8281.4   0.19644
   8294.6   0.20719
   8307.9   0.21720
   8321.2   0.22691
   8334.6   0.23547
   8348.0   0.24204
   8361.5   0.24696
   8375.0   0.24911
   8388.6   0.24937
   8402.2   0.24663
   8415.8   0.24124
   8429.5   0.23431
   8443.2   0.22556
   8457.0   0.21581
   8470.8   0.20565
   8484.7   0.19649
   8498.6   0.18914
   8512.5   0.18333
   8526.5   0.17924
   8540.6   0.17636
   8554.7   0.17349
   8568.8   0.17017
   8583.0   0.16725
   8597.2   0.16553
   8611.5   0.16352
   8625.8   0.15999
   8640.2   0.15626
   8654.6   0.15217
   8669.1   0.14836
   8683.6   0.14382
   8698.2   0.13917
   8712.8   0.13431
   8727.5   0.12982
   8742.2   0.12609
   8757.0   0.12224
   8771.8   0.11736
   8786.7   0.11292
   8801.6   0.10962
   8816.6   0.10467
   8831.6   0.09941
   8846.6   0.09579
   8861.8   0.09289
   8876.9   0.09025
   8892.2   0.08727
   8907.4   0.08638
   8922.8   0.08617
   8938.2   0.08469
   8953.6   0.08353
   8969.1   0.08228
   8984.6   0.08101
   9000.2   0.07916
   9015.9   0.07817
   9031.6   0.07761
   9047.4   0.07660
   9063.2   0.07469
   9079.0   0.07288
   9095.0   0.07057
   9111.0   0.06944
   9127.0   0.06881
   9143.1   0.06792
   9159.2   0.06711
   9175.5   0.06678
   9191.7   0.06688
   9208.1   0.06774
   9224.4   0.06808
   9240.9   0.06750
   9257.4   0.06640
   9273.9   0.06631
   9290.6   0.06696
   9307.2   0.06763
   9324.0   0.06792
   9340.8   0.06739
   9357.6   0.06656
   9374.6   0.06637
   9391.5   0.06637
   9408.6   0.06679
   9425.7   0.06650
   9442.9   0.06666
   9460.1   0.06669
   9477.4   0.06663
   9494.8   0.06722
   9512.2   0.06775
   9529.7   0.06683
   9547.2   0.06667
   9564.8   0.06735
   9582.5   0.06745
   9600.3   0.06717
   9618.1   0.06707
   9635.9   0.06673
   9653.9   0.06681
   9671.9   0.06737
   9690.0   0.06776
   9708.1   0.06753
   9726.3   0.06709
   9744.6   0.06680
   9763.0   0.06689
   9781.4   0.06726
   9799.9   0.06735
   9818.4   0.06747
   9837.1   0.06753
   9855.8   0.06666
   9874.5   0.06591
   9893.4   0.06611
   9912.3   0.06546
   9931.3   0.06473
   9950.4   0.06359
   9969.5   0.06211
   9988.7   0.06323
  10008.0   0.06468
  10027.3   0.06613
  10046.8   0.06775
  10066.3   0.06699
  10085.9   0.06604
  10105.5   0.06583
  10125.3   0.06608
  10145.1   0.06719
  10165.0   0.06750
  10184.9   0.06705
  10205.0   0.06608
  10225.1   0.06622
  10245.3   0.06698
  10265.6   0.06660
  10286.0   0.06641
  10306.4   0.06630
  10327.0   0.06668
  10347.6   0.06752
  10368.3   0.06792
  10389.0   0.06764
  10409.9   0.06797
  10430.9   0.06849
  10451.9   0.06851
  10473.0   0.06882
  10494.2   0.06959
  10515.5   0.06965
  10536.9   0.06973
  10558.3   0.07005
  10579.9   0.07067
  10601.5   0.07002
  10623.2   0.06965
  10645.0   0.07010
  10666.9   0.06985
  10688.9   0.06993
  10711.0   0.07105
  10733.2   0.07148
  10755.5   0.07017
  10777.8   0.07037
  10800.3   0.07170
  10822.8   0.07147
  10845.5   0.07151
  10868.2   0.07153
  10891.0   0.07062
  10914.0   0.07168
  10937.0   0.07228
  10960.1   0.07161
  10983.3   0.07108
  11006.7   0.07150
  11030.1   0.07222
  11053.6   0.07241
  11077.2   0.07311
  11100.9   0.07282
  11124.8   0.07142
  11148.7   0.07048
  11172.7   0.07035
  11196.8   0.07056
  11221.1   0.07133
  11245.4   0.07207
  11269.9   0.07217
  11294.4   0.07133
  11319.1   0.07082
  11343.8   0.07170
  11368.7   0.07200
  11393.7   0.07209
  11418.8   0.07281
  11444.0   0.07191
  11469.3   0.07094
  11494.8   0.07039
  11520.3   0.06987
  11546.0   0.07132
  11571.7   0.07269
  11597.6   0.07149
  11623.6   0.07059
  11649.7   0.07096
  11676.0   0.07122
  11702.3   0.07109
  11728.8   0.06976
  11755.4   0.06771
  11782.1   0.06828
  11809.0   0.06993
  11835.9   0.06916
  11863.0   0.06867
  11890.2   0.06888
  11917.6   0.07007
  11945.0   0.07095
  11972.6   0.07034
  12000.3   0.06938
  12028.2   0.06830
  12056.1   0.06703
  12084.2   0.06660
  12112.5   0.06720
  12140.8   0.06785
  12169.3   0.06879
  12198.0   0.06838
  12226.7   0.06675
  12255.6   0.06694
  12284.7   0.06835
  12313.9   0.06703
  12343.2   0.06577
  12372.6   0.06630
  12402.2   0.06742
  12432.0   0.06706
  12461.9   0.06531
  12491.9   0.06511
  12522.1   0.06561
  12552.4   0.06527
  12582.9   0.06475
  12613.5   0.06468
  12644.2   0.06511
  12675.1   0.06529
  12706.2   0.06530
  12737.4   0.06511
  12768.8   0.06531
  12800.3   0.06433
  12832.0   0.06374
  12863.9   0.06405
  12895.9   0.06432
  12928.0   0.06384
  12960.3   0.06329
  12992.8   0.06317
  13025.5   0.06251
  13058.3   0.06256
  13091.3   0.06252
  13124.4   0.06217
  13157.7   0.06116
  13191.2   0.05941
  13224.8   0.05849
  13258.7   0.05840
  13292.7   0.05828
  13326.8   0.05824
  13361.2   0.05727
  13395.7   0.05637
  13430.4   0.05587
  13465.3   0.05629
  13500.4   0.05484
  13535.6   0.05347
  13571.0   0.05253
  13606.7   0.05285
  13642.5   0.05188
  13678.5   0.05027
  13714.6   0.05086
  13751.0   0.05070
  13787.6   0.04973
  13824.4   0.04774
  13861.3   0.04589
  13898.5   0.04545
  13935.8   0.04675
  13973.4   0.04558
  14011.2   0.04449
  14049.1   0.04413
  14087.3   0.04281
  14125.7   0.04358
  14164.3   0.04332
  14203.1   0.04290
  14242.1   0.04326
  14281.4   0.04317
  14320.8   0.04554
  14360.5   0.04997
  14400.4   0.05224
  14440.5   0.05387
  14480.8   0.05809
  14521.4   0.06300
  14562.2   0.06919
  14603.2   0.07524
  14644.4   0.08117
  14685.9   0.08431
  14727.7   0.08601
  14769.6   0.08988
  14811.8   0.09281
  14854.3   0.09218
  14896.9   0.08866
  14939.9   0.08510
  14983.0   0.07798
  15026.5   0.06897
  15070.2   0.06422
  15114.1   0.06149
  15158.3   0.05810
  15202.7   0.05581
  15247.5   0.05379
  15292.4   0.05073
  15337.7   0.04907
  15383.2   0.04669
  15429.0   0.04487
  15475.0   0.04430
  15521.4   0.04419
  15568.0   0.04263
  15614.9   0.03993
  15662.0   0.04050
  15709.5   0.04146
  15757.2   0.03991
  15805.3   0.03857
  15853.6   0.03686
  15902.3   0.03625
  15951.2   0.03504
  16000.4   0.03574
  16050.0   0.03547
  16099.8   0.03686
  16150.0   0.04199
  16200.4   0.04513
  16251.2   0.04663
  16302.3   0.05198
  16353.7   0.05726
  16405.5   0.05865
  16457.6   0.05936
  16510.0   0.05955
  16562.7   0.06179
  16615.8   0.06127
  16669.2   0.05985
  16723.0   0.05997
  16777.1   0.05902
  16831.6   0.05605
  16886.4   0.05348
  16941.6   0.05470
  16997.2   0.05475
  17053.1   0.05159
  17109.4   0.04920
  17166.0   0.04768
  17223.0   0.04698
  17280.4   0.04598
  17338.2   0.04536
  17396.4   0.04653
  17455.0   0.04801
  17514.0   0.04887
  17573.3   0.05076
  17633.1   0.05049
  17693.3   0.04815
  17753.9   0.04847
  17814.9   0.04971
  17876.3   0.05114
  17938.2   0.05186
  18000.5   0.05239
  18063.2   0.05042
  18126.3   0.04811
  18189.9   0.04927
  18254.0   0.05026
  18318.5   0.05114
  18383.5   0.05309
  18448.9   0.05413
  18514.8   0.05507
  18581.1   0.05634
  18648.0   0.05941
  18715.3   0.06003
  18783.1   0.06009
  18851.4   0.06223
  18920.2   0.06073
  18989.5   0.06232
  19059.3   0.06174
  19129.6   0.05993
  19200.5   0.06329
  19271.9   0.06560
  19343.8   0.06834
  19416.2   0.06839
  19489.2   0.06450
  19562.8   0.06360
  19636.9   0.06582
  19711.5   0.06714
  19786.8   0.06663
  19862.6   0.06565
  19939.0   0.06368
  20016.0   0.06699
  20093.5   0.07082
  20171.7   0.06900
  20250.5   0.06863
  20329.9   0.07094
  20410.0   0.06968
  20490.7   0.06999
  20572.0   0.07215
  20653.9   0.07329
  20736.5   0.07221
  20819.8   0.07151
  20903.8   0.07285
  20988.4   0.07260
  21073.7   0.07471
  21159.7   0.07875
  21246.5   0.07594
  21333.9   0.07096
  21422.0   0.06870
  21510.9   0.06722
  21600.6   0.06580
  21690.9   0.06725
  21782.1   0.07157
  21874.0   0.07199
  21966.7   0.06972
  22060.1   0.07299
  22154.4   0.07435
  22249.5   0.07587
  22345.4   0.07357
  22442.1   0.07243
  22539.7   0.07195
  22638.1   0.07494
  22737.4   0.07284
  22837.6   0.06848
  22938.7   0.06383
  23040.6   0.06070
  23143.5   0.06759
  23247.2   0.06563
  23352.0   0.05920
  23457.6   0.06929
  23564.3   0.07540
  23671.8   0.06189
  23780.4   0.05032
  23890.0   0.05889
  24000.6   0.06677
  24112.3   0.05984
  24224.9   0.05866
  24338.7   0.05730
  24453.5   0.06467
  24569.4   0.05890
  24686.4   0.05653
  24804.5   0.06811
  24923.7   0.07196
  25044.1   0.05279
  25165.7   0.04573
  25288.5   0.06233
  25412.4   0.07720
  25537.6   0.07003
  25664.0   0.03626
  25791.7   0.04134
  25920.7   0.06312



 1101F557    .ASC                        

 JB-JLB-557                                                              
 Gypsum 63-90 um (on-axis)                                               

 Source Ang: 30.00   Detect Ang: 30.00  Volt: 1.222
 Date:  6-OCT-02   Time: 06:10:06
