  2357
    300.0   0.68588
    305.0   0.69683
    310.0   0.71135
    315.0   0.72520
    320.0   0.74033
    325.0   0.75234
    330.0   0.76486
    335.0   0.77529
    340.0   0.78594
    345.0   0.79520
    350.0   0.80387
    355.0   0.81235
    360.0   0.81951
    365.0   0.82829
    370.0   0.83338
    375.0   0.84098
    380.0   0.84556
    385.0   0.85083
    390.0   0.85366
    395.0   0.85624
    400.0   0.85908
    405.0   0.86171
    410.0   0.86504
    415.0   0.86767
    420.0   0.87027
    425.0   0.87311
    430.0   0.87604
    435.0   0.87872
    440.0   0.88118
    445.0   0.88354
    450.0   0.88572
    455.0   0.88814
    460.0   0.88967
    465.0   0.89141
    470.0   0.89327
    475.0   0.89485
    480.0   0.89645
    485.0   0.89845
    490.0   0.89995
    495.0   0.90181
    500.0   0.90312
    505.0   0.90424
    510.0   0.90627
    515.0   0.90765
    520.0   0.90929
    525.0   0.91081
    530.0   0.91127
    535.0   0.91209
    540.0   0.91262
    545.0   0.91387
    550.0   0.91472
    555.0   0.91584
    560.0   0.91720
    565.0   0.91819
    570.0   0.91896
    575.0   0.91972
    580.0   0.92076
    585.0   0.92110
    590.0   0.92158
    595.0   0.92246
    600.0   0.92114
    605.0   0.92273
    610.0   0.92200
    615.0   0.92109
    620.0   0.92041
    625.0   0.92051
    630.0   0.92006
    635.0   0.91980
    640.0   0.91861
    645.0   0.91949
    650.0   0.91944
    655.0   0.91950
    660.0   0.91985
    665.0   0.91910
    670.0   0.91944
    675.0   0.92042
    680.0   0.92025
    685.0   0.92038
    690.0   0.92018
    695.0   0.91990
    700.0   0.92014
    705.0   0.92060
    710.0   0.92049
    715.0   0.91999
    720.0   0.92125
    725.0   0.92033
    730.0   0.92226
    735.0   0.92116
    740.0   0.92146
    745.0   0.92067
    750.0   0.92167
    755.0   0.92001
    760.0   0.92173
    765.0   0.92167
    770.0   0.92147
    775.0   0.92190
    780.0   0.92207
    785.0   0.92090
    790.0   0.92223
    795.0   0.92189
    800.0   0.92166
    805.0   0.92269
    810.0   0.92299
    815.0   0.92319
    820.0   0.92433
    825.0   0.92406
    830.0   0.92435
    835.0   0.92346
    840.0   0.92472
    845.0   0.92398
    850.0   0.92482
    855.0   0.92577
    860.0   0.92637
    865.0   0.92647
    870.0   0.92668
    875.0   0.92622
    880.0   0.92701
    885.0   0.92740
    890.0   0.92841
    895.0   0.92786
    900.0   0.92840
    905.0   0.92770
    910.0   0.92965
    915.0   0.92923
    920.0   0.92987
    925.0   0.92974
    930.0   0.93008
    935.0   0.93073
    940.0   0.93055
    945.0   0.93125
    950.0   0.93192
    955.0   0.93216
    960.0   0.93227
    965.0   0.93252
    970.0   0.93324
    975.0   0.93323
    980.0   0.93312
    985.0   0.93483
    990.0   0.93408
    995.0   0.93484
   1000.0   0.93350
   1005.0   0.93374
   1010.0   0.93437
   1015.0   0.93561
   1020.0   0.93477
   1025.0   0.93588
   1030.0   0.93629
   1035.0   0.93664
   1040.0   0.93606
   1045.0   0.93628
   1050.0   0.93676
   1055.0   0.93739
   1060.0   0.93762
   1065.0   0.93790
   1070.0   0.93795
   1075.0   0.93826
   1080.0   0.93832
   1085.0   0.93892
   1090.0   0.93894
   1095.0   0.93925
   1100.0   0.93956
   1105.0   0.93974
   1110.0   0.94000
   1115.0   0.93979
   1120.0   0.94123
   1125.0   0.94054
   1130.0   0.94078
   1135.0   0.94076
   1140.0   0.94138
   1145.0   0.94149
   1150.0   0.94142
   1155.0   0.94193
   1160.0   0.94222
   1165.0   0.94206
   1170.0   0.94324
   1175.0   0.94261
   1180.0   0.94332
   1185.0   0.94322
   1190.0   0.94325
   1195.0   0.94351
   1200.0   0.94311
   1205.0   0.94390
   1210.0   0.94343
   1215.0   0.94459
   1220.0   0.94392
   1225.0   0.94439
   1230.0   0.94423
   1235.0   0.94470
   1240.0   0.94457
   1245.0   0.94456
   1250.0   0.94438
   1255.0   0.94427
   1260.0   0.94529
   1265.0   0.94545
   1270.0   0.94523
   1275.0   0.94541
   1280.0   0.94511
   1285.0   0.94549
   1290.0   0.94492
   1295.0   0.94538
   1300.0   0.94559
   1305.0   0.94578
   1310.0   0.94635
   1315.0   0.94600
   1320.0   0.94648
   1325.0   0.94630
   1330.0   0.94708
   1335.0   0.94687
   1340.0   0.94712
   1345.0   0.94694
   1350.0   0.94624
   1355.0   0.94442
   1360.0   0.94509
   1365.0   0.94642
   1370.0   0.94665
   1375.0   0.94616
   1380.0   0.94456
   1385.0   0.94803
   1390.0   0.94818
   1395.0   0.94550
   1400.0   0.94518
   1405.0   0.94507
   1410.0   0.94706
   1415.0   0.94613
   1420.0   0.94556
   1425.0   0.94684
   1430.0   0.94658
   1435.0   0.94773
   1440.0   0.94707
   1445.0   0.94688
   1450.0   0.94676
   1455.0   0.94699
   1460.0   0.94666
   1465.0   0.94721
   1470.0   0.94699
   1475.0   0.94758
   1480.0   0.94729
   1485.0   0.94794
   1490.0   0.94728
   1495.0   0.94851
   1500.0   0.94799
   1505.0   0.94853
   1510.0   0.94825
   1515.0   0.94885
   1520.0   0.94917
   1525.0   0.94979
   1530.0   0.94919
   1535.0   0.94895
   1540.0   0.94930
   1545.0   0.94915
   1550.0   0.94968
   1555.0   0.94954
   1560.0   0.94885
   1565.0   0.94926
   1570.0   0.94960
   1575.0   0.94931
   1580.0   0.94970
   1585.0   0.94912
   1590.0   0.95011
   1595.0   0.94970
   1600.0   0.95120
   1605.0   0.95061
   1610.0   0.95103
   1615.0   0.95113
   1620.0   0.95100
   1625.0   0.95109
   1630.0   0.95010
   1635.0   0.94975
   1640.0   0.95045
   1645.0   0.95062
   1650.0   0.95194
   1655.0   0.95048
   1660.0   0.95021
   1665.0   0.95083
   1670.0   0.95159
   1675.0   0.95090
   1680.0   0.95051
   1685.0   0.95107
   1690.0   0.95078
   1695.0   0.95035
   1700.0   0.95053
   1705.0   0.95048
   1710.0   0.95032
   1715.0   0.95043
   1720.0   0.94987
   1725.0   0.95008
   1730.0   0.94907
   1735.0   0.94909
   1740.0   0.94914
   1745.0   0.94864
   1750.0   0.94848
   1751.4   0.94858
   1752.6   0.94834
   1753.8   0.94832
   1755.0   0.94826
   1756.1   0.94825
   1757.3   0.94832
   1758.5   0.94779
   1759.7   0.94732
   1760.9   0.94651
   1762.1   0.94627
   1763.3   0.94663
   1764.5   0.94697
   1765.7   0.94789
   1766.9   0.94800
   1768.1   0.94783
   1769.3   0.94792
   1770.5   0.94814
   1771.7   0.94893
   1773.0   0.94903
   1774.2   0.94843
   1775.4   0.94828
   1776.6   0.94846
   1777.8   0.94793
   1779.0   0.94758
   1780.3   0.94770
   1781.5   0.94744
   1782.7   0.94761
   1783.9   0.94805
   1785.2   0.94770
   1786.4   0.94750
   1787.6   0.94736
   1788.9   0.94737
   1790.1   0.94725
   1791.3   0.94704
   1792.6   0.94715
   1793.8   0.94788
   1795.1   0.94774
   1796.3   0.94722
   1797.6   0.94739
   1798.8   0.94747
   1800.0   0.94672
   1801.3   0.94655
   1802.6   0.94669
   1803.8   0.94706
   1805.1   0.94674
   1806.3   0.94674
   1807.6   0.94687
   1808.8   0.94685
   1810.1   0.94686
   1811.4   0.94669
   1812.6   0.94602
   1813.9   0.94569
   1815.2   0.94560
   1816.4   0.94579
   1817.7   0.94581
   1819.0   0.94622
   1820.3   0.94576
   1821.6   0.94510
   1822.8   0.94515
   1824.1   0.94540
   1825.4   0.94507
   1826.7   0.94493
   1828.0   0.94538
   1829.3   0.94565
   1830.6   0.94484
   1831.8   0.94435
   1833.1   0.94409
   1834.4   0.94374
   1835.7   0.94325
   1837.0   0.94285
   1838.3   0.94256
   1839.7   0.94241
   1841.0   0.94220
   1842.3   0.94212
   1843.6   0.94152
   1844.9   0.94142
   1846.2   0.94181
   1847.5   0.94174
   1848.8   0.94150
   1850.2   0.94152
   1851.5   0.94136
   1852.8   0.94165
   1854.1   0.94110
   1855.5   0.94037
   1856.8   0.94037
   1858.1   0.94031
   1859.4   0.93959
   1860.8   0.93908
   1862.1   0.93884
   1863.5   0.93883
   1864.8   0.93816
   1866.1   0.93709
   1867.5   0.93599
   1868.8   0.93555
   1870.2   0.93516
   1871.5   0.93416
   1872.9   0.93325
   1874.2   0.93243
   1875.6   0.93140
   1876.9   0.93078
   1878.3   0.93083
   1879.7   0.93201
   1881.0   0.93285
   1882.4   0.93378
   1883.8   0.93544
   1885.1   0.93669
   1886.5   0.93739
   1887.9   0.93856
   1889.3   0.93888
   1890.6   0.93908
   1892.0   0.93951
   1893.4   0.94020
   1894.8   0.94018
   1896.2   0.94070
   1897.6   0.94077
   1899.0   0.94033
   1900.3   0.94005
   1901.7   0.94043
   1903.1   0.94061
   1904.5   0.94083
   1905.9   0.94046
   1907.3   0.94034
   1908.7   0.94044
   1910.1   0.94035
   1911.6   0.94013
   1913.0   0.94066
   1914.4   0.94089
   1915.8   0.94084
   1917.2   0.94095
   1918.6   0.94047
   1920.0   0.93977
   1921.5   0.94001
   1922.9   0.94044
   1924.3   0.94057
   1925.8   0.94029
   1927.2   0.94088
   1928.6   0.94072
   1930.1   0.94017
   1931.5   0.94007
   1932.9   0.93983
   1934.4   0.93995
   1935.8   0.93997
   1937.3   0.93899
   1938.7   0.93912
   1940.2   0.93953
   1941.6   0.93934
   1943.1   0.93881
   1944.5   0.93873
   1946.0   0.93819
   1947.5   0.93821
   1948.9   0.93827
   1950.4   0.93778
   1951.9   0.93712
   1953.3   0.93715
   1954.8   0.93717
   1956.3   0.93650
   1957.8   0.93605
   1959.2   0.93628
   1960.7   0.93640
   1962.2   0.93552
   1963.7   0.93523
   1965.2   0.93579
   1966.7   0.93516
   1968.2   0.93464
   1969.7   0.93388
   1971.2   0.93341
   1972.7   0.93312
   1974.2   0.93316
   1975.7   0.93355
   1977.2   0.93387
   1978.7   0.93362
   1980.2   0.93316
   1981.7   0.93329
   1983.2   0.93309
   1984.7   0.93220
   1986.3   0.93234
   1987.8   0.93248
   1989.3   0.93153
   1990.8   0.92995
   1992.4   0.92879
   1993.9   0.92765
   1995.4   0.92673
   1997.0   0.92628
   1998.5   0.92605
   2000.1   0.92610
   2001.6   0.92684
   2003.1   0.92741
   2004.7   0.92847
   2006.2   0.92986
   2007.8   0.93098
   2009.4   0.93231
   2010.9   0.93334
   2012.5   0.93384
   2014.0   0.93434
   2015.6   0.93454
   2017.2   0.93509
   2018.7   0.93606
   2020.3   0.93677
   2021.9   0.93759
   2023.5   0.93763
   2025.1   0.93732
   2026.6   0.93752
   2028.2   0.93788
   2029.8   0.93807
   2031.4   0.93843
   2033.0   0.93900
   2034.6   0.93906
   2036.2   0.93881
   2037.8   0.93861
   2039.4   0.93904
   2041.0   0.93905
   2042.6   0.93951
   2044.2   0.93942
   2045.8   0.93921
   2047.4   0.93936
   2049.1   0.93937
   2050.7   0.93921
   2052.3   0.93930
   2053.9   0.93932
   2055.6   0.93908
   2057.2   0.93910
   2058.8   0.93950
   2060.5   0.93948
   2062.1   0.93957
   2063.7   0.93966
   2065.4   0.93939
   2067.0   0.93944
   2068.7   0.93973
   2070.3   0.93983
   2072.0   0.93996
   2073.7   0.93973
   2075.3   0.93947
   2077.0   0.93973
   2078.6   0.94047
   2080.3   0.94022
   2082.0   0.93983
   2083.7   0.93938
   2085.3   0.93885
   2087.0   0.93874
   2088.7   0.93863
   2090.4   0.93861
   2092.1   0.93865
   2093.8   0.93832
   2095.4   0.93851
   2097.1   0.93815
   2098.8   0.93802
   2100.5   0.93753
   2102.2   0.93703
   2104.0   0.93665
   2105.7   0.93661
   2107.4   0.93650
   2109.1   0.93609
   2110.8   0.93557
   2112.5   0.93569
   2114.2   0.93562
   2116.0   0.93560
   2117.7   0.93529
   2119.4   0.93499
   2121.2   0.93504
   2122.9   0.93533
   2124.6   0.93501
   2126.4   0.93460
   2128.1   0.93401
   2129.9   0.93401
   2131.6   0.93405
   2133.4   0.93394
   2135.1   0.93346
   2136.9   0.93296
   2138.7   0.93221
   2140.4   0.93144
   2142.2   0.93056
   2144.0   0.92948
   2145.8   0.92805
   2147.5   0.92705
   2149.3   0.92623
   2151.1   0.92566
   2152.9   0.92572
   2154.7   0.92582
   2156.5   0.92560
   2158.3   0.92555
   2160.1   0.92534
   2161.9   0.92513
   2163.7   0.92527
   2165.5   0.92594
   2167.3   0.92666
   2169.1   0.92707
   2170.9   0.92736
   2172.7   0.92804
   2174.6   0.92787
   2176.4   0.92803
   2178.2   0.92854
   2180.0   0.92887
   2181.9   0.92866
   2183.7   0.92925
   2185.6   0.92925
   2187.4   0.92911
   2189.2   0.92937
   2191.1   0.93006
   2193.0   0.92985
   2194.8   0.92932
   2196.7   0.92892
   2198.5   0.92883
   2200.4   0.92912
   2202.3   0.92895
   2204.1   0.92816
   2206.0   0.92729
   2207.9   0.92663
   2209.8   0.92648
   2211.7   0.92602
   2213.6   0.92563
   2215.4   0.92480
   2217.3   0.92391
   2219.2   0.92331
   2221.1   0.92284
   2223.0   0.92319
   2225.0   0.92292
   2226.9   0.92158
   2228.8   0.92084
   2230.7   0.92034
   2232.6   0.91920
   2234.5   0.91848
   2236.5   0.91825
   2238.4   0.91743
   2240.3   0.91636
   2242.3   0.91540
   2244.2   0.91450
   2246.2   0.91350
   2248.1   0.91312
   2250.1   0.91180
   2252.0   0.91041
   2254.0   0.90941
   2255.9   0.90808
   2257.9   0.90658
   2259.9   0.90511
   2261.8   0.90383
   2263.8   0.90264
   2265.8   0.90122
   2267.8   0.89930
   2269.8   0.89711
   2271.8   0.89545
   2273.7   0.89362
   2275.7   0.89068
   2277.7   0.88771
   2279.7   0.88485
   2281.7   0.88163
   2283.8   0.87890
   2285.8   0.87553
   2287.8   0.87274
   2289.8   0.87096
   2291.8   0.86870
   2293.9   0.86615
   2295.9   0.86406
   2297.9   0.86229
   2300.0   0.86068
   2302.0   0.85916
   2304.1   0.85779
   2306.1   0.85647
   2308.2   0.85552
   2310.2   0.85436
   2312.3   0.85333
   2314.3   0.85208
   2316.4   0.85013
   2318.5   0.84759
   2320.6   0.84456
   2322.6   0.84095
   2324.7   0.83756
   2326.8   0.83318
   2328.9   0.82795
   2331.0   0.82183
   2333.1   0.81673
   2335.2   0.81293
   2337.3   0.80988
   2339.4   0.80756
   2341.5   0.80720
   2343.6   0.80771
   2345.8   0.80962
   2347.9   0.81370
   2350.0   0.81955
   2352.1   0.82656
   2354.3   0.83476
   2356.4   0.84384
   2358.6   0.85315
   2360.7   0.86274
   2362.9   0.87276
   2365.0   0.88162
   2367.2   0.88891
   2369.3   0.89500
   2371.5   0.90028
   2373.7   0.90421
   2375.9   0.90759
   2378.0   0.91009
   2380.2   0.91202
   2382.4   0.91360
   2384.6   0.91493
   2386.8   0.91537
   2389.0   0.91619
   2391.2   0.91694
   2393.4   0.91661
   2395.6   0.91563
   2397.8   0.91482
   2400.1   0.91388
   2402.3   0.91297
   2404.5   0.91246
   2406.7   0.91274
   2409.0   0.91324
   2411.2   0.91359
   2413.5   0.91366
   2415.7   0.91313
   2418.0   0.91187
   2420.2   0.91057
   2422.5   0.90891
   2424.8   0.90685
   2427.0   0.90479
   2429.3   0.90382
   2431.6   0.90201
   2433.9   0.89949
   2436.2   0.89700
   2438.4   0.89553
   2440.7   0.89369
   2443.0   0.89083
   2445.3   0.88757
   2447.7   0.88526
   2450.0   0.88316
   2452.3   0.88025
   2454.6   0.87649
   2456.9   0.87276
   2459.3   0.86896
   2461.6   0.86463
   2463.9   0.85960
   2466.3   0.85420
   2468.6   0.84821
   2471.0   0.84131
   2473.3   0.83414
   2475.7   0.82783
   2478.1   0.82116
   2480.4   0.81488
   2482.8   0.80938
   2485.2   0.80401
   2487.6   0.79957
   2490.0   0.79705
   2492.4   0.79464
   2494.8   0.79209
   2497.2   0.78977
   2499.6   0.78766
   2502.0   0.78564
   2504.4   0.78423
   2506.8   0.78322
   2509.3   0.78174
   2511.7   0.77948
   2514.1   0.77649
   2516.6   0.77293
   2519.0   0.76839
   2521.5   0.76211
   2523.9   0.75482
   2526.4   0.74605
   2528.8   0.73601
   2531.3   0.72580
   2533.8   0.71747
   2536.3   0.71175
   2538.8   0.70912
   2541.2   0.71183
   2543.7   0.71987
   2546.2   0.73178
   2548.7   0.74714
   2551.2   0.76458
   2553.8   0.78221
   2556.3   0.80040
   2558.8   0.81755
   2561.3   0.83175
   2563.9   0.84408
   2566.4   0.85513
   2568.9   0.86350
   2571.5   0.86944
   2574.0   0.87395
   2576.6   0.87747
   2579.2   0.88073
   2581.7   0.88297
   2584.3   0.88369
   2586.9   0.88549
   2589.5   0.88937
   2592.1   0.89299
   2594.7   0.89539
   2597.3   0.89799
   2599.9   0.90152
   2602.5   0.90336
   2605.1   0.90468
   2607.7   0.90560
   2610.3   0.90730
   2613.0   0.90845
   2615.6   0.90894
   2618.3   0.90894
   2620.9   0.90946
   2623.6   0.91009
   2626.2   0.91105
   2628.9   0.91076
   2631.5   0.91045
   2634.2   0.91100
   2636.9   0.91206
   2639.6   0.91281
   2642.3   0.91291
   2645.0   0.91208
   2647.7   0.91170
   2650.4   0.91164
   2653.1   0.91151
   2655.8   0.91097
   2658.5   0.91067
   2661.3   0.90972
   2664.0   0.90844
   2666.7   0.90667
   2669.5   0.90550
   2672.2   0.90518
   2675.0   0.90557
   2677.8   0.90439
   2680.5   0.90298
   2683.3   0.90230
   2686.1   0.90057
   2688.9   0.89840
   2691.7   0.89575
   2694.5   0.89293
   2697.3   0.89023
   2700.1   0.88717
   2702.9   0.88410
   2705.7   0.88142
   2708.5   0.87727
   2711.4   0.87277
   2714.2   0.86967
   2717.1   0.86636
   2719.9   0.86334
   2722.8   0.85954
   2725.6   0.85627
   2728.5   0.85352
   2731.4   0.85141
   2734.2   0.84957
   2737.1   0.84695
   2740.0   0.84371
   2742.9   0.84171
   2745.8   0.84001
   2748.7   0.83813
   2751.7   0.83538
   2754.6   0.83199
   2757.5   0.82856
   2760.5   0.82662
   2763.4   0.82317
   2766.3   0.81464
   2769.3   0.80263
   2772.3   0.78915
   2775.2   0.77560
   2778.2   0.76201
   2781.2   0.74739
   2784.2   0.73189
   2787.2   0.71899
   2790.2   0.71449
   2793.2   0.71963
   2796.2   0.73269
   2799.2   0.74898
   2802.2   0.76380
   2805.3   0.77453
   2808.3   0.78325
   2811.4   0.79098
   2814.4   0.79859
   2817.5   0.80639
   2820.5   0.81308
   2823.6   0.81758
   2826.7   0.82115
   2829.8   0.82439
   2832.9   0.82769
   2836.0   0.83084
   2839.1   0.83341
   2842.2   0.83480
   2845.3   0.83566
   2848.4   0.83684
   2851.6   0.83737
   2854.7   0.83720
   2857.8   0.83681
   2861.0   0.83613
   2864.2   0.83564
   2867.3   0.83536
   2870.5   0.83527
   2873.7   0.83551
   2876.9   0.83542
   2880.1   0.83461
   2883.3   0.83346
   2886.5   0.83151
   2889.7   0.82831
   2892.9   0.82558
   2896.2   0.82407
   2899.4   0.82430
   2902.7   0.82451
   2905.9   0.82547
   2909.2   0.82652
   2912.4   0.82782
   2915.7   0.82839
   2919.0   0.82973
   2922.3   0.83121
   2925.6   0.83129
   2928.9   0.83053
   2932.2   0.83002
   2935.5   0.83006
   2938.9   0.82955
   2942.2   0.82876
   2945.5   0.82838
   2948.9   0.82766
   2952.2   0.82634
   2955.6   0.82560
   2959.0   0.82513
   2962.4   0.82402
   2965.8   0.82276
   2969.1   0.82115
   2972.6   0.81967
   2976.0   0.81736
   2979.4   0.81586
   2982.8   0.81682
   2986.3   0.81758
   2989.7   0.81693
   2993.1   0.81565
   2996.6   0.81611
   3000.1   0.81569
   3003.6   0.81513
   3007.0   0.81329
   3010.5   0.81196
   3014.0   0.81184
   3017.5   0.81211
   3021.1   0.81077
   3024.6   0.81028
   3028.1   0.81079
   3031.7   0.81030
   3035.2   0.80843
   3038.8   0.80701
   3042.3   0.80678
   3045.9   0.80510
   3049.5   0.80287
   3053.1   0.80081
   3056.7   0.79763
   3060.3   0.79421
   3063.9   0.79044
   3067.5   0.78737
   3071.2   0.78381
   3074.8   0.78096
   3078.5   0.77944
   3082.1   0.77546
   3085.8   0.76831
   3089.5   0.76072
   3093.2   0.75242
   3096.9   0.74468
   3100.6   0.73728
   3104.3   0.72886
   3108.0   0.72204
   3111.7   0.71867
   3115.5   0.71939
   3119.2   0.72587
   3123.0   0.73262
   3126.7   0.73762
   3130.5   0.74059
   3134.3   0.74102
   3138.1   0.73849
   3141.9   0.73515
   3145.7   0.73007
   3149.5   0.72475
   3153.4   0.72048
   3157.2   0.72034
   3161.1   0.72570
   3164.9   0.73573
   3168.8   0.74551
   3172.7   0.75262
   3176.6   0.75774
   3180.5   0.76081
   3184.4   0.76192
   3188.3   0.76271
   3192.2   0.76256
   3196.1   0.76158
   3200.1   0.76098
   3204.0   0.75831
   3208.0   0.75621
   3212.0   0.75434
   3216.0   0.75125
   3220.0   0.74780
   3224.0   0.74437
   3228.0   0.74122
   3232.0   0.73622
   3236.0   0.73300
   3240.1   0.73047
   3244.1   0.72681
   3248.2   0.72234
   3252.3   0.71846
   3256.4   0.71486
   3260.5   0.71065
   3264.6   0.70608
   3268.7   0.70085
   3272.8   0.69597
   3276.9   0.68988
   3281.1   0.68209
   3285.3   0.67444
   3289.4   0.66661
   3293.6   0.65877
   3297.8   0.65101
   3302.0   0.64200
   3304.1   0.63738
   3306.2   0.63478
   3308.3   0.63128
   3310.4   0.62571
   3312.5   0.61947
   3314.7   0.61297
   3316.8   0.60797
   3318.9   0.60182
   3321.0   0.59489
   3323.2   0.58691
   3325.3   0.57614
   3327.4   0.56641
   3329.6   0.55557
   3331.7   0.54260
   3333.8   0.52720
   3336.0   0.50807
   3338.1   0.48354
   3340.3   0.45389
   3342.4   0.41981
   3344.6   0.38393
   3346.8   0.35363
   3348.9   0.33124
   3351.1   0.31666
   3353.3   0.30953
   3355.4   0.30761
   3357.6   0.31071
   3359.8   0.31664
   3362.0   0.32338
   3364.1   0.32929
   3366.3   0.33567
   3368.5   0.34059
   3370.7   0.34430
   3372.9   0.34762
   3375.1   0.34892
   3377.3   0.34960
   3379.5   0.34979
   3381.7   0.35024
   3383.9   0.35155
   3386.1   0.35372
   3388.3   0.35568
   3390.5   0.35798
   3392.8   0.36008
   3395.0   0.36143
   3397.2   0.36273
   3399.4   0.36372
   3401.7   0.36373
   3403.9   0.36459
   3406.1   0.36725
   3408.4   0.37133
   3410.6   0.37245
   3412.9   0.37168
   3415.1   0.37254
   3417.4   0.37383
   3419.6   0.37427
   3421.9   0.37467
   3424.1   0.37595
   3426.4   0.37718
   3428.7   0.37783
   3430.9   0.37651
   3433.2   0.37468
   3435.5   0.37538
   3437.8   0.37659
   3440.0   0.37614
   3442.3   0.37578
   3444.6   0.37575
   3446.9   0.37420
   3449.2   0.37217
   3451.5   0.37043
   3453.8   0.36801
   3456.1   0.36502
   3458.4   0.36272
   3460.7   0.35782
   3463.0   0.35014
   3465.3   0.33969
   3467.6   0.32504
   3470.0   0.30587
   3472.3   0.28708
   3474.6   0.27204
   3477.0   0.26076
   3479.3   0.25656
   3481.6   0.25578
   3484.0   0.25513
   3486.3   0.25848
   3488.7   0.26569
   3491.0   0.27199
   3493.4   0.27714
   3495.7   0.28417
   3498.1   0.29261
   3500.4   0.30031
   3502.8   0.30686
   3505.2   0.31254
   3507.5   0.31967
   3509.9   0.32935
   3512.3   0.33706
   3514.7   0.34384
   3517.1   0.35375
   3519.4   0.36781
   3521.8   0.38610
   3524.2   0.40839
   3526.6   0.43143
   3529.0   0.45514
   3531.4   0.48011
   3533.8   0.50115
   3536.2   0.51942
   3538.7   0.53854
   3541.1   0.55459
   3543.5   0.56730
   3545.9   0.57941
   3548.3   0.58982
   3550.8   0.59923
   3553.2   0.60751
   3555.6   0.61331
   3558.1   0.61866
   3560.5   0.62435
   3563.0   0.62771
   3565.4   0.62790
   3567.9   0.62827
   3570.3   0.62859
   3572.8   0.62758
   3575.3   0.63037
   3577.7   0.63631
   3580.2   0.64469
   3582.7   0.65483
   3585.2   0.66443
   3587.6   0.67375
   3590.1   0.68154
   3592.6   0.68755
   3595.1   0.69499
   3597.6   0.70312
   3600.1   0.70778
   3602.6   0.71168
   3605.1   0.71525
   3607.6   0.71844
   3610.1   0.72103
   3612.6   0.72473
   3615.2   0.72882
   3617.7   0.73160
   3620.2   0.73293
   3622.7   0.73518
   3625.3   0.73699
   3627.8   0.73959
   3630.3   0.74165
   3632.9   0.74340
   3635.4   0.74572
   3638.0   0.74758
   3640.5   0.74967
   3643.1   0.75183
   3645.7   0.75328
   3648.2   0.75443
   3650.8   0.75562
   3653.4   0.75723
   3655.9   0.75781
   3658.5   0.75821
   3661.1   0.75925
   3663.7   0.76083
   3666.3   0.76140
   3668.9   0.76256
   3671.5   0.76512
   3674.1   0.76648
   3676.7   0.76769
   3679.3   0.76844
   3681.9   0.76859
   3684.5   0.76931
   3687.2   0.76886
   3689.8   0.76842
   3692.4   0.76800
   3695.0   0.76856
   3697.7   0.76940
   3700.3   0.77000
   3703.0   0.76893
   3705.6   0.76937
   3708.3   0.76964
   3710.9   0.76920
   3713.6   0.76856
   3716.2   0.76776
   3718.9   0.76592
   3721.6   0.76436
   3724.2   0.76358
   3726.9   0.76240
   3729.6   0.76098
   3732.3   0.75967
   3735.0   0.75783
   3737.7   0.75660
   3740.4   0.75408
   3743.1   0.74981
   3745.8   0.74649
   3748.5   0.74483
   3751.2   0.74294
   3753.9   0.74092
   3756.6   0.73831
   3759.3   0.73694
   3762.1   0.73621
   3764.8   0.73364
   3767.5   0.72964
   3770.3   0.72598
   3773.0   0.72148
   3775.8   0.71662
   3778.5   0.71109
   3781.3   0.70447
   3784.0   0.69620
   3786.8   0.68645
   3789.6   0.67521
   3792.3   0.66141
   3795.1   0.64478
   3797.9   0.62418
   3800.7   0.60179
   3803.5   0.57889
   3806.3   0.55578
   3809.1   0.53580
   3811.9   0.51984
   3814.7   0.50508
   3817.5   0.49071
   3820.3   0.47616
   3823.1   0.46178
   3825.9   0.44896
   3828.8   0.43680
   3831.6   0.42309
   3834.4   0.41043
   3837.3   0.39949
   3840.1   0.38806
   3842.9   0.37846
   3845.8   0.37146
   3848.7   0.36737
   3851.5   0.36480
   3854.4   0.36267
   3857.2   0.36022
   3860.1   0.35781
   3863.0   0.35573
   3865.9   0.35468
   3868.8   0.35420
   3871.6   0.35362
   3874.5   0.35153
   3877.4   0.35006
   3880.3   0.34986
   3883.2   0.34999
   3886.2   0.34794
   3889.1   0.34644
   3892.0   0.34618
   3894.9   0.34464
   3897.8   0.34215
   3900.8   0.34188
   3903.7   0.34202
   3906.7   0.34004
   3909.6   0.33806
   3912.6   0.33613
   3915.5   0.33384
   3918.5   0.33154
   3921.4   0.32944
   3924.4   0.32658
   3927.4   0.32081
   3930.4   0.31505
   3933.3   0.31257
   3936.3   0.31108
   3939.3   0.30717
   3942.3   0.29606
   3945.3   0.27790
   3948.3   0.25866
   3951.3   0.24043
   3954.3   0.22404
   3957.4   0.20951
   3960.4   0.19737
   3963.4   0.18780
   3966.4   0.18027
   3969.5   0.17325
   3972.5   0.16814
   3975.6   0.16503
   3978.6   0.16292
   3981.7   0.16214
   3984.7   0.16279
   3987.8   0.16491
   3990.9   0.16965
   3993.9   0.17841
   3997.0   0.18932
   4000.1   0.20170
   4003.2   0.21808
   4006.3   0.23802
   4009.4   0.25877
   4012.5   0.28199
   4015.6   0.30647
   4018.7   0.32844
   4021.8   0.34706
   4024.9   0.36407
   4028.1   0.38129
   4031.2   0.39940
   4034.3   0.41746
   4037.5   0.43519
   4040.6   0.45333
   4043.8   0.47467
   4046.9   0.49758
   4050.1   0.51946
   4053.3   0.53892
   4056.4   0.55529
   4059.6   0.56976
   4062.8   0.58117
   4066.0   0.59117
   4069.2   0.60036
   4072.4   0.60984
   4075.6   0.61946
   4078.8   0.62780
   4082.0   0.63570
   4085.2   0.64446
   4088.4   0.65170
   4091.7   0.65866
   4094.9   0.66558
   4098.1   0.67098
   4101.4   0.67691
   4104.6   0.68438
   4107.9   0.69011
   4111.1   0.69387
   4114.4   0.69979
   4117.7   0.70681
   4120.9   0.71202
   4124.2   0.71702
   4127.5   0.72238
   4130.8   0.72795
   4134.1   0.73304
   4137.4   0.73880
   4140.7   0.74381
   4144.0   0.74946
   4147.3   0.75497
   4150.6   0.75910
   4154.0   0.76334
   4157.3   0.76720
   4160.6   0.77169
   4164.0   0.77392
   4167.3   0.77654
   4170.7   0.78001
   4174.0   0.78280
   4177.4   0.78540
   4180.8   0.78707
   4184.1   0.79005
   4187.5   0.79255
   4190.9   0.79468
   4194.3   0.79731
   4197.7   0.80065
   4201.1   0.80376
   4204.5   0.80615
   4207.9   0.80680
   4211.3   0.80710
   4214.7   0.80795
   4218.2   0.80920
   4221.6   0.80962
   4225.0   0.80908
   4228.5   0.80943
   4231.9   0.81064
   4235.4   0.81242
   4238.9   0.81445
   4242.3   0.81725
   4245.8   0.81975
   4249.3   0.82169
   4252.8   0.82434
   4256.3   0.82749
   4259.8   0.82952
   4263.3   0.83022
   4266.8   0.83089
   4270.3   0.83157
   4273.8   0.83369
   4277.3   0.83468
   4280.9   0.83653
   4284.4   0.83770
   4288.0   0.83809
   4291.5   0.83867
   4295.1   0.83950
   4298.6   0.83938
   4302.2   0.83908
   4305.8   0.83862
   4309.3   0.83710
   4312.9   0.83567
   4316.5   0.83483
   4320.1   0.83565
   4323.7   0.83817
   4327.3   0.83920
   4330.9   0.83925
   4334.6   0.84020
   4338.2   0.84186
   4341.8   0.84273
   4345.5   0.84346
   4349.1   0.84486
   4352.8   0.84729
   4356.4   0.84948
   4360.1   0.85228
   4363.8   0.85675
   4367.4   0.86134
   4371.1   0.86518
   4374.8   0.86770
   4378.5   0.86955
   4382.2   0.87088
   4385.9   0.87128
   4389.6   0.87174
   4393.3   0.87153
   4397.1   0.87038
   4400.8   0.86957
   4404.5   0.86969
   4408.3   0.87033
   4412.0   0.86945
   4415.8   0.86746
   4419.6   0.86610
   4423.3   0.86502
   4427.1   0.86330
   4430.9   0.86125
   4434.7   0.85959
   4438.5   0.85743
   4442.3   0.85491
   4446.1   0.85163
   4449.9   0.84804
   4453.7   0.84465
   4457.6   0.84218
   4461.4   0.83947
   4465.2   0.83746
   4469.1   0.83560
   4472.9   0.83242
   4476.8   0.82867
   4480.7   0.82537
   4484.5   0.82107
   4488.4   0.81753
   4492.3   0.81378
   4496.2   0.80977
   4500.1   0.80664
   4504.0   0.80466
   4507.9   0.80311
   4511.9   0.80212
   4515.8   0.80194
   4519.7   0.80184
   4523.7   0.80115
   4527.6   0.80125
   4531.6   0.80132
   4535.6   0.80142
   4539.5   0.80182
   4543.5   0.80291
   4547.5   0.80307
   4551.5   0.80297
   4555.5   0.80354
   4559.5   0.80392
   4563.5   0.80394
   4567.5   0.80322
   4571.5   0.80293
   4575.6   0.80344
   4579.6   0.80286
   4583.7   0.80278
   4587.7   0.80280
   4591.8   0.80269
   4595.9   0.80166
   4599.9   0.79891
   4604.0   0.79626
   4608.1   0.79405
   4612.2   0.79278
   4616.3   0.78994
   4620.4   0.78272
   4624.6   0.77470
   4628.7   0.76522
   4632.8   0.75511
   4637.0   0.74369
   4641.1   0.72964
   4645.3   0.71439
   4649.4   0.69888
   4653.6   0.68334
   4657.8   0.67028
   4662.0   0.66056
   4666.2   0.65447
   4670.4   0.65104
   4674.6   0.64973
   4678.8   0.65109
   4683.0   0.65358
   4687.3   0.65856
   4691.5   0.66584
   4695.8   0.67450
   4700.0   0.68651
   4704.3   0.70157
   4708.6   0.71927
   4712.8   0.73854
   4717.1   0.76012
   4721.4   0.78334
   4725.7   0.80465
   4730.0   0.82210
   4734.4   0.83728
   4738.7   0.84894
   4743.0   0.85743
   4747.4   0.86388
   4751.7   0.86985
   4756.1   0.87605
   4760.5   0.88230
   4764.8   0.88709
   4769.2   0.89191
   4773.6   0.89576
   4778.0   0.89918
   4782.4   0.90104
   4786.8   0.90278
   4791.3   0.90433
   4795.7   0.90658
   4800.1   0.90780
   4804.6   0.90861
   4809.0   0.90975
   4813.5   0.90960
   4818.0   0.90991
   4822.5   0.91066
   4826.9   0.91120
   4831.4   0.91188
   4835.9   0.91153
   4840.5   0.91064
   4845.0   0.91064
   4849.5   0.91155
   4854.1   0.91157
   4858.6   0.91127
   4863.2   0.91107
   4867.7   0.91109
   4872.3   0.91095
   4876.9   0.91073
   4881.5   0.91116
   4886.1   0.91225
   4890.7   0.91256
   4895.3   0.91262
   4899.9   0.91240
   4904.6   0.91208
   4909.2   0.91140
   4913.9   0.91091
   4918.5   0.91005
   4923.2   0.90977
   4927.9   0.91025
   4932.6   0.90990
   4937.3   0.91013
   4942.0   0.91126
   4946.7   0.91193
   4951.4   0.91236
   4956.2   0.91233
   4960.9   0.91305
   4965.6   0.91395
   4970.4   0.91516
   4975.2   0.91576
   4980.0   0.91652
   4984.7   0.91785
   4989.5   0.91896
   4994.3   0.91932
   4999.2   0.91996
   5004.0   0.92117
   5008.8   0.92228
   5013.7   0.92262
   5018.5   0.92246
   5023.4   0.92258
   5028.3   0.92400
   5033.1   0.92533
   5038.0   0.92586
   5042.9   0.92608
   5047.8   0.92647
   5052.8   0.92680
   5057.7   0.92634
   5062.6   0.92518
   5067.6   0.92429
   5072.5   0.92309
   5077.5   0.92004
   5082.5   0.91404
   5087.5   0.90409
   5092.5   0.88336
   5097.5   0.84820
   5102.5   0.81499
   5107.5   0.81601
   5112.6   0.84513
   5117.6   0.87586
   5122.7   0.89586
   5127.7   0.90449
   5132.8   0.90704
   5137.9   0.90867
   5143.0   0.90917
   5148.1   0.90890
   5153.2   0.90808
   5158.3   0.90606
   5163.5   0.90467
   5168.6   0.90382
   5173.8   0.90172
   5179.0   0.89974
   5184.1   0.89806
   5189.3   0.89660
   5194.5   0.89512
   5199.7   0.89410
   5205.0   0.89223
   5210.2   0.88980
   5215.4   0.88718
   5220.7   0.88589
   5225.9   0.88310
   5231.2   0.87966
   5236.5   0.87731
   5241.8   0.87591
   5247.1   0.87401
   5252.4   0.87161
   5257.7   0.86764
   5263.1   0.86384
   5268.4   0.86088
   5273.8   0.85841
   5279.2   0.85547
   5284.5   0.85211
   5289.9   0.84844
   5295.3   0.84484
   5300.8   0.84014
   5306.2   0.83527
   5311.6   0.83037
   5317.1   0.82521
   5322.5   0.82025
   5328.0   0.81493
   5333.5   0.80998
   5339.0   0.80460
   5344.5   0.79873
   5350.0   0.79278
   5355.5   0.78651
   5361.0   0.78018
   5366.6   0.77406
   5372.2   0.76828
   5377.7   0.76198
   5383.3   0.75568
   5388.9   0.74807
   5394.5   0.74085
   5400.1   0.73338
   5405.8   0.72570
   5411.4   0.71776
   5417.1   0.70980
   5422.7   0.70172
   5428.4   0.69273
   5434.1   0.68200
   5439.8   0.67106
   5445.5   0.65956
   5451.2   0.64793
   5457.0   0.63604
   5462.7   0.62414
   5468.5   0.61258
   5474.3   0.60028
   5480.1   0.58726
   5485.9   0.57461
   5491.7   0.55983
   5497.5   0.54388
   5503.3   0.52589
   5509.2   0.50619
   5515.0   0.48442
   5520.9   0.45911
   5526.8   0.42814
   5532.7   0.38958
   5538.6   0.34125
   5544.5   0.28024
   5550.5   0.21154
   5556.4   0.14897
   5562.4   0.11021
   5568.4   0.09695
   5574.3   0.09681
   5580.3   0.09938
   5586.4   0.11407
   5592.4   0.15180
   5598.4   0.20442
   5604.5   0.25714
   5610.5   0.30462
   5616.6   0.34386
   5622.7   0.37477
   5628.8   0.39630
   5634.9   0.41011
   5641.1   0.41979
   5647.2   0.42550
   5653.4   0.42639
   5659.5   0.42242
   5665.7   0.41413
   5671.9   0.40605
   5678.1   0.39996
   5684.4   0.39248
   5690.6   0.38381
   5696.9   0.37801
   5703.1   0.37274
   5709.4   0.36758
   5715.7   0.36336
   5722.0   0.35877
   5728.3   0.35415
   5734.7   0.35002
   5741.0   0.34521
   5747.4   0.34050
   5753.8   0.33642
   5760.1   0.33269
   5766.6   0.33068
   5773.0   0.33036
   5779.4   0.33158
   5785.9   0.33392
   5792.3   0.33504
   5798.8   0.33623
   5805.3   0.33836
   5811.8   0.33991
   5818.3   0.34089
   5824.9   0.34322
   5831.4   0.34464
   5838.0   0.34598
   5844.6   0.34738
   5851.2   0.34861
   5857.8   0.34931
   5864.4   0.34986
   5871.0   0.35103
   5877.7   0.35040
   5884.4   0.34966
   5891.1   0.34794
   5897.8   0.34552
   5904.5   0.34333
   5911.2   0.34045
   5918.0   0.33763
   5924.7   0.33366
   5931.5   0.32893
   5938.3   0.32464
   5945.1   0.31891
   5951.9   0.31303
   5958.8   0.30822
   5965.6   0.30356
   5972.5   0.29978
   5979.4   0.29579
   5986.3   0.29168
   5993.2   0.28853
   6000.2   0.28449
   6007.1   0.27924
   6014.1   0.27372
   6021.1   0.26841
   6028.1   0.26227
   6035.1   0.25547
   6042.1   0.24968
   6049.2   0.24540
   6056.2   0.24000
   6063.3   0.23274
   6070.4   0.22804
   6077.5   0.22473
   6084.7   0.22105
   6091.8   0.21805
   6099.0   0.21531
   6106.2   0.21274
   6113.4   0.21216
   6120.6   0.21151
   6127.8   0.20980
   6135.1   0.20863
   6142.3   0.20859
   6149.6   0.20854
   6156.9   0.20927
   6164.3   0.21166
   6171.6   0.21471
   6178.9   0.21816
   6186.3   0.22318
   6193.7   0.22946
   6201.1   0.23733
   6208.5   0.24519
   6216.0   0.25435
   6223.5   0.26494
   6230.9   0.27625
   6238.4   0.28712
   6245.9   0.29864
   6253.5   0.31052
   6261.0   0.32263
   6268.6   0.33332
   6276.2   0.34177
   6283.8   0.34695
   6291.4   0.34763
   6299.1   0.34547
   6306.7   0.34954
   6314.4   0.36173
   6322.1   0.37690
   6329.8   0.39178
   6337.6   0.40862
   6345.3   0.43067
   6353.1   0.45400
   6360.9   0.47019
   6368.7   0.48136
   6376.5   0.48926
   6384.4   0.49334
   6392.3   0.49431
   6400.2   0.49566
   6408.1   0.49693
   6416.0   0.49909
   6424.0   0.50067
   6431.9   0.49939
   6439.9   0.49835
   6447.9   0.49603
   6456.0   0.48906
   6464.0   0.47808
   6472.1   0.46548
   6480.2   0.45195
   6488.3   0.43879
   6496.4   0.42593
   6504.6   0.41187
   6512.7   0.39829
   6520.9   0.38736
   6529.1   0.37659
   6537.4   0.36660
   6545.6   0.35676
   6553.9   0.34701
   6562.2   0.33788
   6570.5   0.32964
   6578.9   0.32083
   6587.2   0.31189
   6595.6   0.30384
   6604.0   0.29608
   6612.4   0.28790
   6620.9   0.28016
   6629.3   0.27385
   6637.8   0.26870
   6646.3   0.26247
   6654.9   0.25606
   6663.4   0.25014
   6672.0   0.24558
   6680.6   0.24159
   6689.2   0.23777
   6697.8   0.23333
   6706.5   0.22927
   6715.2   0.22534
   6723.9   0.22131
   6732.6   0.21687
   6741.4   0.21347
   6750.2   0.21060
   6759.0   0.20778
   6767.8   0.20447
   6776.6   0.20193
   6785.5   0.20063
   6794.4   0.19931
   6803.3   0.19680
   6812.3   0.19408
   6821.2   0.19134
   6830.2   0.18950
   6839.2   0.18734
   6848.3   0.18560
   6857.3   0.18452
   6866.4   0.18319
   6875.5   0.18136
   6884.6   0.17880
   6893.8   0.17647
   6903.0   0.17496
   6912.2   0.17348
   6921.4   0.17201
   6930.7   0.17010
   6939.9   0.16912
   6949.2   0.16868
   6958.6   0.16792
   6967.9   0.16749
   6977.3   0.16690
   6986.7   0.16676
   6996.1   0.16695
   7005.6   0.16605
   7015.1   0.16557
   7024.6   0.16546
   7034.1   0.16600
   7043.7   0.16635
   7053.2   0.16660
   7062.9   0.16634
   7072.5   0.16567
   7082.2   0.16536
   7091.8   0.16391
   7101.6   0.16072
   7111.3   0.15673
   7121.1   0.15265
   7130.9   0.14737
   7140.7   0.14225
   7150.5   0.13970
   7160.4   0.13918
   7170.3   0.13816
   7180.2   0.13644
   7190.2   0.13512
   7200.2   0.13441
   7210.2   0.13468
   7220.2   0.13519
   7230.3   0.13559
   7240.4   0.13609
   7250.5   0.13749
   7260.7   0.13895
   7270.9   0.14000
   7281.1   0.14179
   7291.3   0.14437
   7301.6   0.14655
   7311.9   0.14953
   7322.2   0.15424
   7332.6   0.15984
   7343.0   0.16511
   7353.4   0.16981
   7363.8   0.17444
   7374.3   0.17904
   7384.8   0.18304
   7395.3   0.18704
   7405.9   0.19065
   7416.5   0.19329
   7427.1   0.19666
   7437.8   0.20076
   7448.5   0.20502
   7459.2   0.20841
   7469.9   0.21145
   7480.7   0.21485
   7491.5   0.21792
   7502.4   0.22016
   7513.2   0.22267
   7524.1   0.22555
   7535.1   0.22832
   7546.0   0.23004
   7557.0   0.23106
   7568.1   0.23225
   7579.1   0.23336
   7590.2   0.23539
   7601.4   0.23865
   7612.5   0.24198
   7623.7   0.24591
   7635.0   0.25076
   7646.2   0.25610
   7657.5   0.26188
   7668.8   0.26948
   7680.2   0.27724
   7691.6   0.28404
   7703.0   0.29043
   7714.5   0.29695
   7726.0   0.30297
   7737.5   0.30809
   7749.1   0.31252
   7760.7   0.31506
   7772.3   0.31708
   7784.0   0.31882
   7795.7   0.32008
   7807.4   0.32228
   7819.2   0.32604
   7831.0   0.33098
   7842.9   0.33539
   7854.7   0.33922
   7866.7   0.34117
   7878.6   0.34163
   7890.6   0.34172
   7902.6   0.34175
   7914.7   0.34309
   7926.8   0.34644
   7939.0   0.35083
   7951.1   0.35621
   7963.3   0.36099
   7975.6   0.36460
   7987.9   0.36780
   8000.2   0.37023
   8012.6   0.37070
   8025.0   0.37072
   8037.4   0.36951
   8049.9   0.36710
   8062.4   0.36448
   8075.0   0.36360
   8087.6   0.36662
   8100.2   0.37059
   8112.9   0.37412
   8125.6   0.37790
   8138.4   0.38110
   8151.2   0.38352
   8164.0   0.38563
   8176.9   0.38839
   8189.8   0.39240
   8202.7   0.39606
   8215.7   0.39827
   8228.8   0.39926
   8241.9   0.39903
   8255.0   0.39809
   8268.2   0.39761
   8281.4   0.39585
   8294.6   0.39347
   8307.9   0.39249
   8321.2   0.39166
   8334.6   0.39017
   8348.0   0.38746
   8361.5   0.38601
   8375.0   0.38386
   8388.6   0.37884
   8402.2   0.37243
   8415.8   0.36763
   8429.5   0.36364
   8443.2   0.35988
   8457.0   0.35626
   8470.8   0.35311
   8484.7   0.35027
   8498.6   0.34881
   8512.5   0.34881
   8526.5   0.35170
   8540.6   0.35521
   8554.7   0.35757
   8568.8   0.35809
   8583.0   0.35740
   8597.2   0.35729
   8611.5   0.35938
   8625.8   0.36599
   8640.2   0.37871
   8654.6   0.39346
   8669.1   0.40871
   8683.6   0.42317
   8698.2   0.43523
   8712.8   0.44696
   8727.5   0.45815
   8742.2   0.46889
   8757.0   0.47995
   8771.8   0.48908
   8786.7   0.49834
   8801.6   0.50777
   8816.6   0.51466
   8831.6   0.51843
   8846.6   0.52273
   8861.8   0.52567
   8876.9   0.52824
   8892.2   0.53210
   8907.4   0.53617
   8922.8   0.53827
   8938.2   0.54217
   8953.6   0.54706
   8969.1   0.55091
   8984.6   0.55300
   9000.2   0.55403
   9015.9   0.55610
   9031.6   0.55909
   9047.4   0.56055
   9063.2   0.56096
   9079.0   0.56183
   9095.0   0.56362
   9111.0   0.56445
   9127.0   0.56460
   9143.1   0.56347
   9159.2   0.56268
   9175.5   0.56114
   9191.7   0.55341
   9208.1   0.54049
   9224.4   0.52883
   9240.9   0.52229
   9257.4   0.53174
   9273.9   0.54960
   9290.6   0.55813
   9307.2   0.55873
   9324.0   0.55621
   9340.8   0.55262
   9357.6   0.54886
   9374.6   0.54568
   9391.5   0.54630
   9408.6   0.55560
   9425.7   0.56487
   9442.9   0.56967
   9460.1   0.57383
   9477.4   0.57660
   9494.8   0.57696
   9512.2   0.57696
   9529.7   0.57616
   9547.2   0.57316
   9564.8   0.56916
   9582.5   0.56460
   9600.3   0.56037
   9618.1   0.55711
   9635.9   0.55672
   9653.9   0.55612
   9671.9   0.55047
   9690.0   0.54217
   9708.1   0.53234
   9726.3   0.52046
   9744.6   0.51180
   9763.0   0.50545
   9781.4   0.50085
   9799.9   0.49850
   9818.4   0.49576
   9837.1   0.49111
   9855.8   0.48605
   9874.5   0.48259
   9893.4   0.48285
   9912.3   0.48445
   9931.3   0.48720
   9950.4   0.49137
   9969.5   0.49538
   9988.7   0.49814
  10008.0   0.50059
  10027.3   0.50329
  10046.8   0.50547
  10066.3   0.50793
  10085.9   0.51104
  10105.5   0.51753
  10125.3   0.52623
  10145.1   0.53162
  10165.0   0.53483
  10184.9   0.53607
  10205.0   0.53514
  10225.1   0.53403
  10245.3   0.53571
  10265.6   0.54293
  10286.0   0.55238
  10306.4   0.56114
  10327.0   0.56658
  10347.6   0.56934
  10368.3   0.57091
  10389.0   0.57044
  10409.9   0.56863
  10430.9   0.56460
  10451.9   0.55956
  10473.0   0.55421
  10494.2   0.54821
  10515.5   0.54066
  10536.9   0.53337
  10558.3   0.52957
  10579.9   0.52815
  10601.5   0.52880
  10623.2   0.53237
  10645.0   0.53327
  10666.9   0.53060
  10688.9   0.52851
  10711.0   0.52798
  10733.2   0.53039
  10755.5   0.53740
  10777.8   0.54733
  10800.3   0.55816
  10822.8   0.56874
  10845.5   0.57817
  10868.2   0.58729
  10891.0   0.59593
  10914.0   0.60164
  10937.0   0.60442
  10960.1   0.60466
  10983.3   0.60333
  11006.7   0.59976
  11030.1   0.59519
  11053.6   0.59084
  11077.2   0.58690
  11100.9   0.58273
  11124.8   0.57910
  11148.7   0.57171
  11172.7   0.56365
  11196.8   0.55336
  11221.1   0.54312
  11245.4   0.52838
  11269.9   0.48911
  11294.4   0.39714
  11319.1   0.28711
  11343.8   0.22032
  11368.7   0.19517
  11393.7   0.18010
  11418.8   0.16399
  11444.0   0.15088
  11469.3   0.14658
  11494.8   0.15140
  11520.3   0.16934
  11546.0   0.20214
  11571.7   0.24257
  11597.6   0.28207
  11623.6   0.31725
  11649.7   0.34870
  11676.0   0.37916
  11702.3   0.40456
  11728.8   0.42332
  11755.4   0.42198
  11782.1   0.36744
  11809.0   0.28486
  11835.9   0.31977
  11863.0   0.43018
  11890.2   0.49719
  11917.6   0.53105
  11945.0   0.55212
  11972.6   0.56668
  12000.3   0.57519
  12028.2   0.58099
  12056.1   0.58718
  12084.2   0.59173
  12112.5   0.59221
  12140.8   0.59324
  12169.3   0.59397
  12198.0   0.59259
  12226.7   0.58757
  12255.6   0.58146
  12284.7   0.57562
  12313.9   0.57246
  12343.2   0.56959
  12372.6   0.56815
  12402.2   0.56851
  12432.0   0.56819
  12461.9   0.56413
  12491.9   0.55783
  12522.1   0.55237
  12552.4   0.54892
  12582.9   0.54856
  12613.5   0.54900
  12644.2   0.54574
  12675.1   0.53872
  12706.2   0.53232
  12737.4   0.52707
  12768.8   0.52150
  12800.3   0.51741
  12832.0   0.51667
  12863.9   0.51749
  12895.9   0.51923
  12928.0   0.52049
  12960.3   0.52286
  12992.8   0.52788
  13025.5   0.53623
  13058.3   0.54609
  13091.3   0.55861
  13124.4   0.56980
  13157.7   0.57896
  13191.2   0.58696
  13224.8   0.59228
  13258.7   0.59844
  13292.7   0.60556
  13326.8   0.60865
  13361.2   0.60969
  13395.7   0.61160
  13430.4   0.60983
  13465.3   0.60483
  13500.4   0.59976
  13535.6   0.59251
  13571.0   0.58154
  13606.7   0.56868
  13642.5   0.55332
  13678.5   0.53730
  13714.6   0.51738
  13751.0   0.49121
  13787.6   0.45924
  13824.4   0.41947
  13861.3   0.37022
  13898.5   0.30893
  13935.8   0.22965
  13973.4   0.14547
  14011.2   0.08916
  14049.1   0.08128
  14087.3   0.10395
  14125.7   0.14459
  14164.3   0.20067
  14203.1   0.25983
  14242.1   0.31601
  14281.4   0.36563
  14320.8   0.39814
  14360.5   0.42397
  14400.4   0.44622
  14440.5   0.46103
  14480.8   0.47814
  14521.4   0.49841
  14562.2   0.51180
  14603.2   0.51645
  14644.4   0.51867
  14685.9   0.52191
  14727.7   0.52588
  14769.6   0.52870
  14811.8   0.53095
  14854.3   0.53178
  14896.9   0.53026
  14939.9   0.52753
  14983.0   0.52273
  15026.5   0.51867
  15070.2   0.51770
  15114.1   0.51471
  15158.3   0.51025
  15202.7   0.50531
  15247.5   0.49882
  15292.4   0.49295
  15337.7   0.48952
  15383.2   0.48461
  15429.0   0.47789
  15475.0   0.47280
  15521.4   0.46761
  15568.0   0.46034
  15614.9   0.45357
  15662.0   0.45004
  15709.5   0.44512
  15757.2   0.43946
  15805.3   0.43458
  15853.6   0.42888
  15902.3   0.42346
  15951.2   0.41898
  16000.4   0.41437
  16050.0   0.40736
  16099.8   0.40068
  16150.0   0.39499
  16200.4   0.39242
  16251.2   0.39019
  16302.3   0.38382
  16353.7   0.37726
  16405.5   0.37352
  16457.6   0.36880
  16510.0   0.36098
  16562.7   0.35212
  16615.8   0.34303
  16669.2   0.33600
  16723.0   0.32836
  16777.1   0.32018
  16831.6   0.31072
  16886.4   0.30349
  16941.6   0.29677
  16997.2   0.29052
  17053.1   0.29065
  17109.4   0.29027
  17166.0   0.28651
  17223.0   0.28302
  17280.4   0.28498
  17338.2   0.28700
  17396.4   0.28493
  17455.0   0.28462
  17514.0   0.28917
  17573.3   0.29327
  17633.1   0.29376
  17693.3   0.29239
  17753.9   0.28995
  17814.9   0.28553
  17876.3   0.28604
  17938.2   0.28725
  18000.5   0.28604
  18063.2   0.27912
  18126.3   0.26888
  18189.9   0.26209
  18254.0   0.25728
  18318.5   0.25267
  18383.5   0.24922
  18448.9   0.24437
  18514.8   0.23759
  18581.1   0.22876
  18648.0   0.22788
  18715.3   0.22342
  18783.1   0.21773
  18851.4   0.21522
  18920.2   0.21091
  18989.5   0.20318
  19059.3   0.19359
  19129.6   0.18857
  19200.5   0.18178
  19271.9   0.17788
  19343.8   0.17245
  19416.2   0.16771
  19489.2   0.16202
  19562.8   0.15834
  19636.9   0.15884
  19711.5   0.15730
  19786.8   0.14750
  19862.6   0.13999
  19939.0   0.13925
  20016.0   0.13873
  20093.5   0.13358
  20171.7   0.12755
  20250.5   0.12617
  20329.9   0.12394
  20410.0   0.12041
  20490.7   0.11730
  20572.0   0.11402
  20653.9   0.10864
  20736.5   0.10748
  20819.8   0.10750
  20903.8   0.10337
  20988.4   0.09950
  21073.7   0.09285
  21159.7   0.09491
  21246.5   0.09668
  21333.9   0.09177
  21422.0   0.08687
  21510.9   0.08729
  21600.6   0.08169
  21690.9   0.07250
  21782.1   0.07327
  21874.0   0.07429
  21966.7   0.07143
  22060.1   0.06427
  22154.4   0.06197
  22249.5   0.06063
  22345.4   0.06516
  22442.1   0.07347
  22539.7   0.06648
  22638.1   0.05666
  22737.4   0.05651
  22837.6   0.06287
  22938.7   0.06512
  23040.6   0.06355
  23143.5   0.06249
  23247.2   0.07125
  23352.0   0.07243
  23457.6   0.06937
  23564.3   0.07306
  23671.8   0.08313
  23780.4   0.08867
  23890.0   0.10249
  24000.6   0.12712
  24112.3   0.14199
  24224.9   0.13789
  24338.7   0.15749
  24453.5   0.18408
  24569.4   0.19944
  24686.4   0.22087
  24804.5   0.25565
  24923.7   0.28465
  25044.1   0.32692
  25165.7   0.38419
  25288.5   0.40724
  25412.4   0.38213
  25537.6   0.38108
  25664.0   0.42271
  25791.7   0.44176
  25920.7   0.45731



 1101F549    .ASC                        

 JB-JLB-549                                                              
 Calcite <63 um (on-axis)                                                

 Source Ang: 30.00   Detect Ang: 30.00  Volt: 1.222
 Date:  6-OCT-02   Time: 05:50:47
