  3284
    633.1   0.33039
    633.3   0.19282
    633.4   0.16585
    633.6   0.27021
    633.8   0.18940
    633.9   0.18008
    634.1   0.17841
    634.2   0.17830
    634.4   0.17859
    634.5   0.17743
    634.7   0.17693
    634.8   0.17445
    635.0   0.17406
    635.2   0.17544
    635.3   0.17796
    635.5   0.17751
    635.6   0.17978
    635.8   0.17954
    635.9   0.17746
    636.1   0.17537
    636.2   0.17534
    636.4   0.17619
    636.6   0.17506
    636.7   0.17609
    636.9   0.17762
    637.0   0.17526
    637.2   0.17305
    637.3   0.17326
    637.5   0.17704
    637.7   0.17550
    637.8   0.17469
    638.0   0.17657
    638.1   0.17973
    638.3   0.17822
    638.4   0.17512
    638.6   0.17781
    638.8   0.17908
    638.9   0.17766
    639.1   0.17671
    639.2   0.17834
    639.4   0.17785
    639.5   0.17724
    639.7   0.17914
    639.9   0.18165
    640.0   0.18257
    640.2   0.18098
    640.3   0.17978
    640.5   0.17694
    640.6   0.17541
    640.8   0.17696
    641.0   0.17639
    641.1   0.17724
    641.3   0.17658
    641.4   0.17449
    641.6   0.17578
    641.8   0.17797
    641.9   0.17403
    642.1   0.17447
    642.2   0.17460
    642.4   0.17467
    642.6   0.17829
    642.7   0.17989
    642.9   0.18090
    643.0   0.17889
    643.2   0.17867
    643.4   0.18160
    643.5   0.18242
    643.7   0.18041
    643.8   0.17700
    644.0   0.17636
    644.2   0.17676
    644.3   0.17677
    644.5   0.17802
    644.6   0.17831
    644.8   0.17887
    645.0   0.17890
    645.1   0.17774
    645.3   0.17772
    645.4   0.18044
    645.6   0.18199
    645.8   0.17932
    645.9   0.17895
    646.1   0.18057
    646.2   0.18026
    646.4   0.17903
    646.6   0.17767
    646.7   0.17761
    646.9   0.17691
    647.0   0.17452
    647.2   0.17576
    647.4   0.17917
    647.5   0.17861
    647.7   0.17919
    647.9   0.17892
    648.0   0.17803
    648.2   0.17916
    648.3   0.17939
    648.5   0.17927
    648.7   0.18063
    648.8   0.18114
    649.0   0.17896
    649.2   0.17836
    649.3   0.17988
    649.5   0.18092
    649.6   0.17690
    649.8   0.17780
    650.0   0.18212
    650.1   0.17854
    650.3   0.17620
    650.5   0.17830
    650.6   0.17988
    650.8   0.18059
    650.9   0.17945
    651.1   0.17782
    651.3   0.17990
    651.4   0.18097
    651.6   0.18198
    651.8   0.17976
    651.9   0.18003
    652.1   0.18014
    652.3   0.17738
    652.4   0.17780
    652.6   0.17551
    652.7   0.17395
    652.9   0.17763
    653.1   0.17983
    653.2   0.17971
    653.4   0.17690
    653.6   0.17881
    653.7   0.18040
    653.9   0.17923
    654.1   0.18024
    654.2   0.18323
    654.4   0.18147
    654.6   0.17744
    654.7   0.17611
    654.9   0.17733
    655.1   0.17672
    655.2   0.17918
    655.4   0.17930
    655.6   0.17623
    655.7   0.17690
    655.9   0.17883
    656.1   0.17705
    656.2   0.17656
    656.4   0.17822
    656.6   0.17937
    656.7   0.17969
    656.9   0.18004
    657.1   0.17897
    657.2   0.17966
    657.4   0.17842
    657.6   0.17545
    657.7   0.17471
    657.9   0.17571
    658.1   0.17669
    658.2   0.17873
    658.4   0.18030
    658.6   0.18047
    658.7   0.17979
    658.9   0.17972
    659.1   0.17810
    659.2   0.17780
    659.4   0.17642
    659.6   0.17851
    659.7   0.17994
    659.9   0.17803
    660.1   0.17835
    660.2   0.18039
    660.4   0.18188
    660.6   0.18055
    660.7   0.17986
    660.9   0.18038
    661.1   0.18144
    661.2   0.18187
    661.4   0.18168
    661.6   0.18290
    661.7   0.18176
    661.9   0.17959
    662.1   0.17838
    662.3   0.17639
    662.4   0.17788
    662.6   0.18018
    662.8   0.18204
    662.9   0.18423
    663.1   0.18131
    663.3   0.17872
    663.4   0.17864
    663.6   0.18141
    663.8   0.17977
    664.0   0.18026
    664.1   0.17846
    664.3   0.17852
    664.5   0.18218
    664.6   0.18157
    664.8   0.18135
    665.0   0.18253
    665.1   0.17908
    665.3   0.17990
    665.5   0.18093
    665.7   0.17885
    665.8   0.17810
    666.0   0.17882
    666.2   0.17984
    666.3   0.17975
    666.5   0.18085
    666.7   0.18137
    666.9   0.17918
    667.0   0.17875
    667.2   0.18166
    667.4   0.17971
    667.5   0.17794
    667.7   0.18087
    667.9   0.18107
    668.1   0.18044
    668.2   0.18224
    668.4   0.18296
    668.6   0.18220
    668.7   0.18435
    668.9   0.18437
    669.1   0.18106
    669.3   0.17812
    669.4   0.17698
    669.6   0.18080
    669.8   0.18241
    670.0   0.18281
    670.1   0.18479
    670.3   0.18409
    670.5   0.18293
    670.7   0.18297
    670.8   0.18384
    671.0   0.18299
    671.2   0.18060
    671.3   0.18124
    671.5   0.18411
    671.7   0.18588
    671.9   0.18412
    672.0   0.18140
    672.2   0.18135
    672.4   0.18210
    672.6   0.18066
    672.7   0.18142
    672.9   0.18719
    673.1   0.18798
    673.3   0.18601
    673.4   0.18284
    673.6   0.18272
    673.8   0.18317
    674.0   0.18453
    674.1   0.18282
    674.3   0.18240
    674.5   0.18316
    674.7   0.18465
    674.8   0.18558
    675.0   0.18436
    675.2   0.18135
    675.4   0.18197
    675.5   0.18233
    675.7   0.17993
    675.9   0.17973
    676.1   0.18068
    676.3   0.18095
    676.4   0.17994
    676.6   0.18175
    676.8   0.18394
    677.0   0.18147
    677.1   0.18045
    677.3   0.18011
    677.5   0.17884
    677.7   0.18158
    677.8   0.18199
    678.0   0.18234
    678.2   0.18434
    678.4   0.18476
    678.6   0.18204
    678.7   0.18197
    678.9   0.18394
    679.1   0.18740
    679.3   0.18668
    679.4   0.18566
    679.6   0.18515
    679.8   0.18067
    680.0   0.18029
    680.2   0.18138
    680.3   0.18008
    680.5   0.18077
    680.7   0.18435
    680.9   0.18255
    681.0   0.17971
    681.2   0.17951
    681.4   0.18265
    681.6   0.18469
    681.8   0.18399
    681.9   0.18611
    682.1   0.18721
    682.3   0.18421
    682.5   0.18119
    682.7   0.18320
    682.8   0.18421
    683.0   0.18762
    683.2   0.18797
    683.4   0.18593
    683.6   0.18639
    683.7   0.18535
    683.9   0.18399
    684.1   0.18492
    684.3   0.18501
    684.5   0.18714
    684.6   0.19130
    684.8   0.19063
    685.0   0.18822
    685.2   0.18871
    685.4   0.18753
    685.6   0.18536
    685.7   0.19002
    685.9   0.19023
    686.1   0.18688
    686.3   0.18683
    686.5   0.19122
    686.6   0.19094
    686.8   0.19077
    687.0   0.18956
    687.2   0.18847
    687.4   0.18857
    687.6   0.19322
    687.7   0.19489
    687.9   0.19373
    688.1   0.19172
    688.3   0.19003
    688.5   0.18658
    688.6   0.18558
    688.8   0.18838
    689.0   0.19094
    689.2   0.19123
    689.4   0.18973
    689.6   0.19096
    689.7   0.19483
    689.9   0.19523
    690.1   0.19351
    690.3   0.18703
    690.5   0.18488
    690.7   0.19035
    690.8   0.19470
    691.0   0.19440
    691.2   0.19028
    691.4   0.18759
    691.6   0.19122
    691.8   0.19360
    692.0   0.19389
    692.1   0.19244
    692.3   0.19227
    692.5   0.19239
    692.7   0.19097
    692.9   0.19260
    693.1   0.19468
    693.3   0.19452
    693.4   0.19428
    693.6   0.19331
    693.8   0.18904
    694.0   0.18928
    694.2   0.19122
    694.4   0.19182
    694.6   0.19260
    694.7   0.18995
    694.9   0.18903
    695.1   0.19040
    695.3   0.18988
    695.5   0.18749
    695.7   0.18561
    695.9   0.18774
    696.0   0.18744
    696.2   0.18559
    696.4   0.18574
    696.6   0.18642
    696.8   0.18424
    697.0   0.18461
    697.2   0.18542
    697.4   0.18702
    697.5   0.18823
    697.7   0.18858
    697.9   0.19091
    698.1   0.19224
    698.3   0.19251
    698.5   0.19518
    698.7   0.19817
    698.9   0.19842
    699.0   0.19600
    699.2   0.19515
    699.4   0.19819
    699.6   0.19855
    699.8   0.19811
    700.0   0.19882
    700.2   0.19954
    700.4   0.20002
    700.6   0.20191
    700.7   0.20631
    700.9   0.20528
    701.1   0.20449
    701.3   0.20665
    701.5   0.20790
    701.7   0.20679
    701.9   0.20681
    702.1   0.20624
    702.3   0.20685
    702.5   0.20625
    702.6   0.20524
    702.8   0.20883
    703.0   0.20928
    703.2   0.20925
    703.4   0.20845
    703.6   0.20572
    703.8   0.20756
    704.0   0.21238
    704.2   0.21408
    704.4   0.21409
    704.6   0.21018
    704.7   0.20831
    704.9   0.21173
    705.1   0.21395
    705.3   0.21276
    705.5   0.21282
    705.7   0.21418
    705.9   0.21708
    706.1   0.21598
    706.3   0.21512
    706.5   0.21528
    706.7   0.21587
    706.9   0.21634
    707.1   0.21486
    707.2   0.21557
    707.4   0.21836
    707.6   0.22040
    707.8   0.21848
    708.0   0.21755
    708.2   0.21866
    708.4   0.21821
    708.6   0.21876
    708.8   0.22118
    709.0   0.22123
    709.2   0.22222
    709.4   0.22260
    709.6   0.21935
    709.8   0.21888
    710.0   0.22047
    710.2   0.21999
    710.4   0.22060
    710.5   0.22248
    710.7   0.22443
    710.9   0.22407
    711.1   0.22534
    711.3   0.22686
    711.5   0.22655
    711.7   0.22461
    711.9   0.22370
    712.1   0.22420
    712.3   0.22552
    712.5   0.22725
    712.7   0.22740
    712.9   0.22606
    713.1   0.22686
    713.3   0.22558
    713.5   0.22677
    713.7   0.22901
    713.9   0.22924
    714.1   0.22774
    714.3   0.22837
    714.5   0.22998
    714.7   0.23109
    714.9   0.23112
    715.1   0.23016
    715.3   0.23104
    715.4   0.22953
    715.6   0.22966
    715.8   0.23158
    716.0   0.23431
    716.2   0.23457
    716.4   0.23285
    716.6   0.23076
    716.8   0.23040
    717.0   0.23325
    717.2   0.23518
    717.4   0.23538
    717.6   0.23451
    717.8   0.23386
    718.0   0.23368
    718.2   0.23394
    718.4   0.23476
    718.6   0.23623
    718.8   0.23609
    719.0   0.22719
    719.2   0.22561
    719.4   0.23161
    719.6   0.23477
    719.8   0.23695
    720.0   0.23842
    720.2   0.23817
    720.4   0.23964
    720.6   0.23811
    720.8   0.23723
    721.0   0.23930
    721.2   0.23843
    721.4   0.23661
    721.6   0.23813
    721.8   0.24052
    722.0   0.24001
    722.2   0.23993
    722.4   0.23971
    722.6   0.23900
    722.8   0.24074
    723.0   0.24298
    723.2   0.24423
    723.4   0.24426
    723.6   0.24269
    723.8   0.24409
    724.0   0.24647
    724.2   0.24563
    724.4   0.24383
    724.6   0.24158
    724.9   0.24323
    725.1   0.24558
    725.3   0.24405
    725.5   0.24344
    725.7   0.24586
    725.9   0.24700
    726.1   0.24571
    726.3   0.24529
    726.5   0.24645
    726.7   0.24746
    726.9   0.24907
    727.1   0.24805
    727.3   0.24605
    727.5   0.24661
    727.7   0.25007
    727.9   0.25123
    728.1   0.24910
    728.3   0.24815
    728.5   0.25132
    728.7   0.25068
    728.9   0.24918
    729.1   0.25075
    729.3   0.25073
    729.5   0.25195
    729.7   0.25320
    730.0   0.25144
    730.2   0.25202
    730.4   0.25363
    730.6   0.25347
    730.8   0.25131
    731.0   0.25158
    731.2   0.25389
    731.4   0.25552
    731.6   0.25483
    731.8   0.25483
    732.0   0.25549
    732.2   0.25477
    732.4   0.25542
    732.6   0.25679
    732.8   0.25487
    733.1   0.25363
    733.3   0.25500
    733.5   0.25882
    733.7   0.25816
    733.9   0.25870
    734.1   0.25151
    734.3   0.24466
    734.5   0.25159
    734.7   0.25521
    734.9   0.25488
    735.1   0.25730
    735.3   0.26120
    735.5   0.26208
    735.8   0.25962
    736.0   0.25879
    736.2   0.26290
    736.4   0.26318
    736.6   0.26352
    736.8   0.26102
    737.0   0.26094
    737.2   0.26458
    737.4   0.26497
    737.6   0.26365
    737.9   0.26253
    738.1   0.26346
    738.3   0.26119
    738.5   0.25762
    738.7   0.25986
    738.9   0.26150
    739.1   0.26481
    739.3   0.26961
    739.5   0.26353
    739.7   0.25932
    740.0   0.26280
    740.2   0.26037
    740.4   0.26196
    740.6   0.26615
    740.8   0.26877
    741.0   0.26642
    741.2   0.26235
    741.4   0.25798
    741.7   0.26010
    741.9   0.26410
    742.1   0.26505
    742.3   0.26388
    742.5   0.26361
    742.7   0.26299
    742.9   0.26387
    743.1   0.26557
    743.4   0.26677
    743.6   0.26567
    743.8   0.26664
    744.0   0.26670
    744.2   0.26578
    744.4   0.26413
    744.6   0.26711
    744.8   0.26657
    745.1   0.26571
    745.3   0.26471
    745.5   0.26429
    745.7   0.26898
    745.9   0.26811
    746.1   0.26726
    746.3   0.26778
    746.6   0.26880
    746.8   0.26885
    747.0   0.26961
    747.2   0.26971
    747.4   0.27020
    747.6   0.26914
    747.9   0.26773
    748.1   0.26844
    748.3   0.27065
    748.5   0.26777
    748.7   0.26836
    748.9   0.27019
    749.2   0.27102
    749.4   0.27219
    749.6   0.27047
    749.8   0.26063
    750.0   0.25555
    750.2   0.26265
    750.5   0.27240
    750.7   0.27343
    750.9   0.27232
    751.1   0.27109
    751.3   0.27217
    751.5   0.27335
    751.8   0.27353
    752.0   0.27312
    752.2   0.27435
    752.4   0.27470
    752.6   0.27229
    752.9   0.27176
    753.1   0.27262
    753.3   0.27423
    753.5   0.27505
    753.7   0.27518
    753.9   0.27459
    754.2   0.27379
    754.4   0.27283
    754.6   0.27381
    754.8   0.27534
    755.0   0.27216
    755.3   0.26637
    755.5   0.26680
    755.7   0.27017
    755.9   0.27159
    756.1   0.27424
    756.4   0.27617
    756.6   0.27594
    756.8   0.27447
    757.0   0.27528
    757.3   0.27621
    757.5   0.27618
    757.7   0.27679
    757.9   0.27780
    758.1   0.27775
    758.4   0.27661
    758.6   0.27532
    758.8   0.27618
    759.0   0.27661
    759.2   0.27783
    759.5   0.27757
    759.7   0.27740
    759.9   0.27822
    760.1   0.27821
    760.4   0.27769
    760.6   0.27802
    760.8   0.27793
    761.0   0.27705
    761.3   0.27893
    761.5   0.27934
    761.7   0.27897
    761.9   0.27929
    762.1   0.27838
    762.4   0.27838
    762.6   0.28043
    762.8   0.28048
    763.0   0.27904
    763.3   0.27917
    763.5   0.27994
    763.7   0.28013
    763.9   0.27997
    764.2   0.28061
    764.4   0.28037
    764.6   0.27989
    764.8   0.27957
    765.1   0.28086
    765.3   0.28222
    765.5   0.28231
    765.8   0.28258
    766.0   0.28170
    766.2   0.28067
    766.4   0.27984
    766.7   0.27969
    766.9   0.28108
    767.1   0.28197
    767.3   0.28223
    767.6   0.28200
    767.8   0.28152
    768.0   0.27943
    768.2   0.28082
    768.5   0.28339
    768.7   0.28214
    768.9   0.27985
    769.2   0.28095
    769.4   0.28203
    769.6   0.28198
    769.8   0.28256
    770.1   0.28252
    770.3   0.28189
    770.5   0.28214
    770.8   0.28263
    771.0   0.28382
    771.2   0.28449
    771.4   0.28349
    771.7   0.28328
    771.9   0.28536
    772.1   0.28498
    772.4   0.28332
    772.6   0.28206
    772.8   0.28173
    773.1   0.28312
    773.3   0.28323
    773.5   0.28369
    773.8   0.28408
    774.0   0.28488
    774.2   0.28479
    774.4   0.28422
    774.7   0.28431
    774.9   0.28485
    775.1   0.28558
    775.4   0.28408
    775.6   0.28351
    775.8   0.28438
    776.1   0.28500
    776.3   0.28554
    776.5   0.28650
    776.8   0.28504
    777.0   0.28382
    777.2   0.28411
    777.5   0.28510
    777.7   0.28520
    777.9   0.28476
    778.2   0.28467
    778.4   0.28539
    778.6   0.28646
    778.9   0.28686
    779.1   0.28553
    779.3   0.28625
    779.6   0.28680
    779.8   0.28576
    780.0   0.28661
    780.3   0.28850
    780.5   0.28795
    780.7   0.28759
    781.0   0.28793
    781.2   0.28734
    781.4   0.28634
    781.7   0.28670
    781.9   0.28768
    782.2   0.28688
    782.4   0.28644
    782.6   0.28698
    782.9   0.28713
    783.1   0.28760
    783.3   0.28705
    783.6   0.28765
    783.8   0.28918
    784.0   0.28922
    784.3   0.28913
    784.5   0.28933
    784.8   0.28802
    785.0   0.28820
    785.2   0.28949
    785.5   0.28992
    785.7   0.28914
    786.0   0.28821
    786.2   0.28804
    786.4   0.28819
    786.7   0.28860
    786.9   0.28821
    787.1   0.28756
    787.4   0.28852
    787.6   0.28860
    787.9   0.28924
    788.1   0.28890
    788.3   0.28845
    788.6   0.28786
    788.8   0.28745
    789.1   0.28888
    789.3   0.29019
    789.5   0.29072
    789.8   0.28997
    790.0   0.28901
    790.3   0.28944
    790.5   0.28889
    790.7   0.28836
    791.0   0.28959
    791.2   0.29125
    791.5   0.29181
    791.7   0.29094
    792.0   0.29136
    792.2   0.29209
    792.4   0.29067
    792.7   0.28933
    792.9   0.28926
    793.2   0.29089
    793.4   0.29048
    793.7   0.29032
    793.9   0.29090
    794.1   0.29049
    794.4   0.28989
    794.6   0.29046
    794.9   0.29183
    795.1   0.29183
    795.4   0.29159
    795.6   0.29150
    795.8   0.29118
    796.1   0.29082
    796.3   0.29075
    796.6   0.29040
    796.8   0.28936
    797.1   0.29082
    797.3   0.29249
    797.6   0.29303
    797.8   0.29256
    798.1   0.29278
    798.3   0.29251
    798.5   0.29076
    798.8   0.29039
    799.0   0.29084
    799.3   0.29211
    799.5   0.29307
    799.8   0.29248
    800.0   0.29233
    800.3   0.29226
    800.5   0.29281
    800.8   0.29285
    801.0   0.29195
    801.3   0.29155
    801.5   0.29265
    801.8   0.29365
    802.0   0.29443
    802.2   0.29332
    802.5   0.29353
    802.7   0.29472
    803.0   0.29536
    803.2   0.29473
    803.5   0.29401
    803.7   0.29361
    804.0   0.29402
    804.2   0.29455
    804.5   0.29511
    804.7   0.29499
    805.0   0.29336
    805.2   0.29296
    805.5   0.29305
    805.7   0.29412
    806.0   0.29369
    806.2   0.29359
    806.5   0.29474
    806.7   0.29414
    807.0   0.29366
    807.2   0.29449
    807.5   0.29485
    807.7   0.29440
    808.0   0.29432
    808.3   0.29485
    808.5   0.29441
    808.8   0.29491
    809.0   0.29578
    809.3   0.29505
    809.5   0.29489
    809.8   0.29463
    810.0   0.29424
    810.3   0.29428
    810.5   0.29463
    810.8   0.29458
    811.0   0.29507
    811.3   0.29516
    811.5   0.29556
    811.8   0.29643
    812.1   0.29588
    812.3   0.29555
    812.6   0.29542
    812.8   0.29515
    813.1   0.29544
    813.3   0.29612
    813.6   0.29609
    813.8   0.29614
    814.1   0.29610
    814.3   0.29576
    814.6   0.29614
    814.9   0.29643
    815.1   0.29549
    815.4   0.29595
    815.6   0.29666
    815.9   0.29757
    816.1   0.29767
    816.4   0.29756
    816.7   0.29655
    816.9   0.29561
    817.2   0.29692
    817.4   0.29783
    817.7   0.29737
    817.9   0.29738
    818.2   0.29755
    818.5   0.29729
    818.7   0.29747
    819.0   0.29939
    819.2   0.29927
    819.5   0.29767
    819.8   0.29803
    820.0   0.29797
    820.3   0.29791
    820.5   0.29849
    820.8   0.29848
    821.1   0.29911
    821.3   0.29863
    821.6   0.29891
    821.8   0.30035
    822.1   0.29972
    822.4   0.29821
    822.6   0.29882
    822.9   0.29967
    823.1   0.29851
    823.4   0.29736
    823.7   0.29880
    823.9   0.29946
    824.2   0.29933
    824.4   0.29983
    824.7   0.29881
    825.0   0.29854
    825.2   0.30000
    825.5   0.30084
    825.8   0.30059
    826.0   0.29997
    826.3   0.29951
    826.6   0.29986
    826.8   0.29981
    827.1   0.29973
    827.3   0.30153
    827.6   0.30235
    827.9   0.30084
    828.1   0.30057
    828.4   0.30149
    828.7   0.30174
    828.9   0.30128
    829.2   0.30132
    829.5   0.30174
    829.7   0.30173
    830.0   0.30103
    830.3   0.30194
    830.5   0.30188
    830.8   0.30101
    831.1   0.30227
    831.3   0.30342
    831.6   0.30300
    831.9   0.30300
    832.1   0.30362
    832.4   0.30322
    832.7   0.30330
    832.9   0.30304
    833.2   0.30316
    833.5   0.30444
    833.7   0.30453
    834.0   0.30472
    834.3   0.30403
    834.5   0.30343
    834.8   0.30406
    835.1   0.30402
    835.3   0.30438
    835.6   0.30539
    835.9   0.30533
    836.2   0.30519
    836.4   0.30437
    836.7   0.30442
    837.0   0.30556
    837.2   0.30527
    837.5   0.30543
    837.8   0.30590
    838.0   0.30610
    838.3   0.30582
    838.6   0.30553
    838.9   0.30576
    839.1   0.30614
    839.4   0.30680
    839.7   0.30633
    839.9   0.30573
    840.2   0.30714
    840.5   0.30860
    840.8   0.30785
    841.0   0.30682
    841.3   0.30725
    841.6   0.30778
    841.9   0.30830
    842.1   0.30806
    842.4   0.30822
    842.7   0.30880
    842.9   0.30780
    843.2   0.30785
    843.5   0.30884
    843.8   0.30938
    844.0   0.30967
    844.3   0.30943
    844.6   0.30928
    844.9   0.30920
    845.1   0.30955
    845.4   0.30976
    845.7   0.30957
    846.0   0.30985
    846.3   0.31004
    846.5   0.31026
    846.8   0.31043
    847.1   0.31099
    847.4   0.31126
    847.6   0.31098
    847.9   0.31123
    848.2   0.31100
    848.5   0.31089
    848.7   0.31049
    849.0   0.31062
    849.3   0.31097
    849.6   0.31073
    849.9   0.31032
    850.1   0.31130
    850.4   0.31251
    850.7   0.31287
    851.0   0.31287
    851.3   0.31271
    851.5   0.31230
    851.8   0.31274
    852.1   0.31267
    852.4   0.31270
    852.7   0.31332
    852.9   0.31363
    853.2   0.31350
    853.5   0.31379
    853.8   0.31353
    854.1   0.31401
    854.3   0.31450
    854.6   0.31466
    854.9   0.31454
    855.2   0.31466
    855.5   0.31461
    855.8   0.31469
    856.0   0.31484
    856.3   0.31563
    856.6   0.31554
    856.9   0.31537
    857.2   0.31545
    857.4   0.31573
    857.7   0.31623
    858.0   0.31671
    858.3   0.31615
    858.6   0.31629
    858.9   0.31759
    859.2   0.31826
    859.4   0.31865
    859.7   0.31822
    860.0   0.31852
    860.3   0.31878
    860.6   0.31960
    860.9   0.31950
    861.2   0.31919
    861.4   0.31880
    861.7   0.31863
    862.0   0.31884
    862.3   0.32004
    862.6   0.32002
    862.9   0.31970
    863.2   0.31968
    863.4   0.32005
    863.7   0.31966
    864.0   0.31987
    864.3   0.32034
    864.6   0.32063
    864.9   0.32057
    865.2   0.32101
    865.5   0.32095
    865.8   0.32146
    866.0   0.32142
    866.3   0.32144
    866.6   0.32158
    866.9   0.32242
    867.2   0.32353
    867.5   0.32341
    867.8   0.32357
    868.1   0.32408
    868.4   0.32386
    868.7   0.32419
    868.9   0.32416
    869.2   0.32401
    869.5   0.32447
    869.8   0.32524
    870.1   0.32533
    870.4   0.32550
    870.7   0.32505
    871.0   0.32495
    871.3   0.32531
    871.6   0.32552
    871.9   0.32580
    872.2   0.32642
    872.5   0.32621
    872.8   0.32568
    873.0   0.32549
    873.3   0.32566
    873.6   0.32664
    873.9   0.32737
    874.2   0.32751
    874.5   0.32718
    874.8   0.32712
    875.1   0.32700
    875.4   0.32679
    875.7   0.32723
    876.0   0.32858
    876.3   0.32843
    876.6   0.32821
    876.9   0.32929
    877.2   0.33005
    877.5   0.32933
    877.8   0.32950
    878.1   0.32957
    878.4   0.32953
    878.7   0.33007
    879.0   0.33010
    879.3   0.32990
    879.6   0.33052
    879.9   0.33071
    880.2   0.33041
    880.5   0.33022
    880.8   0.33073
    881.1   0.33099
    881.4   0.33162
    881.7   0.33183
    882.0   0.33242
    882.3   0.33290
    882.6   0.33297
    882.9   0.33244
    883.2   0.33129
    883.5   0.33180
    883.8   0.33279
    884.1   0.33321
    884.4   0.33311
    884.7   0.33394
    885.0   0.33464
    885.3   0.33462
    885.6   0.33397
    885.9   0.33326
    886.2   0.33334
    886.5   0.33484
    886.8   0.33585
    887.1   0.33588
    887.4   0.33511
    887.7   0.33530
    888.0   0.33579
    888.3   0.33562
    888.6   0.33589
    888.9   0.33536
    889.2   0.33579
    889.5   0.33660
    889.8   0.33695
    890.1   0.33691
    890.4   0.33696
    890.7   0.33628
    891.1   0.33646
    891.4   0.33754
    891.7   0.33785
    892.0   0.33745
    892.3   0.33780
    892.6   0.33815
    892.9   0.33791
    893.2   0.33886
    893.5   0.33901
    893.8   0.33910
    894.1   0.33911
    894.4   0.33948
    894.7   0.33924
    895.1   0.33987
    895.4   0.34016
    895.7   0.33980
    896.0   0.34002
    896.3   0.34004
    896.6   0.34017
    896.9   0.34054
    897.2   0.34062
    897.5   0.34040
    897.8   0.34080
    898.2   0.34189
    898.5   0.34229
    898.8   0.34204
    899.1   0.34156
    899.4   0.34129
    899.7   0.34177
    900.0   0.34272
    900.3   0.34318
    900.6   0.34319
    901.0   0.34350
    901.3   0.34356
    901.6   0.34344
    901.9   0.34368
    902.2   0.34464
    902.5   0.34478
    902.8   0.34446
    903.2   0.34370
    903.5   0.34374
    903.8   0.34422
    904.1   0.34443
    904.4   0.34524
    904.7   0.34546
    905.1   0.34531
    905.4   0.34523
    905.7   0.34502
    906.0   0.34492
    906.3   0.34487
    906.6   0.34525
    907.0   0.34554
    907.3   0.34569
    907.6   0.34578
    907.9   0.34582
    908.2   0.34595
    908.5   0.34637
    908.9   0.34655
    909.2   0.34690
    909.5   0.34703
    909.8   0.34749
    910.1   0.34771
    910.5   0.34733
    910.8   0.34717
    911.1   0.34726
    911.4   0.34729
    911.7   0.34813
    912.1   0.34877
    912.4   0.34880
    912.7   0.34867
    913.0   0.34807
    913.3   0.34806
    913.7   0.34887
    914.0   0.34910
    914.3   0.34878
    914.6   0.34917
    915.0   0.34948
    915.3   0.34908
    915.6   0.34876
    915.9   0.34952
    916.2   0.34983
    916.6   0.35011
    916.9   0.35081
    917.2   0.35116
    917.5   0.35097
    917.9   0.35046
    918.2   0.35003
    918.5   0.35012
    918.8   0.35030
    919.2   0.35092
    919.5   0.35190
    919.8   0.35186
    920.2   0.35166
    920.5   0.35166
    920.8   0.35141
    921.1   0.35130
    921.5   0.35208
    921.8   0.35272
    922.1   0.35364
    922.4   0.35383
    922.8   0.35336
    923.1   0.35375
    923.4   0.35346
    923.8   0.35277
    924.1   0.35248
    924.4   0.35267
    924.7   0.35313
    925.1   0.35398
    925.4   0.35438
    925.7   0.35446
    926.1   0.35468
    926.4   0.35518
    926.7   0.35499
    927.1   0.35461
    927.4   0.35504
    927.7   0.35533
    928.1   0.35529
    928.4   0.35478
    928.7   0.35480
    929.1   0.35555
    929.4   0.35600
    929.7   0.35602
    930.1   0.35556
    930.4   0.35534
    930.7   0.35605
    931.1   0.35714
    931.4   0.35728
    931.7   0.35704
    932.1   0.35671
    932.4   0.35696
    932.7   0.35703
    933.1   0.35704
    933.4   0.35725
    933.7   0.35740
    934.1   0.35722
    934.4   0.35739
    934.8   0.35733
    935.1   0.35751
    935.4   0.35736
    935.8   0.35751
    936.1   0.35768
    936.4   0.35798
    936.8   0.35797
    937.1   0.35790
    937.5   0.35814
    937.8   0.35839
    938.1   0.35876
    938.5   0.35865
    938.8   0.35836
    939.2   0.35883
    939.5   0.35923
    939.8   0.35970
    940.2   0.35984
    940.5   0.35960
    940.9   0.35960
    941.2   0.36024
    941.5   0.36023
    941.9   0.36001
    942.2   0.35958
    942.6   0.36010
    942.9   0.36034
    943.3   0.36017
    943.6   0.36069
    943.9   0.36051
    944.3   0.36005
    944.6   0.36038
    945.0   0.36068
    945.3   0.36075
    945.7   0.36063
    946.0   0.36056
    946.4   0.36082
    946.7   0.36101
    947.0   0.36096
    947.4   0.36067
    947.7   0.36032
    948.1   0.36005
    948.4   0.35967
    948.8   0.35939
    949.1   0.35856
    949.5   0.35789
    949.8   0.35591
    950.2   0.35322
    950.5   0.35068
    950.9   0.34829
    951.2   0.34522
    951.6   0.34349
    951.9   0.34380
    952.3   0.34562
    952.6   0.34815
    953.0   0.35130
    953.3   0.35375
    953.7   0.35574
    954.0   0.35745
    954.4   0.35831
    954.7   0.35947
    955.1   0.36046
    955.4   0.36125
    955.8   0.36186
    956.1   0.36139
    956.5   0.36099
    956.8   0.36262
    957.2   0.36469
    957.5   0.36476
    957.9   0.36411
    958.3   0.36449
    958.6   0.36475
    959.0   0.36492
    959.3   0.36515
    959.7   0.36547
    960.0   0.36525
    960.4   0.36526
    960.7   0.36586
    961.1   0.36628
    961.4   0.36631
    961.8   0.36635
    962.2   0.36642
    962.5   0.36653
    962.9   0.36716
    963.2   0.36725
    963.6   0.36718
    964.0   0.36701
    964.3   0.36684
    964.7   0.36703
    965.0   0.36738
    965.4   0.36794
    965.7   0.36861
    966.1   0.36833
    966.5   0.36809
    966.8   0.36806
    967.2   0.36770
    967.6   0.36797
    967.9   0.36822
    968.3   0.36803
    968.6   0.36827
    969.0   0.36878
    969.4   0.36871
    969.7   0.36905
    970.1   0.36942
    970.4   0.36905
    970.8   0.36895
    971.2   0.36918
    971.5   0.36933
    971.9   0.36929
    972.3   0.36912
    972.6   0.36944
    973.0   0.36935
    973.4   0.36943
    973.7   0.36975
    974.1   0.36997
    974.5   0.37042
    974.8   0.37021
    975.2   0.36987
    975.6   0.37006
    975.9   0.37062
    976.3   0.37082
    976.7   0.37072
    977.0   0.37085
    977.4   0.37083
    977.8   0.37090
    978.1   0.37119
    978.5   0.37145
    978.9   0.37142
    979.2   0.37165
    979.6   0.37172
    980.0   0.37170
    980.4   0.37175
    980.7   0.37184
    981.1   0.37174
    981.5   0.37174
    981.8   0.37174
    982.2   0.37169
    982.6   0.37211
    983.0   0.37221
    983.3   0.37247
    983.7   0.37309
    984.1   0.37341
    984.5   0.37336
    984.8   0.37301
    985.2   0.37286
    985.6   0.37288
    986.0   0.37292
    986.3   0.37305
    986.7   0.37350
    987.1   0.37354
    987.5   0.37325
    987.8   0.37318
    988.2   0.37321
    988.6   0.37329
    989.0   0.37384
    989.3   0.37400
    989.7   0.37418
    990.1   0.37398
    990.5   0.37399
    990.9   0.37436
    991.2   0.37452
    991.6   0.37431
    992.0   0.37404
    992.4   0.37408
    992.7   0.37418
    993.1   0.37428
    993.5   0.37480
    993.9   0.37525
    994.3   0.37524
    994.7   0.37495
    995.0   0.37541
    995.4   0.37557
    995.8   0.37540
    996.2   0.37550
    996.6   0.37593
    996.9   0.37583
    997.3   0.37547
    997.7   0.37564
    998.1   0.37584
    998.5   0.37579
    998.9   0.37586
    999.3   0.37621
    999.6   0.37608
   1000.0   0.37597
   1000.4   0.37630
   1000.8   0.37668
   1001.2   0.37632
   1001.6   0.37584
   1002.0   0.37597
   1002.3   0.37645
   1002.7   0.37669
   1003.1   0.37658
   1003.5   0.37651
   1003.9   0.37682
   1004.3   0.37708
   1004.7   0.37721
   1005.1   0.37754
   1005.5   0.37765
   1005.8   0.37734
   1006.2   0.37727
   1006.6   0.37751
   1007.0   0.37741
   1007.4   0.37748
   1007.8   0.37769
   1008.2   0.37750
   1008.6   0.37760
   1009.0   0.37790
   1009.4   0.37793
   1009.8   0.37790
   1010.2   0.37788
   1010.6   0.37792
   1010.9   0.37810
   1011.3   0.37879
   1011.7   0.37888
   1012.1   0.37852
   1012.5   0.37837
   1012.9   0.37833
   1013.3   0.37832
   1013.7   0.37853
   1014.1   0.37874
   1014.5   0.37893
   1014.9   0.37910
   1015.3   0.37888
   1015.7   0.37902
   1016.1   0.37930
   1016.5   0.37890
   1016.9   0.37873
   1017.3   0.37906
   1017.7   0.37934
   1018.1   0.37957
   1018.5   0.37959
   1018.9   0.37937
   1019.3   0.37937
   1019.7   0.37945
   1020.1   0.37961
   1020.5   0.37984
   1020.9   0.37997
   1021.3   0.37996
   1021.7   0.38006
   1022.1   0.38022
   1022.5   0.38005
   1022.9   0.38019
   1023.3   0.38042
   1023.7   0.38042
   1024.1   0.38041
   1024.5   0.38048
   1024.9   0.38070
   1025.3   0.38068
   1025.7   0.38039
   1026.2   0.38015
   1026.6   0.38041
   1027.0   0.38087
   1027.4   0.38097
   1027.8   0.38079
   1028.2   0.38078
   1028.6   0.38087
   1029.0   0.38102
   1029.4   0.38117
   1029.8   0.38113
   1030.2   0.38124
   1030.6   0.38129
   1031.1   0.38115
   1031.5   0.38116
   1031.9   0.38142
   1032.3   0.38168
   1032.7   0.38162
   1033.1   0.38170
   1033.5   0.38156
   1033.9   0.38149
   1034.3   0.38155
   1034.8   0.38160
   1035.2   0.38173
   1035.6   0.38188
   1036.0   0.38174
   1036.4   0.38179
   1036.8   0.38210
   1037.2   0.38194
   1037.7   0.38196
   1038.1   0.38213
   1038.5   0.38217
   1038.9   0.38218
   1039.3   0.38185
   1039.7   0.38184
   1040.2   0.38222
   1040.6   0.38219
   1041.0   0.38223
   1041.4   0.38226
   1041.8   0.38221
   1042.2   0.38238
   1042.7   0.38242
   1043.1   0.38249
   1043.5   0.38287
   1043.9   0.38309
   1044.3   0.38298
   1044.8   0.38288
   1045.2   0.38288
   1045.6   0.38303
   1046.0   0.38321
   1046.5   0.38338
   1046.9   0.38351
   1047.3   0.38365
   1047.7   0.38370
   1048.1   0.38361
   1048.6   0.38349
   1049.0   0.38344
   1049.4   0.38350
   1049.8   0.38348
   1050.3   0.38357
   1050.7   0.38357
   1051.1   0.38375
   1051.5   0.38398
   1052.0   0.38416
   1052.4   0.38427
   1052.8   0.38406
   1053.3   0.38407
   1053.7   0.38426
   1054.1   0.38435
   1054.5   0.38429
   1055.0   0.38426
   1055.4   0.38434
   1055.8   0.38457
   1056.3   0.38468
   1056.7   0.38472
   1057.1   0.38472
   1057.6   0.38487
   1058.0   0.38480
   1058.4   0.38497
   1058.9   0.38495
   1059.3   0.38483
   1059.7   0.38481
   1060.2   0.38484
   1060.6   0.38497
   1061.0   0.38513
   1061.5   0.38523
   1061.9   0.38521
   1062.3   0.38506
   1062.8   0.38529
   1063.2   0.38539
   1063.6   0.38524
   1064.1   0.38523
   1064.5   0.38548
   1064.9   0.38557
   1065.4   0.38552
   1065.8   0.38544
   1066.3   0.38544
   1066.7   0.38550
   1067.1   0.38556
   1067.6   0.38543
   1068.0   0.38547
   1068.5   0.38564
   1068.9   0.38593
   1069.3   0.38612
   1069.8   0.38606
   1070.2   0.38589
   1070.7   0.38582
   1071.1   0.38592
   1071.5   0.38603
   1072.0   0.38612
   1072.4   0.38631
   1072.9   0.38633
   1073.3   0.38610
   1073.8   0.38607
   1074.2   0.38620
   1074.7   0.38622
   1075.1   0.38613
   1075.5   0.38583
   1076.0   0.38588
   1076.4   0.38607
   1076.9   0.38614
   1077.3   0.38604
   1077.8   0.38610
   1078.2   0.38607
   1078.7   0.38610
   1079.1   0.38597
   1079.6   0.38580
   1080.0   0.38590
   1080.5   0.38602
   1080.9   0.38577
   1081.4   0.38560
   1081.8   0.38582
   1082.3   0.38600
   1082.7   0.38582
   1083.2   0.38590
   1083.6   0.38601
   1084.1   0.38602
   1084.5   0.38616
   1085.0   0.38617
   1085.5   0.38628
   1085.9   0.38646
   1086.4   0.38643
   1086.8   0.38651
   1087.3   0.38677
   1087.7   0.38684
   1088.2   0.38686
   1088.6   0.38698
   1089.1   0.38708
   1089.6   0.38726
   1090.0   0.38718
   1090.5   0.38734
   1090.9   0.38749
   1091.4   0.38753
   1091.9   0.38763
   1092.3   0.38774
   1092.8   0.38764
   1093.2   0.38769
   1093.7   0.38782
   1094.2   0.38803
   1094.6   0.38821
   1095.1   0.38820
   1095.5   0.38804
   1096.0   0.38822
   1096.5   0.38847
   1096.9   0.38846
   1097.4   0.38838
   1097.9   0.38845
   1098.3   0.38842
   1098.8   0.38827
   1099.3   0.38851
   1099.7   0.38874
   1100.2   0.38871
   1100.7   0.38861
   1101.1   0.38869
   1101.6   0.38880
   1102.1   0.38885
   1102.5   0.38896
   1103.0   0.38912
   1103.5   0.38921
   1103.9   0.38921
   1104.4   0.38930
   1104.9   0.38915
   1105.4   0.38919
   1105.8   0.38921
   1106.3   0.38903
   1106.8   0.38885
   1107.2   0.38878
   1107.7   0.38893
   1108.2   0.38880
   1108.7   0.38880
   1109.1   0.38897
   1109.6   0.38915
   1110.1   0.38909
   1110.6   0.38921
   1111.0   0.38930
   1111.5   0.38928
   1112.0   0.38954
   1112.5   0.38975
   1113.0   0.38976
   1113.4   0.38995
   1113.9   0.39010
   1114.4   0.38991
   1114.9   0.38979
   1115.3   0.39000
   1115.8   0.39029
   1116.3   0.39021
   1116.8   0.38986
   1117.3   0.38989
   1117.8   0.39009
   1118.2   0.39033
   1118.7   0.39027
   1119.2   0.39003
   1119.7   0.39002
   1120.2   0.39008
   1120.7   0.39019
   1121.1   0.39025
   1121.6   0.39028
   1122.1   0.39029
   1122.6   0.39019
   1123.1   0.39023
   1123.6   0.39021
   1124.1   0.39026
   1124.5   0.39064
   1125.0   0.39055
   1125.5   0.39039
   1126.0   0.39032
   1126.5   0.39050
   1127.0   0.39058
   1127.5   0.39052
   1128.0   0.39049
   1128.5   0.39063
   1128.9   0.39076
   1129.4   0.39083
   1129.9   0.39067
   1130.4   0.39059
   1130.9   0.39081
   1131.4   0.39082
   1131.9   0.39086
   1132.4   0.39099
   1132.9   0.39089
   1133.4   0.39086
   1133.9   0.39095
   1134.4   0.39082
   1134.9   0.39071
   1135.4   0.39078
   1135.9   0.39095
   1136.4   0.39109
   1136.9   0.39127
   1137.4   0.39126
   1137.9   0.39117
   1138.4   0.39101
   1138.9   0.39101
   1139.4   0.39097
   1139.9   0.39108
   1140.4   0.39110
   1140.9   0.39109
   1141.4   0.39124
   1141.9   0.39113
   1142.4   0.39113
   1142.9   0.39126
   1143.4   0.39127
   1143.9   0.39124
   1144.4   0.39132
   1144.9   0.39117
   1145.4   0.39119
   1145.9   0.39120
   1146.4   0.39112
   1146.9   0.39120
   1147.4   0.39144
   1147.9   0.39145
   1148.5   0.39161
   1149.0   0.39169
   1149.5   0.39160
   1150.0   0.39147
   1150.5   0.39151
   1151.0   0.39160
   1151.5   0.39152
   1152.0   0.39145
   1152.5   0.39149
   1153.1   0.39153
   1153.6   0.39161
   1154.1   0.39172
   1154.6   0.39187
   1155.1   0.39190
   1155.6   0.39187
   1156.1   0.39196
   1156.7   0.39180
   1157.2   0.39185
   1157.7   0.39190
   1158.2   0.39185
   1158.7   0.39179
   1159.2   0.39181
   1159.8   0.39186
   1160.3   0.39181
   1160.8   0.39194
   1161.3   0.39211
   1161.8   0.39214
   1162.4   0.39218
   1162.9   0.39220
   1163.4   0.39204
   1163.9   0.39224
   1164.5   0.39244
   1165.0   0.39239
   1165.5   0.39238
   1166.0   0.39246
   1166.5   0.39245
   1167.1   0.39227
   1167.6   0.39235
   1168.1   0.39244
   1168.7   0.39238
   1169.2   0.39242
   1169.7   0.39255
   1170.2   0.39241
   1170.8   0.39246
   1171.3   0.39247
   1171.8   0.39255
   1172.4   0.39263
   1172.9   0.39261
   1173.4   0.39261
   1173.9   0.39260
   1174.5   0.39272
   1175.0   0.39292
   1175.5   0.39275
   1176.1   0.39256
   1176.6   0.39240
   1177.1   0.39257
   1177.7   0.39277
   1178.2   0.39269
   1178.7   0.39274
   1179.3   0.39290
   1179.8   0.39294
   1180.4   0.39283
   1180.9   0.39269
   1181.4   0.39298
   1182.0   0.39300
   1182.5   0.39289
   1183.1   0.39296
   1183.6   0.39297
   1184.1   0.39299
   1184.7   0.39308
   1185.2   0.39306
   1185.8   0.39311
   1186.3   0.39319
   1186.8   0.39307
   1187.4   0.39305
   1187.9   0.39307
   1188.5   0.39311
   1189.0   0.39318
   1189.6   0.39325
   1190.1   0.39320
   1190.7   0.39325
   1191.2   0.39336
   1191.8   0.39339
   1192.3   0.39344
   1192.9   0.39343
   1193.4   0.39355
   1194.0   0.39360
   1194.5   0.39348
   1195.1   0.39332
   1195.6   0.39318
   1196.2   0.39307
   1196.7   0.39308
   1197.3   0.39322
   1197.8   0.39338
   1198.4   0.39348
   1198.9   0.39351
   1199.5   0.39351
   1200.0   0.39337
   1200.6   0.39345
   1201.1   0.39350
   1201.7   0.39344
   1202.3   0.39355
   1202.8   0.39382
   1203.4   0.39371
   1203.9   0.39362
   1204.5   0.39352
   1205.1   0.39338
   1205.6   0.39317
   1206.2   0.39317
   1206.7   0.39336
   1207.3   0.39342
   1207.9   0.39344
   1208.4   0.39345
   1209.0   0.39344
   1209.6   0.39334
   1210.1   0.39342
   1210.7   0.39360
   1211.2   0.39353
   1211.8   0.39351
   1212.4   0.39362
   1212.9   0.39365
   1213.5   0.39356
   1214.1   0.39349
   1214.7   0.39360
   1215.2   0.39364
   1215.8   0.39375
   1216.4   0.39380
   1216.9   0.39355
   1217.5   0.39349
   1218.1   0.39367
   1218.6   0.39375
   1219.2   0.39378
   1219.8   0.39371
   1220.4   0.39366
   1220.9   0.39368
   1221.5   0.39375
   1222.1   0.39370
   1222.7   0.39374
   1223.3   0.39367
   1223.8   0.39349
   1224.4   0.39356
   1225.0   0.39366
   1225.6   0.39359
   1226.1   0.39354
   1226.7   0.39338
   1227.3   0.39333
   1227.9   0.39308
   1228.5   0.39277
   1229.1   0.39263
   1229.6   0.39233
   1230.2   0.39193
   1230.8   0.39139
   1231.4   0.39051
   1232.0   0.38939
   1232.6   0.38871
   1233.1   0.38823
   1233.7   0.38796
   1234.3   0.38828
   1234.9   0.38907
   1235.5   0.39006
   1236.1   0.39102
   1236.7   0.39193
   1237.3   0.39272
   1237.9   0.39306
   1238.4   0.39314
   1239.0   0.39347
   1239.6   0.39385
   1240.2   0.39392
   1240.8   0.39402
   1241.4   0.39405
   1242.0   0.39404
   1242.6   0.39411
   1243.2   0.39413
   1243.8   0.39429
   1244.4   0.39442
   1245.0   0.39421
   1245.6   0.39416
   1246.2   0.39434
   1246.8   0.39441
   1247.4   0.39450
   1248.0   0.39442
   1248.6   0.39443
   1249.2   0.39436
   1249.8   0.39420
   1250.4   0.39421
   1251.0   0.39439
   1251.6   0.39452
   1252.2   0.39471
   1252.8   0.39480
   1253.4   0.39467
   1254.0   0.39464
   1254.6   0.39468
   1255.2   0.39457
   1255.8   0.39453
   1256.5   0.39472
   1257.1   0.39481
   1257.7   0.39482
   1258.3   0.39487
   1258.9   0.39490
   1259.5   0.39497
   1260.1   0.39488
   1260.7   0.39480
   1261.3   0.39472
   1262.0   0.39483
   1262.6   0.39503
   1263.2   0.39504
   1263.8   0.39480
   1264.4   0.39480
   1265.0   0.39487
   1265.7   0.39491
   1266.3   0.39494
   1266.9   0.39513
   1267.5   0.39507
   1268.1   0.39491
   1268.8   0.39486
   1269.4   0.39486
   1270.0   0.39482
   1270.6   0.39483
   1271.2   0.39476
   1271.9   0.39474
   1272.5   0.39480
   1273.1   0.39481
   1273.7   0.39488
   1274.4   0.39496
   1275.0   0.39477
   1275.6   0.39466
   1276.3   0.39488
   1276.9   0.39487
   1277.5   0.39476
   1278.1   0.39473
   1278.8   0.39463
   1279.4   0.39470
   1280.0   0.39481
   1280.7   0.39488
   1281.3   0.39488
   1281.9   0.39488
   1282.6   0.39488
   1283.2   0.39482
   1283.8   0.39462
   1284.5   0.39465
   1285.1   0.39471
   1285.7   0.39449
   1286.4   0.39439
   1287.0   0.39449
   1287.7   0.39454
   1288.3   0.39444
   1288.9   0.39450
   1289.6   0.39439
   1290.2   0.39443
   1290.9   0.39448
   1291.5   0.39433
   1292.2   0.39437
   1292.8   0.39433
   1293.4   0.39423
   1294.1   0.39443
   1294.7   0.39444
   1295.4   0.39442
   1296.0   0.39431
   1296.7   0.39439
   1297.3   0.39457
   1298.0   0.39435
   1298.6   0.39407
   1299.3   0.39395
   1299.9   0.39392
   1300.6   0.39399
   1301.2   0.39414
   1301.9   0.39411
   1302.5   0.39409
   1303.2   0.39425
   1303.9   0.39419
   1304.5   0.39412
   1305.2   0.39408
   1305.8   0.39393
   1306.5   0.39385
   1307.1   0.39375
   1307.8   0.39368
   1308.5   0.39381
   1309.1   0.39387
   1309.8   0.39365
   1310.4   0.39351
   1311.1   0.39343
   1311.8   0.39325
   1312.4   0.39308
   1313.1   0.39303
   1313.8   0.39300
   1314.4   0.39282
   1315.1   0.39264
   1315.8   0.39261
   1316.4   0.39256
   1317.1   0.39248
   1317.8   0.39255
   1318.4   0.39223
   1319.1   0.39187
   1319.8   0.39168
   1320.5   0.39154
   1321.1   0.39150
   1321.8   0.39145
   1322.5   0.39129
   1323.2   0.39121
   1323.8   0.39099
   1324.5   0.39084
   1325.2   0.39094
   1325.9   0.39104
   1326.5   0.39083
   1327.2   0.39032
   1327.9   0.38979
   1328.6   0.38934
   1329.3   0.38911
   1329.9   0.38903
   1330.6   0.38891
   1331.3   0.38872
   1332.0   0.38868
   1332.7   0.38868
   1333.4   0.38843
   1334.1   0.38802
   1334.7   0.38761
   1335.4   0.38730
   1336.1   0.38699
   1336.8   0.38683
   1337.5   0.38711
   1338.2   0.38769
   1338.9   0.38839
   1339.6   0.38916
   1340.3   0.39010
   1341.0   0.39085
   1341.6   0.39130
   1342.3   0.39157
   1343.0   0.39183
   1343.7   0.39173
   1344.4   0.39158
   1345.1   0.39137
   1345.8   0.39095
   1346.5   0.39067
   1347.2   0.39056
   1347.9   0.39052
   1348.6   0.39068
   1349.3   0.39099
   1350.0   0.39124
   1350.7   0.39141
   1351.4   0.39138
   1352.1   0.39113
   1352.9   0.39111
   1353.6   0.39123
   1354.3   0.39136
   1355.0   0.39128
   1355.7   0.39114
   1356.4   0.39106
   1357.1   0.39073
   1357.8   0.38999
   1358.5   0.38930
   1359.2   0.38830
   1360.0   0.38681
   1360.7   0.38495
   1361.4   0.38306
   1362.1   0.38246
   1362.8   0.38378
   1363.5   0.38504
   1364.2   0.38506
   1365.0   0.38479
   1365.7   0.38577
   1366.4   0.38696
   1367.1   0.38761
   1367.8   0.38781
   1368.6   0.38821
   1369.3   0.38890
   1370.0   0.38917
   1370.7   0.38893
   1371.5   0.38886
   1372.2   0.38881
   1372.9   0.38888
   1373.6   0.38884
   1374.4   0.38862
   1375.1   0.38812
   1375.8   0.38789
   1376.6   0.38745
   1377.3   0.38682
   1378.0   0.38644
   1378.8   0.38593
   1379.5   0.38535
   1380.2   0.38465
   1381.0   0.38335
   1381.7   0.38307
   1382.4   0.38207
   1383.2   0.38040
   1383.9   0.37946
   1384.7   0.37788
   1385.4   0.37519
   1386.1   0.37200
   1386.9   0.36782
   1387.6   0.36230
   1388.4   0.35481
   1389.1   0.34494
   1389.8   0.33190
   1390.6   0.31326
   1391.3   0.28752
   1392.1   0.25471
   1392.8   0.21676
   1393.6   0.18802
   1394.3   0.18463
   1395.1   0.20469
   1395.8   0.23750
   1396.6   0.26894
   1397.3   0.29532
   1398.1   0.31454
   1398.8   0.32921
   1399.6   0.34043
   1400.4   0.34942
   1401.1   0.35693
   1401.9   0.36331
   1402.6   0.36747
   1403.4   0.36987
   1404.2   0.37080
   1404.9   0.37057
   1405.7   0.37074
   1406.4   0.37212
   1407.2   0.37411
   1408.0   0.37673
   1408.7   0.37873
   1409.5   0.37995
   1410.3   0.38128
   1411.0   0.38271
   1411.8   0.38398
   1412.6   0.38533
   1413.3   0.38647
   1414.1   0.38731
   1414.9   0.38815
   1415.7   0.38908
   1416.4   0.38992
   1417.2   0.39074
   1418.0   0.39127
   1418.8   0.39156
   1419.5   0.39164
   1420.3   0.39180
   1421.1   0.39193
   1421.9   0.39190
   1422.6   0.39165
   1423.4   0.39113
   1424.2   0.39072
   1425.0   0.39057
   1425.8   0.39028
   1426.6   0.39016
   1427.3   0.39003
   1428.1   0.38972
   1428.9   0.38957
   1429.7   0.38963
   1430.5   0.38969
   1431.3   0.38973
   1432.1   0.39004
   1432.9   0.39048
   1433.7   0.39106
   1434.5   0.39149
   1435.3   0.39179
   1436.0   0.39222
   1436.8   0.39251
   1437.6   0.39263
   1438.4   0.39278
   1439.2   0.39308
   1440.0   0.39340
   1440.8   0.39364
   1441.6   0.39383
   1442.4   0.39387
   1443.2   0.39396
   1444.0   0.39405
   1444.9   0.39412
   1445.7   0.39412
   1446.5   0.39438
   1447.3   0.39479
   1448.1   0.39491
   1448.9   0.39503
   1449.7   0.39508
   1450.5   0.39499
   1451.3   0.39492
   1452.1   0.39490
   1453.0   0.39478
   1453.8   0.39457
   1454.6   0.39437
   1455.4   0.39419
   1456.2   0.39388
   1457.0   0.39384
   1457.9   0.39387
   1458.7   0.39411
   1459.5   0.39434
   1460.3   0.39442
   1461.1   0.39436
   1462.0   0.39458
   1462.8   0.39476
   1463.6   0.39485
   1464.4   0.39504
   1465.3   0.39510
   1466.1   0.39530
   1466.9   0.39545
   1467.8   0.39569
   1468.6   0.39592
   1469.4   0.39592
   1470.3   0.39590
   1471.1   0.39584
   1471.9   0.39598
   1472.8   0.39607
   1473.6   0.39616
   1474.4   0.39620
   1475.3   0.39618
   1476.1   0.39612
   1477.0   0.39627
   1477.8   0.39635
   1478.6   0.39653
   1479.5   0.39665
   1480.3   0.39671
   1481.2   0.39665
   1482.0   0.39656
   1482.9   0.39669
   1483.7   0.39683
   1484.6   0.39680
   1485.4   0.39686
   1486.3   0.39688
   1487.1   0.39682
   1488.0   0.39681
   1488.8   0.39683
   1489.7   0.39700
   1490.6   0.39713
   1491.4   0.39705
   1492.3   0.39701
   1493.1   0.39708
   1494.0   0.39714
   1494.8   0.39712
   1495.7   0.39715
   1496.6   0.39723
   1497.4   0.39730
   1498.3   0.39718
   1499.2   0.39703
   1500.0   0.39710
   1500.9   0.39711
   1501.8   0.39718
   1502.6   0.39733
   1503.5   0.39730
   1504.4   0.39729
   1505.3   0.39738
   1506.1   0.39743
   1507.0   0.39734
   1507.9   0.39741
   1508.8   0.39738
   1509.6   0.39735
   1510.5   0.39733
   1511.4   0.39725
   1512.3   0.39734
   1513.2   0.39739
   1514.1   0.39743
   1514.9   0.39741
   1515.8   0.39726
   1516.7   0.39732
   1517.6   0.39747
   1518.5   0.39741
   1519.4   0.39732
   1520.3   0.39741
   1521.2   0.39744
   1522.1   0.39743
   1523.0   0.39735
   1523.8   0.39737
   1524.7   0.39749
   1525.6   0.39747
   1526.5   0.39745
   1527.4   0.39740
   1528.3   0.39745
   1529.2   0.39742
   1530.1   0.39738
   1531.0   0.39746
   1532.0   0.39744
   1532.9   0.39740
   1533.8   0.39729
   1534.7   0.39719
   1535.6   0.39724
   1536.5   0.39739
   1537.4   0.39750
   1538.3   0.39748
   1539.2   0.39742
   1540.1   0.39732
   1541.1   0.39725
   1542.0   0.39733
   1542.9   0.39743
   1543.8   0.39743
   1544.7   0.39733
   1545.7   0.39721
   1546.6   0.39719
   1547.5   0.39717
   1548.4   0.39712
   1549.4   0.39705
   1550.3   0.39690
   1551.2   0.39684
   1552.1   0.39680
   1553.1   0.39678
   1554.0   0.39687
   1554.9   0.39700
   1555.9   0.39709
   1556.8   0.39714
   1557.7   0.39715
   1558.7   0.39714
   1559.6   0.39714
   1560.5   0.39721
   1561.5   0.39736
   1562.4   0.39736
   1563.4   0.39726
   1564.3   0.39722
   1565.3   0.39716
   1566.2   0.39711
   1567.2   0.39713
   1568.1   0.39727
   1569.0   0.39729
   1570.0   0.39740
   1571.0   0.39740
   1571.9   0.39735
   1572.9   0.39735
   1573.8   0.39727
   1574.8   0.39718
   1575.7   0.39726
   1576.7   0.39729
   1577.6   0.39730
   1578.6   0.39727
   1579.6   0.39731
   1580.5   0.39728
   1581.5   0.39731
   1582.5   0.39735
   1583.4   0.39734
   1584.4   0.39728
   1585.4   0.39722
   1586.3   0.39718
   1587.3   0.39730
   1588.3   0.39732
   1589.3   0.39738
   1590.2   0.39739
   1591.2   0.39723
   1592.2   0.39714
   1593.2   0.39706
   1594.1   0.39705
   1595.1   0.39711
   1596.1   0.39712
   1597.1   0.39708
   1598.1   0.39708
   1599.1   0.39713
   1600.0   0.39707
   1601.0   0.39702
   1602.0   0.39699
   1603.0   0.39693
   1604.0   0.39686
   1605.0   0.39681
   1606.0   0.39680
   1607.0   0.39684
   1608.0   0.39692
   1609.0   0.39700
   1610.0   0.39697
   1611.0   0.39694
   1612.0   0.39701
   1613.0   0.39706
   1614.0   0.39702
   1615.0   0.39704
   1616.0   0.39701
   1617.0   0.39706
   1618.0   0.39700
   1619.0   0.39698
   1620.0   0.39701
   1621.1   0.39697
   1622.1   0.39702
   1623.1   0.39716
   1624.1   0.39714
   1625.1   0.39701
   1626.1   0.39707
   1627.2   0.39705
   1628.2   0.39699
   1629.2   0.39691
   1630.2   0.39690
   1631.3   0.39684
   1632.3   0.39680
   1633.3   0.39684
   1634.3   0.39692
   1635.4   0.39704
   1636.4   0.39702
   1637.4   0.39692
   1638.5   0.39693
   1639.5   0.39688
   1640.5   0.39686
   1641.6   0.39692
   1642.6   0.39689
   1643.7   0.39688
   1644.7   0.39677
   1645.8   0.39674
   1646.8   0.39686
   1647.8   0.39682
   1648.9   0.39678
   1649.9   0.39688
   1651.0   0.39681
   1652.1   0.39674
   1653.1   0.39671
   1654.2   0.39664
   1655.2   0.39671
   1656.3   0.39671
   1657.3   0.39665
   1658.4   0.39664
   1659.5   0.39660
   1660.5   0.39663
   1661.6   0.39661
   1662.6   0.39660
   1663.7   0.39656
   1664.8   0.39648
   1665.9   0.39640
   1666.9   0.39630
   1668.0   0.39632
   1669.1   0.39634
   1670.1   0.39624
   1671.2   0.39626
   1672.3   0.39620
   1673.4   0.39620
   1674.5   0.39618
   1675.5   0.39615
   1676.6   0.39609
   1677.7   0.39610
   1678.8   0.39591
   1679.9   0.39584
   1681.0   0.39588
   1682.1   0.39581
   1683.2   0.39564
   1684.3   0.39554
   1685.3   0.39538
   1686.4   0.39536
   1687.5   0.39531
   1688.6   0.39526
   1689.7   0.39528
   1690.8   0.39532
   1692.0   0.39523
   1693.1   0.39533
   1694.2   0.39543
   1695.3   0.39534
   1696.4   0.39537
   1697.5   0.39540
   1698.6   0.39537
   1699.7   0.39524
   1700.8   0.39514
   1701.9   0.39509
   1703.1   0.39505
   1704.2   0.39504
   1705.3   0.39512
   1706.4   0.39521
   1707.6   0.39523
   1708.7   0.39520
   1709.8   0.39511
   1710.9   0.39511
   1712.1   0.39517
   1713.2   0.39505
   1714.3   0.39502
   1715.5   0.39504
   1716.6   0.39495
   1717.7   0.39483
   1718.9   0.39482
   1720.0   0.39472
   1721.2   0.39455
   1722.3   0.39454
   1723.4   0.39452
   1724.6   0.39445
   1725.7   0.39437
   1726.9   0.39425
   1728.0   0.39409
   1729.2   0.39401
   1730.4   0.39404
   1731.5   0.39414
   1732.7   0.39421
   1733.8   0.39426
   1735.0   0.39431
   1736.1   0.39426
   1737.3   0.39422
   1738.5   0.39427
   1739.6   0.39430
   1740.8   0.39421
   1742.0   0.39415
   1743.2   0.39398
   1744.3   0.39397
   1745.5   0.39407
   1746.7   0.39410
   1747.9   0.39414
   1749.0   0.39408
   1750.2   0.39406
   1751.4   0.39394
   1752.6   0.39386
   1753.8   0.39392
   1755.0   0.39403
   1756.1   0.39391
   1757.3   0.39392
   1758.5   0.39410
   1759.7   0.39408
   1760.9   0.39409
   1762.1   0.39416
   1763.3   0.39418
   1764.5   0.39414
   1765.7   0.39407
   1766.9   0.39408
   1768.1   0.39420
   1769.3   0.39421
   1770.5   0.39412
   1771.7   0.39412
   1773.0   0.39425
   1774.2   0.39427
   1775.4   0.39418
   1776.6   0.39399
   1777.8   0.39414
   1779.0   0.39435
   1780.3   0.39445
   1781.5   0.39420
   1782.7   0.39396
   1783.9   0.39413
   1785.2   0.39421
   1786.4   0.39421
   1787.6   0.39417
   1788.9   0.39411
   1790.1   0.39405
   1791.3   0.39394
   1792.6   0.39387
   1793.8   0.39374
   1795.1   0.39360
   1796.3   0.39359
   1797.6   0.39349
   1798.8   0.39336
   1800.0   0.39324
   1801.3   0.39299
   1802.6   0.39289
   1803.8   0.39289
   1805.1   0.39288
   1806.3   0.39274
   1807.6   0.39264
   1808.8   0.39288
   1810.1   0.39309
   1811.4   0.39303
   1812.6   0.39298
   1813.9   0.39309
   1815.2   0.39319
   1816.4   0.39302
   1817.7   0.39316
   1819.0   0.39320
   1820.3   0.39279
   1821.6   0.39238
   1822.8   0.39262
   1824.1   0.39316
   1825.4   0.39313
   1826.7   0.39246
   1828.0   0.39250
   1829.3   0.39259
   1830.6   0.39225
   1831.8   0.39222
   1833.1   0.39243
   1834.4   0.39253
   1835.7   0.39201
   1837.0   0.39140
   1838.3   0.39147
   1839.7   0.39182
   1841.0   0.39162
   1842.3   0.39129
   1843.6   0.39176
   1844.9   0.39246
   1846.2   0.39227
   1847.5   0.39122
   1848.8   0.39076
   1850.2   0.39178
   1851.5   0.39205
   1852.8   0.39187
   1854.1   0.39135
   1855.5   0.39157
   1856.8   0.39156
   1858.1   0.39144
   1859.4   0.39128
   1860.8   0.39067
   1862.1   0.39121
   1863.5   0.39138
   1864.8   0.39106
   1866.1   0.39127
   1867.5   0.39092
   1868.8   0.39010
   1870.2   0.39016
   1871.5   0.38983
   1872.9   0.38966
   1874.2   0.38957
   1875.6   0.38993
   1876.9   0.38993
   1878.3   0.39002
   1879.7   0.39048
   1881.0   0.39048
   1882.4   0.39037
   1883.8   0.39009
   1885.1   0.38966
   1886.5   0.38963
   1887.9   0.38970
   1889.3   0.38966
   1890.6   0.38913
   1892.0   0.38892
   1893.4   0.38889
   1894.8   0.38893
   1896.2   0.38903
   1897.6   0.38861
   1899.0   0.38792
   1900.3   0.38728
   1901.7   0.38737
   1903.1   0.38733
   1904.5   0.38701
   1905.9   0.38669
   1907.3   0.38658
   1908.7   0.38721
   1910.1   0.38725
   1911.6   0.38689
   1913.0   0.38661
   1914.4   0.38638
   1915.8   0.38653
   1917.2   0.38674
   1918.6   0.38684
   1920.0   0.38633
   1921.5   0.38576
   1922.9   0.38640
   1924.3   0.38645
   1925.8   0.38633
   1927.2   0.38630
   1928.6   0.38610
   1930.1   0.38609
   1931.5   0.38615
   1932.9   0.38614
   1934.4   0.38597
   1935.8   0.38582
   1937.3   0.38577
   1938.7   0.38551
   1940.2   0.38533
   1941.6   0.38538
   1943.1   0.38531
   1944.5   0.38510
   1946.0   0.38493
   1947.5   0.38471
   1948.9   0.38454
   1950.4   0.38436
   1951.9   0.38425
   1953.3   0.38420
   1954.8   0.38418
   1956.3   0.38420
   1957.8   0.38424
   1959.2   0.38427
   1960.7   0.38447
   1962.2   0.38459
   1963.7   0.38470
   1965.2   0.38474
   1966.7   0.38481
   1968.2   0.38491
   1969.7   0.38493
   1971.2   0.38494
   1972.7   0.38484
   1974.2   0.38471
   1975.7   0.38461
   1977.2   0.38453
   1978.7   0.38452
   1980.2   0.38456
   1981.7   0.38450
   1983.2   0.38435
   1984.7   0.38424
   1986.3   0.38421
   1987.8   0.38410
   1989.3   0.38407
   1990.8   0.38401
   1992.4   0.38385
   1993.9   0.38381
   1995.4   0.38379
   1997.0   0.38368
   1998.5   0.38357
   2000.1   0.38347
   2001.6   0.38342
   2003.1   0.38340
   2004.7   0.38327
   2006.2   0.38318
   2007.8   0.38310
   2009.4   0.38297
   2010.9   0.38273
   2012.5   0.38251
   2014.0   0.38226
   2015.6   0.38210
   2017.2   0.38214
   2018.7   0.38213
   2020.3   0.38199
   2021.9   0.38189
   2023.5   0.38202
   2025.1   0.38199
   2026.6   0.38187
   2028.2   0.38190
   2029.8   0.38207
   2031.4   0.38210
   2033.0   0.38200
   2034.6   0.38204
   2036.2   0.38213
   2037.8   0.38218
   2039.4   0.38211
   2041.0   0.38195
   2042.6   0.38187
   2044.2   0.38187
   2045.8   0.38169
   2047.4   0.38123
   2049.1   0.38052
   2050.7   0.37970
   2052.3   0.37838
   2053.9   0.37666
   2055.6   0.37459
   2057.2   0.37230
   2058.8   0.36990
   2060.5   0.36759
   2062.1   0.36552
   2063.7   0.36389
   2065.4   0.36279
   2067.0   0.36229
   2068.7   0.36209
   2070.3   0.36183
   2072.0   0.36119
   2073.7   0.35991
   2075.3   0.35809
   2077.0   0.35549
   2078.6   0.35192
   2080.3   0.34715
   2082.0   0.34183
   2083.7   0.33778
   2085.3   0.33603
   2087.0   0.33630
   2088.7   0.33815
   2090.4   0.34138
   2092.1   0.34573
   2093.8   0.35081
   2095.4   0.35595
   2097.1   0.36060
   2098.8   0.36441
   2100.5   0.36720
   2102.2   0.36901
   2104.0   0.37014
   2105.7   0.37089
   2107.4   0.37121
   2109.1   0.37121
   2110.8   0.37057
   2112.5   0.36967
   2114.2   0.36881
   2116.0   0.36757
   2117.7   0.36600
   2119.4   0.36445
   2121.2   0.36314
   2122.9   0.36152
   2124.6   0.35905
   2126.4   0.35620
   2128.1   0.35362
   2129.9   0.35164
   2131.6   0.35002
   2133.4   0.34842
   2135.1   0.34669
   2136.9   0.34479
   2138.7   0.34328
   2140.4   0.34241
   2142.2   0.34147
   2144.0   0.33923
   2145.8   0.33543
   2147.5   0.33064
   2149.3   0.32507
   2151.1   0.31826
   2152.9   0.30984
   2154.7   0.29990
   2156.5   0.28941
   2158.3   0.27895
   2160.1   0.26580
   2161.9   0.24621
   2163.7   0.22367
   2165.5   0.20603
   2167.3   0.19648
   2169.1   0.19507
   2170.9   0.20366
   2172.7   0.22078
   2174.6   0.24082
   2176.4   0.25955
   2178.2   0.27616
   2180.0   0.29076
   2181.9   0.30293
   2183.7   0.31257
   2185.6   0.32025
   2187.4   0.32625
   2189.2   0.33089
   2191.1   0.33447
   2193.0   0.33701
   2194.8   0.33868
   2196.7   0.33955
   2198.5   0.33970
   2200.4   0.33939
   2202.3   0.33934
   2204.1   0.34019
   2206.0   0.34135
   2207.9   0.34194
   2209.8   0.34181
   2211.7   0.34098
   2213.6   0.33946
   2215.4   0.33753
   2217.3   0.33554
   2219.2   0.33364
   2221.1   0.33226
   2223.0   0.33282
   2225.0   0.33578
   2226.9   0.33965
   2228.8   0.34257
   2230.7   0.34412
   2232.6   0.34487
   2234.5   0.34494
   2236.5   0.34457
   2238.4   0.34405
   2240.3   0.34349
   2242.3   0.34272
   2244.2   0.34176
   2246.2   0.34076
   2248.1   0.33975
   2250.1   0.33853
   2252.0   0.33718
   2254.0   0.33579
   2255.9   0.33439
   2257.9   0.33320
   2259.9   0.33192
   2261.8   0.33046
   2263.8   0.32895
   2265.8   0.32757
   2267.8   0.32607
   2269.8   0.32441
   2271.8   0.32255
   2273.7   0.32042
   2275.7   0.31795
   2277.7   0.31530
   2279.7   0.31217
   2281.7   0.30862
   2283.8   0.30498
   2285.8   0.30150
   2287.8   0.29872
   2289.8   0.29656
   2291.8   0.29490
   2293.9   0.29366
   2295.9   0.29254
   2297.9   0.29117
   2300.0   0.28935
   2302.0   0.28703
   2304.1   0.28458
   2306.1   0.28221
   2308.2   0.27975
   2310.2   0.27691
   2312.3   0.27315
   2314.3   0.26845
   2316.4   0.26344
   2318.5   0.25905
   2320.6   0.25636
   2322.6   0.25631
   2324.7   0.25912
   2326.8   0.26419
   2328.9   0.27064
   2331.0   0.27707
   2333.1   0.28251
   2335.2   0.28650
   2337.3   0.28889
   2339.4   0.28990
   2341.5   0.28928
   2343.6   0.28665
   2345.8   0.28297
   2347.9   0.27997
   2350.0   0.27914
   2352.1   0.28017
   2354.3   0.28146
   2356.4   0.28238
   2358.6   0.28344
   2360.7   0.28446
   2362.9   0.28503
   2365.0   0.28587
   2367.2   0.28736
   2369.3   0.28933
   2371.5   0.29144
   2373.7   0.29289
   2375.9   0.29269
   2378.0   0.29024
   2380.2   0.28576
   2382.4   0.28077
   2384.6   0.27644
   2386.8   0.27286
   2389.0   0.26978
   2391.2   0.26723
   2393.4   0.26616
   2395.6   0.26679
   2397.8   0.26805
   2400.1   0.26884
   2402.3   0.26884
   2404.5   0.26845
   2406.7   0.26806
   2409.0   0.26817
   2411.2   0.26862
   2413.5   0.26919
   2415.7   0.26935
   2418.0   0.26891
   2420.2   0.26774
   2422.5   0.26536
   2424.8   0.26260
   2427.0   0.26063
   2429.3   0.25930
   2431.6   0.25824
   2433.9   0.25810
   2436.2   0.25910
   2438.4   0.26108
   2440.7   0.26365
   2443.0   0.26526
   2445.3   0.26520
   2447.7   0.26471
   2450.0   0.26441
   2452.3   0.26375
   2454.6   0.26196
   2456.9   0.25943
   2459.3   0.25878
   2461.6   0.26064
   2463.9   0.26186
   2466.3   0.26122
   2468.6   0.26016
   2471.0   0.25949
   2473.3   0.25911
   2475.7   0.25809
   2478.1   0.25512
   2480.4   0.24996
   2482.8   0.24498
   2485.2   0.24222
   2487.6   0.24089
   2490.0   0.23932
   2492.4   0.23701
   2494.8   0.23494
   2497.2   0.23418
   2499.6   0.23344
   2502.0   0.23163
   2504.4   0.22943
   2506.8   0.22785
   2509.3   0.22657
   2511.7   0.22599
   2514.1   0.22706
   2516.6   0.22949
   2519.0   0.23252
   2521.5   0.23639
   2523.9   0.24098
   2526.4   0.24571
   2528.8   0.24938
   2531.3   0.25179
   2533.8   0.25370
   2536.3   0.25476
   2538.8   0.25429
   2541.2   0.25327
   2543.7   0.25076
   2546.2   0.24522
   2548.7   0.23891
   2551.2   0.23534
   2553.8   0.23792
   2556.3   0.24455
   2558.8   0.24752
   2561.3   0.24688
   2563.9   0.24572
   2566.4   0.24525
   2568.9   0.24320
   2571.5   0.23869
   2574.0   0.23684
   2576.6   0.24080
   2579.2   0.24529
   2581.7   0.24549
   2584.3   0.24068
   2586.9   0.23288
   2589.5   0.22538
   2592.1   0.21928
   2594.7   0.21396
   2597.3   0.20331
   2599.9   0.19713
   2602.5   0.19670
   2605.1   0.19709
   2607.7   0.19530
   2610.3   0.19479
   2613.0   0.19809
   2615.6   0.20462
   2618.3   0.21287
   2620.9   0.22170
   2623.6   0.22890
   2626.2   0.23262
   2628.9   0.23394
   2631.5   0.23466
   2634.2   0.23586
   2636.9   0.23695
   2639.6   0.23739
   2642.3   0.23732
   2645.0   0.23773
   2647.7   0.23877
   2650.4   0.24017
   2653.1   0.23953
   2655.8   0.23714
   2658.5   0.23441
   2661.3   0.23128
   2664.0   0.22742
   2666.7   0.22276
   2669.5   0.21660
   2672.2   0.21191
   2675.0   0.20822
   2677.8   0.20400
   2680.5   0.19739
   2683.3   0.19313
   2686.1   0.18702
   2688.9   0.17773
   2691.7   0.16754
   2694.5   0.15709
   2697.3   0.14171
   2700.1   0.12896
   2702.9   0.11724
   2705.7   0.10276
   2708.5   0.09025
   2711.4   0.07747
   2714.2   0.05923
   2717.1   0.04819
   2719.9   0.04666
   2722.8   0.04800
   2725.6   0.04653
   2728.5   0.05048
   2731.4   0.05737
   2734.2   0.06572
   2737.1   0.07596
   2740.0   0.08336
   2742.9   0.08184
   2745.8   0.07960
   2748.7   0.08961
   2751.7   0.10100
   2754.6   0.10765
   2757.5   0.11879
   2760.5   0.13367
   2763.4   0.14332
   2766.3   0.15375
   2769.3   0.16126
   2772.3   0.16852
   2775.2   0.17647
   2778.2   0.17898
   2781.2   0.17588
   2784.2   0.17511
   2787.2   0.17706
   2790.2   0.18174
   2793.2   0.18769
   2796.2   0.19210
   2799.2   0.19516
   2802.2   0.19547
   2805.3   0.19353
   2808.3   0.19344
   2811.4   0.19469
   2814.4   0.19719
   2817.5   0.20001
   2820.5   0.20230
   2823.6   0.20411
   2826.7   0.20489
   2829.8   0.20436
   2832.9   0.20309
   2836.0   0.19995
   2839.1   0.19577
   2842.2   0.19230
   2845.3   0.18885
   2848.4   0.18609
   2851.6   0.18491
   2854.7   0.18395
   2857.8   0.18234
   2861.0   0.18145
   2864.2   0.18091
   2867.3   0.17920
   2870.5   0.17747
   2873.7   0.17773
   2876.9   0.18167
   2880.1   0.18768
   2883.3   0.19290
   2886.5   0.19451
   2889.7   0.19301
   2892.9   0.19213
   2896.2   0.19434
   2899.4   0.19700
   2902.7   0.19905
   2905.9   0.20038
   2909.2   0.20184
   2912.4   0.20289
   2915.7   0.20142
   2919.0   0.19705
   2922.3   0.19350
   2925.6   0.19365
   2928.9   0.19790
   2932.2   0.20267
   2935.5   0.20637
   2938.9   0.20869
   2942.2   0.20999
   2945.5   0.21036
   2948.9   0.21005
   2952.2   0.20885
   2955.6   0.20681
   2959.0   0.20417
   2962.4   0.20173
   2965.8   0.19940
   2969.1   0.19718
   2972.6   0.19456
   2976.0   0.19292
   2979.4   0.19300
   2982.8   0.19468
   2986.3   0.19672
   2989.7   0.19850
   2993.1   0.20015
   2996.6   0.20165
   3000.1   0.20276
   3003.6   0.20340
   3007.0   0.20409
   3010.5   0.20543
   3014.0   0.20741
   3017.5   0.21016
   3021.1   0.21299
   3024.6   0.21563
   3028.1   0.21686
   3031.7   0.21739
   3035.2   0.21798
   3038.8   0.21917
   3042.3   0.22055
   3045.9   0.22185
   3049.5   0.22249
   3053.1   0.22290
   3056.7   0.22345
   3060.3   0.22408
   3063.9   0.22434
   3067.5   0.22464
   3071.2   0.22515
   3074.8   0.22613
   3078.5   0.22720
   3082.1   0.22828
   3085.8   0.22921
   3089.5   0.23011
   3093.2   0.23093
   3096.9   0.23161
   3100.6   0.23196
   3104.3   0.23242
   3108.0   0.23323
   3111.7   0.23429
   3115.5   0.23560
   3119.2   0.23712
   3123.0   0.23845
   3126.7   0.23951
   3130.5   0.24027
   3134.3   0.24101
   3138.1   0.24154
   3141.9   0.24203
   3145.7   0.24241
   3149.5   0.24287
   3153.4   0.24331
   3157.2   0.24323
   3161.1   0.24303
   3164.9   0.24324
   3168.8   0.24380
   3172.7   0.24464
   3176.6   0.24544
   3180.5   0.24622
   3184.4   0.24755
   3188.3   0.24911
   3192.2   0.25027
   3196.1   0.25101



 9607PP02    .ASC                        

 PP-CMP-002                                                              
 Pyrophilite                                                             

 Source Ang: 30.00   Detect Ang: 30.00  Volt: 1.222
 Date: 15-JUL-96   Time: 15:21:42
