  3046
    300.0   0.68588
    305.0   0.69683
    310.0   0.71135
    315.0   0.72520
    320.0   0.74033
    325.0   0.75234
    330.0   0.76486
    335.0   0.77529
    340.0   0.78594
    345.0   0.79520
    350.0   0.80387
    355.0   0.81235
    360.0   0.81951
    365.0   0.82829
    370.0   0.83338
    375.0   0.84098
    380.0   0.84556
    385.0   0.85083
    390.0   0.85366
    395.0   0.85624
    400.0   0.85908
    405.0   0.86171
    410.0   0.86504
    415.0   0.86767
    420.0   0.87027
    425.0   0.87311
    430.0   0.87604
    435.0   0.87872
    440.0   0.88118
    445.0   0.88354
    450.0   0.88572
    455.0   0.88814
    460.0   0.88967
    465.0   0.89141
    470.0   0.89327
    475.0   0.89485
    480.0   0.89645
    485.0   0.89845
    490.0   0.89995
    495.0   0.90181
    500.0   0.90312
    505.0   0.90424
    510.0   0.90627
    515.0   0.90765
    520.0   0.90929
    525.0   0.91081
    530.0   0.91127
    535.0   0.91209
    540.0   0.91262
    545.0   0.91387
    550.0   0.91472
    555.0   0.91584
    560.0   0.91720
    565.0   0.91819
    570.0   0.91896
    575.0   0.91972
    580.0   0.92076
    585.0   0.92110
    590.0   0.92158
    595.0   0.92246
    600.0   0.92114
    605.0   0.92273
    610.0   0.92200
    615.0   0.92109
    620.0   0.92041
    625.0   0.92051
    630.0   0.92006
    635.0   0.91980
    640.0   0.91861
    645.0   0.91949
    650.0   0.91944
    655.0   0.91950
    660.0   0.91985
    665.0   0.91910
    670.0   0.91944
    675.0   0.92042
    680.0   0.92025
    685.0   0.92038
    690.0   0.92018
    695.0   0.91990
    700.0   0.92014
    705.0   0.92060
    710.0   0.92049
    715.0   0.91999
    720.0   0.92125
    725.0   0.92033
    730.0   0.92226
    735.0   0.92116
    740.0   0.92146
    745.0   0.92067
    750.0   0.92167
    755.0   0.92001
    760.0   0.92173
    765.0   0.92167
    770.0   0.92147
    775.0   0.92190
    780.0   0.92207
    785.0   0.92090
    790.0   0.92223
    795.0   0.92189
    800.0   0.92166
    805.0   0.92269
    810.0   0.92299
    815.0   0.92319
    820.0   0.92433
    825.0   0.92406
    830.0   0.92435
    835.0   0.92346
    840.0   0.92472
    845.0   0.92398
    850.0   0.92482
    855.0   0.92577
    860.0   0.92637
    865.0   0.92647
    870.0   0.92668
    875.0   0.92622
    880.0   0.92701
    885.0   0.92740
    890.0   0.92841
    895.0   0.92786
    900.0   0.92840
    905.0   0.92770
    910.0   0.92965
    915.0   0.92923
    920.0   0.92987
    925.0   0.92974
    930.0   0.93008
    935.0   0.93073
    940.0   0.93055
    945.0   0.93125
    950.0   0.93192
    955.0   0.93216
    960.0   0.93227
    965.0   0.93252
    970.0   0.93324
    975.0   0.93323
    980.0   0.93312
    985.0   0.93483
    990.0   0.93408
    995.0   0.93484
   1000.0   0.93350
   1005.0   0.93374
   1010.0   0.93437
   1015.0   0.93561
   1020.0   0.93477
   1025.0   0.93588
   1030.0   0.93629
   1035.0   0.93664
   1040.0   0.93606
   1045.0   0.93628
   1050.0   0.93676
   1055.0   0.93739
   1060.0   0.93762
   1065.0   0.93790
   1070.0   0.93795
   1075.0   0.93826
   1080.0   0.93832
   1085.0   0.93892
   1090.0   0.93894
   1095.0   0.93925
   1100.0   0.93956
   1105.0   0.93974
   1110.0   0.94000
   1115.0   0.93979
   1120.0   0.94123
   1125.0   0.94054
   1130.0   0.94078
   1135.0   0.94076
   1140.0   0.94138
   1145.0   0.94149
   1150.0   0.94142
   1155.0   0.94193
   1160.0   0.94222
   1165.0   0.94206
   1170.0   0.94324
   1175.0   0.94261
   1180.0   0.94332
   1185.0   0.94322
   1190.0   0.94325
   1195.0   0.94351
   1200.0   0.94311
   1205.0   0.94390
   1210.0   0.94343
   1215.0   0.94459
   1220.0   0.94392
   1225.0   0.94439
   1230.0   0.94423
   1235.0   0.94470
   1240.0   0.94457
   1245.0   0.94456
   1250.0   0.94438
   1255.0   0.94427
   1260.0   0.94529
   1265.0   0.94545
   1270.0   0.94523
   1275.0   0.94541
   1280.0   0.94511
   1285.0   0.94549
   1290.0   0.94492
   1295.0   0.94538
   1300.0   0.94559
   1305.0   0.94578
   1310.0   0.94635
   1315.0   0.94600
   1320.0   0.94648
   1325.0   0.94630
   1330.0   0.94708
   1335.0   0.94687
   1340.0   0.94712
   1345.0   0.94694
   1350.0   0.94624
   1355.0   0.94442
   1360.0   0.94509
   1365.0   0.94642
   1370.0   0.94665
   1375.0   0.94616
   1380.0   0.94456
   1385.0   0.94803
   1390.0   0.94818
   1395.0   0.94550
   1400.0   0.94518
   1405.0   0.94507
   1410.0   0.94706
   1415.0   0.94613
   1420.0   0.94556
   1425.0   0.94684
   1430.0   0.94658
   1435.0   0.94773
   1440.0   0.94707
   1445.0   0.94688
   1450.0   0.94676
   1455.0   0.94699
   1460.0   0.94666
   1465.0   0.94721
   1470.0   0.94699
   1475.0   0.94758
   1480.0   0.94729
   1485.0   0.94794
   1490.0   0.94728
   1495.0   0.94851
   1500.0   0.94799
   1505.0   0.94853
   1510.0   0.94825
   1515.0   0.94885
   1520.0   0.94917
   1525.0   0.94979
   1530.0   0.94919
   1535.0   0.94895
   1540.0   0.94930
   1545.0   0.94915
   1550.0   0.94968
   1555.0   0.94954
   1560.0   0.94885
   1565.0   0.94926
   1570.0   0.94960
   1575.0   0.94931
   1580.0   0.94970
   1585.0   0.94912
   1590.0   0.95011
   1595.0   0.94970
   1600.0   0.95120
   1605.0   0.95061
   1610.0   0.95103
   1615.0   0.95113
   1620.0   0.95100
   1625.0   0.95109
   1630.0   0.95010
   1635.0   0.94975
   1640.0   0.95045
   1645.0   0.95062
   1650.0   0.95194
   1655.0   0.95048
   1660.0   0.95021
   1665.0   0.95083
   1670.0   0.95159
   1675.0   0.95090
   1680.0   0.95051
   1685.0   0.95107
   1690.0   0.95078
   1695.0   0.95035
   1700.0   0.95053
   1705.0   0.95048
   1710.0   0.95032
   1715.0   0.95043
   1720.0   0.94987
   1725.0   0.95008
   1730.0   0.94907
   1735.0   0.94909
   1740.0   0.94914
   1745.0   0.94864
   1750.0   0.94848
   1751.2   0.94858
   1751.8   0.94857
   1752.4   0.94852
   1752.9   0.94843
   1753.5   0.94836
   1754.1   0.94833
   1754.7   0.94835
   1755.3   0.94836
   1755.9   0.94829
   1756.5   0.94825
   1757.1   0.94821
   1757.7   0.94825
   1758.3   0.94823
   1758.9   0.94816
   1759.5   0.94808
   1760.1   0.94793
   1760.7   0.94795
   1761.3   0.94804
   1761.9   0.94791
   1762.5   0.94779
   1763.1   0.94790
   1763.7   0.94809
   1764.3   0.94813
   1764.9   0.94815
   1765.5   0.94824
   1766.1   0.94829
   1766.7   0.94828
   1767.3   0.94828
   1767.9   0.94833
   1768.5   0.94841
   1769.1   0.94845
   1769.7   0.94854
   1770.3   0.94855
   1770.9   0.94849
   1771.5   0.94851
   1772.1   0.94859
   1772.7   0.94864
   1773.3   0.94875
   1773.9   0.94880
   1774.6   0.94884
   1775.2   0.94883
   1775.8   0.94876
   1776.4   0.94877
   1777.0   0.94878
   1777.6   0.94866
   1778.2   0.94865
   1778.8   0.94867
   1779.4   0.94864
   1780.0   0.94862
   1780.6   0.94873
   1781.3   0.94873
   1781.9   0.94863
   1782.5   0.94862
   1783.1   0.94868
   1783.7   0.94865
   1784.3   0.94861
   1784.9   0.94856
   1785.6   0.94851
   1786.2   0.94855
   1786.8   0.94859
   1787.4   0.94859
   1788.0   0.94867
   1788.6   0.94869
   1789.3   0.94863
   1789.9   0.94860
   1790.5   0.94864
   1791.1   0.94859
   1791.7   0.94851
   1792.3   0.94857
   1793.0   0.94862
   1793.6   0.94856
   1794.2   0.94850
   1794.8   0.94844
   1795.4   0.94845
   1796.1   0.94843
   1796.7   0.94838
   1797.3   0.94824
   1797.9   0.94810
   1798.6   0.94808
   1799.2   0.94812
   1799.8   0.94820
   1800.4   0.94837
   1801.1   0.94839
   1801.7   0.94825
   1802.3   0.94815
   1802.9   0.94798
   1803.6   0.94789
   1804.2   0.94786
   1804.8   0.94779
   1805.4   0.94798
   1806.1   0.94817
   1806.7   0.94796
   1807.3   0.94771
   1808.0   0.94758
   1808.6   0.94754
   1809.2   0.94752
   1809.9   0.94747
   1810.5   0.94771
   1811.1   0.94768
   1811.8   0.94735
   1812.4   0.94738
   1813.0   0.94737
   1813.7   0.94694
   1814.3   0.94680
   1814.9   0.94711
   1815.6   0.94761
   1816.2   0.94707
   1816.8   0.94669
   1817.5   0.94645
   1818.1   0.94647
   1818.7   0.94646
   1819.4   0.94618
   1820.0   0.94723
   1820.7   0.94799
   1821.3   0.94709
   1821.9   0.94697
   1822.6   0.94639
   1823.2   0.94580
   1823.9   0.94538
   1824.5   0.94540
   1825.2   0.94543
   1825.8   0.94700
   1826.4   0.94815
   1827.1   0.94611
   1827.7   0.94520
   1828.4   0.94583
   1829.0   0.94583
   1829.7   0.94556
   1830.3   0.94570
   1830.9   0.94640
   1831.6   0.94583
   1832.2   0.94488
   1832.9   0.94478
   1833.5   0.94424
   1834.2   0.94430
   1834.8   0.94526
   1835.5   0.94553
   1836.1   0.94624
   1836.8   0.94578
   1837.4   0.94576
   1838.1   0.94571
   1838.7   0.94375
   1839.4   0.94461
   1840.0   0.94577
   1840.7   0.94440
   1841.3   0.94511
   1842.0   0.94652
   1842.7   0.94444
   1843.3   0.94295
   1844.0   0.94253
   1844.6   0.94205
   1845.3   0.94177
   1845.9   0.94217
   1846.6   0.94444
   1847.3   0.94603
   1847.9   0.94518
   1848.6   0.94436
   1849.2   0.94244
   1849.9   0.94203
   1850.6   0.94202
   1851.2   0.94168
   1851.9   0.94129
   1852.5   0.94214
   1853.2   0.94324
   1853.9   0.94418
   1854.5   0.94260
   1855.2   0.94105
   1855.8   0.94144
   1856.5   0.94306
   1857.2   0.94243
   1857.8   0.94082
   1858.5   0.94039
   1859.2   0.94179
   1859.8   0.94340
   1860.5   0.94214
   1861.2   0.94056
   1861.8   0.93958
   1862.5   0.93941
   1863.2   0.93925
   1863.9   0.93959
   1864.5   0.93953
   1865.2   0.93852
   1865.9   0.93783
   1866.5   0.93778
   1867.2   0.93912
   1867.9   0.94064
   1868.6   0.93867
   1869.2   0.93735
   1869.9   0.93745
   1870.6   0.93904
   1871.3   0.93935
   1871.9   0.93623
   1872.6   0.93694
   1873.3   0.93825
   1874.0   0.93588
   1874.6   0.93408
   1875.3   0.93406
   1876.0   0.93346
   1876.7   0.93432
   1877.3   0.93465
   1878.0   0.93328
   1878.7   0.93320
   1879.4   0.93360
   1880.1   0.93425
   1880.8   0.93502
   1881.4   0.93553
   1882.1   0.93577
   1882.8   0.93626
   1883.5   0.93756
   1884.2   0.93889
   1884.9   0.93831
   1885.6   0.93826
   1886.2   0.93888
   1886.9   0.93950
   1887.6   0.93944
   1888.3   0.93952
   1889.0   0.93988
   1889.7   0.94120
   1890.4   0.94210
   1891.1   0.94096
   1891.7   0.94108
   1892.4   0.94151
   1893.1   0.94125
   1893.8   0.94148
   1894.5   0.94118
   1895.2   0.94095
   1895.9   0.94088
   1896.6   0.94092
   1897.3   0.94144
   1898.0   0.94187
   1898.7   0.94199
   1899.4   0.94362
   1900.1   0.94395
   1900.8   0.94259
   1901.4   0.94144
   1902.2   0.94185
   1902.8   0.94341
   1903.6   0.94255
   1904.3   0.94145
   1904.9   0.94319
   1905.7   0.94399
   1906.3   0.94321
   1907.1   0.94284
   1907.8   0.94132
   1908.4   0.94092
   1909.2   0.94090
   1909.9   0.94077
   1910.6   0.94105
   1911.3   0.94157
   1912.0   0.94146
   1912.7   0.94117
   1913.4   0.94255
   1914.1   0.94238
   1914.8   0.94085
   1915.5   0.94055
   1916.2   0.94085
   1916.9   0.94052
   1917.6   0.93996
   1918.3   0.93980
   1919.1   0.94033
   1919.8   0.94184
   1920.5   0.94314
   1921.2   0.94198
   1921.9   0.93986
   1922.6   0.93944
   1923.3   0.93967
   1924.0   0.94048
   1924.8   0.93997
   1925.5   0.93935
   1926.2   0.93937
   1926.9   0.93972
   1927.6   0.93966
   1928.3   0.94004
   1929.0   0.93988
   1929.8   0.93917
   1930.5   0.93906
   1931.2   0.93881
   1931.9   0.93852
   1932.6   0.93831
   1933.4   0.93851
   1934.1   0.93862
   1934.8   0.93822
   1935.5   0.93815
   1936.3   0.93863
   1937.0   0.93848
   1937.7   0.93803
   1938.4   0.93801
   1939.1   0.93814
   1939.9   0.93795
   1940.6   0.93759
   1941.3   0.93763
   1942.1   0.93744
   1942.8   0.93718
   1943.5   0.93709
   1944.2   0.93722
   1945.0   0.93718
   1945.7   0.93683
   1946.4   0.93665
   1947.2   0.93664
   1947.9   0.93659
   1948.6   0.93638
   1949.3   0.93607
   1950.1   0.93592
   1950.8   0.93590
   1951.6   0.93588
   1952.3   0.93577
   1953.0   0.93576
   1953.8   0.93567
   1954.5   0.93544
   1955.2   0.93527
   1956.0   0.93511
   1956.7   0.93495
   1957.4   0.93481
   1958.2   0.93469
   1958.9   0.93461
   1959.7   0.93448
   1960.4   0.93438
   1961.2   0.93429
   1961.9   0.93428
   1962.6   0.93420
   1963.4   0.93403
   1964.1   0.93384
   1964.9   0.93366
   1965.6   0.93351
   1966.3   0.93336
   1967.1   0.93318
   1967.8   0.93313
   1968.6   0.93304
   1969.3   0.93287
   1970.1   0.93280
   1970.8   0.93279
   1971.6   0.93282
   1972.3   0.93279
   1973.1   0.93271
   1973.8   0.93255
   1974.6   0.93238
   1975.3   0.93226
   1976.1   0.93225
   1976.8   0.93218
   1977.6   0.93207
   1978.4   0.93202
   1979.1   0.93195
   1979.9   0.93185
   1980.6   0.93173
   1981.4   0.93156
   1982.1   0.93142
   1982.9   0.93129
   1983.7   0.93113
   1984.4   0.93092
   1985.2   0.93061
   1985.9   0.93023
   1986.7   0.93003
   1987.5   0.92984
   1988.2   0.92943
   1989.0   0.92898
   1989.8   0.92861
   1990.5   0.92819
   1991.3   0.92775
   1992.0   0.92734
   1992.8   0.92694
   1993.6   0.92661
   1994.3   0.92630
   1995.1   0.92595
   1995.9   0.92562
   1996.6   0.92543
   1997.4   0.92543
   1998.2   0.92552
   1998.9   0.92564
   1999.7   0.92589
   2000.5   0.92622
   2001.3   0.92667
   2002.0   0.92724
   2002.8   0.92778
   2003.6   0.92832
   2004.4   0.92887
   2005.1   0.92945
   2005.9   0.93006
   2006.7   0.93067
   2007.5   0.93109
   2008.2   0.93136
   2009.0   0.93157
   2009.8   0.93187
   2010.6   0.93227
   2011.4   0.93263
   2012.1   0.93298
   2012.9   0.93323
   2013.7   0.93338
   2014.5   0.93355
   2015.3   0.93378
   2016.1   0.93400
   2016.8   0.93414
   2017.6   0.93420
   2018.4   0.93434
   2019.2   0.93457
   2020.0   0.93467
   2020.8   0.93473
   2021.6   0.93483
   2022.3   0.93497
   2023.1   0.93516
   2023.9   0.93525
   2024.7   0.93526
   2025.5   0.93523
   2026.3   0.93526
   2027.1   0.93548
   2027.9   0.93569
   2028.7   0.93570
   2029.5   0.93582
   2030.3   0.93595
   2031.1   0.93599
   2031.8   0.93606
   2032.7   0.93614
   2033.4   0.93614
   2034.3   0.93612
   2035.0   0.93618
   2035.8   0.93637
   2036.6   0.93644
   2037.4   0.93643
   2038.2   0.93650
   2039.1   0.93649
   2039.8   0.93647
   2040.7   0.93651
   2041.4   0.93646
   2042.3   0.93643
   2043.1   0.93639
   2043.9   0.93635
   2044.7   0.93637
   2045.5   0.93641
   2046.3   0.93634
   2047.1   0.93627
   2047.9   0.93627
   2048.7   0.93630
   2049.5   0.93627
   2050.3   0.93626
   2051.1   0.93622
   2052.0   0.93618
   2052.8   0.93614
   2053.6   0.93607
   2054.4   0.93603
   2055.2   0.93602
   2056.0   0.93607
   2056.8   0.93609
   2057.7   0.93602
   2058.5   0.93594
   2059.3   0.93591
   2060.1   0.93586
   2060.9   0.93579
   2061.8   0.93579
   2062.6   0.93576
   2063.4   0.93576
   2064.2   0.93573
   2065.0   0.93581
   2065.9   0.93587
   2066.7   0.93581
   2067.5   0.93576
   2068.3   0.93574
   2069.1   0.93575
   2070.0   0.93577
   2070.8   0.93568
   2071.6   0.93556
   2072.5   0.93544
   2073.3   0.93534
   2074.1   0.93531
   2074.9   0.93535
   2075.8   0.93542
   2076.6   0.93543
   2077.4   0.93541
   2078.3   0.93530
   2079.1   0.93517
   2079.9   0.93516
   2080.8   0.93515
   2081.6   0.93514
   2082.4   0.93513
   2083.3   0.93512
   2084.1   0.93505
   2085.0   0.93492
   2085.8   0.93486
   2086.6   0.93486
   2087.5   0.93479
   2088.3   0.93471
   2089.2   0.93456
   2090.0   0.93448
   2090.9   0.93446
   2091.7   0.93443
   2092.5   0.93431
   2093.4   0.93419
   2094.2   0.93413
   2095.1   0.93409
   2095.9   0.93393
   2096.8   0.93372
   2097.6   0.93359
   2098.5   0.93352
   2099.3   0.93345
   2100.2   0.93336
   2101.0   0.93323
   2101.9   0.93306
   2102.7   0.93297
   2103.6   0.93285
   2104.4   0.93272
   2105.3   0.93266
   2106.1   0.93251
   2107.0   0.93228
   2107.9   0.93214
   2108.7   0.93212
   2109.6   0.93201
   2110.4   0.93187
   2111.3   0.93172
   2112.1   0.93161
   2113.0   0.93149
   2113.9   0.93132
   2114.7   0.93113
   2115.6   0.93089
   2116.4   0.93072
   2117.3   0.93067
   2118.2   0.93068
   2119.1   0.93055
   2119.9   0.93032
   2120.8   0.93021
   2121.6   0.93018
   2122.5   0.93021
   2123.4   0.93007
   2124.3   0.92996
   2125.1   0.92997
   2126.0   0.92992
   2126.9   0.92981
   2127.7   0.92961
   2128.6   0.92945
   2129.5   0.92940
   2130.4   0.92926
   2131.2   0.92900
   2132.1   0.92872
   2133.0   0.92852
   2133.9   0.92833
   2134.8   0.92810
   2135.6   0.92781
   2136.5   0.92750
   2137.4   0.92725
   2138.3   0.92707
   2139.2   0.92687
   2140.0   0.92656
   2140.9   0.92624
   2141.8   0.92586
   2142.7   0.92532
   2143.6   0.92469
   2144.5   0.92410
   2145.4   0.92347
   2146.2   0.92287
   2147.1   0.92246
   2148.0   0.92217
   2148.9   0.92191
   2149.8   0.92156
   2150.7   0.92128
   2151.6   0.92110
   2152.5   0.92095
   2153.4   0.92079
   2154.3   0.92065
   2155.2   0.92058
   2156.1   0.92059
   2156.9   0.92052
   2157.9   0.92044
   2158.8   0.92042
   2159.6   0.92040
   2160.6   0.92043
   2161.4   0.92062
   2162.4   0.92085
   2163.3   0.92091
   2164.2   0.92091
   2165.1   0.92101
   2166.0   0.92117
   2166.9   0.92131
   2167.8   0.92153
   2168.7   0.92185
   2169.6   0.92216
   2170.5   0.92243
   2171.4   0.92273
   2172.3   0.92304
   2173.2   0.92329
   2174.1   0.92345
   2175.1   0.92361
   2176.0   0.92377
   2176.9   0.92398
   2177.8   0.92424
   2178.7   0.92440
   2179.6   0.92443
   2180.5   0.92450
   2181.5   0.92457
   2182.4   0.92473
   2183.3   0.92488
   2184.2   0.92490
   2185.1   0.92487
   2186.1   0.92490
   2187.0   0.92497
   2187.9   0.92506
   2188.8   0.92505
   2189.8   0.92493
   2190.7   0.92483
   2191.6   0.92473
   2192.5   0.92467
   2193.5   0.92456
   2194.4   0.92439
   2195.3   0.92425
   2196.2   0.92413
   2197.2   0.92397
   2198.1   0.92386
   2199.0   0.92381
   2200.0   0.92366
   2200.9   0.92346
   2201.8   0.92323
   2202.8   0.92294
   2203.7   0.92268
   2204.6   0.92254
   2205.6   0.92240
   2206.5   0.92223
   2207.5   0.92204
   2208.4   0.92175
   2209.3   0.92146
   2210.3   0.92122
   2211.2   0.92098
   2212.2   0.92070
   2213.1   0.92047
   2214.1   0.92030
   2215.0   0.92008
   2215.9   0.91983
   2216.9   0.91966
   2217.9   0.91950
   2218.8   0.91920
   2219.8   0.91880
   2220.7   0.91847
   2221.6   0.91816
   2222.6   0.91786
   2223.6   0.91761
   2224.5   0.91734
   2225.5   0.91702
   2226.4   0.91663
   2227.4   0.91607
   2228.3   0.91561
   2229.3   0.91526
   2230.3   0.91484
   2231.2   0.91428
   2232.2   0.91377
   2233.1   0.91336
   2234.1   0.91294
   2235.1   0.91247
   2236.0   0.91190
   2237.0   0.91147
   2237.9   0.91103
   2238.9   0.91050
   2239.9   0.90998
   2240.9   0.90952
   2241.8   0.90910
   2242.8   0.90865
   2243.8   0.90818
   2244.7   0.90762
   2245.7   0.90691
   2246.7   0.90616
   2247.7   0.90556
   2248.6   0.90493
   2249.6   0.90416
   2250.6   0.90334
   2251.6   0.90254
   2252.5   0.90187
   2253.5   0.90122
   2254.5   0.90050
   2255.5   0.89980
   2256.5   0.89901
   2257.4   0.89814
   2258.4   0.89719
   2259.4   0.89613
   2260.4   0.89521
   2261.4   0.89443
   2262.4   0.89357
   2263.4   0.89268
   2264.3   0.89177
   2265.3   0.89088
   2266.3   0.88989
   2267.3   0.88886
   2268.3   0.88788
   2269.3   0.88685
   2270.3   0.88566
   2271.3   0.88444
   2272.3   0.88332
   2273.3   0.88210
   2274.3   0.88076
   2275.3   0.87946
   2276.3   0.87807
   2277.3   0.87653
   2278.3   0.87498
   2279.3   0.87331
   2280.3   0.87158
   2281.3   0.86998
   2282.3   0.86846
   2283.3   0.86696
   2284.3   0.86549
   2285.3   0.86407
   2286.3   0.86278
   2287.3   0.86153
   2288.3   0.86017
   2289.3   0.85881
   2290.4   0.85768
   2291.4   0.85669
   2292.4   0.85569
   2293.4   0.85469
   2294.4   0.85372
   2295.4   0.85287
   2296.4   0.85200
   2297.4   0.85107
   2298.5   0.85018
   2299.5   0.84930
   2300.5   0.84847
   2301.5   0.84776
   2302.6   0.84708
   2303.6   0.84647
   2304.6   0.84599
   2305.6   0.84555
   2306.6   0.84514
   2307.7   0.84471
   2308.7   0.84419
   2309.7   0.84369
   2310.8   0.84312
   2311.8   0.84247
   2312.8   0.84178
   2313.9   0.84094
   2314.9   0.83994
   2315.9   0.83888
   2317.0   0.83777
   2318.0   0.83658
   2319.0   0.83524
   2320.1   0.83375
   2321.1   0.83223
   2322.1   0.83071
   2323.2   0.82908
   2324.2   0.82730
   2325.3   0.82537
   2326.3   0.82322
   2327.4   0.82096
   2328.4   0.81853
   2329.4   0.81607
   2330.5   0.81371
   2331.6   0.81145
   2332.6   0.80930
   2333.6   0.80737
   2334.7   0.80581
   2335.8   0.80448
   2336.8   0.80328
   2337.9   0.80238
   2338.9   0.80172
   2340.0   0.80139
   2341.0   0.80148
   2342.1   0.80201
   2343.1   0.80289
   2344.2   0.80412
   2345.3   0.80559
   2346.3   0.80741
   2347.4   0.80966
   2348.4   0.81225
   2349.5   0.81518
   2350.6   0.81842
   2351.6   0.82199
   2352.7   0.82585
   2353.8   0.82985
   2354.8   0.83393
   2355.9   0.83813
   2357.0   0.84253
   2358.1   0.84699
   2359.1   0.85139
   2360.2   0.85592
   2361.3   0.86047
   2362.4   0.86479
   2363.4   0.86886
   2364.5   0.87259
   2365.6   0.87598
   2366.7   0.87916
   2367.8   0.88202
   2368.8   0.88451
   2369.9   0.88671
   2371.0   0.88874
   2372.1   0.89064
   2373.2   0.89235
   2374.3   0.89387
   2375.3   0.89521
   2376.4   0.89647
   2377.5   0.89751
   2378.6   0.89841
   2379.7   0.89926
   2380.8   0.90004
   2381.9   0.90061
   2383.0   0.90106
   2384.1   0.90155
   2385.2   0.90185
   2386.3   0.90197
   2387.4   0.90215
   2388.5   0.90229
   2389.6   0.90229
   2390.7   0.90218
   2391.8   0.90221
   2392.9   0.90223
   2394.0   0.90207
   2395.1   0.90182
   2396.2   0.90141
   2397.3   0.90095
   2398.4   0.90057
   2399.5   0.90020
   2400.6   0.89988
   2401.8   0.89926
   2402.9   0.89890
   2404.0   0.89867
   2405.1   0.89847
   2406.2   0.89831
   2407.4   0.89814
   2408.5   0.89780
   2409.6   0.89733
   2410.7   0.89689
   2411.8   0.89642
   2412.9   0.89593
   2414.1   0.89529
   2415.2   0.89438
   2416.3   0.89346
   2417.4   0.89231
   2418.6   0.89122
   2419.7   0.89013
   2420.8   0.88892
   2422.0   0.88766
   2423.1   0.88632
   2424.2   0.88514
   2425.4   0.88403
   2426.5   0.88253
   2427.6   0.88096
   2428.8   0.87937
   2429.9   0.87801
   2431.1   0.87644
   2432.2   0.87489
   2433.3   0.87341
   2434.5   0.87192
   2435.6   0.87027
   2436.8   0.86862
   2437.9   0.86690
   2439.1   0.86528
   2440.2   0.86377
   2441.4   0.86217
   2442.5   0.86052
   2443.6   0.85891
   2444.8   0.85713
   2446.0   0.85526
   2447.1   0.85348
   2448.3   0.85168
   2449.4   0.84969
   2450.6   0.84765
   2451.7   0.84573
   2452.9   0.84385
   2454.1   0.84178
   2455.2   0.83955
   2456.4   0.83721
   2457.6   0.83473
   2458.7   0.83223
   2459.9   0.82960
   2461.1   0.82684
   2462.2   0.82414
   2463.4   0.82106
   2464.6   0.81793
   2465.7   0.81483
   2466.9   0.81160
   2468.1   0.80827
   2469.3   0.80495
   2470.4   0.80151
   2471.6   0.79830
   2472.8   0.79512
   2474.0   0.79151
   2475.1   0.78789
   2476.3   0.78460
   2477.5   0.78168
   2478.7   0.77866
   2479.9   0.77557
   2481.1   0.77296
   2482.3   0.77049
   2483.4   0.76805
   2484.6   0.76583
   2485.8   0.76366
   2487.0   0.76167
   2488.2   0.75993
   2489.4   0.75805
   2490.6   0.75656
   2491.8   0.75528
   2493.0   0.75406
   2494.2   0.75306
   2495.4   0.75210
   2496.6   0.75098
   2497.8   0.74992
   2499.0   0.74897
   2500.2   0.74786
   2501.4   0.74693
   2502.6   0.74623
   2503.8   0.74548
   2505.0   0.74447
   2506.3   0.74341
   2507.5   0.74229
   2508.7   0.74123
   2509.9   0.74007
   2511.1   0.73872
   2512.3   0.73737
   2513.5   0.73580
   2514.8   0.73398
   2516.0   0.73202
   2517.2   0.72964
   2518.4   0.72694
   2519.6   0.72395
   2520.9   0.72045
   2522.1   0.71673
   2523.3   0.71297
   2524.6   0.70867
   2525.8   0.70378
   2527.0   0.69887
   2528.3   0.69426
   2529.5   0.68976
   2530.7   0.68574
   2531.9   0.68265
   2533.2   0.67954
   2534.4   0.67645
   2535.7   0.67514
   2536.9   0.67454
   2538.1   0.67352
   2539.4   0.67425
   2540.6   0.67673
   2541.9   0.68111
   2543.1   0.68708
   2544.4   0.69231
   2545.6   0.69770
   2546.9   0.70491
   2548.1   0.71325
   2549.4   0.72046
   2550.6   0.72860
   2551.9   0.73780
   2553.1   0.74660
   2554.4   0.75286
   2555.7   0.75910
   2556.9   0.76650
   2558.2   0.77345
   2559.4   0.78128
   2560.7   0.79191
   2562.0   0.80174
   2563.2   0.80668
   2564.5   0.81008
   2565.8   0.81036
   2567.1   0.81066
   2568.3   0.81503
   2569.6   0.82209
   2570.9   0.82381
   2572.1   0.82394
   2573.4   0.83157
   2574.7   0.83162
   2576.0   0.83040
   2577.3   0.83377
   2578.5   0.83182
   2579.8   0.83070
   2581.1   0.83421
   2582.4   0.83567
   2583.7   0.84237
   2585.0   0.84343
   2586.3   0.83960
   2587.5   0.84359
   2588.8   0.84380
   2590.1   0.84278
   2591.4   0.84241
   2592.7   0.84660
   2594.0   0.86368
   2595.3   0.87968
   2596.6   0.86439
   2597.9   0.85117
   2599.2   0.84807
   2600.5   0.85015
   2601.8   0.85324
   2603.1   0.85559
   2604.4   0.86067
   2605.8   0.86763
   2607.1   0.86313
   2608.4   0.85813
   2609.7   0.85752
   2611.0   0.85605
   2612.3   0.85484
   2613.6   0.85586
   2614.9   0.85558
   2616.3   0.86259
   2617.6   0.86636
   2618.9   0.86094
   2620.2   0.86598
   2621.6   0.86417
   2622.9   0.85499
   2624.2   0.85386
   2625.5   0.85726
   2626.9   0.86400
   2628.2   0.85992
   2629.5   0.86188
   2630.9   0.86910
   2632.2   0.86155
   2633.5   0.85745
   2634.9   0.85722
   2636.2   0.85402
   2637.6   0.85333
   2638.9   0.85306
   2640.2   0.85341
   2641.6   0.85383
   2642.9   0.85422
   2644.3   0.85374
   2645.6   0.85591
   2647.0   0.85503
   2648.3   0.85270
   2649.7   0.85180
   2651.0   0.85319
   2652.4   0.85646
   2653.8   0.85602
   2655.1   0.85430
   2656.5   0.85398
   2657.8   0.85141
   2659.2   0.85389
   2660.6   0.85473
   2661.9   0.85353
   2663.3   0.85339
   2664.7   0.86304
   2666.0   0.87103
   2667.4   0.86882
   2668.8   0.86121
   2670.1   0.87158
   2671.5   0.87116
   2672.9   0.85487
   2674.3   0.85236
   2675.7   0.85765
   2677.0   0.86258
   2678.4   0.85933
   2679.8   0.85618
   2681.2   0.84877
   2682.6   0.84665
   2684.0   0.84736
   2685.4   0.84545
   2686.8   0.84364
   2688.1   0.84074
   2689.5   0.83759
   2690.9   0.83495
   2692.3   0.83544
   2693.7   0.84039
   2695.1   0.83872
   2696.5   0.83174
   2697.9   0.82566
   2699.3   0.82248
   2700.8   0.82244
   2702.1   0.82080
   2703.6   0.81600
   2705.0   0.81290
   2706.4   0.81041
   2707.8   0.80929
   2709.2   0.81100
   2710.6   0.81402
   2712.1   0.80964
   2713.5   0.79877
   2714.9   0.79449
   2716.3   0.79240
   2717.7   0.79210
   2719.2   0.79464
   2720.6   0.80217
   2722.0   0.79527
   2723.4   0.79009
   2724.9   0.79245
   2726.3   0.78491
   2727.7   0.77731
   2729.2   0.77435
   2730.6   0.77275
   2732.1   0.77100
   2733.5   0.77082
   2734.9   0.77321
   2736.4   0.77010
   2737.8   0.76789
   2739.3   0.77357
   2740.7   0.77568
   2742.2   0.76878
   2743.6   0.76094
   2745.1   0.75728
   2746.5   0.75562
   2748.0   0.75386
   2749.4   0.75224
   2750.9   0.75096
   2752.4   0.75008
   2753.8   0.75044
   2755.3   0.75650
   2756.7   0.75321
   2758.2   0.74383
   2759.7   0.73981
   2761.1   0.73838
   2762.6   0.73829
   2764.1   0.73370
   2765.6   0.72625
   2767.0   0.72153
   2768.5   0.71649
   2770.0   0.71074
   2771.5   0.70483
   2773.0   0.69573
   2774.4   0.68723
   2775.9   0.68065
   2777.4   0.67454
   2778.9   0.66760
   2780.4   0.66090
   2781.9   0.65433
   2783.4   0.64673
   2784.9   0.64020
   2786.4   0.63768
   2787.9   0.63616
   2789.4   0.63332
   2790.9   0.63354
   2792.4   0.63759
   2793.9   0.64382
   2795.4   0.65098
   2796.9   0.65832
   2798.4   0.66499
   2799.9   0.67065
   2801.4   0.67639
   2802.9   0.68293
   2804.4   0.68644
   2806.0   0.68754
   2807.5   0.68982
   2809.0   0.69294
   2810.5   0.69569
   2812.1   0.69809
   2813.6   0.70081
   2815.1   0.70373
   2816.6   0.70582
   2818.2   0.70809
   2819.7   0.71063
   2821.2   0.71202
   2822.8   0.71277
   2824.3   0.71364
   2825.9   0.71474
   2827.4   0.71597
   2828.9   0.71718
   2830.5   0.71832
   2832.0   0.71996
   2833.6   0.72164
   2835.1   0.72287
   2836.7   0.72336
   2838.2   0.72373
   2839.8   0.72387
   2841.3   0.72396
   2842.9   0.72410
   2844.4   0.72397
   2846.0   0.72380
   2847.6   0.72392
   2849.1   0.72421
   2850.7   0.72386
   2852.3   0.72336
   2853.8   0.72334
   2855.4   0.72292
   2857.0   0.72231
   2858.6   0.72181
   2860.1   0.72148
   2861.7   0.72115
   2863.3   0.72077
   2864.9   0.72052
   2866.5   0.72026
   2868.1   0.71991
   2869.6   0.71946
   2871.2   0.71920
   2872.8   0.71847
   2874.4   0.71746
   2876.0   0.71693
   2877.6   0.71645
   2879.2   0.71573
   2880.8   0.71480
   2882.4   0.71336
   2884.0   0.71224
   2885.6   0.71142
   2887.2   0.71062
   2888.8   0.70949
   2890.4   0.70806
   2892.0   0.70670
   2893.6   0.70561
   2895.3   0.70473
   2896.9   0.70405
   2898.5   0.70367
   2900.1   0.70386
   2901.8   0.70419
   2903.4   0.70443
   2905.0   0.70496
   2906.6   0.70554
   2908.3   0.70589
   2909.9   0.70596
   2911.5   0.70610
   2913.2   0.70655
   2914.8   0.70688
   2916.4   0.70698
   2918.1   0.70712
   2919.7   0.70728
   2921.4   0.70732
   2923.0   0.70727
   2924.7   0.70718
   2926.3   0.70696
   2928.0   0.70673
   2929.6   0.70646
   2931.3   0.70623
   2932.9   0.70599
   2934.6   0.70574
   2936.3   0.70554
   2937.9   0.70509
   2939.6   0.70423
   2941.3   0.70352
   2942.9   0.70365
   2944.6   0.70367
   2946.3   0.70318
   2947.9   0.70241
   2949.6   0.70204
   2951.3   0.70215
   2953.0   0.70189
   2954.7   0.70148
   2956.3   0.70090
   2958.0   0.70022
   2959.7   0.69962
   2961.4   0.69897
   2963.1   0.69816
   2964.8   0.69735
   2966.5   0.69613
   2968.2   0.69467
   2969.9   0.69387
   2971.6   0.69341
   2973.3   0.69289
   2975.0   0.69219
   2976.7   0.69176
   2978.4   0.69163
   2980.1   0.69151
   2981.9   0.69138
   2983.6   0.69113
   2985.3   0.69097
   2987.0   0.69126
   2988.7   0.69139
   2990.4   0.69110
   2992.2   0.69063
   2993.9   0.69019
   2995.6   0.68965
   2997.4   0.68940
   2999.1   0.68918
   3000.8   0.68886
   3002.6   0.68844
   3004.3   0.68812
   3006.1   0.68760
   3007.8   0.68712
   3009.5   0.68691
   3011.3   0.68661
   3013.0   0.68621
   3014.8   0.68596
   3016.5   0.68589
   3018.3   0.68574
   3020.1   0.68552
   3021.8   0.68525
   3023.6   0.68480
   3025.3   0.68440
   3027.1   0.68478
   3028.9   0.68530
   3030.6   0.68522
   3032.4   0.68490
   3034.2   0.68440
   3036.0   0.68379
   3037.7   0.68306
   3039.5   0.68255
   3041.3   0.68208
   3043.1   0.68136
   3044.9   0.68052
   3046.7   0.67951
   3048.5   0.67848
   3050.3   0.67748
   3052.1   0.67634
   3053.8   0.67510
   3055.6   0.67354
   3057.4   0.67178
   3059.3   0.67062
   3061.1   0.66973
   3062.9   0.66855
   3064.7   0.66728
   3066.5   0.66602
   3068.3   0.66478
   3070.1   0.66365
   3071.9   0.66259
   3073.8   0.66161
   3075.6   0.66038
   3077.4   0.65879
   3079.2   0.65679
   3081.1   0.65461
   3082.9   0.65218
   3084.7   0.64914
   3086.6   0.64585
   3088.4   0.64243
   3090.2   0.63890
   3092.1   0.63494
   3093.9   0.63131
   3095.8   0.62825
   3097.6   0.62506
   3099.5   0.62181
   3101.3   0.61871
   3103.2   0.61586
   3105.1   0.61332
   3106.9   0.61124
   3108.8   0.60996
   3110.6   0.60957
   3112.5   0.61018
   3114.4   0.61179
   3116.2   0.61444
   3118.1   0.61774
   3120.0   0.62146
   3121.9   0.62511
   3123.8   0.62810
   3125.6   0.63007
   3127.5   0.63105
   3129.4   0.63106
   3131.3   0.63044
   3133.2   0.62930
   3135.1   0.62778
   3137.0   0.62595
   3138.9   0.62403
   3140.8   0.62203
   3142.7   0.61999
   3144.6   0.61813
   3146.5   0.61657
   3148.4   0.61517
   3150.3   0.61413
   3152.2   0.61356
   3154.1   0.61378
   3156.1   0.61513
   3158.0   0.61773
   3159.9   0.62121
   3161.8   0.62525
   3163.8   0.62945
   3165.7   0.63363
   3167.6   0.63744
   3169.6   0.64066
   3171.5   0.64305
   3173.5   0.64509
   3175.4   0.64695
   3177.3   0.64807
   3179.3   0.64869
   3181.2   0.64927
   3183.2   0.64956
   3185.1   0.64948
   3187.1   0.64957
   3189.1   0.64959
   3191.0   0.64931
   3193.0   0.64886
   3195.0   0.64814
   3196.9   0.64756
   3198.9   0.64695
   3200.9   0.64615
   3202.9   0.64517
   3204.8   0.64388
   3206.8   0.64276
   3208.8   0.64168
   3210.8   0.64072
   3212.8   0.63995
   3214.8   0.63876
   3216.8   0.63729
   3218.8   0.63602
   3220.8   0.63488
   3222.8   0.63350
   3224.8   0.63204
   3226.8   0.63051
   3228.8   0.62917
   3230.8   0.62772
   3232.8   0.62605
   3234.8   0.62412
   3236.8   0.62234
   3238.9   0.62075
   3240.9   0.61915
   3242.9   0.61749
   3244.9   0.61604
   3247.0   0.61444
   3249.0   0.61287
   3251.1   0.61145
   3253.1   0.60986
   3255.1   0.60802
   3257.2   0.60615
   3259.2   0.60405
   3261.3   0.60199
   3263.3   0.59996
   3265.4   0.59771
   3267.4   0.59534
   3269.5   0.59288
   3271.6   0.59014
   3273.6   0.58732
   3275.7   0.58448
   3277.8   0.58143
   3279.8   0.57829
   3281.9   0.57495
   3284.0   0.57131
   3286.1   0.56785
   3288.2   0.56452
   3290.2   0.56130
   3292.3   0.55775
   3294.4   0.55384
   3296.5   0.54973
   3298.6   0.54560
   3300.7   0.54122
   3302.8   0.53668
   3304.9   0.53181
   3307.0   0.52666
   3309.1   0.52138
   3311.3   0.51583
   3313.4   0.50996
   3315.5   0.50349
   3317.6   0.49613
   3319.7   0.48816
   3321.9   0.47955
   3324.0   0.47009
   3326.1   0.45915
   3328.3   0.44648
   3330.4   0.43161
   3332.5   0.41395
   3334.7   0.39250
   3336.8   0.36672
   3339.0   0.33595
   3341.1   0.30101
   3343.3   0.26597
   3345.4   0.23643
   3347.6   0.21597
   3349.8   0.20488
   3351.9   0.20090
   3354.1   0.20167
   3356.3   0.20547
   3358.4   0.21119
   3360.6   0.21779
   3362.8   0.22425
   3365.0   0.22960
   3367.2   0.23369
   3369.4   0.23650
   3371.5   0.23821
   3373.7   0.23907
   3375.9   0.23952
   3378.1   0.24003
   3380.3   0.24111
   3382.5   0.24256
   3384.7   0.24417
   3386.9   0.24574
   3389.2   0.24738
   3391.4   0.24886
   3393.6   0.25021
   3395.8   0.25152
   3398.1   0.25276
   3400.3   0.25393
   3402.5   0.25511
   3404.7   0.25617
   3407.0   0.25725
   3409.2   0.25829
   3411.5   0.25921
   3413.7   0.25982
   3416.0   0.26045
   3418.2   0.26090
   3420.5   0.26126
   3422.7   0.26161
   3425.0   0.26193
   3427.3   0.26200
   3429.5   0.26197
   3431.8   0.26178
   3434.1   0.26155
   3436.3   0.26122
   3438.6   0.26081
   3440.9   0.26022
   3443.2   0.25941
   3445.5   0.25845
   3447.8   0.25723
   3450.1   0.25557
   3452.4   0.25357
   3454.6   0.25101
   3456.9   0.24760
   3459.3   0.24264
   3461.6   0.23555
   3463.9   0.22530
   3466.2   0.21112
   3468.5   0.19407
   3470.8   0.17770
   3473.2   0.16490
   3475.5   0.15658
   3477.8   0.15260
   3480.1   0.15249
   3482.5   0.15511
   3484.8   0.15906
   3487.2   0.16358
   3489.5   0.16866
   3491.9   0.17423
   3494.2   0.18015
   3496.6   0.18615
   3498.9   0.19213
   3501.3   0.19803
   3503.7   0.20404
   3506.0   0.21015
   3508.4   0.21659
   3510.8   0.22365
   3513.2   0.23189
   3515.5   0.24206
   3517.9   0.25522
   3520.3   0.27212
   3522.7   0.29261
   3525.1   0.31559
   3527.5   0.33935
   3529.9   0.36224
   3532.3   0.38336
   3534.7   0.40240
   3537.1   0.41953
   3539.5   0.43468
   3541.9   0.44802
   3544.4   0.45985
   3546.8   0.47029
   3549.2   0.47932
   3551.7   0.48715
   3554.1   0.49374
   3556.5   0.49911
   3559.0   0.50302
   3561.4   0.50558
   3563.9   0.50643
   3566.3   0.50556
   3568.8   0.50381
   3571.2   0.50288
   3573.7   0.50487
   3576.1   0.51107
   3578.6   0.52042
   3581.1   0.53099
   3583.6   0.54137
   3586.0   0.55094
   3588.5   0.55960
   3591.0   0.56737
   3593.5   0.57401
   3596.0   0.57980
   3598.5   0.58498
   3601.0   0.58955
   3603.5   0.59354
   3606.0   0.59732
   3608.5   0.60082
   3611.0   0.60388
   3613.5   0.60654
   3616.1   0.60895
   3618.6   0.61112
   3621.1   0.61317
   3623.6   0.61503
   3626.2   0.61682
   3628.7   0.61846
   3631.3   0.62013
   3633.8   0.62157
   3636.3   0.62292
   3638.9   0.62419
   3641.4   0.62545
   3644.0   0.62668
   3646.6   0.62786
   3649.1   0.62895
   3651.7   0.63011
   3654.3   0.63115
   3656.9   0.63210
   3659.4   0.63304
   3662.0   0.63393
   3664.6   0.63462
   3667.2   0.63529
   3669.8   0.63587
   3672.4   0.63648
   3675.0   0.63683
   3677.6   0.63720
   3680.2   0.63741
   3682.8   0.63750
   3685.4   0.63740
   3688.1   0.63726
   3690.7   0.63693
   3693.3   0.63652
   3695.9   0.63599
   3698.6   0.63545
   3701.2   0.63475
   3703.9   0.63394
   3706.5   0.63299
   3709.2   0.63210
   3711.8   0.63101
   3714.5   0.62981
   3717.1   0.62849
   3719.8   0.62713
   3722.5   0.62555
   3725.2   0.62383
   3727.8   0.62180
   3730.5   0.61950
   3733.2   0.61686
   3735.9   0.61389
   3738.6   0.61049
   3741.3   0.60689
   3744.0   0.60336
   3746.7   0.60033
   3749.4   0.59769
   3752.1   0.59528
   3754.8   0.59301
   3757.6   0.59100
   3760.3   0.58853
   3763.0   0.58533
   3765.7   0.58145
   3768.5   0.57699
   3771.2   0.57194
   3774.0   0.56636
   3776.7   0.55988
   3779.5   0.55254
   3782.2   0.54406
   3785.0   0.53403
   3787.7   0.52154
   3790.5   0.50586
   3793.3   0.48670
   3796.1   0.46505
   3798.8   0.44246
   3801.6   0.42070
   3804.4   0.40056
   3807.2   0.38226
   3810.0   0.36560
   3812.8   0.35052
   3815.6   0.33661
   3818.4   0.32355
   3821.2   0.31113
   3824.1   0.29920
   3826.9   0.28748
   3829.7   0.27593
   3832.5   0.26458
   3835.4   0.25395
   3838.2   0.24489
   3841.1   0.23804
   3843.9   0.23306
   3846.8   0.22948
   3849.6   0.22677
   3852.5   0.22467
   3855.3   0.22291
   3858.2   0.22137
   3861.1   0.21990
   3863.9   0.21859
   3866.8   0.21739
   3869.7   0.21632
   3872.6   0.21550
   3875.5   0.21512
   3878.4   0.21468
   3881.3   0.21381
   3884.2   0.21270
   3887.1   0.21156
   3890.0   0.21036
   3893.0   0.20926
   3895.9   0.20808
   3898.8   0.20691
   3901.7   0.20565
   3904.7   0.20434
   3907.6   0.20299
   3910.6   0.20142
   3913.5   0.19952
   3916.5   0.19743
   3919.4   0.19495
   3922.4   0.19189
   3925.4   0.18808
   3928.4   0.18425
   3931.3   0.18191
   3934.3   0.18062
   3937.3   0.17674
   3940.3   0.16683
   3943.3   0.15246
   3946.3   0.13831
   3949.3   0.12581
   3952.3   0.11439
   3955.3   0.10434
   3958.3   0.09631
   3961.4   0.08998
   3964.4   0.08505
   3967.4   0.08153
   3970.5   0.07909
   3973.5   0.07737
   3976.6   0.07618
   3979.6   0.07544
   3982.6   0.07564
   3985.7   0.07757
   3988.8   0.08166
   3991.9   0.08777
   3994.9   0.09566
   3998.0   0.10543
   4001.1   0.11722
   4004.2   0.13099
   4007.3   0.14696
   4010.4   0.16478
   4013.5   0.18303
   4016.6   0.19967
   4019.7   0.21398
   4022.8   0.22725
   4025.9   0.24104
   4029.1   0.25552
   4032.2   0.27004
   4035.3   0.28523
   4038.5   0.30263
   4041.6   0.32201
   4044.8   0.34186
   4047.9   0.36060
   4051.1   0.37744
   4054.3   0.39186
   4057.4   0.40388
   4060.6   0.41387
   4063.8   0.42257
   4067.0   0.43074
   4070.2   0.43889
   4073.4   0.44696
   4076.6   0.45495
   4079.8   0.46249
   4083.0   0.46953
   4086.2   0.47606
   4089.4   0.48228
   4092.7   0.48807
   4095.9   0.49365
   4099.1   0.49897
   4102.4   0.50419
   4105.6   0.50928
   4108.9   0.51430
   4112.1   0.51933
   4115.4   0.52453
   4118.7   0.52968
   4122.0   0.53489
   4125.2   0.53992
   4128.5   0.54495
   4131.8   0.54983
   4135.1   0.55463
   4138.4   0.55920
   4141.7   0.56365
   4145.0   0.56785
   4148.3   0.57185
   4151.6   0.57543
   4155.0   0.57882
   4158.3   0.58197
   4161.6   0.58489
   4165.0   0.58753
   4168.3   0.59016
   4171.7   0.59257
   4175.0   0.59488
   4178.4   0.59704
   4181.8   0.59925
   4185.2   0.60139
   4188.5   0.60364
   4191.9   0.60584
   4195.3   0.60820
   4198.7   0.61064
   4202.1   0.61329
   4205.5   0.61614
   4208.9   0.61936
   4212.4   0.62268
   4215.8   0.62627
   4219.2   0.62978
   4222.6   0.63310
   4226.1   0.63600
   4229.5   0.63877
   4233.0   0.64087
   4236.5   0.64243
   4239.9   0.64300
   4243.4   0.64257
   4246.9   0.64116
   4250.3   0.63879
   4253.8   0.63570
   4257.3   0.63456
   4260.8   0.63728
   4264.3   0.64180
   4267.8   0.64518
   4271.3   0.64775
   4274.9   0.64942
   4278.4   0.65032
   4281.9   0.65034
   4285.5   0.64986
   4289.0   0.64898
   4292.6   0.64805
   4296.1   0.64656
   4299.7   0.64435
   4303.3   0.64134
   4306.8   0.63837
   4310.4   0.63576
   4314.0   0.63392
   4317.6   0.63295
   4321.2   0.63276
   4324.8   0.63247
   4328.4   0.63186
   4332.0   0.63113
   4335.6   0.63096
   4339.3   0.63113
   4342.9   0.63157
   4346.5   0.63207
   4350.2   0.63334
   4353.8   0.63552
   4357.5   0.63886
   4361.1   0.64253
   4364.8   0.64596
   4368.5   0.64858
   4372.2   0.65047
   4375.9   0.65154
   4379.6   0.65211
   4383.3   0.65201
   4387.0   0.65145
   4390.7   0.65035
   4394.4   0.64912
   4398.1   0.64789
   4401.9   0.64684
   4405.6   0.64570
   4409.4   0.64455
   4413.1   0.64297
   4416.9   0.64126
   4420.6   0.63940
   4424.4   0.63747
   4428.2   0.63521
   4432.0   0.63277
   4435.8   0.62978
   4439.6   0.62639
   4443.4   0.62256
   4447.2   0.61893
   4451.0   0.61549
   4454.8   0.61249
   4458.6   0.60972
   4462.5   0.60691
   4466.3   0.60368
   4470.2   0.60019
   4474.0   0.59616
   4477.9   0.59185
   4481.8   0.58731
   4485.6   0.58303
   4489.5   0.57902
   4493.4   0.57538
   4497.3   0.57204
   4501.2   0.56952
   4505.1   0.56759
   4509.0   0.56633
   4513.0   0.56531
   4516.9   0.56458
   4520.9   0.56395
   4524.8   0.56352
   4528.7   0.56305
   4532.7   0.56282
   4536.7   0.56260
   4540.6   0.56254
   4544.6   0.56236
   4548.6   0.56228
   4552.6   0.56201
   4556.6   0.56169
   4560.6   0.56121
   4564.6   0.56078
   4568.6   0.56025
   4572.7   0.55986
   4576.7   0.55917
   4580.8   0.55846
   4584.8   0.55753
   4588.9   0.55648
   4592.9   0.55490
   4597.0   0.55269
   4601.1   0.55018
   4605.2   0.54834
   4609.3   0.54587
   4613.4   0.54187
   4617.5   0.53556
   4621.6   0.52733
   4625.7   0.51835
   4629.8   0.50913
   4634.0   0.49783
   4638.1   0.48415
   4642.3   0.46946
   4646.4   0.45531
   4650.6   0.44204
   4654.8   0.43076
   4659.0   0.42244
   4663.1   0.41730
   4667.3   0.41446
   4671.5   0.41341
   4675.8   0.41372
   4680.0   0.41575
   4684.2   0.41957
   4688.4   0.42551
   4692.7   0.43331
   4696.9   0.44343
   4701.2   0.45623
   4705.5   0.47188
   4709.7   0.48952
   4714.0   0.50858
   4718.3   0.52788
   4722.6   0.54614
   4726.9   0.56149
   4731.2   0.57339
   4735.5   0.58218
   4739.9   0.58948
   4744.2   0.59578
   4748.5   0.60132
   4752.9   0.60579
   4757.3   0.60989
   4761.6   0.61382
   4766.0   0.61780
   4770.4   0.62116
   4774.8   0.62393
   4779.2   0.62574
   4783.6   0.62707
   4788.0   0.62781
   4792.4   0.62833
   4796.9   0.62841
   4801.3   0.62854
   4805.8   0.62848
   4810.2   0.62843
   4814.7   0.62821
   4819.1   0.62825
   4823.6   0.62808
   4828.1   0.62782
   4832.6   0.62731
   4837.1   0.62692
   4841.6   0.62644
   4846.2   0.62602
   4850.7   0.62537
   4855.3   0.62491
   4859.8   0.62427
   4864.4   0.62380
   4868.9   0.62321
   4873.5   0.62279
   4878.1   0.62215
   4882.7   0.62167
   4887.3   0.62101
   4891.9   0.62050
   4896.5   0.61979
   4901.1   0.61916
   4905.8   0.61840
   4910.4   0.61780
   4915.1   0.61707
   4919.7   0.61667
   4924.4   0.61613
   4929.1   0.61580
   4933.8   0.61542
   4938.5   0.61524
   4943.2   0.61498
   4947.9   0.61500
   4952.6   0.61498
   4957.4   0.61535
   4962.1   0.61544
   4966.9   0.61574
   4971.6   0.61599
   4976.4   0.61641
   4981.2   0.61664
   4986.0   0.61700
   4990.8   0.61723
   4995.6   0.61766
   5000.4   0.61782
   5005.2   0.61801
   5010.0   0.61798
   5014.9   0.61818
   5019.8   0.61828
   5024.6   0.61838
   5029.5   0.61822
   5034.4   0.61824
   5039.3   0.61797
   5044.2   0.61786
   5049.1   0.61739
   5054.0   0.61688
   5058.9   0.61592
   5063.9   0.61491
   5068.8   0.61301
   5073.8   0.60986
   5078.8   0.60380
   5083.7   0.59285
   5088.7   0.57208
   5093.7   0.53922
   5098.7   0.51121
   5103.7   0.51635
   5108.8   0.54332
   5113.8   0.56978
   5118.9   0.58535
   5123.9   0.59171
   5129.0   0.59373
   5134.1   0.59411
   5139.1   0.59350
   5144.3   0.59273
   5149.4   0.59140
   5154.5   0.58964
   5159.6   0.58783
   5164.7   0.58567
   5169.9   0.58351
   5175.0   0.58239
   5180.2   0.58105
   5185.4   0.57947
   5190.6   0.57738
   5195.8   0.57529
   5201.0   0.57290
   5206.2   0.57041
   5211.5   0.56817
   5216.7   0.56570
   5222.0   0.56259
   5227.2   0.56018
   5232.5   0.55769
   5237.8   0.55533
   5243.1   0.55233
   5248.4   0.54930
   5253.7   0.54596
   5259.0   0.54274
   5264.4   0.53933
   5269.7   0.53621
   5275.1   0.53300
   5280.5   0.52980
   5285.8   0.52633
   5291.2   0.52315
   5296.6   0.51901
   5302.0   0.51466
   5307.5   0.51005
   5312.9   0.50533
   5318.4   0.50019
   5323.8   0.49509
   5329.3   0.48967
   5334.8   0.48436
   5340.3   0.47897
   5345.8   0.47426
   5351.3   0.46929
   5356.8   0.46363
   5362.4   0.45779
   5367.9   0.45227
   5373.5   0.44645
   5379.0   0.44047
   5384.6   0.43400
   5390.2   0.42752
   5395.8   0.42084
   5401.5   0.41417
   5407.1   0.40718
   5412.7   0.40013
   5418.4   0.39319
   5424.1   0.38546
   5429.7   0.37596
   5435.4   0.36708
   5441.1   0.35816
   5446.8   0.34918
   5452.6   0.33995
   5458.3   0.33117
   5464.1   0.32225
   5469.8   0.31253
   5475.6   0.30271
   5481.4   0.29255
   5487.2   0.28142
   5493.0   0.26998
   5498.8   0.25762
   5504.7   0.24429
   5510.5   0.22934
   5516.4   0.21258
   5522.3   0.19275
   5528.1   0.16890
   5534.0   0.14027
   5540.0   0.10689
   5545.9   0.07311
   5551.8   0.04624
   5557.8   0.03252
   5563.7   0.02902
   5569.7   0.02971
   5575.7   0.03109
   5581.7   0.03854
   5587.7   0.05606
   5593.7   0.08147
   5599.8   0.10785
   5605.8   0.13187
   5611.9   0.15179
   5618.0   0.16755
   5624.1   0.17808
   5630.2   0.18505
   5636.3   0.18966
   5642.4   0.19220
   5648.6   0.19119
   5654.7   0.18765
   5660.9   0.18175
   5667.1   0.17615
   5673.3   0.17157
   5679.5   0.16587
   5685.7   0.16080
   5692.0   0.15766
   5698.2   0.15443
   5704.5   0.15137
   5710.8   0.14853
   5717.1   0.14553
   5723.4   0.14247
   5729.7   0.13944
   5736.0   0.13638
   5742.4   0.13363
   5748.8   0.13130
   5755.1   0.12934
   5761.5   0.12864
   5768.0   0.12899
   5774.4   0.12868
   5780.8   0.12890
   5787.3   0.12943
   5793.7   0.13007
   5800.2   0.13059
   5806.7   0.13094
   5813.2   0.13125
   5819.8   0.13220
   5826.3   0.13267
   5832.8   0.13262
   5839.4   0.13271
   5846.0   0.13289
   5852.6   0.13310
   5859.2   0.13325
   5865.8   0.13301
   5872.5   0.13245
   5879.1   0.13255
   5885.8   0.13159
   5892.5   0.13003
   5899.2   0.12849
   5905.9   0.12586
   5912.6   0.12355
   5919.4   0.12120
   5926.2   0.11875
   5932.9   0.11680
   5939.7   0.11427
   5946.5   0.11094
   5953.4   0.10827
   5960.2   0.10608
   5967.1   0.10443
   5974.0   0.10254
   5980.8   0.10068
   5987.8   0.09906
   5994.7   0.09691
   6001.6   0.09438
   6008.6   0.09200
   6015.5   0.08951
   6022.5   0.08682
   6029.5   0.08419
   6036.5   0.08176
   6043.6   0.07994
   6050.6   0.07796
   6057.7   0.07512
   6064.8   0.07314
   6071.9   0.07173
   6079.0   0.07021
   6086.1   0.06878
   6093.3   0.06780
   6100.5   0.06700
   6107.6   0.06656
   6114.8   0.06616
   6122.1   0.06540
   6129.3   0.06474
   6136.5   0.06448
   6143.8   0.06430
   6151.1   0.06446
   6158.4   0.06492
   6165.7   0.06565
   6173.1   0.06648
   6180.4   0.06798
   6187.8   0.06992
   6195.2   0.07182
   6202.6   0.07399
   6210.0   0.07679
   6217.5   0.07976
   6225.0   0.08316
   6232.4   0.08672
   6239.9   0.09069
   6247.5   0.09465
   6255.0   0.09869
   6262.5   0.10243
   6270.1   0.10587
   6277.7   0.10810
   6285.3   0.10895
   6292.9   0.10925
   6300.6   0.11221
   6308.3   0.11802
   6315.9   0.12566
   6323.6   0.13358
   6331.4   0.14290
   6339.1   0.15524
   6346.9   0.17025
   6354.6   0.18119
   6362.4   0.18997
   6370.3   0.19873
   6378.1   0.20654
   6385.9   0.21341
   6393.8   0.22108
   6401.7   0.22854
   6409.6   0.23822
   6417.6   0.24840
   6425.5   0.25507
   6433.5   0.26173
   6441.5   0.26758
   6449.5   0.27000
   6457.5   0.26940
   6465.6   0.26644
   6473.6   0.26280
   6481.7   0.25853
   6489.8   0.25463
   6498.0   0.24912
   6506.1   0.24254
   6514.3   0.23765
   6522.5   0.23328
   6530.7   0.22816
   6539.0   0.22355
   6547.2   0.21921
   6555.5   0.21480
   6563.8   0.21044
   6572.1   0.20630
   6580.4   0.20093
   6588.8   0.19571
   6597.2   0.19056
   6605.6   0.18546
   6614.0   0.18091
   6622.5   0.17674
   6630.9   0.17372
   6639.4   0.17049
   6647.9   0.16621
   6656.5   0.16257
   6665.0   0.15970
   6673.6   0.15705
   6682.2   0.15429
   6690.8   0.15108
   6699.5   0.14820
   6708.1   0.14567
   6716.8   0.14296
   6725.5   0.14017
   6734.3   0.13762
   6743.0   0.13526
   6751.8   0.13313
   6760.6   0.13117
   6769.4   0.12968
   6778.3   0.12850
   6787.1   0.12753
   6796.0   0.12616
   6805.0   0.12457
   6813.9   0.12329
   6822.9   0.12227
   6831.9   0.12098
   6840.9   0.11967
   6849.9   0.11863
   6859.0   0.11802
   6868.0   0.11710
   6877.2   0.11552
   6886.3   0.11418
   6895.5   0.11299
   6904.6   0.11186
   6913.8   0.11057
   6923.1   0.10935
   6932.3   0.10854
   6941.6   0.10799
   6950.9   0.10783
   6960.2   0.10801
   6969.6   0.10787
   6979.0   0.10774
   6988.4   0.10797
   6997.8   0.10805
   7007.3   0.10800
   7016.8   0.10807
   7026.3   0.10816
   7035.8   0.10827
   7045.4   0.10867
   7054.9   0.10862
   7064.5   0.10834
   7074.2   0.10796
   7083.9   0.10718
   7093.5   0.10540
   7103.3   0.10216
   7113.0   0.09737
   7122.8   0.09198
   7132.6   0.08779
   7142.4   0.08579
   7152.2   0.08485
   7162.1   0.08370
   7172.0   0.08213
   7182.0   0.08051
   7191.9   0.07934
   7201.9   0.07874
   7211.9   0.07845
   7222.0   0.07852
   7232.0   0.07881
   7242.1   0.07925
   7252.3   0.07974
   7262.4   0.08035
   7272.6   0.08118
   7282.8   0.08248
   7293.1   0.08415
   7303.3   0.08631
   7313.6   0.08880
   7324.0   0.09150
   7334.3   0.09442
   7344.7   0.09738
   7355.1   0.10019
   7365.6   0.10281
   7376.1   0.10517
   7386.6   0.10720
   7397.1   0.10902
   7407.7   0.11075
   7418.3   0.11253
   7428.9   0.11435
   7439.6   0.11631
   7450.2   0.11848
   7461.0   0.12076
   7471.7   0.12294
   7482.5   0.12484
   7493.3   0.12640
   7504.1   0.12771
   7515.0   0.12878
   7525.9   0.12974
   7536.9   0.13055
   7547.9   0.13128
   7558.9   0.13202
   7569.9   0.13292
   7581.0   0.13407
   7592.0   0.13552
   7603.2   0.13740
   7614.4   0.13994
   7625.5   0.14298
   7636.8   0.14654
   7648.0   0.15063
   7659.3   0.15514
   7670.7   0.15977
   7682.0   0.16437
   7693.4   0.16874
   7704.9   0.17295
   7716.3   0.17672
   7727.8   0.18000
   7739.4   0.18252
   7750.9   0.18437
   7762.5   0.18556
   7774.2   0.18632
   7785.8   0.18678
   7797.5   0.18758
   7809.3   0.18939
   7821.1   0.19243
   7832.9   0.19568
   7844.7   0.19811
   7856.6   0.19916
   7868.5   0.19907
   7880.5   0.19831
   7892.5   0.19801
   7904.5   0.19890
   7916.6   0.20106
   7928.7   0.20409
   7940.8   0.20765
   7953.0   0.21081
   7965.2   0.21337
   7977.5   0.21510
   7989.8   0.21602
   8002.1   0.21610
   8014.5   0.21556
   8026.9   0.21419
   8039.3   0.21231
   8051.8   0.21058
   8064.3   0.21022
   8076.9   0.21162
   8089.5   0.21445
   8102.1   0.21753
   8114.8   0.22019
   8127.5   0.22194
   8140.3   0.22322
   8153.1   0.22453
   8165.9   0.22637
   8178.8   0.22844
   8191.7   0.23032
   8204.7   0.23125
   8217.7   0.23121
   8230.7   0.23061
   8243.8   0.22991
   8256.9   0.22884
   8270.1   0.22767
   8283.3   0.22625
   8296.6   0.22485
   8309.9   0.22341
   8323.2   0.22200
   8336.6   0.22024
   8350.0   0.21789
   8363.5   0.21474
   8377.0   0.21081
   8390.5   0.20634
   8404.2   0.20229
   8417.8   0.19929
   8431.5   0.19741
   8445.2   0.19532
   8459.0   0.19262
   8472.8   0.19006
   8486.7   0.18913
   8500.6   0.19017
   8514.5   0.19282
   8528.5   0.19559
   8542.6   0.19710
   8556.7   0.19680
   8570.8   0.19574
   8585.0   0.19541
   8599.3   0.19770
   8613.5   0.20346
   8627.9   0.21271
   8642.3   0.22384
   8656.7   0.23494
   8671.2   0.24473
   8685.7   0.25353
   8700.3   0.26170
   8714.9   0.26993
   8729.5   0.27808
   8744.3   0.28606
   8759.0   0.29335
   8773.9   0.29996
   8788.7   0.30537
   8803.7   0.30965
   8818.6   0.31279
   8833.7   0.31542
   8848.7   0.31744
   8863.8   0.31926
   8879.0   0.32077
   8894.3   0.32255
   8909.5   0.32453
   8924.9   0.32684
   8940.3   0.32902
   8955.7   0.33124
   8971.2   0.33305
   8986.8   0.33469
   9002.3   0.33599
   9018.0   0.33708
   9033.7   0.33749
   9049.5   0.33778
   9065.3   0.33769
   9081.2   0.33777
   9097.1   0.33770
   9113.1   0.33774
   9129.1   0.33713
   9145.2   0.33619
   9161.4   0.33379
   9177.6   0.32806
   9193.9   0.31766
   9210.2   0.30840
   9226.6   0.30305
   9243.0   0.31039
   9259.5   0.32492
   9276.1   0.33103
   9292.7   0.33071
   9309.4   0.32797
   9326.2   0.32452
   9343.0   0.32131
   9359.8   0.31899
   9376.8   0.31950
   9393.8   0.32557
   9410.8   0.33193
   9427.9   0.33558
   9445.1   0.33762
   9462.3   0.33854
   9479.6   0.33875
   9497.0   0.33855
   9514.4   0.33773
   9531.9   0.33552
   9549.4   0.33204
   9567.0   0.32835
   9584.7   0.32580
   9602.5   0.32474
   9620.3   0.32425
   9638.2   0.32260
   9656.1   0.31858
   9674.2   0.31207
   9692.2   0.30389
   9710.4   0.29531
   9728.6   0.28808
   9746.9   0.28307
   9765.2   0.28031
   9783.7   0.27855
   9802.2   0.27657
   9820.7   0.27368
   9839.4   0.27044
   9858.1   0.26791
   9876.8   0.26724
   9895.7   0.26864
   9914.6   0.27152
   9933.6   0.27467
   9952.7   0.27709
   9971.8   0.27853
   9991.0   0.27955
  10010.3   0.28050
  10029.7   0.28197
  10049.1   0.28374
  10068.6   0.28638
  10088.2   0.29073
  10107.9   0.29623
  10127.6   0.30072
  10147.5   0.30318
  10167.3   0.30334
  10187.3   0.30178
  10207.4   0.30012
  10227.5   0.30235
  10247.7   0.30908
  10268.0   0.31677
  10288.4   0.32238
  10308.8   0.32582
  10329.4   0.32746
  10350.0   0.32783
  10370.7   0.32702
  10391.5   0.32548
  10412.3   0.32292
  10433.3   0.31906
  10454.3   0.31395
  10475.4   0.30835
  10496.7   0.30252
  10517.9   0.29763
  10539.3   0.29451
  10560.8   0.29373
  10582.3   0.29436
  10604.0   0.29497
  10625.7   0.29442
  10647.5   0.29309
  10669.4   0.29168
  10691.4   0.29209
  10713.5   0.29491
  10735.7   0.30011
  10758.0   0.30661
  10780.3   0.31377
  10802.8   0.32097
  10825.4   0.32813
  10848.0   0.33433
  10870.8   0.33923
  10893.6   0.34225
  10916.5   0.34380
  10939.5   0.34354
  10962.7   0.34172
  10985.9   0.33846
  11009.2   0.33474
  11032.7   0.33069
  11056.2   0.32702
  11079.8   0.32290
  11103.5   0.31820
  11127.4   0.31192
  11151.3   0.30422
  11175.3   0.29504
  11199.5   0.28602
  11223.7   0.27671
  11248.0   0.25627
  11272.5   0.20503
  11297.1   0.14530
  11321.7   0.11254
  11346.5   0.10156
  11371.4   0.09388
  11396.4   0.08341
  11421.5   0.07452
  11446.7   0.07063
  11472.0   0.07176
  11497.4   0.08110
  11523.0   0.09969
  11548.7   0.12250
  11574.4   0.14526
  11600.3   0.16676
  11626.3   0.18658
  11652.5   0.20543
  11678.7   0.22186
  11705.1   0.23360
  11731.6   0.23145
  11758.2   0.19227
  11784.9   0.13928
  11811.7   0.16584
  11838.7   0.23882
  11865.8   0.28392
  11893.0   0.30617
  11920.3   0.31835
  11947.8   0.32685
  11975.4   0.33274
  12003.1   0.33767
  12031.0   0.34082
  12059.0   0.34273
  12087.1   0.34330
  12115.3   0.34324
  12143.7   0.34248
  12172.2   0.34092
  12200.8   0.33767
  12229.6   0.33342
  12258.5   0.32871
  12287.6   0.32517
  12316.8   0.32340
  12346.1   0.32329
  12375.5   0.32332
  12405.2   0.32190
  12434.9   0.31869
  12464.8   0.31468
  12494.8   0.31077
  12525.0   0.30827
  12555.3   0.30652
  12585.8   0.30453
  12616.4   0.30157
  12647.2   0.29757
  12678.1   0.29283
  12709.2   0.28824
  12740.4   0.28459
  12771.8   0.28275
  12803.3   0.28220
  12835.0   0.28241
  12866.9   0.28251
  12898.9   0.28250
  12931.1   0.28347
  12963.4   0.28678
  12995.9   0.29226
  13028.5   0.29945
  13061.3   0.30735
  13094.3   0.31517
  13127.5   0.32231
  13160.8   0.32889
  13194.3   0.33440
  13227.9   0.33860
  13261.8   0.34186
  13295.8   0.34459
  13330.0   0.34596
  13364.3   0.34603
  13398.9   0.34450
  13433.6   0.34152
  13468.5   0.33687
  13503.5   0.33013
  13538.8   0.32132
  13574.2   0.31078
  13609.9   0.29842
  13645.7   0.28470
  13681.7   0.26909
  13717.9   0.25072
  13754.3   0.22811
  13790.9   0.20042
  13827.6   0.16722
  13864.6   0.12870
  13901.8   0.08618
  13939.2   0.04789
  13976.7   0.02635
  14014.5   0.02732
  14052.5   0.03898
  14090.7   0.05779
  14129.0   0.08640
  14167.7   0.11850
  14206.5   0.15097
  14245.5   0.18004
  14284.7   0.20066
  14324.2   0.21944
  14363.9   0.23537
  14403.8   0.24535
  14443.9   0.25808
  14484.3   0.27134
  14524.8   0.27955
  14565.6   0.28495
  14606.7   0.28835
  14647.9   0.29019
  14689.4   0.29125
  14731.2   0.29150
  14773.1   0.29079
  14815.3   0.28945
  14857.8   0.28734
  14900.5   0.28460
  14943.4   0.27948
  14986.6   0.27490
  15030.0   0.27385
  15073.7   0.27067
  15117.7   0.26622
  15161.9   0.26140
  15206.3   0.25689
  15251.1   0.25258
  15296.1   0.24808
  15341.3   0.24346
  15386.8   0.23921
  15432.6   0.23489
  15478.7   0.23069
  15525.0   0.22632
  15571.7   0.22189
  15618.6   0.21764
  15665.8   0.21335
  15713.2   0.20871
  15761.0   0.20445
  15809.0   0.20051
  15857.4   0.19650
  15906.0   0.19251
  15955.0   0.18879
  16004.2   0.18511
  16053.8   0.18150
  16103.6   0.17812
  16153.8   0.17476
  16204.3   0.17102
  16255.1   0.16750
  16306.2   0.16328
  16357.6   0.15874
  16409.4   0.15436
  16461.5   0.14973
  16513.9   0.14485
  16566.7   0.13969
  16619.8   0.13454
  16673.2   0.12976
  16727.0   0.12559
  16781.1   0.12173
  16835.6   0.11778
  16890.5   0.11423
  16945.7   0.11177
  17001.2   0.10996
  17057.2   0.10822
  17113.4   0.10713
  17170.1   0.10644
  17227.2   0.10602
  17284.6   0.10587
  17342.4   0.10559
  17400.6   0.10553
  17459.2   0.10554
  17518.2   0.10521
  17577.5   0.10470
  17637.3   0.10395
  17697.5   0.10313
  17758.1   0.10202
  17819.2   0.10003
  17880.6   0.09778
  17942.5   0.09554
  18004.8   0.09276
  18067.5   0.08935
  18130.7   0.08609
  18194.3   0.08341
  18258.4   0.08104
  18322.9   0.07856
  18387.9   0.07629
  18453.3   0.07371
  18519.2   0.07094
  18585.6   0.06874
  18652.4   0.06675
  18719.8   0.06425
  18787.6   0.06190
  18855.9   0.05954
  18924.7   0.05726
  18994.1   0.05504
  19063.9   0.05313
  19134.2   0.05155
  19205.1   0.04967
  19276.5   0.04783
  19348.4   0.04607
  19420.9   0.04442
  19493.9   0.04307
  19567.5   0.04110
  19641.6   0.03929
  19716.3   0.03803
  19791.5   0.03683
  19867.4   0.03519
  19943.8   0.03359
  20020.8   0.03227
  20098.4   0.03111
  20176.6   0.02952
  20255.4   0.02779
  20334.8   0.02659
  20414.9   0.02573
  20495.6   0.02435
  20576.9   0.02338
  20658.9   0.02275
  20741.5   0.02204
  20824.8   0.02121
  20908.8   0.02012
  20993.4   0.01887
  21078.8   0.01788
  21164.8   0.01739
  21251.6   0.01662
  21339.0   0.01526
  21427.2   0.01467
  21516.1   0.01406
  21605.8   0.01302
  21696.2   0.01212
  21787.3   0.01213
  21879.3   0.01164
  21972.0   0.01094
  22065.5   0.00993
  22159.8   0.00943
  22254.9   0.00950
  22350.8   0.00806
  22447.5   0.00705
  22545.1   0.00770
  22643.6   0.00727
  22742.9   0.00720
  22843.1   0.00733
  22944.2   0.00648
  23046.2   0.00601
  23149.0   0.00599
  23252.8   0.00583
  23357.6   0.00593
  23463.3   0.00605
  23569.9   0.00620
  23677.6   0.00675
  23786.2   0.00679
  23895.8   0.00712
  24006.4   0.00844
  24118.1   0.00942
  24230.8   0.01023
  24344.5   0.01240
  24459.4   0.01444
  24575.3   0.01306
  24692.3   0.01266
  24810.4   0.01467
  24929.7   0.01641
  25050.2   0.01694



 BKR1JB549   .ASC                        

 JB-JLB-549                                                              
 Calcite <63 um (off-axis)                                               

 Source Ang: 30.00   Detect Ang:  0.00  Volt: 1.222
 Date:  6-OCT-02   Time: 05:53:09
