  3982
    300.0   0.78965
    305.0   0.79460
    310.0   0.80059
    315.0   0.80594
    320.0   0.81117
    325.0   0.81519
    330.0   0.81975
    335.0   0.82340
    340.0   0.82712
    345.0   0.82956
    350.0   0.83187
    355.0   0.83456
    360.0   0.83725
    365.0   0.83856
    370.0   0.84134
    375.0   0.84373
    380.0   0.84752
    385.0   0.84973
    390.0   0.85154
    395.0   0.85320
    400.0   0.85511
    405.0   0.85689
    410.0   0.86017
    415.0   0.86231
    420.0   0.86505
    425.0   0.86810
    430.0   0.87175
    435.0   0.87446
    440.0   0.87758
    445.0   0.88000
    450.0   0.88254
    455.0   0.88465
    460.0   0.88734
    465.0   0.88969
    470.0   0.89173
    475.0   0.89383
    480.0   0.89573
    485.0   0.89844
    490.0   0.90007
    495.0   0.90237
    500.0   0.90434
    505.0   0.90641
    510.0   0.90845
    515.0   0.91039
    520.0   0.91252
    525.0   0.91407
    530.0   0.91534
    535.0   0.91744
    540.0   0.91854
    545.0   0.92009
    550.0   0.92149
    555.0   0.92354
    560.0   0.92475
    565.0   0.92638
    570.0   0.92761
    575.0   0.92899
    580.0   0.93050
    585.0   0.93153
    590.0   0.93231
    595.0   0.93318
    600.0   0.93097
    605.0   0.93227
    610.0   0.93179
    615.0   0.93280
    620.0   0.93257
    625.0   0.93237
    630.0   0.93242
    635.0   0.93221
    640.0   0.93220
    645.0   0.93313
    650.0   0.93261
    655.0   0.93400
    660.0   0.93424
    665.0   0.93492
    670.0   0.93597
    675.0   0.93631
    680.0   0.93592
    685.0   0.93783
    690.0   0.93820
    695.0   0.93801
    700.0   0.93931
    705.0   0.94048
    710.0   0.94050
    715.0   0.94044
    720.0   0.94036
    725.0   0.94092
    730.0   0.94101
    735.0   0.94121
    740.0   0.94144
    745.0   0.94165
    750.0   0.94143
    755.0   0.94124
    760.0   0.94145
    765.0   0.94273
    770.0   0.94176
    775.0   0.94222
    780.0   0.94274
    785.0   0.94367
    790.0   0.94332
    795.0   0.94401
    800.0   0.94357
    805.0   0.94507
    810.0   0.94464
    815.0   0.94490
    820.0   0.94606
    825.0   0.94701
    830.0   0.94627
    835.0   0.94651
    840.0   0.94674
    845.0   0.94655
    850.0   0.94735
    855.0   0.94609
    860.0   0.94569
    865.0   0.94654
    870.0   0.94672
    875.0   0.94666
    880.0   0.94689
    885.0   0.94783
    890.0   0.94702
    895.0   0.94760
    900.0   0.94675
    905.0   0.94717
    910.0   0.94548
    915.0   0.94598
    920.0   0.94508
    925.0   0.94442
    930.0   0.94278
    935.0   0.94396
    940.0   0.94191
    945.0   0.94098
    950.0   0.93855
    955.0   0.93657
    960.0   0.93321
    965.0   0.92967
    970.0   0.92655
    975.0   0.92279
    980.0   0.92063
    985.0   0.91805
    990.0   0.91641
    995.0   0.91442
   1000.0   0.91537
   1005.0   0.91942
   1010.0   0.92280
   1015.0   0.92614
   1020.0   0.92942
   1025.0   0.93263
   1030.0   0.93646
   1035.0   0.93786
   1040.0   0.93965
   1045.0   0.94058
   1050.0   0.94266
   1055.0   0.94305
   1060.0   0.94433
   1065.0   0.94405
   1070.0   0.94386
   1075.0   0.94339
   1080.0   0.94413
   1085.0   0.94299
   1090.0   0.94222
   1095.0   0.94214
   1100.0   0.93985
   1105.0   0.93888
   1110.0   0.93707
   1115.0   0.93583
   1120.0   0.93506
   1125.0   0.93502
   1130.0   0.93288
   1135.0   0.92995
   1140.0   0.92650
   1145.0   0.92107
   1150.0   0.91422
   1155.0   0.90562
   1160.0   0.89106
   1165.0   0.87655
   1170.0   0.86562
   1175.0   0.86145
   1180.0   0.85840
   1185.0   0.85825
   1190.0   0.85932
   1195.0   0.85849
   1200.0   0.85771
   1205.0   0.85537
   1210.0   0.85451
   1215.0   0.86430
   1220.0   0.87089
   1225.0   0.87154
   1230.0   0.87161
   1235.0   0.87172
   1240.0   0.87671
   1245.0   0.88258
   1250.0   0.88768
   1255.0   0.89068
   1260.0   0.89167
   1265.0   0.89259
   1270.0   0.89395
   1275.0   0.89511
   1280.0   0.89568
   1285.0   0.89582
   1290.0   0.89519
   1295.0   0.89457
   1300.0   0.89373
   1300.5   0.89361
   1300.8   0.89349
   1301.2   0.89344
   1301.5   0.89344
   1301.8   0.89347
   1302.1   0.89341
   1302.5   0.89319
   1302.8   0.89300
   1303.1   0.89287
   1303.4   0.89277
   1303.8   0.89266
   1304.1   0.89256
   1304.4   0.89222
   1304.8   0.89208
   1305.1   0.89210
   1305.4   0.89210
   1305.8   0.89190
   1306.1   0.89166
   1306.4   0.89146
   1306.7   0.89128
   1307.1   0.89127
   1307.4   0.89123
   1307.7   0.89107
   1308.1   0.89097
   1308.4   0.89089
   1308.7   0.89074
   1309.0   0.89062
   1309.4   0.89045
   1309.7   0.89020
   1310.0   0.89001
   1310.4   0.88996
   1310.7   0.88974
   1311.0   0.88943
   1311.4   0.88917
   1311.7   0.88913
   1312.0   0.88908
   1312.4   0.88888
   1312.7   0.88871
   1313.0   0.88850
   1313.3   0.88831
   1313.7   0.88813
   1314.0   0.88794
   1314.3   0.88771
   1314.7   0.88751
   1315.0   0.88716
   1315.3   0.88693
   1315.7   0.88678
   1316.0   0.88669
   1316.3   0.88655
   1316.7   0.88634
   1317.0   0.88605
   1317.4   0.88587
   1317.7   0.88565
   1318.0   0.88542
   1318.4   0.88532
   1318.7   0.88516
   1319.0   0.88491
   1319.4   0.88467
   1319.7   0.88449
   1320.0   0.88424
   1320.4   0.88403
   1320.7   0.88383
   1321.1   0.88362
   1321.4   0.88338
   1321.7   0.88302
   1322.1   0.88269
   1322.4   0.88256
   1322.7   0.88235
   1323.1   0.88206
   1323.4   0.88195
   1323.8   0.88174
   1324.1   0.88132
   1324.4   0.88110
   1324.8   0.88103
   1325.1   0.88073
   1325.4   0.88048
   1325.8   0.88028
   1326.1   0.87996
   1326.5   0.87958
   1326.8   0.87931
   1327.1   0.87909
   1327.5   0.87878
   1327.8   0.87846
   1328.2   0.87810
   1328.5   0.87777
   1328.8   0.87751
   1329.2   0.87717
   1329.5   0.87682
   1329.9   0.87655
   1330.2   0.87628
   1330.5   0.87598
   1330.9   0.87562
   1331.2   0.87524
   1331.6   0.87484
   1331.9   0.87442
   1332.3   0.87394
   1332.6   0.87358
   1332.9   0.87334
   1333.3   0.87301
   1333.6   0.87253
   1334.0   0.87205
   1334.3   0.87169
   1334.7   0.87140
   1335.0   0.87105
   1335.3   0.87051
   1335.7   0.86997
   1336.0   0.86967
   1336.4   0.86942
   1336.7   0.86896
   1337.1   0.86852
   1337.4   0.86810
   1337.8   0.86765
   1338.1   0.86732
   1338.4   0.86694
   1338.8   0.86661
   1339.1   0.86624
   1339.5   0.86590
   1339.8   0.86545
   1340.2   0.86508
   1340.5   0.86476
   1340.9   0.86429
   1341.2   0.86405
   1341.6   0.86373
   1341.9   0.86320
   1342.3   0.86290
   1342.6   0.86266
   1342.9   0.86227
   1343.3   0.86194
   1343.7   0.86166
   1344.0   0.86140
   1344.3   0.86096
   1344.7   0.86053
   1345.0   0.86025
   1345.4   0.86000
   1345.7   0.85975
   1346.1   0.85948
   1346.4   0.85921
   1346.8   0.85885
   1347.1   0.85852
   1347.5   0.85829
   1347.8   0.85793
   1348.2   0.85748
   1348.5   0.85715
   1348.9   0.85688
   1349.2   0.85658
   1349.6   0.85627
   1349.9   0.85598
   1350.3   0.85566
   1350.7   0.85526
   1351.0   0.85488
   1351.3   0.85455
   1351.7   0.85413
   1352.1   0.85368
   1352.4   0.85345
   1352.8   0.85310
   1353.1   0.85274
   1353.5   0.85248
   1353.8   0.85217
   1354.2   0.85180
   1354.5   0.85158
   1354.9   0.85127
   1355.2   0.85083
   1355.6   0.85077
   1355.9   0.85053
   1356.3   0.84992
   1356.7   0.84960
   1357.0   0.84945
   1357.4   0.84905
   1357.7   0.84863
   1358.1   0.84841
   1358.4   0.84825
   1358.8   0.84779
   1359.1   0.84754
   1359.5   0.84748
   1359.9   0.84695
   1360.2   0.84658
   1360.6   0.84647
   1360.9   0.84640
   1361.3   0.84609
   1361.6   0.84593
   1362.0   0.84575
   1362.4   0.84565
   1362.7   0.84466
   1363.1   0.84405
   1363.4   0.84389
   1363.8   0.84371
   1364.2   0.84361
   1364.5   0.84376
   1364.9   0.84318
   1365.2   0.84282
   1365.6   0.84261
   1365.9   0.84194
   1366.3   0.84149
   1366.7   0.84130
   1367.0   0.84100
   1367.4   0.84088
   1367.8   0.84067
   1368.1   0.84013
   1368.5   0.84002
   1368.8   0.83942
   1369.2   0.83891
   1369.6   0.83871
   1369.9   0.83847
   1370.3   0.83786
   1370.6   0.83763
   1371.0   0.83743
   1371.4   0.83674
   1371.7   0.83631
   1372.1   0.83609
   1372.4   0.83563
   1372.8   0.83507
   1373.2   0.83472
   1373.6   0.83424
   1373.9   0.83386
   1374.3   0.83365
   1374.6   0.83342
   1375.0   0.83293
   1375.4   0.83239
   1375.7   0.83205
   1376.1   0.83167
   1376.5   0.83138
   1376.8   0.83128
   1377.2   0.83081
   1377.6   0.83022
   1377.9   0.82989
   1378.3   0.82969
   1378.7   0.82942
   1379.0   0.82887
   1379.4   0.82839
   1379.8   0.82807
   1380.1   0.82800
   1380.5   0.82825
   1380.9   0.82759
   1381.2   0.82648
   1381.6   0.82601
   1382.0   0.82581
   1382.3   0.82599
   1382.7   0.82594
   1383.1   0.82489
   1383.4   0.82421
   1383.8   0.82389
   1384.2   0.82328
   1384.6   0.82276
   1384.9   0.82246
   1385.3   0.82178
   1385.7   0.82105
   1386.0   0.82060
   1386.4   0.82000
   1386.8   0.81915
   1387.1   0.81848
   1387.5   0.81819
   1387.9   0.81790
   1388.3   0.81713
   1388.6   0.81624
   1389.0   0.81558
   1389.4   0.81514
   1389.8   0.81474
   1390.1   0.81414
   1390.5   0.81346
   1390.9   0.81295
   1391.2   0.81244
   1391.6   0.81187
   1392.0   0.81150
   1392.4   0.81132
   1392.7   0.81049
   1393.1   0.80970
   1393.5   0.80923
   1393.8   0.80875
   1394.2   0.80831
   1394.6   0.80815
   1395.0   0.80784
   1395.4   0.80724
   1395.7   0.80687
   1396.1   0.80669
   1396.5   0.80633
   1396.9   0.80561
   1397.2   0.80512
   1397.6   0.80461
   1398.0   0.80399
   1398.4   0.80339
   1398.7   0.80295
   1399.1   0.80253
   1399.5   0.80198
   1399.9   0.80114
   1400.3   0.80048
   1400.6   0.79985
   1401.0   0.79892
   1401.4   0.79802
   1401.8   0.79706
   1402.2   0.79606
   1402.5   0.79505
   1402.9   0.79393
   1403.3   0.79290
   1403.7   0.79191
   1404.1   0.79082
   1404.4   0.78981
   1404.8   0.78888
   1405.2   0.78745
   1405.6   0.78595
   1405.9   0.78468
   1406.3   0.78336
   1406.7   0.78212
   1407.1   0.78088
   1407.5   0.77934
   1407.9   0.77773
   1408.2   0.77633
   1408.6   0.77493
   1409.0   0.77361
   1409.4   0.77222
   1409.8   0.77062
   1410.2   0.76901
   1410.5   0.76736
   1410.9   0.76573
   1411.3   0.76414
   1411.7   0.76253
   1412.1   0.76090
   1412.5   0.75913
   1412.8   0.75729
   1413.2   0.75553
   1413.6   0.75388
   1414.0   0.75227
   1414.4   0.75041
   1414.8   0.74838
   1415.2   0.74649
   1415.6   0.74461
   1415.9   0.74275
   1416.3   0.74080
   1416.7   0.73871
   1417.1   0.73682
   1417.5   0.73496
   1417.9   0.73298
   1418.3   0.73114
   1418.6   0.72929
   1419.0   0.72731
   1419.4   0.72525
   1419.8   0.72329
   1420.2   0.72134
   1420.6   0.71938
   1421.0   0.71748
   1421.4   0.71561
   1421.8   0.71371
   1422.2   0.71195
   1422.5   0.71024
   1422.9   0.70862
   1423.3   0.70703
   1423.7   0.70544
   1424.1   0.70395
   1424.5   0.70253
   1424.9   0.70123
   1425.3   0.70009
   1425.7   0.69897
   1426.1   0.69796
   1426.4   0.69696
   1426.8   0.69606
   1427.2   0.69523
   1427.6   0.69428
   1428.0   0.69357
   1428.4   0.69289
   1428.8   0.69212
   1429.2   0.69136
   1429.6   0.69050
   1430.0   0.68967
   1430.4   0.68887
   1430.8   0.68793
   1431.2   0.68681
   1431.6   0.68569
   1432.0   0.68465
   1432.4   0.68352
   1432.8   0.68219
   1433.2   0.68074
   1433.6   0.67912
   1433.9   0.67749
   1434.3   0.67582
   1434.7   0.67404
   1435.1   0.67214
   1435.5   0.67014
   1435.9   0.66812
   1436.3   0.66596
   1436.7   0.66364
   1437.1   0.66132
   1437.5   0.65885
   1437.9   0.65631
   1438.3   0.65378
   1438.7   0.65115
   1439.1   0.64847
   1439.5   0.64573
   1439.9   0.64290
   1440.3   0.64000
   1440.7   0.63713
   1441.1   0.63434
   1441.5   0.63153
   1441.9   0.62877
   1442.3   0.62615
   1442.7   0.62363
   1443.1   0.62120
   1443.5   0.61884
   1443.9   0.61666
   1444.3   0.61482
   1444.7   0.61332
   1445.1   0.61207
   1445.5   0.61114
   1445.9   0.61056
   1446.3   0.61029
   1446.8   0.61054
   1447.2   0.61124
   1447.6   0.61218
   1448.0   0.61335
   1448.4   0.61492
   1448.8   0.61689
   1449.2   0.61910
   1449.6   0.62145
   1450.0   0.62391
   1450.4   0.62653
   1450.8   0.62921
   1451.2   0.63194
   1451.6   0.63469
   1452.0   0.63726
   1452.4   0.63978
   1452.8   0.64226
   1453.2   0.64470
   1453.7   0.64712
   1454.1   0.64944
   1454.5   0.65160
   1454.9   0.65360
   1455.3   0.65546
   1455.7   0.65727
   1456.1   0.65897
   1456.5   0.66060
   1456.9   0.66217
   1457.3   0.66370
   1457.7   0.66512
   1458.1   0.66640
   1458.6   0.66761
   1459.0   0.66879
   1459.4   0.66984
   1459.8   0.67079
   1460.2   0.67180
   1460.6   0.67276
   1461.0   0.67368
   1461.4   0.67462
   1461.8   0.67545
   1462.3   0.67613
   1462.7   0.67677
   1463.1   0.67748
   1463.5   0.67818
   1463.9   0.67882
   1464.3   0.67936
   1464.7   0.67995
   1465.2   0.68057
   1465.6   0.68110
   1466.0   0.68150
   1466.4   0.68193
   1466.8   0.68230
   1467.2   0.68265
   1467.6   0.68298
   1468.1   0.68325
   1468.5   0.68346
   1468.9   0.68373
   1469.3   0.68401
   1469.7   0.68410
   1470.1   0.68419
   1470.6   0.68439
   1471.0   0.68458
   1471.4   0.68470
   1471.8   0.68477
   1472.2   0.68489
   1472.6   0.68496
   1473.1   0.68504
   1473.5   0.68523
   1473.9   0.68539
   1474.3   0.68551
   1474.7   0.68567
   1475.2   0.68593
   1475.6   0.68619
   1476.0   0.68645
   1476.4   0.68682
   1476.8   0.68729
   1477.3   0.68783
   1477.7   0.68831
   1478.1   0.68868
   1478.5   0.68910
   1478.9   0.68950
   1479.4   0.68968
   1479.8   0.68984
   1480.2   0.69008
   1480.6   0.69008
   1481.1   0.68988
   1481.5   0.68967
   1481.9   0.68934
   1482.3   0.68897
   1482.8   0.68852
   1483.2   0.68789
   1483.6   0.68715
   1484.0   0.68646
   1484.4   0.68573
   1484.9   0.68495
   1485.3   0.68407
   1485.7   0.68325
   1486.2   0.68250
   1486.6   0.68175
   1487.0   0.68107
   1487.4   0.68039
   1487.8   0.67975
   1488.3   0.67924
   1488.7   0.67876
   1489.1   0.67836
   1489.6   0.67810
   1490.0   0.67792
   1490.4   0.67787
   1490.8   0.67803
   1491.3   0.67824
   1491.7   0.67844
   1492.1   0.67870
   1492.6   0.67928
   1493.0   0.67997
   1493.4   0.68072
   1493.8   0.68152
   1494.3   0.68249
   1494.7   0.68361
   1495.2   0.68482
   1495.6   0.68603
   1496.0   0.68733
   1496.4   0.68876
   1496.9   0.69021
   1497.3   0.69174
   1497.7   0.69328
   1498.2   0.69481
   1498.6   0.69642
   1499.0   0.69800
   1499.5   0.69963
   1499.9   0.70128
   1500.3   0.70287
   1500.8   0.70447
   1501.2   0.70604
   1501.6   0.70749
   1502.1   0.70894
   1502.5   0.71037
   1502.9   0.71174
   1503.4   0.71311
   1503.8   0.71433
   1504.3   0.71545
   1504.7   0.71653
   1505.1   0.71761
   1505.6   0.71871
   1506.0   0.71970
   1506.4   0.72059
   1506.9   0.72149
   1507.3   0.72239
   1507.8   0.72317
   1508.2   0.72390
   1508.6   0.72459
   1509.1   0.72528
   1509.5   0.72591
   1509.9   0.72639
   1510.4   0.72687
   1510.8   0.72747
   1511.3   0.72805
   1511.7   0.72853
   1512.2   0.72887
   1512.6   0.72920
   1513.0   0.72953
   1513.5   0.72987
   1513.9   0.73019
   1514.4   0.73042
   1514.8   0.73060
   1515.2   0.73088
   1515.7   0.73115
   1516.1   0.73124
   1516.6   0.73133
   1517.0   0.73148
   1517.5   0.73156
   1517.9   0.73156
   1518.3   0.73151
   1518.8   0.73149
   1519.2   0.73160
   1519.7   0.73165
   1520.1   0.73162
   1520.6   0.73153
   1521.0   0.73139
   1521.5   0.73132
   1521.9   0.73126
   1522.4   0.73107
   1522.8   0.73084
   1523.3   0.73065
   1523.7   0.73041
   1524.2   0.73016
   1524.6   0.72990
   1525.1   0.72965
   1525.5   0.72942
   1525.9   0.72921
   1526.4   0.72895
   1526.8   0.72859
   1527.3   0.72815
   1527.8   0.72779
   1528.2   0.72745
   1528.7   0.72702
   1529.1   0.72661
   1529.6   0.72630
   1530.0   0.72595
   1530.4   0.72553
   1530.9   0.72517
   1531.4   0.72478
   1531.8   0.72429
   1532.3   0.72392
   1532.7   0.72357
   1533.2   0.72318
   1533.6   0.72287
   1534.1   0.72252
   1534.5   0.72223
   1535.0   0.72201
   1535.4   0.72179
   1535.9   0.72161
   1536.3   0.72141
   1536.8   0.72127
   1537.3   0.72122
   1537.7   0.72119
   1538.2   0.72123
   1538.6   0.72131
   1539.1   0.72150
   1539.5   0.72175
   1540.0   0.72201
   1540.5   0.72237
   1540.9   0.72277
   1541.4   0.72333
   1541.8   0.72395
   1542.3   0.72457
   1542.8   0.72529
   1543.2   0.72604
   1543.7   0.72683
   1544.1   0.72774
   1544.6   0.72869
   1545.1   0.72966
   1545.5   0.73069
   1546.0   0.73178
   1546.4   0.73288
   1546.9   0.73391
   1547.3   0.73501
   1547.8   0.73618
   1548.3   0.73735
   1548.7   0.73847
   1549.2   0.73968
   1549.7   0.74085
   1550.1   0.74195
   1550.6   0.74314
   1551.1   0.74425
   1551.5   0.74540
   1552.0   0.74653
   1552.4   0.74763
   1552.9   0.74879
   1553.4   0.74992
   1553.8   0.75094
   1554.3   0.75197
   1554.8   0.75304
   1555.2   0.75408
   1555.7   0.75512
   1556.2   0.75614
   1556.6   0.75720
   1557.1   0.75819
   1557.6   0.75913
   1558.1   0.76008
   1558.5   0.76103
   1559.0   0.76192
   1559.4   0.76270
   1559.9   0.76359
   1560.4   0.76452
   1560.9   0.76536
   1561.3   0.76614
   1561.8   0.76689
   1562.3   0.76757
   1562.7   0.76835
   1563.2   0.76921
   1563.7   0.77000
   1564.2   0.77066
   1564.6   0.77138
   1565.1   0.77208
   1565.6   0.77272
   1566.1   0.77339
   1566.5   0.77408
   1567.0   0.77485
   1567.5   0.77554
   1567.9   0.77614
   1568.4   0.77680
   1568.9   0.77744
   1569.4   0.77803
   1569.8   0.77855
   1570.3   0.77914
   1570.8   0.77980
   1571.3   0.78036
   1571.7   0.78083
   1572.2   0.78140
   1572.7   0.78192
   1573.2   0.78234
   1573.7   0.78278
   1574.1   0.78322
   1574.6   0.78375
   1575.1   0.78427
   1575.6   0.78475
   1576.0   0.78527
   1576.5   0.78576
   1577.0   0.78624
   1577.5   0.78682
   1578.0   0.78732
   1578.4   0.78773
   1578.9   0.78816
   1579.4   0.78858
   1579.9   0.78893
   1580.4   0.78934
   1580.8   0.78978
   1581.3   0.79021
   1581.8   0.79064
   1582.3   0.79103
   1582.8   0.79140
   1583.3   0.79179
   1583.8   0.79231
   1584.2   0.79280
   1584.7   0.79312
   1585.2   0.79350
   1585.7   0.79393
   1586.2   0.79439
   1586.7   0.79481
   1587.1   0.79515
   1587.6   0.79553
   1588.1   0.79596
   1588.6   0.79641
   1589.1   0.79681
   1589.6   0.79720
   1590.1   0.79756
   1590.6   0.79801
   1591.0   0.79857
   1591.5   0.79910
   1592.0   0.79951
   1592.5   0.79979
   1593.0   0.80019
   1593.5   0.80067
   1594.0   0.80108
   1594.5   0.80156
   1594.9   0.80203
   1595.4   0.80246
   1595.9   0.80295
   1596.4   0.80343
   1596.9   0.80380
   1597.4   0.80415
   1597.9   0.80465
   1598.4   0.80511
   1598.9   0.80550
   1599.4   0.80595
   1599.9   0.80635
   1600.4   0.80680
   1600.9   0.80718
   1601.4   0.80767
   1601.8   0.80822
   1602.3   0.80870
   1602.8   0.80915
   1603.3   0.80953
   1603.8   0.80994
   1604.3   0.81043
   1604.8   0.81092
   1605.3   0.81140
   1605.8   0.81178
   1606.3   0.81215
   1606.8   0.81255
   1607.3   0.81294
   1607.8   0.81331
   1608.3   0.81373
   1608.8   0.81415
   1609.3   0.81459
   1609.8   0.81499
   1610.3   0.81540
   1610.8   0.81580
   1611.3   0.81612
   1611.8   0.81641
   1612.3   0.81675
   1612.8   0.81713
   1613.3   0.81745
   1613.8   0.81765
   1614.3   0.81799
   1614.8   0.81844
   1615.3   0.81880
   1615.8   0.81907
   1616.3   0.81941
   1616.8   0.81973
   1617.3   0.81998
   1617.8   0.82023
   1618.3   0.82052
   1618.9   0.82082
   1619.4   0.82106
   1619.9   0.82136
   1620.4   0.82169
   1620.9   0.82202
   1621.4   0.82233
   1621.9   0.82260
   1622.4   0.82285
   1622.9   0.82318
   1623.4   0.82348
   1623.9   0.82370
   1624.4   0.82398
   1624.9   0.82426
   1625.4   0.82454
   1626.0   0.82473
   1626.5   0.82495
   1627.0   0.82521
   1627.5   0.82547
   1628.0   0.82574
   1628.5   0.82606
   1629.0   0.82631
   1629.5   0.82657
   1630.1   0.82683
   1630.6   0.82709
   1631.1   0.82735
   1631.6   0.82761
   1632.1   0.82790
   1632.6   0.82819
   1633.1   0.82841
   1633.7   0.82867
   1634.2   0.82901
   1634.7   0.82929
   1635.2   0.82953
   1635.7   0.82985
   1636.2   0.83016
   1636.7   0.83045
   1637.3   0.83070
   1637.8   0.83094
   1638.3   0.83115
   1638.8   0.83141
   1639.3   0.83169
   1639.8   0.83198
   1640.4   0.83221
   1640.9   0.83240
   1641.4   0.83255
   1641.9   0.83269
   1642.4   0.83292
   1643.0   0.83316
   1643.5   0.83337
   1644.0   0.83366
   1644.5   0.83390
   1645.1   0.83406
   1645.6   0.83418
   1646.1   0.83441
   1646.6   0.83466
   1647.1   0.83486
   1647.7   0.83500
   1648.2   0.83515
   1648.7   0.83539
   1649.2   0.83557
   1649.8   0.83566
   1650.3   0.83579
   1650.8   0.83596
   1651.3   0.83608
   1651.9   0.83623
   1652.4   0.83648
   1652.9   0.83666
   1653.4   0.83672
   1654.0   0.83678
   1654.5   0.83692
   1655.0   0.83715
   1655.6   0.83723
   1656.1   0.83731
   1656.6   0.83740
   1657.1   0.83744
   1657.7   0.83760
   1658.2   0.83772
   1658.7   0.83781
   1659.3   0.83789
   1659.8   0.83797
   1660.3   0.83803
   1660.9   0.83803
   1661.4   0.83807
   1661.9   0.83816
   1662.5   0.83820
   1663.0   0.83820
   1663.5   0.83820
   1664.1   0.83828
   1664.6   0.83836
   1665.1   0.83842
   1665.7   0.83840
   1666.2   0.83844
   1666.7   0.83846
   1667.3   0.83850
   1667.8   0.83855
   1668.3   0.83855
   1668.9   0.83846
   1669.4   0.83838
   1669.9   0.83833
   1670.5   0.83839
   1671.0   0.83843
   1671.6   0.83831
   1672.1   0.83818
   1672.7   0.83816
   1673.2   0.83808
   1673.7   0.83803
   1674.3   0.83797
   1674.8   0.83783
   1675.3   0.83766
   1675.9   0.83750
   1676.4   0.83731
   1677.0   0.83724
   1677.5   0.83718
   1678.1   0.83699
   1678.6   0.83677
   1679.2   0.83665
   1679.7   0.83648
   1680.2   0.83627
   1680.8   0.83608
   1681.3   0.83587
   1681.9   0.83560
   1682.4   0.83541
   1683.0   0.83521
   1683.5   0.83505
   1684.1   0.83493
   1684.6   0.83469
   1685.2   0.83445
   1685.7   0.83423
   1686.3   0.83392
   1686.8   0.83362
   1687.3   0.83328
   1687.9   0.83297
   1688.4   0.83272
   1689.0   0.83240
   1689.5   0.83205
   1690.1   0.83172
   1690.7   0.83142
   1691.2   0.83107
   1691.8   0.83060
   1692.3   0.83011
   1692.8   0.82959
   1693.4   0.82912
   1694.0   0.82862
   1694.5   0.82804
   1695.1   0.82747
   1695.6   0.82685
   1696.2   0.82624
   1696.7   0.82572
   1697.3   0.82507
   1697.8   0.82448
   1698.4   0.82387
   1699.0   0.82316
   1699.5   0.82246
   1700.1   0.82166
   1700.6   0.82086
   1701.2   0.82011
   1701.7   0.81934
   1702.3   0.81852
   1702.9   0.81771
   1703.4   0.81690
   1704.0   0.81595
   1704.5   0.81497
   1705.1   0.81402
   1705.7   0.81298
   1706.2   0.81191
   1706.8   0.81088
   1707.3   0.80978
   1707.9   0.80869
   1708.5   0.80757
   1709.0   0.80635
   1709.6   0.80512
   1710.2   0.80390
   1710.7   0.80268
   1711.3   0.80143
   1711.9   0.80011
   1712.4   0.79879
   1713.0   0.79751
   1713.6   0.79614
   1714.1   0.79463
   1714.7   0.79321
   1715.3   0.79184
   1715.8   0.79038
   1716.4   0.78883
   1717.0   0.78734
   1717.5   0.78586
   1718.1   0.78439
   1718.7   0.78291
   1719.2   0.78141
   1719.8   0.77985
   1720.4   0.77827
   1720.9   0.77662
   1721.5   0.77496
   1722.1   0.77336
   1722.7   0.77174
   1723.2   0.76998
   1723.8   0.76824
   1724.4   0.76651
   1725.0   0.76476
   1725.5   0.76302
   1726.1   0.76134
   1726.7   0.75960
   1727.3   0.75781
   1727.8   0.75603
   1728.4   0.75431
   1729.0   0.75253
   1729.6   0.75072
   1730.1   0.74889
   1730.7   0.74710
   1731.3   0.74535
   1731.9   0.74359
   1732.4   0.74183
   1733.0   0.74009
   1733.6   0.73835
   1734.2   0.73660
   1734.8   0.73482
   1735.3   0.73303
   1735.9   0.73133
   1736.5   0.72969
   1737.1   0.72804
   1737.7   0.72636
   1738.3   0.72476
   1738.8   0.72329
   1739.4   0.72175
   1740.0   0.72028
   1740.6   0.71887
   1741.2   0.71751
   1741.8   0.71623
   1742.3   0.71505
   1742.9   0.71385
   1743.5   0.71261
   1744.1   0.71151
   1744.7   0.71054
   1745.3   0.70968
   1745.9   0.70887
   1746.4   0.70810
   1747.0   0.70743
   1747.6   0.70689
   1748.2   0.70644
   1748.8   0.70609
   1749.4   0.70588
   1750.0   0.70580
   1750.6   0.70577
   1751.2   0.70585
   1751.8   0.70607
   1752.4   0.70642
   1752.9   0.70691
   1753.5   0.70746
   1754.1   0.70809
   1754.7   0.70874
   1755.3   0.70940
   1755.9   0.71010
   1756.5   0.71087
   1757.1   0.71165
   1757.7   0.71236
   1758.3   0.71313
   1758.9   0.71386
   1759.5   0.71461
   1760.1   0.71536
   1760.7   0.71602
   1761.3   0.71663
   1761.9   0.71722
   1762.5   0.71780
   1763.1   0.71836
   1763.7   0.71888
   1764.3   0.71925
   1764.9   0.71957
   1765.5   0.71996
   1766.1   0.72029
   1766.7   0.72057
   1767.3   0.72079
   1767.9   0.72097
   1768.5   0.72115
   1769.1   0.72134
   1769.7   0.72155
   1770.3   0.72174
   1770.9   0.72184
   1771.5   0.72192
   1772.1   0.72202
   1772.7   0.72213
   1773.3   0.72222
   1773.9   0.72229
   1774.6   0.72244
   1775.2   0.72260
   1775.8   0.72277
   1776.4   0.72300
   1777.0   0.72333
   1777.6   0.72371
   1778.2   0.72405
   1778.8   0.72445
   1779.4   0.72499
   1780.0   0.72554
   1780.6   0.72618
   1781.3   0.72690
   1781.9   0.72762
   1782.5   0.72834
   1783.1   0.72910
   1783.7   0.72994
   1784.3   0.73092
   1784.9   0.73193
   1785.6   0.73285
   1786.2   0.73382
   1786.8   0.73494
   1787.4   0.73603
   1788.0   0.73708
   1788.6   0.73822
   1789.3   0.73941
   1789.9   0.74053
   1790.5   0.74154
   1791.1   0.74260
   1791.7   0.74377
   1792.3   0.74491
   1793.0   0.74600
   1793.6   0.74706
   1794.2   0.74800
   1794.8   0.74891
   1795.4   0.74995
   1796.1   0.75090
   1796.7   0.75181
   1797.3   0.75273
   1797.9   0.75359
   1798.6   0.75434
   1799.2   0.75512
   1799.8   0.75589
   1800.4   0.75662
   1801.1   0.75732
   1801.7   0.75798
   1802.3   0.75865
   1802.9   0.75933
   1803.6   0.75996
   1804.2   0.76052
   1804.8   0.76104
   1805.4   0.76169
   1806.1   0.76228
   1806.7   0.76269
   1807.3   0.76309
   1808.0   0.76359
   1808.6   0.76401
   1809.2   0.76440
   1809.9   0.76485
   1810.5   0.76541
   1811.1   0.76583
   1811.8   0.76618
   1812.4   0.76657
   1813.0   0.76698
   1813.7   0.76727
   1814.3   0.76762
   1814.9   0.76805
   1815.6   0.76845
   1816.2   0.76859
   1816.8   0.76884
   1817.5   0.76907
   1818.1   0.76937
   1818.7   0.76960
   1819.4   0.76987
   1820.0   0.77040
   1820.7   0.77076
   1821.3   0.77076
   1821.9   0.77094
   1822.6   0.77095
   1823.2   0.77100
   1823.9   0.77103
   1824.5   0.77113
   1825.2   0.77122
   1825.8   0.77175
   1826.4   0.77205
   1827.1   0.77161
   1827.7   0.77148
   1828.4   0.77170
   1829.0   0.77167
   1829.7   0.77157
   1830.3   0.77158
   1830.9   0.77166
   1831.6   0.77143
   1832.2   0.77119
   1832.9   0.77103
   1833.5   0.77069
   1834.2   0.77053
   1834.8   0.77062
   1835.5   0.77046
   1836.1   0.77037
   1836.8   0.76989
   1837.4   0.76969
   1838.1   0.76932
   1838.7   0.76850
   1839.4   0.76851
   1840.0   0.76841
   1840.7   0.76751
   1841.3   0.76739
   1842.0   0.76729
   1842.7   0.76627
   1843.3   0.76544
   1844.0   0.76488
   1844.6   0.76430
   1845.3   0.76369
   1845.9   0.76319
   1846.6   0.76316
   1847.3   0.76273
   1847.9   0.76172
   1848.6   0.76082
   1849.2   0.75967
   1849.9   0.75884
   1850.6   0.75793
   1851.2   0.75687
   1851.9   0.75580
   1852.5   0.75497
   1853.2   0.75408
   1853.9   0.75303
   1854.5   0.75131
   1855.2   0.74974
   1855.8   0.74855
   1856.5   0.74741
   1857.2   0.74563
   1857.8   0.74377
   1858.5   0.74216
   1859.2   0.74085
   1859.8   0.73941
   1860.5   0.73716
   1861.2   0.73498
   1861.8   0.73283
   1862.5   0.73075
   1863.2   0.72859
   1863.9   0.72654
   1864.5   0.72423
   1865.2   0.72171
   1865.9   0.71918
   1866.5   0.71670
   1867.2   0.71445
   1867.9   0.71206
   1868.6   0.70879
   1869.2   0.70589
   1869.9   0.70314
   1870.6   0.70064
   1871.3   0.69758
   1871.9   0.69386
   1872.6   0.69099
   1873.3   0.68787
   1874.0   0.68390
   1874.6   0.68025
   1875.3   0.67683
   1876.0   0.67315
   1876.7   0.66969
   1877.3   0.66588
   1878.0   0.66164
   1878.7   0.65772
   1879.4   0.65370
   1880.1   0.64966
   1880.8   0.64556
   1881.4   0.64144
   1882.1   0.63717
   1882.8   0.63289
   1883.5   0.62876
   1884.2   0.62458
   1884.9   0.61995
   1885.6   0.61552
   1886.2   0.61111
   1886.9   0.60667
   1887.6   0.60199
   1888.3   0.59748
   1889.0   0.59300
   1889.7   0.58870
   1890.4   0.58411
   1891.1   0.57931
   1891.7   0.57472
   1892.4   0.57010
   1893.1   0.56534
   1893.8   0.56066
   1894.5   0.55579
   1895.2   0.55096
   1895.9   0.54599
   1896.6   0.54100
   1897.3   0.53599
   1898.0   0.53083
   1898.7   0.52556
   1899.4   0.52045
   1900.1   0.51478
   1900.8   0.50896
   1901.4   0.50310
   1902.2   0.49746
   1902.8   0.49178
   1903.6   0.48557
   1904.3   0.47936
   1904.9   0.47351
   1905.7   0.46716
   1906.3   0.46064
   1907.1   0.45398
   1907.8   0.44707
   1908.4   0.44028
   1909.2   0.43343
   1909.9   0.42641
   1910.6   0.41943
   1911.3   0.41224
   1912.0   0.40492
   1912.7   0.39770
   1913.4   0.39079
   1914.1   0.38364
   1914.8   0.37671
   1915.5   0.37023
   1916.2   0.36418
   1916.9   0.35848
   1917.6   0.35345
   1918.3   0.34910
   1919.1   0.34553
   1919.8   0.34269
   1920.5   0.34049
   1921.2   0.33845
   1921.9   0.33691
   1922.6   0.33587
   1923.3   0.33513
   1924.0   0.33443
   1924.8   0.33356
   1925.5   0.33240
   1926.2   0.33104
   1926.9   0.32938
   1927.6   0.32735
   1928.3   0.32503
   1929.0   0.32238
   1929.8   0.31941
   1930.5   0.31637
   1931.2   0.31320
   1931.9   0.31007
   1932.6   0.30694
   1933.4   0.30398
   1934.1   0.30115
   1934.8   0.29851
   1935.5   0.29605
   1936.3   0.29390
   1937.0   0.29197
   1937.7   0.29035
   1938.4   0.28901
   1939.1   0.28793
   1939.9   0.28704
   1940.6   0.28649
   1941.3   0.28611
   1942.1   0.28592
   1942.8   0.28585
   1943.5   0.28597
   1944.2   0.28619
   1945.0   0.28656
   1945.7   0.28700
   1946.4   0.28756
   1947.2   0.28818
   1947.9   0.28896
   1948.6   0.28985
   1949.3   0.29102
   1950.1   0.29253
   1950.8   0.29446
   1951.6   0.29678
   1952.3   0.29963
   1953.0   0.30307
   1953.8   0.30717
   1954.5   0.31179
   1955.2   0.31691
   1956.0   0.32245
   1956.7   0.32827
   1957.4   0.33412
   1958.2   0.33986
   1958.9   0.34534
   1959.7   0.35041
   1960.4   0.35489
   1961.2   0.35876
   1961.9   0.36187
   1962.6   0.36433
   1963.4   0.36618
   1964.1   0.36752
   1964.9   0.36843
   1965.6   0.36900
   1966.3   0.36931
   1967.1   0.36956
   1967.8   0.36972
   1968.6   0.36987
   1969.3   0.37005
   1970.1   0.37036
   1970.8   0.37084
   1971.6   0.37144
   1972.3   0.37218
   1973.1   0.37312
   1973.8   0.37425
   1974.6   0.37560
   1975.3   0.37711
   1976.1   0.37873
   1976.8   0.38042
   1977.6   0.38221
   1978.4   0.38408
   1979.1   0.38601
   1979.9   0.38790
   1980.6   0.38979
   1981.4   0.39163
   1982.1   0.39350
   1982.9   0.39539
   1983.7   0.39730
   1984.4   0.39918
   1985.2   0.40112
   1985.9   0.40321
   1986.7   0.40549
   1987.5   0.40797
   1988.2   0.41073
   1989.0   0.41388
   1989.8   0.41747
   1990.5   0.42142
   1991.3   0.42593
   1992.0   0.43098
   1992.8   0.43653
   1993.6   0.44260
   1994.3   0.44910
   1995.1   0.45599
   1995.9   0.46311
   1996.6   0.47037
   1997.4   0.47772
   1998.2   0.48508
   1998.9   0.49237
   1999.7   0.49947
   2000.5   0.50634
   2001.3   0.51298
   2002.0   0.51935
   2002.8   0.52545
   2003.6   0.53128
   2004.4   0.53681
   2005.1   0.54205
   2005.9   0.54708
   2006.7   0.55187
   2007.5   0.55642
   2008.2   0.56074
   2009.0   0.56492
   2009.8   0.56891
   2010.6   0.57266
   2011.4   0.57628
   2012.1   0.57974
   2012.9   0.58298
   2013.7   0.58606
   2014.5   0.58893
   2015.3   0.59174
   2016.1   0.59455
   2016.8   0.59720
   2017.6   0.59973
   2018.4   0.60219
   2019.2   0.60449
   2020.0   0.60659
   2020.8   0.60866
   2021.6   0.61071
   2022.3   0.61266
   2023.1   0.61452
   2023.9   0.61629
   2024.7   0.61798
   2025.5   0.61965
   2026.3   0.62132
   2027.1   0.62287
   2027.9   0.62436
   2028.7   0.62580
   2029.5   0.62716
   2030.3   0.62843
   2031.1   0.62967
   2031.8   0.63091
   2032.7   0.63213
   2033.4   0.63332
   2034.3   0.63446
   2035.0   0.63558
   2035.8   0.63661
   2036.6   0.63754
   2037.4   0.63849
   2038.2   0.63947
   2039.1   0.64037
   2039.8   0.64125
   2040.7   0.64212
   2041.4   0.64287
   2042.3   0.64358
   2043.1   0.64435
   2043.9   0.64505
   2044.7   0.64581
   2045.5   0.64657
   2046.3   0.64714
   2047.1   0.64769
   2047.9   0.64820
   2048.7   0.64867
   2049.5   0.64912
   2050.3   0.64948
   2051.1   0.64975
   2052.0   0.64989
   2052.8   0.64998
   2053.6   0.64999
   2054.4   0.64992
   2055.2   0.64986
   2056.0   0.64977
   2056.8   0.64955
   2057.7   0.64926
   2058.5   0.64889
   2059.3   0.64849
   2060.1   0.64814
   2060.9   0.64768
   2061.8   0.64719
   2062.6   0.64675
   2063.4   0.64634
   2064.2   0.64596
   2065.0   0.64565
   2065.9   0.64542
   2066.7   0.64529
   2067.5   0.64525
   2068.3   0.64520
   2069.1   0.64516
   2070.0   0.64511
   2070.8   0.64505
   2071.6   0.64514
   2072.5   0.64524
   2073.3   0.64519
   2074.1   0.64508
   2074.9   0.64499
   2075.8   0.64493
   2076.6   0.64485
   2077.4   0.64466
   2078.3   0.64445
   2079.1   0.64419
   2079.9   0.64386
   2080.8   0.64350
   2081.6   0.64314
   2082.4   0.64276
   2083.3   0.64234
   2084.1   0.64177
   2085.0   0.64114
   2085.8   0.64053
   2086.6   0.63988
   2087.5   0.63916
   2088.3   0.63840
   2089.2   0.63761
   2090.0   0.63675
   2090.9   0.63584
   2091.7   0.63492
   2092.5   0.63398
   2093.4   0.63306
   2094.2   0.63212
   2095.1   0.63129
   2095.9   0.63045
   2096.8   0.62953
   2097.6   0.62868
   2098.5   0.62784
   2099.3   0.62700
   2100.2   0.62609
   2101.0   0.62513
   2101.9   0.62423
   2102.7   0.62338
   2103.6   0.62247
   2104.4   0.62152
   2105.3   0.62054
   2106.1   0.61963
   2107.0   0.61874
   2107.9   0.61775
   2108.7   0.61674
   2109.6   0.61581
   2110.4   0.61488
   2111.3   0.61390
   2112.1   0.61292
   2113.0   0.61196
   2113.9   0.61095
   2114.7   0.60994
   2115.6   0.60894
   2116.4   0.60798
   2117.3   0.60697
   2118.2   0.60597
   2119.1   0.60499
   2119.9   0.60396
   2120.8   0.60299
   2121.6   0.60207
   2122.5   0.60122
   2123.4   0.60034
   2124.3   0.59940
   2125.1   0.59845
   2126.0   0.59751
   2126.9   0.59659
   2127.7   0.59571
   2128.6   0.59490
   2129.5   0.59410
   2130.4   0.59330
   2131.2   0.59258
   2132.1   0.59188
   2133.0   0.59119
   2133.9   0.59047
   2134.8   0.58976
   2135.6   0.58909
   2136.5   0.58842
   2137.4   0.58771
   2138.3   0.58698
   2139.2   0.58630
   2140.0   0.58565
   2140.9   0.58496
   2141.8   0.58421
   2142.7   0.58348
   2143.6   0.58269
   2144.5   0.58188
   2145.4   0.58111
   2146.2   0.58032
   2147.1   0.57941
   2148.0   0.57839
   2148.9   0.57739
   2149.8   0.57640
   2150.7   0.57541
   2151.6   0.57444
   2152.5   0.57343
   2153.4   0.57232
   2154.3   0.57120
   2155.2   0.57013
   2156.1   0.56911
   2156.9   0.56806
   2157.9   0.56696
   2158.8   0.56593
   2159.6   0.56495
   2160.6   0.56387
   2161.4   0.56280
   2162.4   0.56178
   2163.3   0.56074
   2164.2   0.55972
   2165.1   0.55867
   2166.0   0.55765
   2166.9   0.55664
   2167.8   0.55557
   2168.7   0.55449
   2169.6   0.55353
   2170.5   0.55266
   2171.4   0.55181
   2172.3   0.55100
   2173.2   0.55025
   2174.1   0.54947
   2175.1   0.54877
   2176.0   0.54821
   2176.9   0.54783
   2177.8   0.54750
   2178.7   0.54724
   2179.6   0.54699
   2180.5   0.54674
   2181.5   0.54649
   2182.4   0.54626
   2183.3   0.54605
   2184.2   0.54576
   2185.1   0.54548
   2186.1   0.54519
   2187.0   0.54479
   2187.9   0.54434
   2188.8   0.54385
   2189.8   0.54331
   2190.7   0.54280
   2191.6   0.54225
   2192.5   0.54162
   2193.5   0.54086
   2194.4   0.54001
   2195.3   0.53922
   2196.2   0.53839
   2197.2   0.53754
   2198.1   0.53655
   2199.0   0.53543
   2200.0   0.53436
   2200.9   0.53321
   2201.8   0.53198
   2202.8   0.53069
   2203.7   0.52940
   2204.6   0.52811
   2205.6   0.52667
   2206.5   0.52518
   2207.5   0.52369
   2208.4   0.52215
   2209.3   0.52065
   2210.3   0.51916
   2211.2   0.51773
   2212.2   0.51637
   2213.1   0.51498
   2214.1   0.51370
   2215.0   0.51259
   2215.9   0.51166
   2216.9   0.51099
   2217.9   0.51070
   2218.8   0.51086
   2219.8   0.51142
   2220.7   0.51245
   2221.6   0.51400
   2222.6   0.51597
   2223.6   0.51818
   2224.5   0.52060
   2225.5   0.52306
   2226.4   0.52545
   2227.4   0.52778
   2228.3   0.53000
   2229.3   0.53209
   2230.3   0.53396
   2231.2   0.53566
   2232.2   0.53719
   2233.1   0.53854
   2234.1   0.53972
   2235.1   0.54075
   2236.0   0.54166
   2237.0   0.54256
   2237.9   0.54331
   2238.9   0.54387
   2239.9   0.54433
   2240.9   0.54475
   2241.8   0.54512
   2242.8   0.54537
   2243.8   0.54552
   2244.7   0.54570
   2245.7   0.54585
   2246.7   0.54589
   2247.7   0.54580
   2248.6   0.54566
   2249.6   0.54542
   2250.6   0.54518
   2251.6   0.54496
   2252.5   0.54461
   2253.5   0.54413
   2254.5   0.54356
   2255.5   0.54297
   2256.5   0.54228
   2257.4   0.54146
   2258.4   0.54059
   2259.4   0.53961
   2260.4   0.53857
   2261.4   0.53750
   2262.4   0.53630
   2263.4   0.53497
   2264.3   0.53376
   2265.3   0.53273
   2266.3   0.53185
   2267.3   0.53122
   2268.3   0.53084
   2269.3   0.53082
   2270.3   0.53125
   2271.3   0.53205
   2272.3   0.53317
   2273.3   0.53460
   2274.3   0.53622
   2275.3   0.53796
   2276.3   0.53974
   2277.3   0.54154
   2278.3   0.54330
   2279.3   0.54494
   2280.3   0.54639
   2281.3   0.54776
   2282.3   0.54910
   2283.3   0.55036
   2284.3   0.55142
   2285.3   0.55234
   2286.3   0.55325
   2287.3   0.55413
   2288.3   0.55491
   2289.3   0.55556
   2290.4   0.55620
   2291.4   0.55677
   2292.4   0.55719
   2293.4   0.55755
   2294.4   0.55795
   2295.4   0.55841
   2296.4   0.55879
   2297.4   0.55908
   2298.5   0.55928
   2299.5   0.55940
   2300.5   0.55955
   2301.5   0.55972
   2302.6   0.55993
   2303.6   0.56006
   2304.6   0.56009
   2305.6   0.56010
   2306.6   0.56005
   2307.7   0.56005
   2308.7   0.56008
   2309.7   0.56008
   2310.8   0.56002
   2311.8   0.55999
   2312.8   0.55993
   2313.9   0.55981
   2314.9   0.55966
   2315.9   0.55952
   2317.0   0.55923
   2318.0   0.55891
   2319.0   0.55861
   2320.1   0.55824
   2321.1   0.55782
   2322.1   0.55738
   2323.2   0.55693
   2324.2   0.55643
   2325.3   0.55588
   2326.3   0.55527
   2327.4   0.55458
   2328.4   0.55385
   2329.4   0.55320
   2330.5   0.55242
   2331.6   0.55158
   2332.6   0.55064
   2333.6   0.54966
   2334.7   0.54855
   2335.8   0.54746
   2336.8   0.54638
   2337.9   0.54519
   2338.9   0.54396
   2340.0   0.54269
   2341.0   0.54138
   2342.1   0.54006
   2343.1   0.53870
   2344.2   0.53722
   2345.3   0.53572
   2346.3   0.53424
   2347.4   0.53272
   2348.4   0.53112
   2349.5   0.52946
   2350.6   0.52778
   2351.6   0.52605
   2352.7   0.52425
   2353.8   0.52240
   2354.8   0.52053
   2355.9   0.51852
   2357.0   0.51642
   2358.1   0.51430
   2359.1   0.51211
   2360.2   0.50986
   2361.3   0.50758
   2362.4   0.50531
   2363.4   0.50302
   2364.5   0.50069
   2365.6   0.49829
   2366.7   0.49579
   2367.8   0.49330
   2368.8   0.49072
   2369.9   0.48799
   2371.0   0.48519
   2372.1   0.48234
   2373.2   0.47939
   2374.3   0.47642
   2375.3   0.47331
   2376.4   0.47014
   2377.5   0.46684
   2378.6   0.46341
   2379.7   0.45986
   2380.8   0.45629
   2381.9   0.45266
   2383.0   0.44898
   2384.1   0.44518
   2385.2   0.44123
   2386.3   0.43718
   2387.4   0.43305
   2388.5   0.42876
   2389.6   0.42446
   2390.7   0.42016
   2391.8   0.41584
   2392.9   0.41141
   2394.0   0.40690
   2395.1   0.40244
   2396.2   0.39805
   2397.3   0.39364
   2398.4   0.38915
   2399.5   0.38471
   2400.6   0.38046
   2401.8   0.37631
   2402.9   0.37214
   2404.0   0.36810
   2405.1   0.36428
   2406.2   0.36053
   2407.3   0.35691
   2408.4   0.35341
   2409.6   0.35000
   2410.7   0.34675
   2411.8   0.34362
   2412.9   0.34069
   2414.1   0.33809
   2415.2   0.33559
   2416.3   0.33322
   2417.4   0.33102
   2418.6   0.32895
   2419.7   0.32701
   2420.8   0.32520
   2421.9   0.32348
   2423.1   0.32183
   2424.2   0.32030
   2425.3   0.31879
   2426.5   0.31721
   2427.6   0.31569
   2428.8   0.31417
   2429.9   0.31264
   2431.0   0.31112
   2432.2   0.30975
   2433.3   0.30837
   2434.4   0.30694
   2435.6   0.30558
   2436.7   0.30440
   2437.9   0.30318
   2439.0   0.30198
   2440.2   0.30092
   2441.3   0.29993
   2442.5   0.29893
   2443.6   0.29800
   2444.8   0.29716
   2445.9   0.29629
   2447.1   0.29532
   2448.3   0.29444
   2449.4   0.29353
   2450.6   0.29259
   2451.7   0.29160
   2452.9   0.29058
   2454.0   0.28951
   2455.2   0.28855
   2456.4   0.28755
   2457.5   0.28628
   2458.7   0.28505
   2459.9   0.28375
   2461.0   0.28238
   2462.2   0.28098
   2463.4   0.27963
   2464.5   0.27819
   2465.7   0.27676
   2466.9   0.27543
   2468.1   0.27392
   2469.2   0.27249
   2470.4   0.27119
   2471.6   0.27019
   2472.8   0.26907
   2473.9   0.26793
   2475.1   0.26689
   2476.3   0.26608
   2477.5   0.26529
   2478.7   0.26471
   2479.9   0.26428
   2481.1   0.26395
   2482.2   0.26358
   2483.4   0.26322
   2484.6   0.26296
   2485.8   0.26317
   2487.0   0.26339
   2488.2   0.26351
   2489.4   0.26345
   2490.6   0.26357
   2491.8   0.26388
   2493.0   0.26420
   2494.2   0.26471
   2495.4   0.26509
   2496.6   0.26531
   2497.8   0.26578
   2499.0   0.26653
   2500.2   0.26728
   2501.4   0.26800
   2502.6   0.26861
   2503.8   0.26923
   2505.0   0.27041
   2506.2   0.27146
   2507.4   0.27214
   2508.6   0.27283
   2509.9   0.27378
   2511.1   0.27449
   2512.3   0.27526
   2513.5   0.27607
   2514.7   0.27669
   2516.0   0.27772
   2517.2   0.27909
   2518.4   0.27965
   2519.6   0.28028
   2520.9   0.28086
   2522.1   0.28158
   2523.3   0.28221
   2524.5   0.28294
   2525.8   0.28299
   2527.0   0.28342
   2528.2   0.28408
   2529.5   0.28424
   2530.7   0.28409
   2531.9   0.28407
   2533.2   0.28395
   2534.4   0.28444
   2535.6   0.28536
   2536.9   0.28534
   2538.1   0.28460
   2539.4   0.28419
   2540.6   0.28387
   2541.9   0.28320
   2543.1   0.28269
   2544.4   0.28216
   2545.6   0.28142
   2546.9   0.28177
   2548.1   0.28229
   2549.4   0.28216
   2550.6   0.28117
   2551.9   0.28134
   2553.1   0.28118
   2554.4   0.27991
   2555.7   0.27916
   2556.9   0.27880
   2558.2   0.27838
   2559.4   0.27864
   2560.7   0.28016
   2562.0   0.28090
   2563.2   0.28008
   2564.5   0.27903
   2565.8   0.27690
   2567.1   0.27554
   2568.3   0.27600
   2569.6   0.27718
   2570.9   0.27577
   2572.1   0.27532
   2573.4   0.27729
   2574.7   0.27548
   2576.0   0.27496
   2577.3   0.27532
   2578.5   0.27355
   2579.8   0.27325
   2581.1   0.27435
   2582.4   0.27447
   2583.7   0.27673
   2585.0   0.27515
   2586.3   0.27366
   2587.5   0.27444
   2588.8   0.27334
   2590.1   0.27234
   2591.4   0.27135
   2592.7   0.27285
   2594.0   0.27919
   2595.3   0.28143
   2596.6   0.27343
   2597.9   0.26930
   2599.2   0.26813
   2600.5   0.26841
   2601.8   0.26865
   2603.1   0.26863
   2604.4   0.26995
   2605.8   0.27083
   2607.1   0.26751
   2608.4   0.26566
   2609.7   0.26483
   2611.0   0.26321
   2612.3   0.26200
   2613.6   0.26159
   2614.9   0.26072
   2616.3   0.26275
   2617.6   0.26181
   2618.9   0.25947
   2620.2   0.26087
   2621.6   0.25772
   2622.9   0.25417
   2624.2   0.25340
   2625.5   0.25391
   2626.9   0.25469
   2628.2   0.25147
   2629.5   0.25237
   2630.9   0.25266
   2632.2   0.24831
   2633.5   0.24686
   2634.9   0.24539
   2636.2   0.24307
   2637.6   0.24168
   2638.9   0.24032
   2640.2   0.23913
   2641.6   0.23780
   2642.9   0.23633
   2644.3   0.23497
   2645.6   0.23434
   2647.0   0.23196
   2648.3   0.22970
   2649.7   0.22792
   2651.0   0.22697
   2652.4   0.22604
   2653.8   0.22344
   2655.1   0.22129
   2656.5   0.21927
   2657.8   0.21656
   2659.2   0.21544
   2660.6   0.21319
   2661.9   0.21069
   2663.3   0.20884
   2664.7   0.20970
   2666.0   0.20870
   2667.4   0.20480
   2668.8   0.20076
   2670.1   0.20232
   2671.5   0.19747
   2672.9   0.19146
   2674.3   0.18942
   2675.7   0.18862
   2677.0   0.18669
   2678.4   0.18314
   2679.8   0.17956
   2681.2   0.17528
   2682.6   0.17280
   2684.0   0.17019
   2685.4   0.16704
   2686.8   0.16430
   2688.1   0.16111
   2689.5   0.15787
   2690.9   0.15462
   2692.3   0.15243
   2693.7   0.15038
   2695.1   0.14638
   2696.5   0.14190
   2697.9   0.13790
   2699.3   0.13442
   2700.8   0.13141
   2702.1   0.12766
   2703.6   0.12374
   2705.0   0.12031
   2706.4   0.11677
   2707.8   0.11360
   2709.2   0.11081
   2710.6   0.10805
   2712.1   0.10366
   2713.5   0.09899
   2714.9   0.09564
   2716.3   0.09229
   2717.7   0.08925
   2719.2   0.08695
   2720.6   0.08493
   2722.0   0.08063
   2723.4   0.07784
   2724.9   0.07489
   2726.3   0.07099
   2727.7   0.06784
   2729.2   0.06511
   2730.6   0.06227
   2732.1   0.05955
   2733.5   0.05702
   2734.9   0.05472
   2736.4   0.05197
   2737.8   0.04982
   2739.3   0.04807
   2740.7   0.04586
   2742.2   0.04330
   2743.6   0.04121
   2745.1   0.03935
   2746.5   0.03764
   2748.0   0.03589
   2749.4   0.03435
   2750.9   0.03304
   2752.4   0.03178
   2753.8   0.03073
   2755.3   0.03021
   2756.7   0.02901
   2758.2   0.02793
   2759.7   0.02724
   2761.1   0.02687
   2762.6   0.02642
   2764.1   0.02579
   2765.6   0.02539
   2767.0   0.02520
   2768.5   0.02513
   2770.0   0.02508
   2771.5   0.02488
   2773.0   0.02468
   2774.4   0.02463
   2775.9   0.02474
   2777.4   0.02499
   2778.9   0.02520
   2780.4   0.02539
   2781.9   0.02580
   2783.4   0.02607
   2784.9   0.02634
   2786.4   0.02674
   2787.9   0.02695
   2789.4   0.02695
   2790.9   0.02699
   2792.4   0.02689
   2793.9   0.02666
   2795.4   0.02643
   2796.9   0.02629
   2798.4   0.02589
   2799.9   0.02544
   2801.4   0.02505
   2802.9   0.02482
   2804.4   0.02457
   2806.0   0.02436
   2807.5   0.02428
   2809.0   0.02429
   2810.5   0.02418
   2812.1   0.02421
   2813.6   0.02451
   2815.1   0.02485
   2816.6   0.02512
   2818.2   0.02547
   2819.7   0.02600
   2821.2   0.02653
   2822.8   0.02700
   2824.3   0.02740
   2825.9   0.02783
   2827.4   0.02831
   2828.9   0.02872
   2830.5   0.02911
   2832.0   0.02958
   2833.6   0.02990
   2835.1   0.03012
   2836.7   0.03044
   2838.2   0.03083
   2839.8   0.03112
   2841.3   0.03124
   2842.9   0.03136
   2844.4   0.03148
   2846.0   0.03161
   2847.6   0.03171
   2849.1   0.03180
   2850.7   0.03183
   2852.3   0.03189
   2853.8   0.03195
   2855.4   0.03210
   2857.0   0.03226
   2858.6   0.03239
   2860.1   0.03256
   2861.7   0.03273
   2863.3   0.03293
   2864.9   0.03328
   2866.5   0.03352
   2868.1   0.03384
   2869.6   0.03421
   2871.2   0.03457
   2872.8   0.03490
   2874.4   0.03506
   2876.0   0.03523
   2877.6   0.03548
   2879.2   0.03572
   2880.8   0.03604
   2882.4   0.03626
   2884.0   0.03642
   2885.6   0.03660
   2887.2   0.03679
   2888.8   0.03713
   2890.4   0.03750
   2892.0   0.03772
   2893.6   0.03792
   2895.3   0.03811
   2896.9   0.03837
   2898.5   0.03866
   2900.1   0.03909
   2901.8   0.03949
   2903.4   0.03992
   2905.0   0.04049
   2906.6   0.04101
   2908.3   0.04145
   2909.9   0.04196
   2911.5   0.04256
   2913.2   0.04320
   2914.8   0.04374
   2916.4   0.04424
   2918.1   0.04489
   2919.7   0.04564
   2921.4   0.04634
   2923.0   0.04684
   2924.7   0.04726
   2926.3   0.04771
   2928.0   0.04823
   2929.6   0.04865
   2931.3   0.04892
   2932.9   0.04915
   2934.6   0.04931
   2936.3   0.04949
   2937.9   0.04964
   2939.6   0.04963
   2941.3   0.04963
   2942.9   0.04968
   2944.6   0.04971
   2946.3   0.04983
   2947.9   0.04987
   2949.6   0.04995
   2951.3   0.05001
   2953.0   0.05008
   2954.7   0.05027
   2956.4   0.05042
   2958.0   0.05054
   2959.7   0.05070
   2961.4   0.05090
   2963.1   0.05106
   2964.8   0.05127
   2966.5   0.05148
   2968.2   0.05165
   2969.9   0.05178
   2971.6   0.05184
   2973.3   0.05194
   2975.0   0.05210
   2976.7   0.05225
   2978.4   0.05246
   2980.1   0.05270
   2981.8   0.05289
   2983.6   0.05293
   2985.3   0.05299
   2987.0   0.05320
   2988.7   0.05345
   2990.4   0.05356
   2992.2   0.05369
   2993.9   0.05392
   2995.6   0.05415
   2997.4   0.05436
   2999.1   0.05451
   3000.8   0.05475
   3002.6   0.05501
   3004.3   0.05522
   3006.1   0.05548
   3007.8   0.05582
   3009.5   0.05598
   3011.3   0.05613
   3013.0   0.05646
   3014.8   0.05687
   3016.5   0.05710
   3018.3   0.05727
   3020.1   0.05754
   3021.8   0.05784
   3023.6   0.05803
   3025.3   0.05824
   3027.1   0.05864
   3028.9   0.05898
   3030.6   0.05925
   3032.4   0.05954
   3034.2   0.05979
   3036.0   0.06007
   3037.7   0.06041
   3039.5   0.06073
   3041.3   0.06103
   3043.1   0.06133
   3044.9   0.06163
   3046.7   0.06182
   3048.5   0.06203
   3050.3   0.06238
   3052.1   0.06266
   3053.8   0.06282
   3055.6   0.06298
   3057.4   0.06319
   3059.3   0.06346
   3061.1   0.06360
   3062.9   0.06372
   3064.7   0.06386
   3066.5   0.06398
   3068.3   0.06398
   3070.1   0.06392
   3071.9   0.06392
   3073.8   0.06393
   3075.6   0.06381
   3077.4   0.06370
   3079.2   0.06369
   3081.1   0.06372
   3082.9   0.06388
   3084.7   0.06427
   3086.6   0.06478
   3088.4   0.06522
   3090.2   0.06570
   3092.1   0.06617
   3093.9   0.06650
   3095.8   0.06687
   3097.6   0.06725
   3099.5   0.06750
   3101.3   0.06776
   3103.2   0.06805
   3105.1   0.06826
   3106.9   0.06845
   3108.8   0.06878
   3110.6   0.06906
   3112.5   0.06925
   3114.4   0.06952
   3116.2   0.07000
   3118.1   0.07062
   3120.0   0.07130
   3121.9   0.07203
   3123.8   0.07283
   3125.6   0.07379
   3127.5   0.07480
   3129.4   0.07570
   3131.3   0.07660
   3133.2   0.07759
   3135.1   0.07856
   3137.0   0.07963
   3138.9   0.08071
   3140.8   0.08179
   3142.7   0.08285
   3144.6   0.08390
   3146.5   0.08495
   3148.4   0.08604
   3150.3   0.08710
   3152.2   0.08816
   3154.1   0.08927
   3156.1   0.09044
   3158.0   0.09161
   3159.9   0.09283
   3161.9   0.09400
   3163.8   0.09517
   3165.7   0.09641
   3167.6   0.09760
   3169.6   0.09878
   3171.5   0.09994
   3173.5   0.10105
   3175.4   0.10230
   3177.3   0.10358
   3179.3   0.10474
   3181.2   0.10588
   3183.2   0.10712
   3185.1   0.10836
   3187.1   0.10958
   3189.1   0.11074
   3191.0   0.11188
   3193.0   0.11312
   3195.0   0.11431
   3196.9   0.11551
   3198.9   0.11671
   3200.9   0.11780
   3202.9   0.11898
   3204.8   0.12014
   3206.8   0.12124
   3208.8   0.12242
   3210.8   0.12367
   3212.8   0.12490
   3214.8   0.12616
   3216.8   0.12738
   3218.8   0.12861
   3220.8   0.12987
   3222.8   0.13113
   3224.8   0.13239
   3226.8   0.13362
   3228.8   0.13488
   3230.8   0.13610
   3232.8   0.13729
   3234.8   0.13853
   3236.8   0.13980
   3238.9   0.14111
   3240.9   0.14236
   3242.9   0.14364
   3244.9   0.14506
   3247.0   0.14637
   3249.0   0.14764
   3251.1   0.14908
   3253.1   0.15059
   3255.1   0.15211
   3257.2   0.15352
   3259.2   0.15474
   3261.3   0.15610
   3263.3   0.15759
   3265.4   0.15899
   3267.4   0.16039
   3269.5   0.16177
   3271.6   0.16316
   3273.6   0.16462
   3275.7   0.16617
   3277.8   0.16771
   3279.8   0.16930
   3281.9   0.17097
   3284.0   0.17257
   3286.1   0.17426
   3288.2   0.17604
   3290.2   0.17787
   3292.3   0.17978
   3294.4   0.18161
   3296.5   0.18341
   3298.6   0.18534
   3300.7   0.18728
   3302.8   0.18920
   3304.9   0.19115
   3307.0   0.19311
   3309.1   0.19498
   3311.3   0.19682
   3313.4   0.19873
   3315.5   0.20058
   3317.6   0.20227
   3319.7   0.20404
   3321.9   0.20591
   3324.0   0.20780
   3326.1   0.20964
   3328.3   0.21139
   3330.4   0.21301
   3332.5   0.21464
   3334.7   0.21625
   3336.8   0.21784
   3339.0   0.21950
   3341.1   0.22105
   3343.3   0.22259
   3345.4   0.22413
   3347.6   0.22567
   3349.8   0.22721
   3351.9   0.22873
   3354.1   0.23026
   3356.3   0.23189
   3358.4   0.23360
   3360.6   0.23526
   3362.8   0.23697
   3365.0   0.23875
   3367.2   0.24064
   3369.4   0.24241
   3371.5   0.24419
   3373.7   0.24609
   3375.9   0.24798
   3378.1   0.24998
   3380.3   0.25206
   3382.5   0.25403
   3384.7   0.25597
   3386.9   0.25785
   3389.2   0.25967
   3391.4   0.26146
   3393.6   0.26309
   3395.8   0.26480
   3398.1   0.26660
   3400.3   0.26838
   3402.5   0.27012
   3404.7   0.27190
   3407.0   0.27356
   3409.2   0.27515
   3411.5   0.27668
   3413.7   0.27821
   3416.0   0.27990
   3418.2   0.28162
   3420.5   0.28322
   3422.7   0.28471
   3425.0   0.28623
   3427.3   0.28775
   3429.5   0.28923
   3431.8   0.29049
   3434.1   0.29186
   3436.3   0.29342
   3438.6   0.29486
   3440.9   0.29628
   3443.2   0.29765
   3445.5   0.29916
   3447.8   0.30064
   3450.1   0.30209
   3452.4   0.30354
   3454.6   0.30502
   3456.9   0.30649
   3459.3   0.30793
   3461.6   0.30925
   3463.9   0.31055
   3466.2   0.31183
   3468.5   0.31300
   3470.8   0.31428
   3473.2   0.31561
   3475.5   0.31698
   3477.8   0.31823
   3480.1   0.31939
   3482.5   0.32085
   3484.8   0.32235
   3487.2   0.32360
   3489.5   0.32488
   3491.9   0.32625
   3494.2   0.32756
   3496.6   0.32879
   3498.9   0.33008
   3501.3   0.33147
   3503.7   0.33292
   3506.0   0.33428
   3508.4   0.33554
   3510.8   0.33657
   3513.2   0.33750
   3515.5   0.33845
   3517.9   0.33933
   3520.3   0.34015
   3522.7   0.34100
   3525.1   0.34199
   3527.5   0.34296
   3529.9   0.34391
   3532.3   0.34501
   3534.7   0.34604
   3537.1   0.34701
   3539.5   0.34798
   3541.9   0.34904
   3544.4   0.35013
   3546.8   0.35125
   3549.2   0.35233
   3551.7   0.35354
   3554.1   0.35474
   3556.5   0.35588
   3559.0   0.35691
   3561.4   0.35807
   3563.9   0.35933
   3566.3   0.36054
   3568.8   0.36180
   3571.2   0.36300
   3573.7   0.36407
   3576.1   0.36536
   3578.6   0.36674
   3581.1   0.36808
   3583.6   0.36931
   3586.0   0.37059
   3588.5   0.37197
   3591.0   0.37354
   3593.5   0.37501
   3596.0   0.37645
   3598.5   0.37798
   3601.0   0.37951
   3603.5   0.38096
   3606.0   0.38252
   3608.5   0.38404
   3611.0   0.38547
   3613.5   0.38688
   3616.1   0.38823
   3618.6   0.38949
   3621.1   0.39087
   3623.6   0.39221
   3626.2   0.39348
   3628.7   0.39469
   3631.3   0.39586
   3633.8   0.39703
   3636.3   0.39823
   3638.9   0.39938
   3641.4   0.40054
   3644.0   0.40169
   3646.6   0.40280
   3649.1   0.40396
   3651.7   0.40514
   3654.3   0.40628
   3656.9   0.40742
   3659.4   0.40852
   3662.0   0.40964
   3664.6   0.41070
   3667.2   0.41161
   3669.8   0.41252
   3672.4   0.41347
   3675.0   0.41443
   3677.6   0.41536
   3680.2   0.41625
   3682.8   0.41720
   3685.4   0.41806
   3688.1   0.41890
   3690.7   0.41975
   3693.3   0.42065
   3695.9   0.42149
   3698.6   0.42220
   3701.2   0.42293
   3703.9   0.42372
   3706.5   0.42441
   3709.2   0.42503
   3711.8   0.42541
   3714.5   0.42581
   3717.1   0.42619
   3719.8   0.42648
   3722.5   0.42672
   3725.2   0.42707
   3727.8   0.42738
   3730.5   0.42773
   3733.2   0.42819
   3735.9   0.42863
   3738.6   0.42900
   3741.3   0.42948
   3744.0   0.42994
   3746.7   0.43041
   3749.4   0.43085
   3752.1   0.43120
   3754.8   0.43137
   3757.6   0.43160
   3760.3   0.43176
   3763.0   0.43183
   3765.7   0.43174
   3768.5   0.43157
   3771.2   0.43136
   3774.0   0.43109
   3776.7   0.43067
   3779.5   0.43032
   3782.2   0.43007
   3785.0   0.42989
   3787.7   0.42972
   3790.5   0.42961
   3793.3   0.42961
   3796.1   0.42982
   3798.8   0.43007
   3801.6   0.43038
   3804.4   0.43073
   3807.2   0.43111
   3810.0   0.43143
   3812.8   0.43179
   3815.6   0.43215
   3818.4   0.43249
   3821.2   0.43265
   3824.1   0.43270
   3826.9   0.43262
   3829.7   0.43255
   3832.5   0.43240
   3835.4   0.43218
   3838.2   0.43186
   3841.1   0.43146
   3843.9   0.43091
   3846.8   0.43027
   3849.6   0.42931
   3852.5   0.42818
   3855.3   0.42664
   3858.2   0.42461
   3861.1   0.42193
   3863.9   0.41867
   3866.8   0.41525
   3869.7   0.41263
   3872.6   0.41184
   3875.5   0.41312
   3878.4   0.41559
   3881.3   0.41820
   3884.2   0.42024
   3887.1   0.42164
   3890.0   0.42241
   3893.0   0.42273
   3895.9   0.42266
   3898.8   0.42245
   3901.7   0.42197
   3904.7   0.42141
   3907.6   0.42075
   3910.6   0.42003
   3913.5   0.41915
   3916.5   0.41818
   3919.4   0.41710
   3922.4   0.41608
   3925.4   0.41494
   3928.4   0.41369
   3931.3   0.41241
   3934.3   0.41100
   3937.3   0.40949
   3940.3   0.40790
   3943.3   0.40605
   3946.3   0.40419
   3949.3   0.40210
   3952.3   0.39972
   3955.3   0.39709
   3958.3   0.39425
   3961.4   0.39110
   3964.4   0.38776
   3967.4   0.38438
   3970.5   0.38143
   3973.5   0.37932
   3976.6   0.37852
   3979.6   0.37880
   3982.6   0.37966
   3985.7   0.38048
   3988.8   0.38096
   3991.9   0.38110
   3994.9   0.38090
   3998.0   0.38023
   4001.1   0.37941
   4004.2   0.37837
   4007.3   0.37716
   4010.4   0.37584
   4013.5   0.37449
   4016.6   0.37299
   4019.7   0.37148
   4022.8   0.36978
   4025.9   0.36803
   4029.1   0.36625
   4032.2   0.36449
   4035.3   0.36268
   4038.5   0.36083
   4041.6   0.35888
   4044.8   0.35690
   4047.9   0.35484
   4051.1   0.35286
   4054.3   0.35079
   4057.4   0.34865
   4060.6   0.34646
   4063.8   0.34433
   4067.0   0.34212
   4070.2   0.33984
   4073.4   0.33747
   4076.6   0.33515
   4079.8   0.33281
   4083.0   0.33044
   4086.2   0.32805
   4089.4   0.32575
   4092.7   0.32333
   4095.9   0.32089
   4099.1   0.31841
   4102.4   0.31604
   4105.6   0.31361
   4108.9   0.31115
   4112.1   0.30870
   4115.4   0.30630
   4118.7   0.30374
   4122.0   0.30126
   4125.2   0.29881
   4128.5   0.29631
   4131.8   0.29374
   4135.1   0.29127
   4138.4   0.28878
   4141.7   0.28631
   4145.0   0.28371
   4148.3   0.28114
   4151.6   0.27849
   4155.0   0.27589
   4158.3   0.27334
   4161.6   0.27078
   4165.0   0.26803
   4168.3   0.26527
   4171.7   0.26245
   4175.0   0.25958
   4178.4   0.25661
   4181.8   0.25354
   4185.2   0.25040
   4188.5   0.24730
   4191.9   0.24408
   4195.3   0.24075
   4198.7   0.23731
   4202.1   0.23390
   4205.5   0.23051
   4208.9   0.22710
   4212.4   0.22361
   4215.8   0.22024
   4219.2   0.21684
   4222.6   0.21342
   4226.1   0.20988
   4229.5   0.20625
   4233.0   0.20239
   4236.5   0.19840
   4239.9   0.19437
   4243.4   0.19031
   4246.9   0.18612
   4250.3   0.18199
   4253.8   0.17824
   4257.3   0.17509
   4260.8   0.17206
   4264.3   0.16888
   4267.8   0.16571
   4271.3   0.16252
   4274.9   0.15940
   4278.4   0.15639
   4281.9   0.15349
   4285.5   0.15072
   4289.0   0.14787
   4292.6   0.14496
   4296.1   0.14204
   4299.7   0.13919
   4303.3   0.13628
   4306.8   0.13340
   4310.4   0.13067
   4314.0   0.12807
   4317.6   0.12551
   4321.2   0.12310
   4324.8   0.12079
   4328.4   0.11863
   4332.0   0.11662
   4335.6   0.11480
   4339.3   0.11315
   4342.9   0.11159
   4346.5   0.11005
   4350.2   0.10867
   4353.8   0.10732
   4357.5   0.10602
   4361.1   0.10477
   4364.8   0.10358
   4368.5   0.10250
   4372.2   0.10141
   4375.9   0.10023
   4379.6   0.09903
   4383.3   0.09766
   4387.0   0.09622
   4390.7   0.09481
   4394.4   0.09342
   4398.1   0.09202
   4401.9   0.09064
   4405.6   0.08920
   4409.4   0.08777
   4413.1   0.08635
   4416.9   0.08486
   4420.6   0.08334
   4424.4   0.08190
   4428.2   0.08042
   4432.0   0.07913
   4435.8   0.07795
   4439.6   0.07672
   4443.4   0.07554
   4447.2   0.07440
   4451.0   0.07329
   4454.8   0.07230
   4458.6   0.07152
   4462.5   0.07094
   4466.3   0.07032
   4470.2   0.06967
   4474.0   0.06906
   4477.9   0.06849
   4481.8   0.06805
   4485.6   0.06777
   4489.5   0.06756
   4493.4   0.06760
   4497.3   0.06785
   4501.2   0.06828
   4505.1   0.06883
   4509.0   0.06938
   4513.0   0.06984
   4516.9   0.07029
   4520.8   0.07077
   4524.8   0.07127
   4528.7   0.07172
   4532.7   0.07226
   4536.7   0.07282
   4540.6   0.07336
   4544.6   0.07399
   4548.6   0.07468
   4552.6   0.07542
   4556.6   0.07615
   4560.6   0.07688
   4564.6   0.07767
   4568.6   0.07848
   4572.7   0.07927
   4576.7   0.07996
   4580.8   0.08036
   4584.8   0.08042
   4588.9   0.08024
   4592.9   0.07982
   4597.0   0.07935
   4601.1   0.07900
   4605.2   0.07884
   4609.3   0.07876
   4613.4   0.07880
   4617.5   0.07891
   4621.6   0.07906
   4625.7   0.07913
   4629.8   0.07915
   4634.0   0.07896
   4638.1   0.07864
   4642.3   0.07831
   4646.4   0.07795
   4650.6   0.07753
   4654.8   0.07702
   4659.0   0.07632
   4663.1   0.07528
   4667.3   0.07396
   4671.5   0.07246
   4675.8   0.07072
   4680.0   0.06895
   4684.2   0.06748
   4688.4   0.06672
   4692.7   0.06694
   4696.9   0.06813
   4701.2   0.06994
   4705.5   0.07211
   4709.7   0.07432
   4714.0   0.07637
   4718.3   0.07818
   4722.6   0.07976
   4726.9   0.08118
   4731.2   0.08267
   4735.5   0.08449
   4739.9   0.08684
   4744.2   0.08972
   4748.5   0.09316
   4752.9   0.09710
   4757.3   0.10148
   4761.6   0.10610
   4766.0   0.11087
   4770.4   0.11552
   4774.8   0.11999
   4779.2   0.12441
   4783.6   0.12907
   4788.0   0.13421
   4792.4   0.13978
   4796.9   0.14554
   4801.3   0.15119
   4805.8   0.15652
   4810.2   0.16147
   4814.7   0.16605
   4819.1   0.17029
   4823.6   0.17409
   4828.1   0.17762
   4832.6   0.18085
   4837.1   0.18376
   4841.6   0.18638
   4846.2   0.18877
   4850.7   0.19084
   4855.3   0.19283
   4859.8   0.19472
   4864.4   0.19652
   4868.9   0.19818
   4873.5   0.19984
   4878.1   0.20143
   4882.7   0.20299
   4887.3   0.20445
   4891.9   0.20591
   4896.5   0.20731
   4901.1   0.20871
   4905.8   0.21001
   4910.4   0.21140
   4915.1   0.21253
   4919.7   0.21361
   4924.4   0.21463
   4929.1   0.21561
   4933.8   0.21638
   4938.5   0.21713
   4943.2   0.21767
   4947.9   0.21803
   4952.6   0.21797
   4957.4   0.21744
   4962.1   0.21628
   4966.9   0.21482
   4971.6   0.21359
   4976.4   0.21391
   4981.2   0.21641
   4986.0   0.22016
   4990.8   0.22352
   4995.6   0.22613
   5000.4   0.22794
   5005.2   0.22939
   5010.0   0.23044
   5014.9   0.23132
   5019.8   0.23205
   5024.6   0.23262
   5029.5   0.23307
   5034.4   0.23364
   5039.3   0.23418
   5044.2   0.23472
   5049.1   0.23518
   5054.0   0.23571
   5058.9   0.23611
   5063.9   0.23660
   5068.8   0.23721
   5073.8   0.23801
   5078.8   0.23868
   5083.7   0.23932
   5088.7   0.23988
   5093.7   0.24056
   5098.7   0.24116
   5103.7   0.24185
   5108.8   0.24244
   5113.8   0.24311
   5118.9   0.24362
   5123.9   0.24425
   5129.0   0.24480
   5134.1   0.24552
   5139.1   0.24621
   5144.3   0.24704
   5149.4   0.24769
   5154.5   0.24828
   5159.6   0.24905
   5164.7   0.24991
   5169.9   0.25064
   5175.0   0.25143
   5180.2   0.25214
   5185.4   0.25301
   5190.6   0.25378
   5195.8   0.25459
   5201.0   0.25516
   5206.2   0.25566
   5211.5   0.25631
   5216.7   0.25651
   5222.0   0.25638
   5227.2   0.25660
   5232.5   0.25671
   5237.8   0.25665
   5243.1   0.25629
   5248.4   0.25599
   5253.7   0.25554
   5259.0   0.25511
   5264.4   0.25452
   5269.7   0.25400
   5275.1   0.25340
   5280.5   0.25271
   5285.8   0.25202
   5291.2   0.25165
   5296.6   0.25090
   5302.0   0.25027
   5307.5   0.24962
   5312.9   0.24912
   5318.4   0.24852
   5323.8   0.24798
   5329.3   0.24731
   5334.8   0.24672
   5340.3   0.24600
   5345.8   0.24564
   5351.3   0.24496
   5356.8   0.24374
   5362.4   0.24255
   5367.9   0.24161
   5373.5   0.24065
   5379.0   0.23978
   5384.6   0.23875
   5390.2   0.23776
   5395.8   0.23661
   5401.5   0.23550
   5407.1   0.23428
   5412.7   0.23310
   5418.4   0.23232
   5424.1   0.23099
   5429.7   0.22880
   5435.4   0.22740
   5441.1   0.22591
   5446.9   0.22454
   5452.6   0.22300
   5458.3   0.22191
   5464.1   0.22072
   5469.8   0.21896
   5475.6   0.21750
   5481.4   0.21606
   5487.2   0.21413
   5493.0   0.21250
   5498.8   0.21071
   5504.7   0.20900
   5510.5   0.20697
   5516.4   0.20506
   5522.3   0.20284
   5528.1   0.20060
   5534.0   0.19830
   5540.0   0.19625
   5545.9   0.19427
   5551.8   0.19259
   5557.8   0.19064
   5563.7   0.18887
   5569.7   0.18743
   5575.7   0.18667
   5581.7   0.18520
   5587.7   0.18348
   5593.7   0.18214
   5599.8   0.18118
   5605.8   0.17977
   5611.9   0.17843
   5618.0   0.17683
   5624.1   0.17509
   5630.2   0.17340
   5636.3   0.17228
   5642.4   0.17073
   5648.6   0.16842
   5654.7   0.16655
   5660.9   0.16456
   5667.1   0.16273
   5673.3   0.16143
   5679.5   0.15944
   5685.7   0.15762
   5692.0   0.15585
   5698.2   0.15387
   5704.5   0.15231
   5710.8   0.15065
   5717.1   0.14827
   5723.4   0.14605
   5729.7   0.14372
   5736.0   0.14165
   5742.4   0.13955
   5748.8   0.13748
   5755.1   0.13492
   5761.5   0.13365
   5768.0   0.13145
   5774.4   0.12830
   5780.8   0.12577
   5787.3   0.12321
   5793.7   0.12053
   5800.2   0.11805
   5806.7   0.11545
   5813.2   0.11335
   5819.8   0.11130
   5826.3   0.10824
   5832.8   0.10465
   5839.4   0.10137
   5846.0   0.09792
   5852.6   0.09451
   5859.2   0.09080
   5865.8   0.08670
   5872.5   0.08278
   5879.1   0.07934
   5885.8   0.07421
   5892.5   0.07025
   5899.2   0.06580
   5905.9   0.06136
   5912.6   0.05786
   5919.4   0.05463
   5926.2   0.05221
   5932.9   0.05103
   5939.7   0.05009
   5946.5   0.04967
   5953.4   0.05000
   5960.2   0.05071
   5967.1   0.05155
   5974.0   0.05210
   5980.8   0.05268
   5987.8   0.05311
   5994.7   0.05307
   6001.6   0.05278
   6008.6   0.05243
   6015.5   0.05168
   6022.5   0.05048
   6029.5   0.04904
   6036.5   0.04745
   6043.6   0.04613
   6050.6   0.04388
   6057.7   0.04085
   6064.8   0.03857
   6071.9   0.03609
   6079.0   0.03315
   6086.1   0.03038
   6093.3   0.02781
   6100.5   0.02538
   6107.6   0.02333
   6114.8   0.02138
   6122.1   0.01969
   6129.3   0.01884
   6136.5   0.01874
   6143.8   0.01917
   6151.1   0.01993
   6158.4   0.02059
   6165.7   0.02099
   6173.1   0.02115
   6180.4   0.02136
   6187.8   0.02165
   6195.2   0.02232
   6202.6   0.02345
   6210.0   0.02498
   6217.5   0.02678
   6225.0   0.02890
   6232.4   0.03132
   6239.9   0.03408
   6247.5   0.03694
   6255.0   0.03980
   6262.5   0.04266
   6270.1   0.04563
   6277.7   0.04845
   6285.3   0.05126
   6292.9   0.05393
   6300.6   0.05644
   6308.3   0.05878
   6315.9   0.06104
   6323.6   0.06316
   6331.4   0.06523
   6339.1   0.06745
   6346.9   0.06953
   6354.6   0.07109
   6362.4   0.07301
   6370.3   0.07493
   6378.1   0.07642
   6385.9   0.07779
   6393.8   0.07918
   6401.7   0.08058
   6409.6   0.08231
   6417.6   0.08285
   6425.5   0.08273
   6433.5   0.08318
   6441.5   0.08359
   6449.5   0.08427
   6457.5   0.08517
   6465.6   0.08618
   6473.6   0.08737
   6481.7   0.08852
   6489.8   0.08976
   6498.0   0.09017
   6506.1   0.09009
   6514.3   0.09076
   6522.5   0.09155
   6530.7   0.09205
   6538.9   0.09303
   6547.2   0.09432
   6555.5   0.09574
   6563.8   0.09725
   6572.1   0.09901
   6580.4   0.10009
   6588.8   0.10145
   6597.2   0.10278
   6605.6   0.10398
   6614.0   0.10527
   6622.5   0.10647
   6630.9   0.10799
   6639.4   0.10910
   6647.9   0.10889
   6656.5   0.10909
   6665.0   0.10969
   6673.6   0.11036
   6682.2   0.11086
   6690.8   0.11086
   6699.5   0.11105
   6708.1   0.11146
   6716.8   0.11144
   6725.5   0.11120
   6734.3   0.11092
   6743.0   0.11070
   6751.8   0.11037
   6760.6   0.11001
   6769.4   0.10978
   6778.3   0.10952
   6787.1   0.10926
   6796.0   0.10827
   6805.0   0.10720
   6813.9   0.10665
   6822.9   0.10641
   6831.9   0.10591
   6840.9   0.10527
   6849.9   0.10495
   6859.0   0.10472
   6868.0   0.10349
   6877.2   0.10190
   6886.3   0.10095
   6895.5   0.10026
   6904.6   0.09973
   6913.8   0.09884
   6923.1   0.09778
   6932.3   0.09659
   6941.6   0.09561
   6950.9   0.09500
   6960.2   0.09423
   6969.6   0.09277
   6979.0   0.09159
   6988.4   0.09042
   6997.8   0.08913
   7007.3   0.08791
   7016.8   0.08688
   7026.3   0.08573
   7035.8   0.08478
   7045.4   0.08382
   7054.9   0.08235
   7064.5   0.08104
   7074.2   0.07977
   7083.9   0.07855
   7093.5   0.07736
   7103.3   0.07609
   7113.0   0.07479
   7122.8   0.07346
   7132.6   0.07216
   7142.4   0.07099
   7152.2   0.06960
   7162.1   0.06831
   7172.0   0.06697
   7182.0   0.06550
   7191.9   0.06421
   7201.9   0.06295
   7211.9   0.06144
   7222.0   0.05990
   7232.0   0.05843
   7242.1   0.05696
   7252.3   0.05543
   7262.4   0.05395
   7272.6   0.05255
   7282.8   0.05098
   7293.1   0.04935
   7303.4   0.04786
   7313.6   0.04627
   7324.0   0.04476
   7334.3   0.04327
   7344.7   0.04169
   7355.1   0.04018
   7365.6   0.03878
   7376.1   0.03730
   7386.6   0.03585
   7397.1   0.03443
   7407.7   0.03304
   7418.3   0.03166
   7428.9   0.03032
   7439.6   0.02899
   7450.3   0.02775
   7461.0   0.02648
   7471.7   0.02521
   7482.5   0.02397
   7493.3   0.02287
   7504.1   0.02174
   7515.0   0.02068
   7525.9   0.01959
   7536.9   0.01863
   7547.9   0.01770
   7558.9   0.01684
   7569.9   0.01603
   7581.0   0.01530
   7592.0   0.01447
   7603.2   0.01368
   7614.4   0.01296
   7625.5   0.01232
   7636.8   0.01165
   7648.0   0.01108
   7659.3   0.01041
   7670.7   0.00981
   7682.0   0.00921
   7693.4   0.00861
   7704.9   0.00808
   7716.3   0.00761
   7727.8   0.00714
   7739.4   0.00678
   7750.9   0.00646
   7762.5   0.00615
   7774.2   0.00583
   7785.8   0.00562
   7797.5   0.00544
   7809.3   0.00526
   7821.1   0.00511
   7832.9   0.00505
   7844.7   0.00492
   7856.6   0.00485
   7868.5   0.00486
   7880.5   0.00502
   7892.5   0.00528
   7904.5   0.00559
   7916.6   0.00592
   7928.7   0.00636
   7940.8   0.00693
   7953.0   0.00773
   7965.2   0.00862
   7977.5   0.00968
   7989.8   0.01092
   8002.1   0.01247
   8014.5   0.01414
   8026.9   0.01596
   8039.3   0.01796
   8051.8   0.02013
   8064.3   0.02240
   8076.9   0.02489
   8089.5   0.02739
   8102.1   0.02993
   8114.8   0.03262
   8127.5   0.03544
   8140.3   0.03823
   8153.1   0.04101
   8165.9   0.04396
   8178.8   0.04739
   8191.7   0.05141
   8204.7   0.05558
   8217.7   0.05983
   8230.7   0.06415
   8243.8   0.06861
   8257.0   0.07317
   8270.1   0.07778
   8283.3   0.08249
   8296.6   0.08734
   8309.9   0.09223
   8323.2   0.09691
   8336.6   0.10113
   8350.0   0.10509
   8363.5   0.10872
   8377.0   0.11187
   8390.5   0.11444
   8404.2   0.11665
   8417.8   0.11871
   8431.5   0.12076
   8445.2   0.12267
   8459.0   0.12460
   8472.8   0.12659
   8486.7   0.12901
   8500.6   0.13202
   8514.5   0.13533
   8528.5   0.13843
   8542.6   0.14101
   8556.7   0.14280
   8570.8   0.14365
   8585.0   0.14395
   8599.3   0.14410
   8613.5   0.14383
   8627.9   0.14282
   8642.3   0.14067
   8656.7   0.13716
   8671.2   0.13219
   8685.7   0.12625
   8700.3   0.12038
   8714.9   0.11555
   8729.5   0.11170
   8744.3   0.10851
   8759.0   0.10575
   8773.9   0.10342
   8788.7   0.10101
   8803.7   0.09822
   8818.6   0.09521
   8833.7   0.09234
   8848.7   0.08975
   8863.8   0.08745
   8879.0   0.08531
   8894.3   0.08336
   8909.5   0.08165
   8924.9   0.08009
   8940.3   0.07854
   8955.7   0.07697
   8971.2   0.07515
   8986.8   0.07295
   9002.3   0.07032
   9018.0   0.06697
   9033.7   0.06305
   9049.5   0.05937
   9065.3   0.05660
   9081.2   0.05458
   9097.1   0.05300
   9113.1   0.05169
   9129.1   0.05056
   9145.2   0.04946
   9161.4   0.04861
   9177.6   0.04773
   9193.9   0.04660
   9210.2   0.04536
   9226.6   0.04415
   9243.0   0.04305
   9259.5   0.04223
   9276.1   0.04160
   9292.7   0.04109
   9309.4   0.04054
   9326.2   0.04005
   9343.0   0.03967
   9359.8   0.03922
   9376.8   0.03896
   9393.8   0.03885
   9410.8   0.03863
   9427.9   0.03840
   9445.1   0.03819
   9462.3   0.03811
   9479.6   0.03810
   9497.0   0.03803
   9514.4   0.03803
   9531.9   0.03821
   9549.4   0.03830
   9567.0   0.03836
   9584.7   0.03847
   9602.5   0.03864
   9620.3   0.03886
   9638.2   0.03909
   9656.1   0.03922
   9674.2   0.03927
   9692.2   0.03915
   9710.4   0.03899
   9728.6   0.03883
   9746.9   0.03860
   9765.2   0.03816
   9783.7   0.03745
   9802.2   0.03642
   9820.7   0.03493
   9839.4   0.03306
   9858.1   0.03161
   9876.8   0.03077
   9895.7   0.03012
   9914.6   0.02975
   9933.6   0.02998
   9952.7   0.03109
   9971.8   0.03287
   9991.0   0.03453
  10010.3   0.03579
  10029.7   0.03669
  10049.1   0.03742
  10068.6   0.03807
  10088.2   0.03858
  10107.9   0.03904
  10127.6   0.03948
  10147.5   0.03991
  10167.3   0.04048
  10187.3   0.04104
  10207.4   0.04151
  10227.5   0.04186
  10247.7   0.04216
  10268.0   0.04250
  10288.4   0.04272
  10308.8   0.04292
  10329.4   0.04315
  10350.0   0.04326
  10370.7   0.04341
  10391.5   0.04365
  10412.3   0.04388
  10433.3   0.04402
  10454.3   0.04417
  10475.4   0.04439
  10496.7   0.04463
  10517.9   0.04472
  10539.3   0.04477
  10560.8   0.04486
  10582.3   0.04493
  10604.0   0.04506
  10625.7   0.04520
  10647.5   0.04522
  10669.4   0.04533
  10691.4   0.04543
  10713.5   0.04544
  10735.7   0.04557
  10758.0   0.04567
  10780.3   0.04571
  10802.8   0.04571
  10825.4   0.04573
  10848.0   0.04573
  10870.8   0.04577
  10893.6   0.04581
  10916.5   0.04583
  10939.5   0.04576
  10962.7   0.04562
  10985.9   0.04559
  11009.2   0.04551
  11032.7   0.04539
  11056.2   0.04533
  11079.8   0.04521
  11103.5   0.04507
  11127.4   0.04490
  11151.3   0.04476
  11175.3   0.04464
  11199.5   0.04462
  11223.7   0.04451
  11248.0   0.04427
  11272.5   0.04411
  11297.1   0.04391
  11321.7   0.04367
  11346.5   0.04336
  11371.4   0.04305
  11396.4   0.04286
  11421.5   0.04282
  11446.7   0.04272
  11472.0   0.04248
  11497.5   0.04231
  11523.0   0.04223
  11548.7   0.04205
  11574.4   0.04186
  11600.3   0.04163
  11626.3   0.04142
  11652.5   0.04125
  11678.7   0.04112
  11705.1   0.04098
  11731.6   0.04090
  11758.2   0.04066
  11784.9   0.04037
  11811.7   0.04011
  11838.7   0.04005
  11865.8   0.03990
  11893.0   0.03968
  11920.3   0.03940
  11947.8   0.03910
  11975.4   0.03890
  12003.1   0.03886
  12031.0   0.03888
  12059.0   0.03891
  12087.1   0.03872
  12115.3   0.03867
  12143.7   0.03868
  12172.2   0.03855
  12200.8   0.03839
  12229.6   0.03812
  12258.5   0.03792
  12287.6   0.03768
  12316.8   0.03732
  12346.1   0.03698
  12375.5   0.03683
  12405.2   0.03682
  12434.9   0.03670
  12464.8   0.03647
  12494.8   0.03621
  12525.0   0.03611
  12555.3   0.03592
  12585.8   0.03577
  12616.4   0.03577
  12647.2   0.03572
  12678.1   0.03540
  12709.2   0.03525
  12740.4   0.03503
  12771.8   0.03482
  12803.3   0.03473
  12835.0   0.03455
  12866.9   0.03448
  12898.9   0.03421
  12931.1   0.03397
  12963.4   0.03376
  12995.9   0.03369
  13028.5   0.03351
  13061.3   0.03321
  13094.3   0.03301
  13127.5   0.03276
  13160.8   0.03264
  13194.3   0.03221
  13228.0   0.03164
  13261.8   0.03121
  13295.8   0.03087
  13330.0   0.03043
  13364.3   0.03013
  13398.8   0.02979
  13433.6   0.02930
  13468.5   0.02869
  13503.5   0.02819
  13538.8   0.02782
  13574.2   0.02737
  13609.9   0.02685
  13645.7   0.02645
  13681.7   0.02603
  13717.9   0.02554
  13754.3   0.02482
  13790.8   0.02418
  13827.6   0.02364
  13864.6   0.02318
  13901.8   0.02261
  13939.2   0.02201
  13976.7   0.02161
  14014.5   0.02130
  14052.5   0.02056
  14090.7   0.01985
  14129.0   0.01942
  14167.6   0.01911
  14206.5   0.01877
  14245.5   0.01881
  14284.7   0.01901
  14324.2   0.01924
  14363.9   0.01951
  14403.8   0.02029
  14443.9   0.02178
  14484.3   0.02385
  14524.8   0.02647
  14565.6   0.02938
  14606.7   0.03259
  14647.9   0.03577
  14689.4   0.03899
  14731.2   0.04207
  14773.1   0.04436
  14815.3   0.04601
  14857.8   0.04620
  14900.5   0.04484
  14943.4   0.04199
  14986.6   0.03770
  15030.0   0.03380
  15073.7   0.02987
  15117.7   0.02628
  15161.9   0.02378
  15206.3   0.02227
  15251.1   0.02101
  15296.1   0.02001
  15341.3   0.01938
  15386.8   0.01898
  15432.6   0.01828
  15478.7   0.01765
  15525.0   0.01695
  15571.7   0.01611
  15618.6   0.01510
  15665.8   0.01398
  15713.2   0.01235
  15761.0   0.01096
  15809.0   0.01040
  15857.4   0.01021
  15906.0   0.01016
  15955.0   0.01050
  16004.2   0.01090
  16053.8   0.01115
  16103.6   0.01127
  16153.8   0.01185
  16204.3   0.01283
  16255.1   0.01446
  16306.2   0.01671
  16357.6   0.01878
  16409.4   0.02013
  16461.5   0.02131
  16513.9   0.02266
  16566.7   0.02372
  16619.8   0.02498
  16673.2   0.02568
  16727.0   0.02555
  16781.1   0.02530
  16835.6   0.02490
  16890.5   0.02457
  16945.7   0.02391
  17001.2   0.02245
  17057.2   0.02141
  17113.4   0.02106
  17170.1   0.02108
  17227.2   0.02147
  17284.6   0.02135
  17342.4   0.02121
  17400.6   0.02124
  17459.2   0.02115
  17518.2   0.02077
  17577.5   0.02044
  17637.3   0.02061
  17697.5   0.02047
  17758.1   0.02011
  17819.2   0.01973
  17880.6   0.01925
  17942.5   0.01905
  18004.8   0.01930
  18067.5   0.01943
  18130.7   0.01950
  18194.3   0.01926
  18258.4   0.01888
  18322.9   0.01913
  18387.9   0.01936
  18453.3   0.01926
  18519.2   0.01916
  18585.6   0.01891
  18652.4   0.01885
  18719.8   0.01876
  18787.6   0.01867
  18855.9   0.01873
  18924.7   0.01917
  18994.1   0.01912
  19063.9   0.01905
  19134.2   0.01924
  19205.1   0.01908
  19276.5   0.01893
  19348.4   0.01931
  19420.9   0.01964
  19493.9   0.01991
  19567.5   0.02007
  19641.6   0.01992
  19716.3   0.01976
  19791.5   0.01975
  19867.4   0.01996
  19943.8   0.02007
  20020.8   0.02014
  20098.4   0.02000
  20176.6   0.01989
  20255.4   0.02018
  20334.8   0.02010
  20414.9   0.01959
  20495.6   0.01940
  20576.9   0.01956
  20658.9   0.01943
  20741.5   0.01931
  20824.8   0.01935
  20908.8   0.01906
  20993.4   0.01884
  21078.8   0.01910
  21164.8   0.01896
  21251.6   0.01860
  21339.0   0.01807
  21427.2   0.01760
  21516.1   0.01704
  21605.8   0.01700
  21696.2   0.01658
  21787.3   0.01589
  21879.3   0.01571
  21972.0   0.01571
  22065.5   0.01560
  22159.8   0.01543
  22254.9   0.01507
  22350.8   0.01387
  22447.5   0.01268
  22545.1   0.01258
  22643.6   0.01246
  22742.9   0.01240
  22843.1   0.01163
  22944.2   0.01067
  23046.2   0.01097
  23149.0   0.01085
  23252.8   0.00951
  23357.6   0.00872
  23463.3   0.00855
  23569.9   0.00817
  23677.6   0.00838
  23786.2   0.00836
  23895.8   0.00735
  24006.4   0.00675
  24118.1   0.00689
  24230.8   0.00701
  24344.5   0.00737
  24459.4   0.00675
  24575.3   0.00524
  24692.3   0.00541
  24810.4   0.00609
  24929.7   0.00506
  25050.2   0.00406



 BKR1JB557   .ASC                        

 JB-JLB-557                                                              
 Gypsum 63-90 um (off-axis)                                              

 Source Ang: 30.00   Detect Ang:  0.00  Volt: 1.222
 Date:  6-OCT-02   Time: 06:11:30
