  3046
    300.0   0.76218
    305.0   0.76976
    310.0   0.77959
    315.0   0.78869
    320.0   0.79721
    325.0   0.80239
    330.0   0.80985
    335.0   0.81463
    340.0   0.81909
    345.0   0.82326
    350.0   0.82607
    355.0   0.82636
    360.0   0.83046
    365.0   0.83232
    370.0   0.83878
    375.0   0.83953
    380.0   0.84298
    385.0   0.84602
    390.0   0.84763
    395.0   0.84947
    400.0   0.85065
    405.0   0.85291
    410.0   0.85609
    415.0   0.85820
    420.0   0.86056
    425.0   0.86324
    430.0   0.86610
    435.0   0.86858
    440.0   0.87078
    445.0   0.87247
    450.0   0.87432
    455.0   0.87600
    460.0   0.87735
    465.0   0.87851
    470.0   0.87983
    475.0   0.88089
    480.0   0.88187
    485.0   0.88363
    490.0   0.88401
    495.0   0.88497
    500.0   0.88682
    505.0   0.88708
    510.0   0.88787
    515.0   0.88847
    520.0   0.88925
    525.0   0.88986
    530.0   0.89000
    535.0   0.89025
    540.0   0.89049
    545.0   0.89054
    550.0   0.89110
    555.0   0.89202
    560.0   0.89247
    565.0   0.89342
    570.0   0.89431
    575.0   0.89467
    580.0   0.89522
    585.0   0.89588
    590.0   0.89677
    595.0   0.89723
    600.0   0.89553
    605.0   0.89707
    610.0   0.89453
    615.0   0.89431
    620.0   0.89367
    625.0   0.89258
    630.0   0.89234
    635.0   0.89114
    640.0   0.89099
    645.0   0.89146
    650.0   0.89127
    655.0   0.89238
    660.0   0.89281
    665.0   0.89308
    670.0   0.89385
    675.0   0.89409
    680.0   0.89396
    685.0   0.89474
    690.0   0.89474
    695.0   0.89473
    700.0   0.89645
    705.0   0.89649
    710.0   0.89651
    715.0   0.89648
    720.0   0.89631
    725.0   0.89602
    730.0   0.89525
    735.0   0.89441
    740.0   0.89410
    745.0   0.89400
    750.0   0.89340
    755.0   0.89304
    760.0   0.89238
    765.0   0.89347
    770.0   0.89248
    775.0   0.89227
    780.0   0.89241
    785.0   0.89260
    790.0   0.89231
    795.0   0.89247
    800.0   0.89177
    805.0   0.89185
    810.0   0.89193
    815.0   0.89217
    820.0   0.89100
    825.0   0.89159
    830.0   0.89084
    835.0   0.89160
    840.0   0.89100
    845.0   0.89128
    850.0   0.89110
    855.0   0.89120
    860.0   0.89099
    865.0   0.89043
    870.0   0.89108
    875.0   0.89044
    880.0   0.89066
    885.0   0.89186
    890.0   0.89167
    895.0   0.89109
    900.0   0.89033
    905.0   0.89006
    910.0   0.89120
    915.0   0.89112
    920.0   0.89046
    925.0   0.89008
    930.0   0.88888
    935.0   0.89100
    940.0   0.88989
    945.0   0.89084
    950.0   0.89053
    955.0   0.89045
    960.0   0.89028
    965.0   0.89014
    970.0   0.89067
    975.0   0.89058
    980.0   0.89056
    985.0   0.89151
    990.0   0.89094
    995.0   0.89048
   1000.0   0.88952
   1005.0   0.88918
   1010.0   0.88993
   1015.0   0.88954
   1020.0   0.88898
   1025.0   0.89018
   1030.0   0.88958
   1035.0   0.88902
   1040.0   0.88855
   1045.0   0.88821
   1050.0   0.88983
   1055.0   0.88929
   1060.0   0.88921
   1065.0   0.89036
   1070.0   0.89020
   1075.0   0.88958
   1080.0   0.88995
   1085.0   0.88956
   1090.0   0.89023
   1095.0   0.88931
   1100.0   0.88940
   1105.0   0.88986
   1110.0   0.89062
   1115.0   0.88987
   1120.0   0.89029
   1125.0   0.89118
   1130.0   0.89166
   1135.0   0.88930
   1140.0   0.89079
   1145.0   0.89041
   1150.0   0.89092
   1155.0   0.89088
   1160.0   0.89144
   1165.0   0.89111
   1170.0   0.89111
   1175.0   0.89136
   1180.0   0.89206
   1185.0   0.89256
   1190.0   0.89256
   1195.0   0.89276
   1200.0   0.89122
   1205.0   0.89213
   1210.0   0.89032
   1215.0   0.89370
   1220.0   0.89193
   1225.0   0.89188
   1230.0   0.89213
   1235.0   0.89038
   1240.0   0.89015
   1245.0   0.89099
   1250.0   0.89148
   1255.0   0.89232
   1260.0   0.89170
   1265.0   0.89023
   1270.0   0.89098
   1275.0   0.89283
   1280.0   0.89211
   1285.0   0.89189
   1290.0   0.89228
   1295.0   0.89270
   1300.0   0.89247
   1305.0   0.89238
   1310.0   0.89205
   1315.0   0.89260
   1320.0   0.89216
   1325.0   0.89193
   1330.0   0.89261
   1335.0   0.89335
   1340.0   0.89442
   1345.0   0.89166
   1350.0   0.89113
   1355.0   0.89103
   1360.0   0.89143
   1365.0   0.89197
   1370.0   0.89183
   1375.0   0.89355
   1380.0   0.89407
   1385.0   0.89370
   1390.0   0.89266
   1395.0   0.89278
   1400.0   0.89126
   1405.0   0.89038
   1410.0   0.89116
   1415.0   0.89265
   1420.0   0.89339
   1425.0   0.89449
   1430.0   0.89521
   1435.0   0.89615
   1440.0   0.89687
   1445.0   0.89336
   1450.0   0.89238
   1455.0   0.89446
   1460.0   0.89310
   1465.0   0.89503
   1470.0   0.89469
   1475.0   0.89499
   1480.0   0.89576
   1485.0   0.89715
   1490.0   0.89374
   1495.0   0.89417
   1500.0   0.89504
   1505.0   0.89447
   1510.0   0.89664
   1515.0   0.89678
   1520.0   0.89507
   1525.0   0.89510
   1530.0   0.89616
   1535.0   0.89680
   1540.0   0.89683
   1545.0   0.89464
   1550.0   0.89459
   1555.0   0.89409
   1560.0   0.89501
   1565.0   0.89345
   1570.0   0.89381
   1575.0   0.89617
   1580.0   0.89461
   1585.0   0.89396
   1590.0   0.89431
   1595.0   0.89598
   1600.0   0.89665
   1605.0   0.89556
   1610.0   0.89460
   1615.0   0.89794
   1620.0   0.89596
   1625.0   0.89540
   1630.0   0.89358
   1635.0   0.89453
   1640.0   0.89279
   1645.0   0.89456
   1650.0   0.89518
   1655.0   0.89437
   1660.0   0.89504
   1665.0   0.89542
   1670.0   0.89677
   1675.0   0.89687
   1680.0   0.89602
   1685.0   0.89584
   1690.0   0.89523
   1695.0   0.89351
   1700.0   0.89378
   1705.0   0.89399
   1710.0   0.89224
   1715.0   0.89219
   1720.0   0.88970
   1725.0   0.88688
   1730.0   0.88724
   1735.0   0.88638
   1740.0   0.88659
   1745.0   0.88616
   1750.0   0.88777
   1751.2   0.88773
   1751.8   0.88765
   1752.4   0.88755
   1752.9   0.88752
   1753.5   0.88756
   1754.1   0.88756
   1754.7   0.88745
   1755.3   0.88738
   1755.9   0.88731
   1756.5   0.88730
   1757.1   0.88727
   1757.7   0.88722
   1758.3   0.88719
   1758.9   0.88706
   1759.5   0.88699
   1760.1   0.88700
   1760.7   0.88696
   1761.3   0.88693
   1761.9   0.88699
   1762.5   0.88710
   1763.1   0.88723
   1763.7   0.88733
   1764.3   0.88735
   1764.9   0.88739
   1765.5   0.88751
   1766.1   0.88764
   1766.7   0.88765
   1767.3   0.88762
   1767.9   0.88775
   1768.5   0.88794
   1769.1   0.88807
   1769.7   0.88816
   1770.3   0.88825
   1770.9   0.88833
   1771.5   0.88834
   1772.1   0.88844
   1772.7   0.88850
   1773.3   0.88849
   1773.9   0.88849
   1774.6   0.88850
   1775.2   0.88851
   1775.8   0.88852
   1776.4   0.88857
   1777.0   0.88870
   1777.6   0.88871
   1778.2   0.88861
   1778.8   0.88852
   1779.4   0.88851
   1780.0   0.88856
   1780.6   0.88861
   1781.3   0.88859
   1781.9   0.88863
   1782.5   0.88864
   1783.1   0.88860
   1783.7   0.88857
   1784.3   0.88851
   1784.9   0.88847
   1785.6   0.88841
   1786.2   0.88831
   1786.8   0.88826
   1787.4   0.88818
   1788.0   0.88811
   1788.6   0.88808
   1789.3   0.88805
   1789.9   0.88796
   1790.5   0.88788
   1791.1   0.88780
   1791.7   0.88772
   1792.3   0.88761
   1793.0   0.88752
   1793.6   0.88744
   1794.2   0.88736
   1794.8   0.88737
   1795.4   0.88732
   1796.1   0.88715
   1796.7   0.88707
   1797.3   0.88708
   1797.9   0.88705
   1798.6   0.88696
   1799.2   0.88690
   1799.8   0.88682
   1800.4   0.88677
   1801.1   0.88673
   1801.7   0.88660
   1802.3   0.88650
   1802.9   0.88644
   1803.6   0.88641
   1804.2   0.88640
   1804.8   0.88625
   1805.4   0.88617
   1806.1   0.88612
   1806.7   0.88596
   1807.3   0.88583
   1808.0   0.88576
   1808.6   0.88573
   1809.2   0.88567
   1809.9   0.88564
   1810.5   0.88560
   1811.1   0.88542
   1811.8   0.88527
   1812.4   0.88519
   1813.0   0.88506
   1813.7   0.88488
   1814.3   0.88479
   1814.9   0.88479
   1815.6   0.88476
   1816.2   0.88449
   1816.8   0.88434
   1817.5   0.88416
   1818.1   0.88407
   1818.7   0.88392
   1819.4   0.88382
   1820.0   0.88384
   1820.7   0.88372
   1821.3   0.88354
   1821.9   0.88351
   1822.6   0.88328
   1823.2   0.88309
   1823.9   0.88288
   1824.5   0.88276
   1825.2   0.88261
   1825.8   0.88278
   1826.4   0.88256
   1827.1   0.88209
   1827.7   0.88202
   1828.4   0.88194
   1829.0   0.88173
   1829.7   0.88162
   1830.3   0.88147
   1830.9   0.88132
   1831.6   0.88104
   1832.2   0.88085
   1832.9   0.88070
   1833.5   0.88041
   1834.2   0.88027
   1834.8   0.88025
   1835.5   0.88004
   1836.1   0.87991
   1836.8   0.87958
   1837.4   0.87959
   1838.1   0.87928
   1838.7   0.87885
   1839.4   0.87914
   1840.0   0.87905
   1840.7   0.87856
   1841.3   0.87871
   1842.0   0.87859
   1842.7   0.87796
   1843.3   0.87773
   1844.0   0.87757
   1844.6   0.87740
   1845.3   0.87720
   1845.9   0.87714
   1846.6   0.87742
   1847.3   0.87723
   1847.9   0.87676
   1848.6   0.87645
   1849.2   0.87612
   1849.9   0.87616
   1850.6   0.87597
   1851.2   0.87571
   1851.9   0.87548
   1852.5   0.87547
   1853.2   0.87548
   1853.9   0.87533
   1854.5   0.87473
   1855.2   0.87445
   1855.8   0.87433
   1856.5   0.87428
   1857.2   0.87368
   1857.8   0.87331
   1858.5   0.87312
   1859.2   0.87322
   1859.8   0.87305
   1860.5   0.87245
   1861.2   0.87203
   1861.8   0.87155
   1862.5   0.87110
   1863.2   0.87066
   1863.9   0.87026
   1864.5   0.86967
   1865.2   0.86904
   1865.9   0.86861
   1866.5   0.86814
   1867.2   0.86774
   1867.9   0.86703
   1868.6   0.86591
   1869.2   0.86533
   1869.9   0.86472
   1870.6   0.86425
   1871.3   0.86323
   1871.9   0.86209
   1872.6   0.86175
   1873.3   0.86087
   1874.0   0.85974
   1874.6   0.85928
   1875.3   0.85895
   1876.0   0.85855
   1876.7   0.85872
   1877.3   0.85871
   1878.0   0.85886
   1878.7   0.85961
   1879.4   0.86060
   1880.1   0.86178
   1880.8   0.86295
   1881.4   0.86408
   1882.1   0.86524
   1882.8   0.86647
   1883.5   0.86777
   1884.2   0.86884
   1884.9   0.86968
   1885.6   0.87068
   1886.2   0.87160
   1886.9   0.87247
   1887.6   0.87312
   1888.3   0.87376
   1889.0   0.87434
   1889.7   0.87503
   1890.4   0.87538
   1891.1   0.87554
   1891.7   0.87604
   1892.4   0.87633
   1893.1   0.87658
   1893.8   0.87687
   1894.5   0.87701
   1895.2   0.87724
   1895.9   0.87743
   1896.6   0.87759
   1897.3   0.87788
   1898.0   0.87800
   1898.7   0.87814
   1899.4   0.87856
   1900.1   0.87846
   1900.8   0.87837
   1901.4   0.87843
   1902.2   0.87869
   1902.8   0.87886
   1903.6   0.87864
   1904.3   0.87868
   1904.9   0.87910
   1905.7   0.87901
   1906.3   0.87898
   1907.1   0.87901
   1907.8   0.87879
   1908.4   0.87888
   1909.2   0.87891
   1909.9   0.87886
   1910.6   0.87880
   1911.3   0.87880
   1912.0   0.87864
   1912.7   0.87861
   1913.4   0.87884
   1914.1   0.87857
   1914.8   0.87838
   1915.5   0.87844
   1916.2   0.87843
   1916.9   0.87836
   1917.6   0.87838
   1918.3   0.87839
   1919.1   0.87839
   1919.8   0.87851
   1920.5   0.87862
   1921.2   0.87819
   1921.9   0.87793
   1922.6   0.87798
   1923.3   0.87801
   1924.0   0.87803
   1924.8   0.87779
   1925.5   0.87767
   1926.2   0.87768
   1926.9   0.87767
   1927.6   0.87764
   1928.3   0.87771
   1929.0   0.87748
   1929.8   0.87734
   1930.5   0.87730
   1931.2   0.87724
   1931.9   0.87723
   1932.6   0.87719
   1933.4   0.87719
   1934.1   0.87721
   1934.8   0.87706
   1935.5   0.87700
   1936.3   0.87699
   1937.0   0.87680
   1937.7   0.87665
   1938.4   0.87663
   1939.1   0.87661
   1939.9   0.87644
   1940.6   0.87641
   1941.3   0.87636
   1942.1   0.87612
   1942.8   0.87594
   1943.5   0.87577
   1944.2   0.87566
   1945.0   0.87555
   1945.7   0.87528
   1946.4   0.87499
   1947.2   0.87477
   1947.9   0.87455
   1948.6   0.87430
   1949.3   0.87408
   1950.1   0.87380
   1950.8   0.87355
   1951.6   0.87328
   1952.3   0.87296
   1953.0   0.87260
   1953.8   0.87229
   1954.5   0.87195
   1955.2   0.87151
   1956.0   0.87123
   1956.7   0.87102
   1957.4   0.87074
   1958.2   0.87031
   1958.9   0.87002
   1959.7   0.86977
   1960.4   0.86944
   1961.2   0.86908
   1961.9   0.86870
   1962.6   0.86842
   1963.4   0.86821
   1964.1   0.86800
   1964.9   0.86781
   1965.6   0.86756
   1966.3   0.86731
   1967.1   0.86707
   1967.8   0.86693
   1968.6   0.86676
   1969.3   0.86653
   1970.1   0.86642
   1970.8   0.86637
   1971.6   0.86628
   1972.3   0.86618
   1973.1   0.86604
   1973.8   0.86589
   1974.6   0.86582
   1975.3   0.86573
   1976.1   0.86557
   1976.8   0.86541
   1977.6   0.86522
   1978.4   0.86504
   1979.1   0.86485
   1979.9   0.86466
   1980.6   0.86440
   1981.4   0.86418
   1982.1   0.86399
   1982.9   0.86365
   1983.7   0.86323
   1984.4   0.86279
   1985.2   0.86229
   1985.9   0.86167
   1986.7   0.86097
   1987.5   0.86027
   1988.2   0.85954
   1989.0   0.85876
   1989.8   0.85792
   1990.5   0.85694
   1991.3   0.85592
   1992.0   0.85502
   1992.8   0.85421
   1993.6   0.85346
   1994.3   0.85277
   1995.1   0.85215
   1995.9   0.85161
   1996.6   0.85118
   1997.4   0.85094
   1998.2   0.85099
   1998.9   0.85127
   1999.7   0.85172
   2000.5   0.85243
   2001.3   0.85332
   2002.0   0.85436
   2002.8   0.85543
   2003.6   0.85659
   2004.4   0.85782
   2005.1   0.85889
   2005.9   0.85995
   2006.7   0.86101
   2007.5   0.86199
   2008.2   0.86287
   2009.0   0.86369
   2009.8   0.86436
   2010.6   0.86499
   2011.4   0.86566
   2012.1   0.86621
   2012.9   0.86658
   2013.7   0.86689
   2014.5   0.86720
   2015.3   0.86752
   2016.1   0.86788
   2016.8   0.86820
   2017.6   0.86844
   2018.4   0.86870
   2019.2   0.86898
   2020.0   0.86918
   2020.8   0.86937
   2021.6   0.86959
   2022.3   0.86991
   2023.1   0.87022
   2023.9   0.87040
   2024.7   0.87044
   2025.5   0.87060
   2026.3   0.87091
   2027.1   0.87115
   2027.9   0.87142
   2028.7   0.87166
   2029.5   0.87179
   2030.3   0.87188
   2031.1   0.87197
   2031.8   0.87201
   2032.7   0.87204
   2033.4   0.87213
   2034.3   0.87225
   2035.0   0.87234
   2035.8   0.87241
   2036.6   0.87248
   2037.4   0.87255
   2038.2   0.87258
   2039.1   0.87259
   2039.8   0.87264
   2040.7   0.87272
   2041.4   0.87275
   2042.3   0.87273
   2043.1   0.87267
   2043.9   0.87266
   2044.7   0.87268
   2045.5   0.87272
   2046.3   0.87269
   2047.1   0.87260
   2047.9   0.87266
   2048.7   0.87270
   2049.5   0.87263
   2050.3   0.87255
   2051.1   0.87253
   2052.0   0.87251
   2052.8   0.87254
   2053.6   0.87249
   2054.4   0.87248
   2055.2   0.87250
   2056.0   0.87251
   2056.8   0.87243
   2057.7   0.87231
   2058.5   0.87221
   2059.3   0.87210
   2060.1   0.87210
   2060.9   0.87205
   2061.8   0.87199
   2062.6   0.87202
   2063.4   0.87197
   2064.2   0.87184
   2065.0   0.87173
   2065.9   0.87165
   2066.7   0.87160
   2067.5   0.87150
   2068.3   0.87142
   2069.1   0.87134
   2070.0   0.87123
   2070.8   0.87106
   2071.6   0.87096
   2072.5   0.87091
   2073.3   0.87081
   2074.1   0.87066
   2074.9   0.87053
   2075.8   0.87044
   2076.6   0.87037
   2077.4   0.87022
   2078.3   0.87017
   2079.1   0.87011
   2079.9   0.86994
   2080.8   0.86984
   2081.6   0.86981
   2082.4   0.86973
   2083.3   0.86961
   2084.1   0.86954
   2085.0   0.86949
   2085.8   0.86936
   2086.6   0.86920
   2087.5   0.86905
   2088.3   0.86889
   2089.2   0.86872
   2090.0   0.86862
   2090.9   0.86854
   2091.7   0.86849
   2092.5   0.86839
   2093.4   0.86823
   2094.2   0.86805
   2095.1   0.86794
   2095.9   0.86783
   2096.8   0.86759
   2097.6   0.86737
   2098.5   0.86717
   2099.3   0.86690
   2100.2   0.86662
   2101.0   0.86629
   2101.9   0.86603
   2102.7   0.86586
   2103.6   0.86569
   2104.4   0.86546
   2105.3   0.86515
   2106.1   0.86486
   2107.0   0.86453
   2107.9   0.86422
   2108.7   0.86395
   2109.6   0.86371
   2110.4   0.86355
   2111.3   0.86338
   2112.1   0.86307
   2113.0   0.86282
   2113.9   0.86265
   2114.7   0.86238
   2115.6   0.86215
   2116.4   0.86198
   2117.3   0.86175
   2118.2   0.86150
   2119.1   0.86134
   2119.9   0.86117
   2120.8   0.86097
   2121.6   0.86078
   2122.5   0.86065
   2123.4   0.86044
   2124.3   0.86019
   2125.1   0.85994
   2126.0   0.85969
   2126.9   0.85943
   2127.7   0.85923
   2128.6   0.85901
   2129.5   0.85870
   2130.4   0.85840
   2131.2   0.85815
   2132.1   0.85788
   2133.0   0.85752
   2133.9   0.85713
   2134.8   0.85684
   2135.6   0.85643
   2136.5   0.85602
   2137.4   0.85558
   2138.3   0.85498
   2139.2   0.85440
   2140.0   0.85372
   2140.9   0.85290
   2141.8   0.85204
   2142.7   0.85119
   2143.6   0.85025
   2144.5   0.84917
   2145.4   0.84817
   2146.2   0.84732
   2147.1   0.84654
   2148.0   0.84590
   2148.9   0.84530
   2149.8   0.84471
   2150.7   0.84423
   2151.6   0.84387
   2152.5   0.84352
   2153.4   0.84308
   2154.3   0.84272
   2155.2   0.84252
   2156.1   0.84242
   2156.9   0.84242
   2157.9   0.84242
   2158.8   0.84247
   2159.6   0.84264
   2160.6   0.84281
   2161.4   0.84292
   2162.4   0.84312
   2163.3   0.84340
   2164.2   0.84360
   2165.1   0.84382
   2166.0   0.84418
   2166.9   0.84467
   2167.8   0.84515
   2168.7   0.84563
   2169.6   0.84617
   2170.5   0.84671
   2171.4   0.84732
   2172.3   0.84781
   2173.2   0.84821
   2174.1   0.84865
   2175.1   0.84908
   2176.0   0.84951
   2176.9   0.84991
   2177.8   0.85024
   2178.7   0.85052
   2179.6   0.85076
   2180.5   0.85099
   2181.5   0.85125
   2182.4   0.85150
   2183.3   0.85167
   2184.2   0.85174
   2185.1   0.85187
   2186.1   0.85203
   2187.0   0.85205
   2187.9   0.85194
   2188.8   0.85188
   2189.8   0.85185
   2190.7   0.85183
   2191.6   0.85179
   2192.5   0.85167
   2193.5   0.85153
   2194.4   0.85136
   2195.3   0.85117
   2196.2   0.85097
   2197.2   0.85069
   2198.1   0.85045
   2199.0   0.85035
   2200.0   0.85015
   2200.9   0.84980
   2201.8   0.84941
   2202.8   0.84910
   2203.7   0.84876
   2204.6   0.84844
   2205.6   0.84819
   2206.5   0.84790
   2207.5   0.84759
   2208.4   0.84725
   2209.3   0.84683
   2210.3   0.84643
   2211.2   0.84610
   2212.2   0.84570
   2213.1   0.84522
   2214.1   0.84483
   2215.0   0.84452
   2215.9   0.84412
   2216.9   0.84357
   2217.9   0.84309
   2218.8   0.84258
   2219.8   0.84210
   2220.7   0.84162
   2221.6   0.84106
   2222.6   0.84042
   2223.6   0.83980
   2224.5   0.83924
   2225.5   0.83859
   2226.4   0.83788
   2227.4   0.83704
   2228.3   0.83625
   2229.3   0.83558
   2230.3   0.83480
   2231.2   0.83400
   2232.2   0.83326
   2233.1   0.83253
   2234.1   0.83162
   2235.1   0.83065
   2236.0   0.82984
   2237.0   0.82899
   2237.9   0.82823
   2238.9   0.82744
   2239.9   0.82652
   2240.9   0.82561
   2241.8   0.82465
   2242.8   0.82366
   2243.8   0.82267
   2244.7   0.82167
   2245.7   0.82069
   2246.7   0.81962
   2247.7   0.81852
   2248.6   0.81741
   2249.6   0.81623
   2250.6   0.81509
   2251.6   0.81386
   2252.5   0.81261
   2253.5   0.81141
   2254.5   0.81019
   2255.5   0.80887
   2256.5   0.80752
   2257.4   0.80621
   2258.4   0.80483
   2259.4   0.80336
   2260.4   0.80189
   2261.4   0.80046
   2262.4   0.79891
   2263.4   0.79718
   2264.3   0.79547
   2265.3   0.79386
   2266.3   0.79228
   2267.3   0.79070
   2268.3   0.78903
   2269.3   0.78722
   2270.3   0.78530
   2271.3   0.78326
   2272.3   0.78123
   2273.3   0.77919
   2274.3   0.77695
   2275.3   0.77450
   2276.3   0.77195
   2277.3   0.76936
   2278.3   0.76670
   2279.3   0.76388
   2280.3   0.76101
   2281.3   0.75830
   2282.3   0.75574
   2283.3   0.75328
   2284.3   0.75083
   2285.3   0.74840
   2286.3   0.74603
   2287.3   0.74379
   2288.3   0.74179
   2289.3   0.73985
   2290.4   0.73797
   2291.4   0.73623
   2292.4   0.73445
   2293.4   0.73274
   2294.4   0.73113
   2295.4   0.72963
   2296.4   0.72827
   2297.4   0.72687
   2298.5   0.72546
   2299.5   0.72412
   2300.5   0.72290
   2301.5   0.72183
   2302.6   0.72087
   2303.6   0.71989
   2304.6   0.71886
   2305.6   0.71792
   2306.6   0.71716
   2307.7   0.71642
   2308.7   0.71562
   2309.7   0.71485
   2310.8   0.71396
   2311.8   0.71291
   2312.8   0.71182
   2313.9   0.71065
   2314.9   0.70932
   2315.9   0.70777
   2317.0   0.70588
   2318.0   0.70369
   2319.0   0.70147
   2320.1   0.69905
   2321.1   0.69641
   2322.1   0.69378
   2323.2   0.69104
   2324.2   0.68796
   2325.3   0.68474
   2326.3   0.68134
   2327.4   0.67764
   2328.4   0.67372
   2329.4   0.66970
   2330.5   0.66571
   2331.6   0.66197
   2332.6   0.65850
   2333.6   0.65541
   2334.7   0.65275
   2335.8   0.65059
   2336.8   0.64883
   2337.9   0.64750
   2338.9   0.64652
   2340.0   0.64607
   2341.0   0.64623
   2342.1   0.64706
   2343.1   0.64853
   2344.2   0.65054
   2345.3   0.65320
   2346.3   0.65653
   2347.4   0.66044
   2348.4   0.66477
   2349.5   0.66960
   2350.6   0.67505
   2351.6   0.68098
   2352.7   0.68736
   2353.8   0.69403
   2354.8   0.70091
   2355.9   0.70806
   2357.0   0.71544
   2358.1   0.72289
   2359.1   0.73051
   2360.2   0.73813
   2361.3   0.74569
   2362.4   0.75317
   2363.4   0.76027
   2364.5   0.76672
   2365.6   0.77266
   2366.7   0.77804
   2367.8   0.78290
   2368.8   0.78728
   2369.9   0.79116
   2371.0   0.79460
   2372.1   0.79774
   2373.2   0.80070
   2374.3   0.80345
   2375.3   0.80594
   2376.4   0.80826
   2377.5   0.81038
   2378.6   0.81207
   2379.7   0.81354
   2380.8   0.81496
   2381.9   0.81629
   2383.0   0.81736
   2384.1   0.81813
   2385.2   0.81878
   2386.3   0.81936
   2387.4   0.81985
   2388.5   0.82021
   2389.6   0.82044
   2390.7   0.82057
   2391.8   0.82064
   2392.9   0.82043
   2394.0   0.81995
   2395.1   0.81946
   2396.2   0.81893
   2397.3   0.81816
   2398.4   0.81716
   2399.5   0.81626
   2400.6   0.81572
   2401.8   0.81512
   2402.9   0.81497
   2404.0   0.81504
   2405.1   0.81523
   2406.2   0.81536
   2407.4   0.81532
   2408.5   0.81540
   2409.6   0.81533
   2410.7   0.81492
   2411.8   0.81423
   2412.9   0.81368
   2414.1   0.81277
   2415.2   0.81145
   2416.3   0.81004
   2417.4   0.80855
   2418.6   0.80709
   2419.7   0.80554
   2420.8   0.80384
   2422.0   0.80187
   2423.1   0.79974
   2424.2   0.79795
   2425.4   0.79615
   2426.5   0.79392
   2427.6   0.79169
   2428.8   0.78960
   2429.9   0.78721
   2431.1   0.78474
   2432.2   0.78256
   2433.3   0.78030
   2434.5   0.77785
   2435.6   0.77530
   2436.8   0.77283
   2437.9   0.77031
   2439.1   0.76772
   2440.2   0.76512
   2441.4   0.76262
   2442.5   0.75980
   2443.6   0.75706
   2444.8   0.75457
   2446.0   0.75173
   2447.1   0.74875
   2448.3   0.74587
   2449.4   0.74302
   2450.6   0.73995
   2451.7   0.73687
   2452.9   0.73362
   2454.1   0.73019
   2455.2   0.72659
   2456.4   0.72296
   2457.6   0.71909
   2458.7   0.71516
   2459.9   0.71100
   2461.1   0.70651
   2462.2   0.70190
   2463.4   0.69703
   2464.6   0.69200
   2465.7   0.68690
   2466.9   0.68165
   2468.1   0.67619
   2469.3   0.67062
   2470.4   0.66491
   2471.6   0.65939
   2472.8   0.65384
   2474.0   0.64804
   2475.1   0.64266
   2476.3   0.63744
   2477.5   0.63237
   2478.7   0.62727
   2479.9   0.62251
   2481.1   0.61817
   2482.3   0.61394
   2483.4   0.61004
   2484.6   0.60658
   2485.8   0.60331
   2487.0   0.60036
   2488.2   0.59765
   2489.4   0.59507
   2490.6   0.59288
   2491.8   0.59093
   2493.0   0.58908
   2494.2   0.58760
   2495.4   0.58607
   2496.6   0.58434
   2497.8   0.58285
   2499.0   0.58157
   2500.2   0.58036
   2501.4   0.57908
   2502.6   0.57772
   2503.8   0.57658
   2505.0   0.57534
   2506.3   0.57399
   2507.5   0.57232
   2508.7   0.57078
   2509.9   0.56921
   2511.1   0.56755
   2512.3   0.56537
   2513.5   0.56285
   2514.8   0.56015
   2516.0   0.55719
   2517.2   0.55369
   2518.4   0.54959
   2519.6   0.54498
   2520.9   0.53984
   2522.1   0.53405
   2523.3   0.52791
   2524.6   0.52108
   2525.8   0.51379
   2527.0   0.50652
   2528.3   0.49922
   2529.5   0.49230
   2530.7   0.48624
   2531.9   0.48100
   2533.2   0.47593
   2534.4   0.47164
   2535.7   0.46943
   2536.9   0.46807
   2538.1   0.46765
   2539.4   0.46948
   2540.6   0.47316
   2541.9   0.47962
   2543.1   0.48779
   2544.4   0.49606
   2545.6   0.50554
   2546.9   0.51724
   2548.1   0.52985
   2549.4   0.54204
   2550.6   0.55571
   2551.9   0.57012
   2553.1   0.58412
   2554.4   0.59610
   2555.7   0.60867
   2556.9   0.62154
   2558.2   0.63405
   2559.4   0.64739
   2560.7   0.66270
   2562.0   0.67525
   2563.2   0.68391
   2564.5   0.69091
   2565.8   0.69424
   2567.1   0.69873
   2568.3   0.70703
   2569.6   0.71611
   2570.9   0.71827
   2572.1   0.72211
   2573.4   0.73176
   2574.7   0.73101
   2576.0   0.73296
   2577.3   0.73707
   2578.5   0.73530
   2579.8   0.73656
   2581.1   0.74079
   2582.4   0.74258
   2583.7   0.75097
   2585.0   0.74962
   2586.3   0.74906
   2587.5   0.75512
   2588.8   0.75593
   2590.1   0.75679
   2591.4   0.75831
   2592.7   0.76554
   2594.0   0.78622
   2595.3   0.79688
   2596.6   0.77906
   2597.9   0.77084
   2599.2   0.77085
   2600.5   0.77455
   2601.8   0.77822
   2603.1   0.78117
   2604.4   0.78810
   2605.7   0.79407
   2607.1   0.78756
   2608.4   0.78487
   2609.7   0.78544
   2611.0   0.78410
   2612.3   0.78430
   2613.6   0.78585
   2614.9   0.78614
   2616.3   0.79518
   2617.6   0.79546
   2618.9   0.79110
   2620.2   0.79860
   2621.6   0.79288
   2622.9   0.78559
   2624.2   0.78654
   2625.5   0.79148
   2626.9   0.79711
   2628.2   0.79132
   2629.5   0.79748
   2630.9   0.80219
   2632.2   0.79255
   2633.5   0.79162
   2634.9   0.79087
   2636.2   0.78819
   2637.6   0.78850
   2638.9   0.78853
   2640.2   0.78922
   2641.6   0.78982
   2642.9   0.78982
   2644.3   0.78988
   2645.6   0.79238
   2647.0   0.79033
   2648.3   0.78861
   2649.7   0.78839
   2651.0   0.79056
   2652.4   0.79361
   2653.8   0.79179
   2655.1   0.79096
   2656.5   0.78994
   2657.8   0.78788
   2659.2   0.79118
   2660.6   0.79094
   2661.9   0.78955
   2663.3   0.79094
   2664.7   0.80193
   2666.0   0.80673
   2667.4   0.80179
   2668.8   0.79584
   2670.1   0.81002
   2671.5   0.80140
   2672.9   0.78674
   2674.3   0.78734
   2675.7   0.79326
   2677.0   0.79541
   2678.4   0.79135
   2679.8   0.78768
   2681.2   0.77980
   2682.6   0.77966
   2684.0   0.77953
   2685.4   0.77717
   2686.8   0.77520
   2688.1   0.77185
   2689.5   0.76869
   2690.9   0.76566
   2692.3   0.76700
   2693.7   0.77074
   2695.1   0.76548
   2696.5   0.75761
   2697.9   0.75146
   2699.3   0.74860
   2700.8   0.74800
   2702.1   0.74414
   2703.6   0.73814
   2705.0   0.73476
   2706.4   0.73079
   2707.8   0.72911
   2709.2   0.72947
   2710.6   0.73025
   2712.1   0.72097
   2713.5   0.70978
   2714.9   0.70631
   2716.3   0.70363
   2717.7   0.70261
   2719.2   0.70550
   2720.6   0.71081
   2722.0   0.69939
   2723.4   0.69728
   2724.9   0.69790
   2726.3   0.68812
   2727.7   0.68211
   2729.2   0.67991
   2730.6   0.67804
   2732.1   0.67606
   2733.5   0.67648
   2734.9   0.67823
   2736.4   0.67305
   2737.8   0.67283
   2739.3   0.67889
   2740.7   0.67817
   2742.2   0.67003
   2743.6   0.66357
   2745.1   0.66124
   2746.5   0.65968
   2748.0   0.65807
   2749.4   0.65658
   2750.9   0.65559
   2752.4   0.65422
   2753.8   0.65537
   2755.3   0.66102
   2756.7   0.65362
   2758.2   0.64581
   2759.7   0.64351
   2761.1   0.64209
   2762.6   0.63941
   2764.1   0.63034
   2765.6   0.61991
   2767.0   0.61212
   2768.5   0.60192
   2770.0   0.59177
   2771.5   0.58024
   2773.0   0.56580
   2774.4   0.55312
   2775.9   0.54210
   2777.4   0.53102
   2778.9   0.51920
   2780.4   0.50775
   2781.9   0.49583
   2783.4   0.48296
   2784.9   0.47266
   2786.4   0.46698
   2787.9   0.46266
   2789.4   0.46008
   2790.9   0.46295
   2792.4   0.47063
   2793.9   0.48197
   2795.4   0.49575
   2796.9   0.51032
   2798.4   0.52383
   2799.9   0.53553
   2801.4   0.54658
   2802.9   0.55718
   2804.4   0.56423
   2806.0   0.57044
   2807.5   0.57802
   2809.0   0.58573
   2810.5   0.59274
   2812.1   0.59963
   2813.6   0.60680
   2815.1   0.61387
   2816.6   0.62012
   2818.2   0.62703
   2819.7   0.63365
   2821.2   0.63846
   2822.8   0.64261
   2824.3   0.64699
   2825.9   0.65152
   2827.4   0.65600
   2828.9   0.66033
   2830.5   0.66528
   2832.0   0.67112
   2833.6   0.67673
   2835.1   0.68133
   2836.7   0.68510
   2838.2   0.68841
   2839.8   0.69118
   2841.3   0.69380
   2842.9   0.69624
   2844.4   0.69846
   2846.0   0.70052
   2847.6   0.70272
   2849.1   0.70486
   2850.7   0.70607
   2852.3   0.70744
   2853.8   0.70908
   2855.4   0.70975
   2857.0   0.71050
   2858.6   0.71157
   2860.1   0.71279
   2861.7   0.71370
   2863.3   0.71446
   2864.9   0.71543
   2866.5   0.71634
   2868.1   0.71690
   2869.6   0.71728
   2871.2   0.71791
   2872.8   0.71807
   2874.4   0.71801
   2876.0   0.71856
   2877.6   0.71911
   2879.2   0.71925
   2880.8   0.71928
   2882.4   0.71897
   2884.0   0.71914
   2885.6   0.71959
   2887.2   0.71997
   2888.8   0.72001
   2890.4   0.71990
   2892.0   0.71987
   2893.7   0.71984
   2895.3   0.71985
   2896.9   0.71991
   2898.5   0.71998
   2900.1   0.72031
   2901.8   0.72010
   2903.4   0.71973
   2905.0   0.71962
   2906.6   0.71927
   2908.3   0.71894
   2909.9   0.71838
   2911.5   0.71793
   2913.2   0.71807
   2914.8   0.71801
   2916.4   0.71766
   2918.1   0.71764
   2919.7   0.71761
   2921.4   0.71744
   2923.0   0.71718
   2924.7   0.71678
   2926.3   0.71628
   2928.0   0.71580
   2929.6   0.71534
   2931.3   0.71480
   2932.9   0.71418
   2934.6   0.71355
   2936.3   0.71298
   2937.9   0.71222
   2939.6   0.71099
   2941.3   0.70993
   2942.9   0.70983
   2944.6   0.70958
   2946.3   0.70896
   2947.9   0.70791
   2949.6   0.70725
   2951.3   0.70724
   2953.0   0.70707
   2954.7   0.70679
   2956.3   0.70637
   2958.0   0.70618
   2959.7   0.70606
   2961.4   0.70597
   2963.1   0.70599
   2964.8   0.70590
   2966.5   0.70550
   2968.2   0.70508
   2969.9   0.70501
   2971.6   0.70498
   2973.3   0.70479
   2975.0   0.70432
   2976.7   0.70377
   2978.4   0.70330
   2980.1   0.70267
   2981.8   0.70181
   2983.6   0.70053
   2985.3   0.69938
   2987.0   0.69871
   2988.7   0.69781
   2990.4   0.69651
   2992.2   0.69496
   2993.9   0.69327
   2995.6   0.69150
   2997.4   0.68997
   2999.1   0.68828
   3000.8   0.68643
   3002.6   0.68453
   3004.3   0.68260
   3006.0   0.68036
   3007.8   0.67816
   3009.5   0.67618
   3011.3   0.67397
   3013.0   0.67139
   3014.8   0.66877
   3016.5   0.66623
   3018.3   0.66377
   3020.1   0.66113
   3021.8   0.65840
   3023.6   0.65554
   3025.3   0.65291
   3027.1   0.65096
   3028.9   0.64912
   3030.6   0.64669
   3032.4   0.64400
   3034.2   0.64099
   3036.0   0.63792
   3037.7   0.63480
   3039.5   0.63200
   3041.3   0.62928
   3043.1   0.62622
   3044.9   0.62308
   3046.7   0.61981
   3048.5   0.61652
   3050.3   0.61318
   3052.1   0.60964
   3053.8   0.60602
   3055.6   0.60211
   3057.4   0.59801
   3059.3   0.59452
   3061.1   0.59130
   3062.9   0.58789
   3064.7   0.58474
   3066.5   0.58182
   3068.3   0.57900
   3070.1   0.57626
   3071.9   0.57367
   3073.8   0.57118
   3075.6   0.56832
   3077.4   0.56477
   3079.2   0.56058
   3081.1   0.55574
   3082.9   0.55006
   3084.7   0.54355
   3086.6   0.53663
   3088.4   0.52938
   3090.2   0.52194
   3092.1   0.51425
   3093.9   0.50698
   3095.8   0.50035
   3097.6   0.49386
   3099.5   0.48755
   3101.3   0.48164
   3103.2   0.47618
   3105.1   0.47124
   3106.9   0.46719
   3108.8   0.46477
   3110.6   0.46402
   3112.5   0.46526
   3114.4   0.46858
   3116.2   0.47375
   3118.1   0.48029
   3120.0   0.48769
   3121.9   0.49505
   3123.8   0.50131
   3125.6   0.50548
   3127.5   0.50754
   3129.4   0.50771
   3131.3   0.50652
   3133.2   0.50416
   3135.1   0.50108
   3137.0   0.49748
   3138.9   0.49368
   3140.8   0.48971
   3142.7   0.48571
   3144.6   0.48218
   3146.5   0.47907
   3148.4   0.47620
   3150.3   0.47397
   3152.2   0.47276
   3154.1   0.47316
   3156.1   0.47565
   3158.0   0.48049
   3159.9   0.48703
   3161.9   0.49490
   3163.8   0.50340
   3165.7   0.51180
   3167.6   0.51948
   3169.6   0.52613
   3171.5   0.53135
   3173.4   0.53560
   3175.4   0.53899
   3177.3   0.54122
   3179.3   0.54259
   3181.2   0.54348
   3183.2   0.54381
   3185.1   0.54367
   3187.1   0.54333
   3189.1   0.54283
   3191.0   0.54195
   3193.0   0.54079
   3195.0   0.53921
   3196.9   0.53759
   3198.9   0.53596
   3200.9   0.53416
   3202.9   0.53194
   3204.8   0.52944
   3206.8   0.52716
   3208.8   0.52484
   3210.8   0.52246
   3212.8   0.52019
   3214.8   0.51762
   3216.8   0.51474
   3218.8   0.51195
   3220.8   0.50925
   3222.8   0.50636
   3224.8   0.50342
   3226.8   0.50030
   3228.8   0.49731
   3230.8   0.49420
   3232.8   0.49083
   3234.8   0.48737
   3236.8   0.48384
   3238.9   0.48049
   3240.9   0.47738
   3242.9   0.47436
   3244.9   0.47156
   3247.0   0.46868
   3249.0   0.46584
   3251.1   0.46278
   3253.1   0.45953
   3255.1   0.45622
   3257.2   0.45282
   3259.2   0.44923
   3261.3   0.44548
   3263.3   0.44161
   3265.4   0.43765
   3267.4   0.43353
   3269.5   0.42934
   3271.6   0.42484
   3273.6   0.42021
   3275.7   0.41544
   3277.8   0.41046
   3279.8   0.40529
   3281.9   0.39981
   3284.0   0.39419
   3286.1   0.38892
   3288.2   0.38375
   3290.2   0.37853
   3292.3   0.37308
   3294.4   0.36738
   3296.5   0.36136
   3298.6   0.35513
   3300.7   0.34870
   3302.8   0.34211
   3304.9   0.33523
   3307.0   0.32819
   3309.1   0.32088
   3311.3   0.31350
   3313.4   0.30579
   3315.5   0.29737
   3317.6   0.28832
   3319.7   0.27862
   3321.9   0.26797
   3324.0   0.25647
   3326.1   0.24381
   3328.3   0.22968
   3330.4   0.21384
   3332.5   0.19601
   3334.7   0.17569
   3336.8   0.15288
   3339.0   0.12811
   3341.1   0.10342
   3343.3   0.08190
   3345.4   0.06624
   3347.6   0.05689
   3349.8   0.05241
   3351.9   0.05095
   3354.1   0.05126
   3356.3   0.05278
   3358.4   0.05514
   3360.6   0.05784
   3362.8   0.06051
   3365.0   0.06277
   3367.2   0.06463
   3369.4   0.06599
   3371.5   0.06691
   3373.7   0.06734
   3375.9   0.06757
   3378.1   0.06776
   3380.3   0.06816
   3382.5   0.06882
   3384.7   0.06968
   3386.9   0.07050
   3389.2   0.07130
   3391.4   0.07199
   3393.6   0.07276
   3395.8   0.07352
   3398.1   0.07420
   3400.3   0.07474
   3402.5   0.07532
   3404.7   0.07594
   3407.0   0.07667
   3409.2   0.07732
   3411.5   0.07789
   3413.7   0.07828
   3416.0   0.07857
   3418.2   0.07881
   3420.5   0.07901
   3422.7   0.07915
   3425.0   0.07928
   3427.3   0.07935
   3429.5   0.07934
   3431.8   0.07916
   3434.1   0.07900
   3436.3   0.07880
   3438.6   0.07861
   3440.9   0.07826
   3443.2   0.07783
   3445.5   0.07740
   3447.8   0.07681
   3450.1   0.07599
   3452.3   0.07507
   3454.6   0.07387
   3456.9   0.07227
   3459.3   0.06994
   3461.6   0.06676
   3463.9   0.06240
   3466.2   0.05679
   3468.5   0.05050
   3470.8   0.04490
   3473.2   0.04098
   3475.5   0.03863
   3477.8   0.03754
   3480.1   0.03765
   3482.5   0.03830
   3484.8   0.03922
   3487.2   0.04051
   3489.5   0.04192
   3491.9   0.04344
   3494.2   0.04529
   3496.6   0.04730
   3498.9   0.04933
   3501.3   0.05133
   3503.7   0.05344
   3506.0   0.05573
   3508.4   0.05814
   3510.8   0.06090
   3513.2   0.06442
   3515.5   0.06898
   3517.9   0.07531
   3520.3   0.08426
   3522.7   0.09642
   3525.1   0.11155
   3527.5   0.12891
   3529.9   0.14725
   3532.3   0.16558
   3534.7   0.18328
   3537.1   0.20018
   3539.5   0.21585
   3541.9   0.23020
   3544.4   0.24334
   3546.8   0.25537
   3549.2   0.26611
   3551.7   0.27555
   3554.1   0.28361
   3556.5   0.29027
   3559.0   0.29529
   3561.4   0.29851
   3563.9   0.29943
   3566.3   0.29817
   3568.8   0.29566
   3571.2   0.29416
   3573.7   0.29648
   3576.1   0.30427
   3578.6   0.31648
   3581.1   0.33083
   3583.6   0.34520
   3586.0   0.35864
   3588.5   0.37092
   3591.0   0.38204
   3593.5   0.39187
   3596.0   0.40056
   3598.5   0.40823
   3601.0   0.41509
   3603.5   0.42127
   3606.0   0.42701
   3608.5   0.43228
   3611.0   0.43700
   3613.5   0.44118
   3616.1   0.44495
   3618.6   0.44830
   3621.1   0.45134
   3623.6   0.45412
   3626.2   0.45685
   3628.7   0.45949
   3631.3   0.46198
   3633.8   0.46431
   3636.3   0.46651
   3638.9   0.46857
   3641.4   0.47055
   3644.0   0.47245
   3646.6   0.47433
   3649.1   0.47612
   3651.7   0.47777
   3654.3   0.47936
   3656.9   0.48105
   3659.4   0.48252
   3662.0   0.48383
   3664.6   0.48507
   3667.2   0.48614
   3669.8   0.48702
   3672.4   0.48786
   3675.0   0.48851
   3677.6   0.48915
   3680.2   0.48947
   3682.8   0.48962
   3685.4   0.48953
   3688.1   0.48928
   3690.7   0.48889
   3693.3   0.48830
   3695.9   0.48748
   3698.6   0.48659
   3701.2   0.48540
   3703.9   0.48417
   3706.5   0.48286
   3709.2   0.48144
   3711.8   0.47975
   3714.5   0.47791
   3717.1   0.47585
   3719.8   0.47365
   3722.5   0.47125
   3725.2   0.46854
   3727.8   0.46546
   3730.5   0.46209
   3733.2   0.45812
   3735.9   0.45357
   3738.6   0.44842
   3741.3   0.44296
   3744.0   0.43765
   3746.7   0.43314
   3749.4   0.42932
   3752.1   0.42587
   3754.8   0.42269
   3757.6   0.41988
   3760.3   0.41653
   3763.0   0.41202
   3765.7   0.40649
   3768.5   0.40022
   3771.2   0.39319
   3774.0   0.38545
   3776.7   0.37668
   3779.5   0.36688
   3782.2   0.35565
   3785.0   0.34240
   3787.7   0.32633
   3790.5   0.30655
   3793.3   0.28286
   3796.1   0.25719
   3798.8   0.23186
   3801.6   0.20865
   3804.4   0.18829
   3807.2   0.17092
   3810.0   0.15608
   3812.8   0.14339
   3815.6   0.13235
   3818.4   0.12254
   3821.2   0.11360
   3824.1   0.10550
   3826.9   0.09792
   3829.7   0.09085
   3832.5   0.08423
   3835.4   0.07832
   3838.2   0.07355
   3841.1   0.07001
   3843.9   0.06761
   3846.8   0.06603
   3849.6   0.06481
   3852.5   0.06382
   3855.3   0.06309
   3858.2   0.06244
   3861.1   0.06184
   3863.9   0.06133
   3866.8   0.06083
   3869.7   0.06038
   3872.6   0.06006
   3875.5   0.05992
   3878.4   0.05977
   3881.3   0.05943
   3884.2   0.05895
   3887.1   0.05855
   3890.0   0.05817
   3893.0   0.05776
   3895.9   0.05730
   3898.8   0.05685
   3901.7   0.05631
   3904.7   0.05580
   3907.6   0.05526
   3910.6   0.05470
   3913.5   0.05410
   3916.5   0.05333
   3919.4   0.05239
   3922.4   0.05131
   3925.4   0.04998
   3928.4   0.04864
   3931.3   0.04778
   3934.3   0.04751
   3937.3   0.04646
   3940.3   0.04336
   3943.3   0.03899
   3946.3   0.03513
   3949.3   0.03224
   3952.3   0.02986
   3955.3   0.02791
   3958.3   0.02648
   3961.4   0.02546
   3964.4   0.02477
   3967.4   0.02435
   3970.5   0.02409
   3973.5   0.02393
   3976.6   0.02384
   3979.6   0.02384
   3982.6   0.02395
   3985.7   0.02421
   3988.8   0.02481
   3991.9   0.02571
   3994.9   0.02696
   3998.0   0.02865
   4001.1   0.03092
   4004.2   0.03386
   4007.3   0.03771
   4010.4   0.04268
   4013.5   0.04853
   4016.6   0.05456
   4019.7   0.06033
   4022.8   0.06614
   4025.9   0.07276
   4029.1   0.08036
   4032.2   0.08864
   4035.3   0.09800
   4038.5   0.10964
   4041.6   0.12368
   4044.8   0.13927
   4047.9   0.15516
   4051.1   0.17025
   4054.3   0.18380
   4057.4   0.19559
   4060.6   0.20563
   4063.8   0.21454
   4067.0   0.22313
   4070.2   0.23187
   4073.4   0.24075
   4076.6   0.24970
   4079.8   0.25840
   4083.0   0.26672
   4086.2   0.27461
   4089.4   0.28203
   4092.7   0.28905
   4095.9   0.29590
   4099.1   0.30253
   4102.4   0.30904
   4105.6   0.31544
   4108.9   0.32196
   4112.1   0.32857
   4115.4   0.33537
   4118.7   0.34226
   4122.0   0.34925
   4125.2   0.35613
   4128.5   0.36299
   4131.8   0.36971
   4135.1   0.37633
   4138.4   0.38279
   4141.7   0.38915
   4145.0   0.39521
   4148.3   0.40098
   4151.6   0.40623
   4155.0   0.41110
   4158.3   0.41565
   4161.6   0.42000
   4165.0   0.42401
   4168.3   0.42790
   4171.7   0.43150
   4175.0   0.43498
   4178.4   0.43829
   4181.8   0.44159
   4185.2   0.44481
   4188.5   0.44816
   4191.9   0.45145
   4195.3   0.45476
   4198.7   0.45792
   4202.1   0.46097
   4205.5   0.46387
   4208.9   0.46680
   4212.4   0.46942
   4215.8   0.47203
   4219.2   0.47453
   4222.6   0.47691
   4226.1   0.47923
   4229.5   0.48163
   4233.0   0.48383
   4236.5   0.48599
   4239.9   0.48751
   4243.4   0.48849
   4246.9   0.48921
   4250.3   0.48952
   4253.8   0.48962
   4257.3   0.49123
   4260.8   0.49429
   4264.3   0.49751
   4267.8   0.50041
   4271.3   0.50301
   4274.9   0.50495
   4278.4   0.50626
   4281.9   0.50667
   4285.5   0.50634
   4289.0   0.50545
   4292.6   0.50482
   4296.1   0.50391
   4299.7   0.50184
   4303.3   0.49843
   4306.8   0.49517
   4310.4   0.49266
   4314.0   0.49122
   4317.6   0.49113
   4321.2   0.49205
   4324.8   0.49264
   4328.4   0.49253
   4332.0   0.49224
   4335.6   0.49272
   4339.3   0.49362
   4342.9   0.49475
   4346.5   0.49605
   4350.2   0.49824
   4353.8   0.50196
   4357.5   0.50749
   4361.1   0.51349
   4364.8   0.51907
   4368.5   0.52359
   4372.2   0.52698
   4375.9   0.52903
   4379.6   0.53007
   4383.3   0.53008
   4387.0   0.52933
   4390.7   0.52773
   4394.4   0.52580
   4398.1   0.52385
   4401.9   0.52226
   4405.6   0.52084
   4409.4   0.51929
   4413.1   0.51704
   4416.9   0.51451
   4420.6   0.51173
   4424.4   0.50890
   4428.2   0.50580
   4432.0   0.50224
   4435.8   0.49784
   4439.6   0.49285
   4443.4   0.48731
   4447.2   0.48183
   4451.0   0.47677
   4454.8   0.47246
   4458.6   0.46856
   4462.5   0.46467
   4466.3   0.46020
   4470.2   0.45519
   4474.0   0.44937
   4477.9   0.44307
   4481.8   0.43658
   4485.6   0.43042
   4489.5   0.42464
   4493.4   0.41952
   4497.3   0.41500
   4501.2   0.41149
   4505.1   0.40895
   4509.0   0.40729
   4513.0   0.40608
   4516.9   0.40525
   4520.9   0.40452
   4524.8   0.40396
   4528.7   0.40350
   4532.7   0.40336
   4536.7   0.40316
   4540.6   0.40310
   4544.6   0.40307
   4548.6   0.40311
   4552.6   0.40296
   4556.6   0.40260
   4560.6   0.40214
   4564.6   0.40178
   4568.6   0.40130
   4572.7   0.40083
   4576.7   0.40015
   4580.8   0.39941
   4584.8   0.39844
   4588.9   0.39717
   4592.9   0.39517
   4597.0   0.39219
   4601.1   0.38892
   4605.2   0.38655
   4609.3   0.38346
   4613.4   0.37827
   4617.5   0.36998
   4621.6   0.35908
   4625.7   0.34737
   4629.8   0.33541
   4634.0   0.32105
   4638.1   0.30383
   4642.3   0.28562
   4646.4   0.26852
   4650.6   0.25303
   4654.8   0.24004
   4659.0   0.23065
   4663.1   0.22503
   4667.3   0.22215
   4671.5   0.22121
   4675.8   0.22164
   4680.0   0.22378
   4684.2   0.22796
   4688.4   0.23455
   4692.7   0.24347
   4696.9   0.25509
   4701.2   0.27018
   4705.5   0.28927
   4709.7   0.31162
   4714.0   0.33650
   4718.3   0.36260
   4722.6   0.38794
   4726.9   0.40965
   4731.2   0.42660
   4735.5   0.43942
   4739.9   0.45005
   4744.2   0.45937
   4748.5   0.46760
   4752.9   0.47429
   4757.3   0.48029
   4761.6   0.48622
   4766.0   0.49230
   4770.4   0.49756
   4774.8   0.50178
   4779.2   0.50464
   4783.6   0.50675
   4788.0   0.50803
   4792.4   0.50883
   4796.9   0.50907
   4801.3   0.50924
   4805.8   0.50926
   4810.2   0.50943
   4814.7   0.50939
   4819.1   0.50943
   4823.6   0.50926
   4828.1   0.50908
   4832.6   0.50859
   4837.1   0.50813
   4841.6   0.50746
   4846.2   0.50676
   4850.7   0.50596
   4855.3   0.50537
   4859.8   0.50471
   4864.4   0.50421
   4868.9   0.50352
   4873.5   0.50291
   4878.1   0.50217
   4882.7   0.50164
   4887.3   0.50092
   4891.9   0.50029
   4896.5   0.49952
   4901.1   0.49880
   4905.8   0.49795
   4910.4   0.49731
   4915.1   0.49661
   4919.7   0.49609
   4924.4   0.49552
   4929.1   0.49527
   4933.8   0.49495
   4938.5   0.49485
   4943.2   0.49473
   4947.9   0.49494
   4952.6   0.49528
   4957.4   0.49597
   4962.1   0.49637
   4966.9   0.49707
   4971.6   0.49783
   4976.4   0.49881
   4981.2   0.49961
   4986.0   0.50054
   4990.8   0.50123
   4995.6   0.50195
   5000.4   0.50238
   5005.2   0.50289
   5010.0   0.50320
   5014.9   0.50377
   5019.8   0.50412
   5024.6   0.50431
   5029.5   0.50451
   5034.4   0.50487
   5039.3   0.50496
   5044.2   0.50495
   5049.1   0.50446
   5054.0   0.50391
   5058.9   0.50289
   5063.9   0.50160
   5068.8   0.49917
   5073.8   0.49495
   5078.8   0.48666
   5083.7   0.47134
   5088.7   0.44284
   5093.7   0.39771
   5098.7   0.35856
   5103.7   0.36423
   5108.8   0.40105
   5113.8   0.43858
   5118.9   0.46143
   5123.9   0.47088
   5129.0   0.47419
   5134.1   0.47501
   5139.1   0.47445
   5144.3   0.47347
   5149.4   0.47166
   5154.5   0.46949
   5159.6   0.46742
   5164.7   0.46457
   5169.9   0.46186
   5175.0   0.46055
   5180.2   0.45910
   5185.4   0.45707
   5190.6   0.45448
   5195.8   0.45179
   5201.0   0.44861
   5206.2   0.44540
   5211.5   0.44270
   5216.7   0.43940
   5222.0   0.43589
   5227.2   0.43305
   5232.5   0.43012
   5237.8   0.42708
   5243.1   0.42357
   5248.4   0.42000
   5253.7   0.41599
   5259.0   0.41201
   5264.4   0.40797
   5269.7   0.40418
   5275.1   0.40036
   5280.5   0.39644
   5285.8   0.39241
   5291.2   0.38835
   5296.6   0.38326
   5302.0   0.37805
   5307.5   0.37251
   5312.9   0.36673
   5318.4   0.36060
   5323.8   0.35439
   5329.3   0.34792
   5334.8   0.34143
   5340.3   0.33501
   5345.8   0.32929
   5351.3   0.32313
   5356.8   0.31645
   5362.4   0.31004
   5367.9   0.30375
   5373.5   0.29709
   5379.0   0.29008
   5384.6   0.28273
   5390.2   0.27534
   5395.8   0.26790
   5401.5   0.26043
   5407.1   0.25287
   5412.7   0.24513
   5418.4   0.23752
   5424.1   0.22877
   5429.7   0.21915
   5435.4   0.21038
   5441.1   0.20147
   5446.9   0.19252
   5452.6   0.18364
   5458.3   0.17525
   5464.1   0.16675
   5469.8   0.15782
   5475.6   0.14943
   5481.4   0.14065
   5487.2   0.13154
   5493.0   0.12241
   5498.8   0.11290
   5504.7   0.10290
   5510.5   0.09246
   5516.4   0.08145
   5522.3   0.06943
   5528.1   0.05629
   5534.0   0.04277
   5540.0   0.02968
   5545.9   0.01940
   5551.8   0.01321
   5557.8   0.01119
   5563.7   0.01115
   5569.7   0.01173
   5575.7   0.01229
   5581.7   0.01363
   5587.7   0.01627
   5593.7   0.02130
   5599.8   0.02823
   5605.8   0.03660
   5611.9   0.04524
   5618.0   0.05313
   5624.1   0.05901
   5630.2   0.06322
   5636.3   0.06616
   5642.4   0.06778
   5648.6   0.06744
   5654.7   0.06552
   5660.9   0.06194
   5667.1   0.05871
   5673.3   0.05600
   5679.5   0.05270
   5685.7   0.04993
   5692.0   0.04837
   5698.2   0.04676
   5704.5   0.04533
   5710.8   0.04386
   5717.1   0.04245
   5723.4   0.04099
   5729.7   0.03973
   5736.1   0.03839
   5742.4   0.03713
   5748.8   0.03598
   5755.1   0.03520
   5761.5   0.03496
   5768.0   0.03507
   5774.4   0.03517
   5780.8   0.03573
   5787.3   0.03621
   5793.7   0.03673
   5800.2   0.03720
   5806.7   0.03763
   5813.2   0.03802
   5819.7   0.03867
   5826.3   0.03909
   5832.8   0.03942
   5839.4   0.03972
   5846.0   0.04026
   5852.6   0.04071
   5859.2   0.04112
   5865.8   0.04130
   5872.5   0.04156
   5879.1   0.04179
   5885.8   0.04134
   5892.5   0.04098
   5899.2   0.04039
   5905.9   0.03935
   5912.6   0.03856
   5919.4   0.03746
   5926.2   0.03648
   5932.9   0.03559
   5939.7   0.03420
   5946.5   0.03274
   5953.4   0.03175
   5960.2   0.03075
   5967.1   0.03007
   5974.0   0.02917
   5980.8   0.02850
   5987.8   0.02776
   5994.7   0.02687
   6001.6   0.02585
   6008.6   0.02483
   6015.5   0.02362
   6022.5   0.02255
   6029.5   0.02146
   6036.5   0.02051
   6043.6   0.01966
   6050.6   0.01858
   6057.7   0.01743
   6064.8   0.01693
   6071.9   0.01626
   6079.0   0.01559
   6086.1   0.01501
   6093.3   0.01467
   6100.5   0.01437
   6107.6   0.01428
   6114.8   0.01394
   6122.1   0.01373
   6129.3   0.01351
   6136.5   0.01350
   6143.8   0.01350
   6151.1   0.01378
   6158.4   0.01401
   6165.7   0.01446
   6173.1   0.01490
   6180.4   0.01584
   6187.8   0.01700
   6195.2   0.01844
   6202.6   0.01991
   6210.0   0.02190
   6217.5   0.02401
   6225.0   0.02650
   6232.4   0.02912
   6239.9   0.03224
   6247.5   0.03544
   6255.0   0.03906
   6262.5   0.04260
   6270.1   0.04631
   6277.7   0.04961
   6285.3   0.05249
   6293.0   0.05492
   6300.6   0.05866
   6308.3   0.06380
   6315.9   0.07036
   6323.6   0.07714
   6331.4   0.08511
   6339.1   0.09501
   6346.9   0.10708
   6354.6   0.11753
   6362.4   0.12771
   6370.3   0.13807
   6378.1   0.14854
   6385.9   0.15892
   6393.8   0.17067
   6401.7   0.18307
   6409.6   0.19838
   6417.5   0.21477
   6425.5   0.23105
   6433.5   0.25100
   6441.5   0.27588
   6449.5   0.30209
   6457.5   0.32649
   6465.6   0.34443
   6473.6   0.35766
   6481.7   0.36681
   6489.8   0.37410
   6498.0   0.37619
   6506.1   0.37618
   6514.3   0.37845
   6522.5   0.37992
   6530.7   0.37913
   6539.0   0.37915
   6547.2   0.37867
   6555.5   0.37738
   6563.8   0.37614
   6572.1   0.37493
   6580.4   0.37027
   6588.8   0.36698
   6597.2   0.36263
   6605.6   0.35812
   6614.0   0.35381
   6622.5   0.35013
   6630.9   0.34824
   6639.4   0.34398
   6647.9   0.33702
   6656.5   0.33271
   6665.0   0.32880
   6673.6   0.32450
   6682.2   0.31881
   6690.8   0.31149
   6699.5   0.30520
   6708.1   0.29892
   6716.8   0.29087
   6725.5   0.28268
   6734.3   0.27502
   6743.0   0.26878
   6751.8   0.26332
   6760.6   0.25868
   6769.4   0.25491
   6778.3   0.25172
   6787.1   0.24886
   6796.0   0.24489
   6805.0   0.24125
   6813.9   0.23881
   6822.9   0.23658
   6831.9   0.23365
   6840.9   0.23093
   6849.9   0.22936
   6859.0   0.22833
   6868.0   0.22542
   6877.2   0.22214
   6886.3   0.22001
   6895.5   0.21755
   6904.6   0.21511
   6913.8   0.21238
   6923.1   0.21008
   6932.3   0.20823
   6941.6   0.20712
   6950.9   0.20687
   6960.2   0.20658
   6969.6   0.20520
   6979.0   0.20464
   6988.4   0.20415
   6997.8   0.20329
   7007.3   0.20210
   7016.8   0.20112
   7026.3   0.19985
   7035.8   0.19918
   7045.4   0.19833
   7054.9   0.19642
   7064.5   0.19461
   7074.2   0.19224
   7083.9   0.18856
   7093.5   0.18289
   7103.3   0.17445
   7113.0   0.16314
   7122.8   0.15104
   7132.6   0.14226
   7142.4   0.13777
   7152.2   0.13478
   7162.1   0.13102
   7172.0   0.12560
   7182.0   0.11963
   7191.9   0.11440
   7201.9   0.10992
   7211.9   0.10563
   7222.0   0.10185
   7232.0   0.09855
   7242.1   0.09562
   7252.3   0.09297
   7262.4   0.09062
   7272.6   0.08860
   7282.8   0.08678
   7293.1   0.08514
   7303.4   0.08378
   7313.6   0.08243
   7324.0   0.08130
   7334.3   0.08019
   7344.7   0.07909
   7355.1   0.07795
   7365.6   0.07690
   7376.1   0.07584
   7386.6   0.07484
   7397.1   0.07364
   7407.7   0.07257
   7418.3   0.07167
   7428.9   0.07102
   7439.6   0.07051
   7450.3   0.07013
   7461.0   0.06973
   7471.7   0.06931
   7482.5   0.06891
   7493.3   0.06858
   7504.1   0.06818
   7515.0   0.06780
   7525.9   0.06743
   7536.9   0.06705
   7547.9   0.06660
   7558.9   0.06618
   7569.9   0.06568
   7581.0   0.06516
   7592.0   0.06477
   7603.2   0.06453
   7614.4   0.06442
   7625.5   0.06458
   7636.8   0.06487
   7648.0   0.06532
   7659.3   0.06583
   7670.7   0.06657
   7682.0   0.06751
   7693.4   0.06838
   7704.9   0.06929
   7716.3   0.07007
   7727.8   0.07063
   7739.4   0.07106
   7750.9   0.07131
   7762.5   0.07141
   7774.2   0.07138
   7785.8   0.07129
   7797.5   0.07118
   7809.3   0.07152
   7821.1   0.07238
   7832.9   0.07325
   7844.7   0.07369
   7856.6   0.07370
   7868.5   0.07328
   7880.5   0.07274
   7892.5   0.07245
   7904.5   0.07264
   7916.6   0.07327
   7928.7   0.07424
   7940.8   0.07540
   7953.0   0.07646
   7965.2   0.07723
   7977.5   0.07772
   7989.8   0.07790
   8002.1   0.07772
   8014.5   0.07725
   8026.9   0.07664
   8039.3   0.07582
   8051.8   0.07510
   8064.3   0.07483
   8076.9   0.07537
   8089.5   0.07646
   8102.1   0.07769
   8114.8   0.07873
   8127.5   0.07942
   8140.3   0.07992
   8153.1   0.08039
   8165.9   0.08105
   8178.8   0.08193
   8191.7   0.08266
   8204.7   0.08298
   8217.7   0.08286
   8230.7   0.08255
   8243.8   0.08219
   8257.0   0.08179
   8270.1   0.08132
   8283.3   0.08078
   8296.6   0.08019
   8309.9   0.07964
   8323.2   0.07914
   8336.6   0.07848
   8350.0   0.07759
   8363.5   0.07634
   8377.0   0.07473
   8390.5   0.07291
   8404.2   0.07119
   8417.8   0.07000
   8431.5   0.06916
   8445.2   0.06830
   8459.0   0.06721
   8472.8   0.06617
   8486.7   0.06571
   8500.6   0.06605
   8514.5   0.06704
   8528.5   0.06815
   8542.6   0.06877
   8556.7   0.06872
   8570.8   0.06816
   8585.0   0.06788
   8599.3   0.06880
   8613.5   0.07126
   8627.9   0.07529
   8642.3   0.08047
   8656.7   0.08609
   8671.2   0.09137
   8685.7   0.09648
   8700.3   0.10165
   8714.9   0.10710
   8729.5   0.11278
   8744.3   0.11854
   8759.0   0.12409
   8773.9   0.12921
   8788.7   0.13360
   8803.7   0.13737
   8818.6   0.14039
   8833.7   0.14282
   8848.7   0.14482
   8863.8   0.14666
   8879.0   0.14839
   8894.3   0.15035
   8909.5   0.15255
   8924.9   0.15501
   8940.3   0.15754
   8955.7   0.16008
   8971.2   0.16238
   8986.8   0.16454
   9002.3   0.16637
   9018.0   0.16790
   9033.7   0.16898
   9049.5   0.16995
   9065.3   0.17059
   9081.2   0.17128
   9097.1   0.17184
   9113.1   0.17259
   9129.1   0.17294
   9145.2   0.17319
   9161.4   0.17251
   9177.6   0.16853
   9193.9   0.15937
   9210.2   0.15055
   9226.6   0.14524
   9243.0   0.15198
   9259.5   0.16556
   9276.1   0.17074
   9292.7   0.17005
   9309.4   0.16707
   9326.2   0.16337
   9343.0   0.16005
   9359.8   0.15787
   9376.8   0.15820
   9393.8   0.16425
   9410.8   0.17080
   9427.9   0.17489
   9445.1   0.17723
   9462.3   0.17849
   9479.6   0.17909
   9497.0   0.17930
   9514.4   0.17877
   9531.9   0.17683
   9549.4   0.17347
   9567.1   0.16982
   9584.7   0.16743
   9602.5   0.16673
   9620.3   0.16652
   9638.2   0.16506
   9656.1   0.16128
   9674.2   0.15525
   9692.2   0.14753
   9710.4   0.13959
   9728.6   0.13305
   9746.9   0.12875
   9765.2   0.12641
   9783.7   0.12499
   9802.2   0.12333
   9820.7   0.12102
   9839.4   0.11842
   9858.1   0.11642
   9876.8   0.11593
   9895.7   0.11736
   9914.6   0.11996
   9933.6   0.12288
   9952.7   0.12509
   9971.8   0.12655
   9991.0   0.12761
  10010.3   0.12869
  10029.7   0.13028
  10049.1   0.13219
  10068.6   0.13483
  10088.2   0.13911
  10107.9   0.14454
  10127.6   0.14923
  10147.4   0.15174
  10167.3   0.15210
  10187.3   0.15083
  10207.4   0.14935
  10227.5   0.15142
  10247.7   0.15833
  10268.0   0.16634
  10288.4   0.17212
  10308.8   0.17562
  10329.4   0.17753
  10350.0   0.17820
  10370.7   0.17763
  10391.5   0.17609
  10412.3   0.17356
  10433.3   0.16989
  10454.3   0.16505
  10475.5   0.15963
  10496.7   0.15428
  10517.9   0.14975
  10539.3   0.14693
  10560.8   0.14635
  10582.3   0.14712
  10604.0   0.14775
  10625.7   0.14734
  10647.5   0.14612
  10669.4   0.14502
  10691.4   0.14547
  10713.5   0.14839
  10735.7   0.15357
  10758.0   0.16038
  10780.3   0.16804
  10802.8   0.17588
  10825.4   0.18364
  10848.0   0.19083
  10870.8   0.19688
  10893.6   0.20086
  10916.5   0.20292
  10939.5   0.20289
  10962.7   0.20084
  10985.9   0.19743
  11009.2   0.19371
  11032.7   0.19004
  11056.2   0.18666
  11079.8   0.18332
  11103.5   0.17971
  11127.3   0.17570
  11151.3   0.17201
  11175.3   0.16982
  11199.5   0.17234
  11223.7   0.18330
  11248.0   0.20241
  11272.5   0.21117
  11297.0   0.19847
  11321.7   0.18076
  11346.5   0.17130
  11371.4   0.15952
  11396.4   0.13294
  11421.5   0.10360
  11446.7   0.08730
  11472.0   0.08030
  11497.5   0.07564
  11523.0   0.07398
  11548.7   0.07466
  11574.5   0.07732
  11600.3   0.08154
  11626.3   0.08735
  11652.5   0.09469
  11678.7   0.10261
  11705.1   0.10901
  11731.6   0.10852
  11758.2   0.09129
  11784.9   0.06996
  11811.7   0.08117
  11838.7   0.11610
  11865.8   0.14593
  11893.0   0.16537
  11920.3   0.17781
  11947.8   0.18695
  11975.4   0.19409
  12003.1   0.20028
  12031.0   0.20496
  12059.0   0.20803
  12087.1   0.20971
  12115.3   0.21050
  12143.7   0.21056
  12172.2   0.20952
  12200.8   0.20684
  12229.6   0.20281
  12258.5   0.19838
  12287.6   0.19527
  12316.8   0.19444
  12346.1   0.19554
  12375.5   0.19681
  12405.2   0.19688
  12434.9   0.19502
  12464.8   0.19152
  12494.8   0.18815
  12525.0   0.18616
  12555.3   0.18491
  12585.8   0.18333
  12616.4   0.18073
  12647.2   0.17679
  12678.1   0.17223
  12709.2   0.16806
  12740.4   0.16498
  12771.8   0.16357
  12803.3   0.16366
  12835.0   0.16452
  12866.9   0.16523
  12898.9   0.16560
  12931.1   0.16723
  12963.4   0.17139
  12995.9   0.17809
  13028.5   0.18682
  13061.3   0.19680
  13094.3   0.20710
  13127.5   0.21673
  13160.8   0.22584
  13194.3   0.23393
  13227.9   0.24018
  13261.8   0.24512
  13295.8   0.24950
  13330.0   0.25286
  13364.3   0.25466
  13398.9   0.25419
  13433.6   0.25143
  13468.5   0.24656
  13503.5   0.23920
  13538.8   0.22966
  13574.2   0.21840
  13609.9   0.20529
  13645.7   0.19084
  13681.7   0.17496
  13717.9   0.15695
  13754.3   0.13625
  13790.9   0.11332
  13827.6   0.08824
  13864.6   0.06299
  13901.8   0.03965
  13939.2   0.02277
  13976.7   0.01794
  14014.5   0.02820
  14052.5   0.03657
  14090.7   0.03646
  14129.0   0.03984
  14167.7   0.05012
  14206.5   0.06674
  14245.5   0.08610
  14284.7   0.10292
  14324.2   0.12053
  14363.9   0.13650
  14403.8   0.14705
  14443.9   0.16092
  14484.3   0.17609
  14524.8   0.18636
  14565.6   0.19298
  14606.7   0.19772
  14647.9   0.20119
  14689.4   0.20314
  14731.1   0.20404
  14773.1   0.20444
  14815.3   0.20417
  14857.8   0.20281
  14900.5   0.20032
  14943.4   0.19516
  14986.6   0.19045
  15030.0   0.19007
  15073.7   0.18730
  15117.7   0.18304
  15161.9   0.17871
  15206.3   0.17470
  15251.1   0.17081
  15296.1   0.16699
  15341.3   0.16297
  15386.8   0.15927
  15432.6   0.15563
  15478.7   0.15193
  15525.0   0.14800
  15571.7   0.14430
  15618.6   0.14022
  15665.8   0.13630
  15713.2   0.13245
  15761.0   0.12874
  15809.0   0.12514
  15857.4   0.12202
  15906.0   0.11873
  15955.0   0.11563
  16004.2   0.11265
  16053.8   0.10994
  16103.6   0.10722
  16153.8   0.10452
  16204.3   0.10175
  16255.1   0.09903
  16306.2   0.09611
  16357.6   0.09265
  16409.4   0.08895
  16461.5   0.08523
  16513.9   0.08120
  16566.7   0.07731
  16619.8   0.07355
  16673.2   0.07040
  16727.0   0.06748
  16781.1   0.06435
  16835.6   0.06159
  16890.5   0.05950
  16945.7   0.05786
  17001.2   0.05643
  17057.2   0.05533
  17113.4   0.05507
  17170.1   0.05512
  17227.2   0.05514
  17284.6   0.05531
  17342.4   0.05564
  17400.6   0.05619
  17459.2   0.05689
  17518.2   0.05704
  17577.5   0.05690
  17637.3   0.05688
  17697.5   0.05677
  17758.1   0.05619
  17819.2   0.05534
  17880.6   0.05428
  17942.5   0.05280
  18004.8   0.05087
  18067.5   0.04912
  18130.7   0.04712
  18194.3   0.04493
  18258.4   0.04339
  18322.9   0.04218
  18387.9   0.04062
  18453.3   0.03883
  18519.2   0.03716
  18585.6   0.03599
  18652.4   0.03465
  18719.8   0.03329
  18787.6   0.03181
  18855.9   0.03037
  18924.7   0.02946
  18994.1   0.02827
  19063.9   0.02606
  19134.2   0.02494
  19205.1   0.02505
  19276.5   0.02398
  19348.4   0.02289
  19420.9   0.02218
  19493.9   0.02139
  19567.5   0.01994
  19641.6   0.01878
  19716.3   0.01831
  19791.5   0.01743
  19867.4   0.01662
  19943.8   0.01606
  20020.8   0.01557
  20098.4   0.01485
  20176.6   0.01435
  20255.4   0.01385
  20334.8   0.01293
  20414.9   0.01175
  20495.6   0.01141
  20576.9   0.01085
  20658.9   0.01030
  20741.5   0.01020
  20824.8   0.01030
  20908.8   0.00962
  20993.4   0.00888
  21078.8   0.00888
  21164.8   0.00875
  21251.6   0.00836
  21339.0   0.00779
  21427.2   0.00717
  21516.1   0.00652
  21605.8   0.00606
  21696.2   0.00590
  21787.3   0.00595
  21879.3   0.00612
  21972.0   0.00606
  22065.5   0.00582
  22159.8   0.00511
  22254.9   0.00426
  22350.8   0.00367
  22447.5   0.00376
  22545.1   0.00445
  22643.6   0.00441
  22742.9   0.00384
  22843.1   0.00370
  22944.2   0.00416
  23046.2   0.00472
  23149.0   0.00491
  23252.8   0.00473
  23357.6   0.00531
  23463.3   0.00563
  23569.9   0.00554
  23677.6   0.00604
  23786.2   0.00633
  23895.8   0.00697
  24006.4   0.00821
  24118.1   0.00852
  24230.8   0.00908
  24344.5   0.01035
  24459.4   0.01165
  24575.3   0.01234
  24692.3   0.01224
  24810.4   0.01294
  24929.7   0.01449
  25050.2   0.01469



 BKR1JB550   .ASC                        

 JB-JLB-550                                                              
 Calcite 63-90 um (off-axis)                                             

 Source Ang: 30.00   Detect Ang:  0.00  Volt: 1.222
 Date:  6-OCT-02   Time: 05:59:45
