  3844
    300.0   0.02661
    305.0   0.02430
    310.0   0.02123
    315.0   0.02123
    320.0   0.01943
    325.0   0.01944
    330.0   0.01844
    335.0   0.01805
    340.0   0.01843
    345.0   0.01849
    350.0   0.01866
    355.0   0.01926
    360.0   0.01970
    365.0   0.02026
    370.0   0.02078
    375.0   0.02153
    380.0   0.02260
    385.0   0.02369
    390.0   0.02540
    395.0   0.02734
    400.0   0.02898
    405.0   0.03048
    410.0   0.03248
    415.0   0.03492
    420.0   0.03782
    425.0   0.04138
    430.0   0.04509
    435.0   0.04884
    440.0   0.05257
    445.0   0.05588
    450.0   0.05881
    455.0   0.06162
    460.0   0.06450
    465.0   0.06748
    470.0   0.07110
    475.0   0.07515
    480.0   0.08003
    485.0   0.08549
    490.0   0.09179
    495.0   0.09864
    500.0   0.10625
    505.0   0.11411
    510.0   0.12283
    515.0   0.13185
    520.0   0.14134
    525.0   0.15122
    530.0   0.16193
    535.0   0.17252
    540.0   0.18395
    545.0   0.19545
    550.0   0.20756
    555.0   0.22002
    560.0   0.23360
    565.0   0.24660
    570.0   0.26081
    575.0   0.27473
    580.0   0.28967
    585.0   0.30393
    590.0   0.31911
    595.0   0.33368
    600.0   0.34901
    605.0   0.36364
    610.0   0.37881
    615.0   0.39245
    620.0   0.40685
    625.0   0.41981
    630.0   0.43341
    635.0   0.44525
    640.0   0.45783
    645.0   0.46855
    650.0   0.47989
    655.0   0.48956
    660.0   0.49947
    665.0   0.50825
    670.0   0.51694
    675.0   0.52463
    680.0   0.53199
    685.0   0.53923
    690.0   0.54559
    695.0   0.55163
    700.0   0.55723
    705.0   0.56248
    710.0   0.56687
    715.0   0.57087
    720.0   0.57462
    725.0   0.57832
    730.0   0.58097
    735.0   0.58274
    740.0   0.58419
    745.0   0.58423
    750.0   0.58500
    755.0   0.58454
    760.0   0.58354
    765.0   0.58255
    770.0   0.58117
    775.0   0.57927
    780.0   0.57707
    785.0   0.57484
    790.0   0.57235
    795.0   0.56956
    800.0   0.56707
    805.0   0.56516
    810.0   0.56192
    815.0   0.55910
    820.0   0.55586
    825.0   0.55311
    830.0   0.55105
    835.0   0.54799
    840.0   0.54586
    845.0   0.54395
    850.0   0.54217
    855.0   0.54066
    860.0   0.53818
    865.0   0.53713
    870.0   0.53584
    875.0   0.53445
    880.0   0.53296
    885.0   0.53259
    890.0   0.53209
    895.0   0.53132
    900.0   0.53162
    905.0   0.53087
    910.0   0.53304
    915.0   0.53111
    920.0   0.53208
    925.0   0.53345
    930.0   0.53334
    935.0   0.53530
    940.0   0.53609
    945.0   0.53631
    950.0   0.53857
    955.0   0.54020
    960.0   0.54195
    965.0   0.54433
    970.0   0.54664
    975.0   0.54791
    980.0   0.55002
    985.0   0.55323
    990.0   0.55610
    995.0   0.55873
   1000.0   0.56001
   1005.0   0.56447
   1010.0   0.56813
   1015.0   0.57141
   1020.0   0.57438
   1025.0   0.57805
   1030.0   0.58241
   1035.0   0.58508
   1040.0   0.58917
   1045.0   0.59350
   1050.0   0.59742
   1055.0   0.60153
   1060.0   0.60595
   1065.0   0.60952
   1070.0   0.61354
   1075.0   0.61856
   1080.0   0.62276
   1085.0   0.62690
   1090.0   0.63182
   1095.0   0.63714
   1100.0   0.64121
   1105.0   0.64596
   1110.0   0.65225
   1115.0   0.65710
   1120.0   0.66088
   1125.0   0.66620
   1130.0   0.67069
   1135.0   0.67675
   1140.0   0.68173
   1145.0   0.68513
   1150.0   0.69060
   1155.0   0.69574
   1160.0   0.70097
   1165.0   0.70521
   1170.0   0.70989
   1175.0   0.71542
   1180.0   0.72012
   1185.0   0.72440
   1190.0   0.72984
   1195.0   0.73399
   1200.0   0.73872
   1205.0   0.74417
   1210.0   0.74856
   1215.0   0.75532
   1220.0   0.75942
   1225.0   0.76195
   1230.0   0.76683
   1235.0   0.77240
   1240.0   0.77565
   1245.0   0.77933
   1250.0   0.78371
   1255.0   0.78833
   1260.0   0.79384
   1265.0   0.79678
   1270.0   0.80106
   1275.0   0.80310
   1280.0   0.80677
   1285.0   0.81093
   1290.0   0.81511
   1295.0   0.81776
   1300.0   0.82199
   1305.0   0.82364
   1310.0   0.82752
   1315.0   0.83014
   1320.0   0.83267
   1325.0   0.83458
   1330.0   0.83649
   1335.0   0.84019
   1340.0   0.84142
   1345.0   0.84194
   1350.0   0.84319
   1355.0   0.84360
   1360.0   0.84414
   1360.6   0.84415
   1360.9   0.84423
   1361.3   0.84424
   1361.7   0.84424
   1362.0   0.84439
   1362.4   0.84449
   1362.7   0.84459
   1363.1   0.84457
   1363.4   0.84454
   1363.8   0.84454
   1364.2   0.84438
   1364.5   0.84431
   1364.9   0.84423
   1365.2   0.84406
   1365.6   0.84382
   1365.9   0.84352
   1366.3   0.84316
   1366.7   0.84276
   1367.0   0.84248
   1367.4   0.84213
   1367.8   0.84183
   1368.1   0.84168
   1368.5   0.84160
   1368.8   0.84160
   1369.2   0.84162
   1369.6   0.84164
   1369.9   0.84163
   1370.3   0.84165
   1370.7   0.84160
   1371.0   0.84169
   1371.4   0.84165
   1371.7   0.84147
   1372.1   0.84132
   1372.5   0.84129
   1372.8   0.84124
   1373.2   0.84113
   1373.6   0.84102
   1373.9   0.84089
   1374.3   0.84069
   1374.6   0.84062
   1375.0   0.84053
   1375.4   0.84039
   1375.7   0.84029
   1376.1   0.84016
   1376.5   0.83996
   1376.8   0.83973
   1377.2   0.83962
   1377.6   0.83975
   1377.9   0.83973
   1378.3   0.83953
   1378.7   0.83921
   1379.0   0.83906
   1379.4   0.83894
   1379.8   0.83877
   1380.1   0.83853
   1380.5   0.83816
   1380.9   0.83794
   1381.2   0.83773
   1381.6   0.83740
   1382.0   0.83703
   1382.3   0.83653
   1382.7   0.83600
   1383.1   0.83559
   1383.4   0.83512
   1383.8   0.83462
   1384.2   0.83424
   1384.6   0.83374
   1384.9   0.83313
   1385.3   0.83266
   1385.7   0.83209
   1386.0   0.83155
   1386.4   0.83097
   1386.8   0.83043
   1387.2   0.82985
   1387.5   0.82919
   1387.9   0.82844
   1388.3   0.82771
   1388.6   0.82682
   1389.0   0.82578
   1389.4   0.82472
   1389.8   0.82365
   1390.1   0.82276
   1390.5   0.82210
   1390.9   0.82167
   1391.2   0.82140
   1391.6   0.82134
   1392.0   0.82136
   1392.4   0.82142
   1392.7   0.82153
   1393.1   0.82160
   1393.5   0.82175
   1393.9   0.82191
   1394.2   0.82193
   1394.6   0.82184
   1395.0   0.82178
   1395.4   0.82165
   1395.7   0.82164
   1396.1   0.82156
   1396.5   0.82132
   1396.9   0.82111
   1397.2   0.82082
   1397.6   0.82050
   1398.0   0.82023
   1398.4   0.82000
   1398.8   0.81975
   1399.1   0.81945
   1399.5   0.81922
   1399.9   0.81907
   1400.3   0.81880
   1400.6   0.81850
   1401.0   0.81832
   1401.4   0.81815
   1401.8   0.81787
   1402.2   0.81762
   1402.5   0.81742
   1402.9   0.81730
   1403.3   0.81706
   1403.7   0.81688
   1404.1   0.81681
   1404.4   0.81668
   1404.8   0.81648
   1405.2   0.81643
   1405.6   0.81634
   1406.0   0.81613
   1406.3   0.81596
   1406.7   0.81581
   1407.1   0.81568
   1407.5   0.81560
   1407.9   0.81551
   1408.3   0.81543
   1408.6   0.81528
   1409.0   0.81520
   1409.4   0.81517
   1409.8   0.81512
   1410.2   0.81496
   1410.6   0.81480
   1410.9   0.81466
   1411.3   0.81460
   1411.7   0.81452
   1412.1   0.81436
   1412.5   0.81419
   1412.8   0.81405
   1413.2   0.81385
   1413.6   0.81365
   1414.0   0.81350
   1414.4   0.81329
   1414.8   0.81317
   1415.2   0.81308
   1415.6   0.81308
   1415.9   0.81317
   1416.3   0.81323
   1416.7   0.81326
   1417.1   0.81322
   1417.5   0.81321
   1417.9   0.81326
   1418.3   0.81335
   1418.7   0.81333
   1419.0   0.81329
   1419.4   0.81330
   1419.8   0.81336
   1420.2   0.81331
   1420.6   0.81334
   1421.0   0.81344
   1421.4   0.81339
   1421.8   0.81338
   1422.2   0.81355
   1422.5   0.81357
   1422.9   0.81353
   1423.3   0.81367
   1423.7   0.81385
   1424.1   0.81381
   1424.5   0.81367
   1424.9   0.81373
   1425.3   0.81400
   1425.7   0.81414
   1426.1   0.81420
   1426.5   0.81428
   1426.8   0.81440
   1427.2   0.81449
   1427.6   0.81453
   1428.0   0.81469
   1428.4   0.81487
   1428.8   0.81499
   1429.2   0.81501
   1429.6   0.81509
   1430.0   0.81519
   1430.4   0.81521
   1430.8   0.81543
   1431.2   0.81565
   1431.6   0.81575
   1432.0   0.81587
   1432.4   0.81602
   1432.8   0.81617
   1433.2   0.81637
   1433.6   0.81656
   1433.9   0.81673
   1434.3   0.81685
   1434.8   0.81700
   1435.1   0.81720
   1435.5   0.81740
   1435.9   0.81758
   1436.3   0.81772
   1436.7   0.81786
   1437.1   0.81808
   1437.5   0.81824
   1437.9   0.81830
   1438.3   0.81846
   1438.7   0.81868
   1439.1   0.81881
   1439.5   0.81891
   1439.9   0.81908
   1440.3   0.81930
   1440.7   0.81948
   1441.1   0.81965
   1441.5   0.81980
   1441.9   0.81999
   1442.3   0.82016
   1442.7   0.82027
   1443.1   0.82040
   1443.5   0.82055
   1443.9   0.82078
   1444.3   0.82103
   1444.7   0.82115
   1445.1   0.82123
   1445.6   0.82140
   1445.9   0.82155
   1446.3   0.82174
   1446.8   0.82195
   1447.2   0.82205
   1447.6   0.82218
   1448.0   0.82241
   1448.4   0.82257
   1448.8   0.82272
   1449.2   0.82288
   1449.6   0.82297
   1450.0   0.82310
   1450.4   0.82324
   1450.8   0.82344
   1451.2   0.82356
   1451.6   0.82364
   1452.0   0.82374
   1452.4   0.82386
   1452.8   0.82406
   1453.2   0.82425
   1453.7   0.82436
   1454.1   0.82448
   1454.5   0.82454
   1454.9   0.82465
   1455.3   0.82473
   1455.7   0.82493
   1456.1   0.82509
   1456.5   0.82517
   1456.9   0.82530
   1457.3   0.82539
   1457.7   0.82547
   1458.2   0.82558
   1458.6   0.82566
   1459.0   0.82584
   1459.4   0.82603
   1459.8   0.82616
   1460.2   0.82627
   1460.6   0.82636
   1461.0   0.82652
   1461.4   0.82673
   1461.8   0.82686
   1462.3   0.82694
   1462.7   0.82709
   1463.1   0.82721
   1463.5   0.82729
   1463.9   0.82752
   1464.3   0.82768
   1464.7   0.82779
   1465.2   0.82791
   1465.6   0.82802
   1466.0   0.82808
   1466.4   0.82812
   1466.8   0.82829
   1467.2   0.82847
   1467.6   0.82864
   1468.1   0.82878
   1468.5   0.82888
   1468.9   0.82904
   1469.3   0.82916
   1469.7   0.82931
   1470.1   0.82942
   1470.6   0.82956
   1471.0   0.82976
   1471.4   0.82985
   1471.8   0.82991
   1472.2   0.83010
   1472.6   0.83037
   1473.1   0.83052
   1473.5   0.83070
   1473.9   0.83084
   1474.3   0.83086
   1474.7   0.83091
   1475.2   0.83106
   1475.6   0.83123
   1476.0   0.83135
   1476.4   0.83146
   1476.8   0.83165
   1477.3   0.83183
   1477.7   0.83197
   1478.1   0.83208
   1478.5   0.83217
   1478.9   0.83237
   1479.4   0.83252
   1479.8   0.83268
   1480.2   0.83279
   1480.6   0.83295
   1481.1   0.83319
   1481.5   0.83330
   1481.9   0.83332
   1482.3   0.83342
   1482.8   0.83357
   1483.2   0.83376
   1483.6   0.83394
   1484.0   0.83402
   1484.4   0.83420
   1484.9   0.83435
   1485.3   0.83434
   1485.7   0.83455
   1486.2   0.83483
   1486.6   0.83493
   1487.0   0.83509
   1487.4   0.83522
   1487.9   0.83530
   1488.3   0.83548
   1488.7   0.83561
   1489.1   0.83574
   1489.6   0.83586
   1490.0   0.83593
   1490.4   0.83605
   1490.8   0.83617
   1491.3   0.83626
   1491.7   0.83638
   1492.1   0.83645
   1492.6   0.83658
   1493.0   0.83673
   1493.4   0.83686
   1493.9   0.83698
   1494.3   0.83711
   1494.7   0.83727
   1495.2   0.83740
   1495.6   0.83748
   1496.0   0.83762
   1496.4   0.83773
   1496.9   0.83785
   1497.3   0.83791
   1497.7   0.83800
   1498.2   0.83820
   1498.6   0.83834
   1499.0   0.83847
   1499.5   0.83859
   1499.9   0.83858
   1500.3   0.83869
   1500.8   0.83885
   1501.2   0.83898
   1501.7   0.83907
   1502.1   0.83911
   1502.5   0.83928
   1502.9   0.83948
   1503.4   0.83953
   1503.8   0.83962
   1504.3   0.83970
   1504.7   0.83989
   1505.1   0.84007
   1505.6   0.84012
   1506.0   0.84019
   1506.4   0.84031
   1506.9   0.84044
   1507.3   0.84060
   1507.8   0.84067
   1508.2   0.84070
   1508.6   0.84074
   1509.1   0.84088
   1509.5   0.84098
   1510.0   0.84102
   1510.4   0.84104
   1510.8   0.84106
   1511.3   0.84115
   1511.7   0.84132
   1512.2   0.84157
   1512.6   0.84175
   1513.0   0.84181
   1513.5   0.84184
   1513.9   0.84191
   1514.4   0.84196
   1514.8   0.84196
   1515.3   0.84208
   1515.7   0.84213
   1516.1   0.84219
   1516.6   0.84244
   1517.0   0.84256
   1517.5   0.84255
   1517.9   0.84257
   1518.4   0.84267
   1518.8   0.84274
   1519.3   0.84279
   1519.7   0.84295
   1520.1   0.84301
   1520.6   0.84302
   1521.0   0.84305
   1521.5   0.84311
   1521.9   0.84316
   1522.4   0.84328
   1522.8   0.84333
   1523.3   0.84339
   1523.7   0.84347
   1524.2   0.84353
   1524.6   0.84358
   1525.1   0.84364
   1525.5   0.84376
   1525.9   0.84386
   1526.4   0.84392
   1526.8   0.84394
   1527.3   0.84391
   1527.8   0.84403
   1528.2   0.84413
   1528.7   0.84426
   1529.1   0.84428
   1529.6   0.84429
   1530.0   0.84438
   1530.5   0.84448
   1530.9   0.84459
   1531.4   0.84459
   1531.8   0.84456
   1532.3   0.84457
   1532.7   0.84464
   1533.2   0.84476
   1533.6   0.84484
   1534.1   0.84491
   1534.5   0.84495
   1535.0   0.84501
   1535.4   0.84507
   1535.9   0.84510
   1536.3   0.84515
   1536.8   0.84513
   1537.3   0.84509
   1537.7   0.84519
   1538.2   0.84527
   1538.6   0.84535
   1539.1   0.84546
   1539.6   0.84557
   1540.0   0.84556
   1540.5   0.84558
   1540.9   0.84557
   1541.4   0.84568
   1541.8   0.84577
   1542.3   0.84579
   1542.8   0.84582
   1543.2   0.84585
   1543.7   0.84587
   1544.1   0.84591
   1544.6   0.84594
   1545.1   0.84599
   1545.5   0.84601
   1546.0   0.84606
   1546.4   0.84618
   1546.9   0.84628
   1547.4   0.84627
   1547.8   0.84628
   1548.3   0.84623
   1548.8   0.84626
   1549.2   0.84634
   1549.7   0.84641
   1550.1   0.84649
   1550.6   0.84655
   1551.1   0.84655
   1551.5   0.84657
   1552.0   0.84664
   1552.4   0.84668
   1552.9   0.84664
   1553.4   0.84667
   1553.8   0.84673
   1554.3   0.84677
   1554.8   0.84681
   1555.3   0.84676
   1555.7   0.84676
   1556.2   0.84684
   1556.7   0.84682
   1557.1   0.84686
   1557.6   0.84691
   1558.1   0.84689
   1558.5   0.84693
   1559.0   0.84696
   1559.5   0.84705
   1559.9   0.84715
   1560.4   0.84716
   1560.9   0.84717
   1561.3   0.84714
   1561.8   0.84717
   1562.3   0.84721
   1562.8   0.84723
   1563.2   0.84727
   1563.7   0.84727
   1564.2   0.84723
   1564.6   0.84721
   1565.1   0.84721
   1565.6   0.84723
   1566.1   0.84726
   1566.5   0.84742
   1567.0   0.84747
   1567.5   0.84744
   1567.9   0.84747
   1568.4   0.84745
   1568.9   0.84749
   1569.4   0.84753
   1569.8   0.84745
   1570.3   0.84743
   1570.8   0.84742
   1571.3   0.84747
   1571.8   0.84758
   1572.2   0.84765
   1572.7   0.84760
   1573.2   0.84752
   1573.7   0.84748
   1574.1   0.84747
   1574.6   0.84748
   1575.1   0.84745
   1575.6   0.84740
   1576.1   0.84739
   1576.5   0.84740
   1577.0   0.84745
   1577.5   0.84748
   1578.0   0.84751
   1578.4   0.84752
   1578.9   0.84755
   1579.4   0.84755
   1579.9   0.84749
   1580.4   0.84747
   1580.9   0.84748
   1581.3   0.84750
   1581.8   0.84755
   1582.3   0.84757
   1582.8   0.84750
   1583.3   0.84751
   1583.8   0.84757
   1584.2   0.84752
   1584.7   0.84750
   1585.2   0.84755
   1585.7   0.84749
   1586.2   0.84739
   1586.7   0.84737
   1587.2   0.84738
   1587.6   0.84745
   1588.1   0.84747
   1588.6   0.84737
   1589.1   0.84737
   1589.6   0.84738
   1590.1   0.84742
   1590.6   0.84744
   1591.0   0.84739
   1591.5   0.84737
   1592.0   0.84733
   1592.5   0.84731
   1593.0   0.84730
   1593.5   0.84728
   1594.0   0.84721
   1594.5   0.84726
   1595.0   0.84729
   1595.4   0.84724
   1595.9   0.84721
   1596.4   0.84722
   1596.9   0.84723
   1597.4   0.84718
   1597.9   0.84711
   1598.4   0.84710
   1598.9   0.84703
   1599.4   0.84695
   1599.9   0.84699
   1600.4   0.84703
   1600.9   0.84695
   1601.4   0.84694
   1601.9   0.84697
   1602.3   0.84693
   1602.8   0.84686
   1603.3   0.84686
   1603.8   0.84683
   1604.3   0.84675
   1604.8   0.84673
   1605.3   0.84673
   1605.8   0.84666
   1606.3   0.84660
   1606.8   0.84656
   1607.3   0.84657
   1607.8   0.84658
   1608.3   0.84664
   1608.8   0.84661
   1609.3   0.84649
   1609.8   0.84638
   1610.3   0.84635
   1610.8   0.84636
   1611.3   0.84634
   1611.8   0.84632
   1612.3   0.84635
   1612.8   0.84631
   1613.3   0.84619
   1613.8   0.84619
   1614.3   0.84624
   1614.8   0.84621
   1615.3   0.84613
   1615.8   0.84607
   1616.3   0.84603
   1616.8   0.84596
   1617.3   0.84594
   1617.8   0.84592
   1618.4   0.84591
   1618.9   0.84585
   1619.4   0.84579
   1619.9   0.84580
   1620.4   0.84576
   1620.9   0.84563
   1621.4   0.84559
   1621.9   0.84561
   1622.4   0.84552
   1622.9   0.84540
   1623.4   0.84533
   1623.9   0.84531
   1624.4   0.84534
   1624.9   0.84540
   1625.5   0.84531
   1626.0   0.84517
   1626.5   0.84515
   1627.0   0.84512
   1627.5   0.84508
   1628.0   0.84507
   1628.5   0.84502
   1629.0   0.84494
   1629.6   0.84484
   1630.1   0.84484
   1630.6   0.84479
   1631.1   0.84467
   1631.6   0.84468
   1632.1   0.84464
   1632.6   0.84456
   1633.1   0.84455
   1633.7   0.84449
   1634.2   0.84442
   1634.7   0.84431
   1635.2   0.84422
   1635.7   0.84417
   1636.2   0.84407
   1636.8   0.84404
   1637.3   0.84400
   1637.8   0.84391
   1638.3   0.84389
   1638.8   0.84392
   1639.3   0.84389
   1639.9   0.84384
   1640.4   0.84377
   1640.9   0.84370
   1641.4   0.84361
   1641.9   0.84351
   1642.4   0.84344
   1643.0   0.84343
   1643.5   0.84341
   1644.0   0.84330
   1644.5   0.84315
   1645.1   0.84304
   1645.6   0.84299
   1646.1   0.84296
   1646.6   0.84298
   1647.2   0.84298
   1647.7   0.84288
   1648.2   0.84280
   1648.7   0.84271
   1649.2   0.84264
   1649.8   0.84252
   1650.3   0.84242
   1650.8   0.84232
   1651.3   0.84231
   1651.9   0.84221
   1652.4   0.84209
   1652.9   0.84207
   1653.4   0.84198
   1654.0   0.84191
   1654.5   0.84190
   1655.0   0.84183
   1655.6   0.84168
   1656.1   0.84162
   1656.6   0.84161
   1657.2   0.84157
   1657.7   0.84149
   1658.2   0.84137
   1658.7   0.84129
   1659.3   0.84121
   1659.8   0.84113
   1660.3   0.84106
   1660.9   0.84098
   1661.4   0.84097
   1661.9   0.84098
   1662.5   0.84081
   1663.0   0.84068
   1663.5   0.84059
   1664.1   0.84049
   1664.6   0.84039
   1665.1   0.84031
   1665.7   0.84022
   1666.2   0.84015
   1666.7   0.84004
   1667.3   0.83997
   1667.8   0.83990
   1668.3   0.83984
   1668.9   0.83980
   1669.4   0.83972
   1670.0   0.83965
   1670.5   0.83958
   1671.0   0.83945
   1671.6   0.83931
   1672.1   0.83922
   1672.7   0.83917
   1673.2   0.83915
   1673.7   0.83908
   1674.3   0.83895
   1674.8   0.83883
   1675.4   0.83873
   1675.9   0.83875
   1676.4   0.83867
   1677.0   0.83849
   1677.5   0.83835
   1678.1   0.83826
   1678.6   0.83820
   1679.2   0.83812
   1679.7   0.83798
   1680.2   0.83791
   1680.8   0.83787
   1681.3   0.83781
   1681.9   0.83769
   1682.4   0.83758
   1683.0   0.83746
   1683.5   0.83741
   1684.1   0.83734
   1684.6   0.83732
   1685.2   0.83721
   1685.7   0.83706
   1686.3   0.83698
   1686.8   0.83689
   1687.3   0.83677
   1687.9   0.83673
   1688.4   0.83660
   1689.0   0.83643
   1689.6   0.83637
   1690.1   0.83630
   1690.7   0.83617
   1691.2   0.83609
   1691.8   0.83592
   1692.3   0.83575
   1692.9   0.83572
   1693.4   0.83568
   1694.0   0.83558
   1694.5   0.83544
   1695.1   0.83538
   1695.6   0.83532
   1696.2   0.83524
   1696.7   0.83518
   1697.3   0.83508
   1697.8   0.83494
   1698.4   0.83487
   1699.0   0.83480
   1699.5   0.83473
   1700.1   0.83462
   1700.6   0.83446
   1701.2   0.83441
   1701.8   0.83430
   1702.3   0.83416
   1702.9   0.83410
   1703.4   0.83402
   1704.0   0.83386
   1704.6   0.83375
   1705.1   0.83362
   1705.7   0.83357
   1706.2   0.83349
   1706.8   0.83327
   1707.4   0.83319
   1707.9   0.83323
   1708.5   0.83308
   1709.0   0.83295
   1709.6   0.83287
   1710.2   0.83273
   1710.7   0.83259
   1711.3   0.83251
   1711.9   0.83241
   1712.4   0.83237
   1713.0   0.83226
   1713.6   0.83207
   1714.1   0.83194
   1714.7   0.83182
   1715.3   0.83173
   1715.8   0.83170
   1716.4   0.83155
   1717.0   0.83139
   1717.5   0.83128
   1718.1   0.83122
   1718.7   0.83108
   1719.2   0.83089
   1719.8   0.83075
   1720.4   0.83070
   1721.0   0.83062
   1721.5   0.83059
   1722.1   0.83042
   1722.7   0.83021
   1723.2   0.83012
   1723.8   0.83006
   1724.4   0.82993
   1725.0   0.82984
   1725.5   0.82966
   1726.1   0.82949
   1726.7   0.82947
   1727.3   0.82944
   1727.8   0.82928
   1728.4   0.82915
   1729.0   0.82908
   1729.6   0.82896
   1730.1   0.82880
   1730.7   0.82870
   1731.3   0.82859
   1731.9   0.82843
   1732.5   0.82825
   1733.0   0.82816
   1733.6   0.82817
   1734.2   0.82811
   1734.8   0.82801
   1735.4   0.82787
   1735.9   0.82776
   1736.5   0.82774
   1737.1   0.82767
   1737.7   0.82751
   1738.3   0.82735
   1738.8   0.82724
   1739.4   0.82718
   1740.0   0.82713
   1740.6   0.82697
   1741.2   0.82687
   1741.8   0.82682
   1742.3   0.82672
   1742.9   0.82653
   1743.5   0.82640
   1744.1   0.82628
   1744.7   0.82619
   1745.3   0.82613
   1745.9   0.82602
   1746.5   0.82589
   1747.1   0.82577
   1747.6   0.82557
   1748.2   0.82545
   1748.8   0.82539
   1749.4   0.82530
   1750.0   0.82520
   1750.6   0.82506
   1751.2   0.82486
   1751.8   0.82476
   1752.4   0.82471
   1753.0   0.82460
   1753.6   0.82451
   1754.1   0.82441
   1754.7   0.82434
   1755.3   0.82428
   1755.9   0.82415
   1756.5   0.82400
   1757.1   0.82386
   1757.7   0.82366
   1758.3   0.82340
   1758.9   0.82331
   1759.5   0.82325
   1760.1   0.82315
   1760.7   0.82303
   1761.3   0.82297
   1761.9   0.82285
   1762.5   0.82269
   1763.1   0.82257
   1763.7   0.82251
   1764.3   0.82239
   1764.9   0.82231
   1765.5   0.82216
   1766.1   0.82203
   1766.7   0.82193
   1767.3   0.82178
   1767.9   0.82162
   1768.5   0.82151
   1769.1   0.82140
   1769.7   0.82128
   1770.3   0.82112
   1770.9   0.82104
   1771.5   0.82097
   1772.1   0.82087
   1772.7   0.82079
   1773.3   0.82070
   1773.9   0.82059
   1774.6   0.82047
   1775.2   0.82038
   1775.8   0.82029
   1776.4   0.82015
   1777.0   0.82008
   1777.6   0.82000
   1778.2   0.81991
   1778.8   0.81982
   1779.4   0.81970
   1780.0   0.81960
   1780.7   0.81953
   1781.3   0.81941
   1781.9   0.81924
   1782.5   0.81912
   1783.1   0.81905
   1783.7   0.81899
   1784.3   0.81892
   1784.9   0.81879
   1785.6   0.81869
   1786.2   0.81863
   1786.8   0.81848
   1787.4   0.81832
   1788.0   0.81830
   1788.6   0.81825
   1789.3   0.81815
   1789.9   0.81801
   1790.5   0.81789
   1791.1   0.81783
   1791.7   0.81773
   1792.3   0.81759
   1793.0   0.81757
   1793.6   0.81750
   1794.2   0.81733
   1794.8   0.81718
   1795.4   0.81709
   1796.1   0.81706
   1796.7   0.81697
   1797.3   0.81686
   1797.9   0.81679
   1798.6   0.81676
   1799.2   0.81667
   1799.8   0.81648
   1800.4   0.81635
   1801.1   0.81626
   1801.7   0.81617
   1802.3   0.81611
   1802.9   0.81611
   1803.6   0.81605
   1804.2   0.81585
   1804.8   0.81568
   1805.4   0.81563
   1806.1   0.81555
   1806.7   0.81542
   1807.3   0.81534
   1808.0   0.81530
   1808.6   0.81520
   1809.2   0.81509
   1809.9   0.81501
   1810.5   0.81499
   1811.1   0.81494
   1811.8   0.81486
   1812.4   0.81477
   1813.0   0.81469
   1813.7   0.81458
   1814.3   0.81446
   1814.9   0.81433
   1815.6   0.81427
   1816.2   0.81428
   1816.8   0.81422
   1817.5   0.81407
   1818.1   0.81400
   1818.8   0.81389
   1819.4   0.81378
   1820.0   0.81363
   1820.7   0.81357
   1821.3   0.81349
   1821.9   0.81341
   1822.6   0.81337
   1823.2   0.81335
   1823.9   0.81324
   1824.5   0.81297
   1825.2   0.81279
   1825.8   0.81282
   1826.4   0.81287
   1827.1   0.81279
   1827.7   0.81263
   1828.4   0.81250
   1829.0   0.81243
   1829.7   0.81234
   1830.3   0.81220
   1831.0   0.81213
   1831.6   0.81209
   1832.3   0.81198
   1832.9   0.81184
   1833.6   0.81173
   1834.2   0.81160
   1834.8   0.81147
   1835.5   0.81139
   1836.1   0.81125
   1836.8   0.81119
   1837.4   0.81113
   1838.1   0.81099
   1838.8   0.81084
   1839.4   0.81063
   1840.1   0.81049
   1840.7   0.81039
   1841.4   0.81032
   1842.0   0.81021
   1842.7   0.81011
   1843.3   0.80994
   1844.0   0.80981
   1844.6   0.80968
   1845.3   0.80959
   1845.9   0.80942
   1846.6   0.80918
   1847.3   0.80897
   1847.9   0.80887
   1848.6   0.80876
   1849.2   0.80866
   1849.9   0.80846
   1850.6   0.80825
   1851.2   0.80805
   1851.9   0.80788
   1852.6   0.80770
   1853.2   0.80749
   1853.9   0.80724
   1854.5   0.80709
   1855.2   0.80683
   1855.9   0.80654
   1856.5   0.80627
   1857.2   0.80605
   1857.9   0.80585
   1858.5   0.80566
   1859.2   0.80545
   1859.9   0.80517
   1860.5   0.80489
   1861.2   0.80458
   1861.9   0.80420
   1862.5   0.80380
   1863.2   0.80339
   1863.9   0.80299
   1864.5   0.80257
   1865.2   0.80217
   1865.9   0.80178
   1866.6   0.80135
   1867.2   0.80084
   1867.9   0.80031
   1868.6   0.79977
   1869.2   0.79911
   1869.9   0.79848
   1870.6   0.79784
   1871.3   0.79710
   1871.9   0.79638
   1872.6   0.79552
   1873.3   0.79464
   1874.0   0.79374
   1874.7   0.79279
   1875.3   0.79170
   1876.0   0.79053
   1876.7   0.78931
   1877.4   0.78814
   1878.0   0.78690
   1878.7   0.78560
   1879.4   0.78426
   1880.1   0.78294
   1880.8   0.78158
   1881.4   0.78020
   1882.1   0.77874
   1882.8   0.77726
   1883.5   0.77573
   1884.2   0.77426
   1884.9   0.77287
   1885.6   0.77148
   1886.2   0.77009
   1886.9   0.76878
   1887.6   0.76739
   1888.3   0.76599
   1889.0   0.76464
   1889.7   0.76338
   1890.4   0.76210
   1891.1   0.76080
   1891.8   0.75954
   1892.4   0.75831
   1893.1   0.75704
   1893.8   0.75575
   1894.5   0.75449
   1895.2   0.75322
   1895.9   0.75194
   1896.6   0.75068
   1897.3   0.74940
   1898.0   0.74815
   1898.7   0.74698
   1899.4   0.74579
   1900.1   0.74461
   1900.8   0.74346
   1901.5   0.74227
   1902.2   0.74112
   1902.9   0.74003
   1903.6   0.73887
   1904.3   0.73772
   1905.0   0.73669
   1905.7   0.73569
   1906.4   0.73470
   1907.1   0.73369
   1907.8   0.73268
   1908.5   0.73171
   1909.2   0.73085
   1909.9   0.73001
   1910.6   0.72914
   1911.3   0.72837
   1912.0   0.72769
   1912.7   0.72687
   1913.4   0.72613
   1914.1   0.72556
   1914.8   0.72495
   1915.5   0.72431
   1916.2   0.72373
   1916.9   0.72320
   1917.6   0.72272
   1918.3   0.72220
   1919.1   0.72165
   1919.8   0.72121
   1920.5   0.72085
   1921.2   0.72048
   1921.9   0.72011
   1922.6   0.71980
   1923.3   0.71952
   1924.0   0.71922
   1924.8   0.71901
   1925.5   0.71884
   1926.2   0.71862
   1926.9   0.71840
   1927.6   0.71824
   1928.3   0.71805
   1929.1   0.71795
   1929.8   0.71785
   1930.5   0.71780
   1931.2   0.71776
   1931.9   0.71769
   1932.7   0.71762
   1933.4   0.71764
   1934.1   0.71761
   1934.8   0.71757
   1935.5   0.71756
   1936.3   0.71763
   1937.0   0.71769
   1937.7   0.71771
   1938.4   0.71783
   1939.2   0.71793
   1939.9   0.71802
   1940.6   0.71815
   1941.3   0.71831
   1942.1   0.71847
   1942.8   0.71860
   1943.5   0.71871
   1944.2   0.71879
   1945.0   0.71895
   1945.7   0.71911
   1946.4   0.71922
   1947.2   0.71934
   1947.9   0.71954
   1948.6   0.71977
   1949.4   0.71993
   1950.1   0.72012
   1950.8   0.72033
   1951.6   0.72049
   1952.3   0.72069
   1953.0   0.72084
   1953.8   0.72101
   1954.5   0.72125
   1955.2   0.72146
   1956.0   0.72166
   1956.7   0.72185
   1957.5   0.72206
   1958.2   0.72227
   1958.9   0.72245
   1959.7   0.72269
   1960.4   0.72288
   1961.2   0.72308
   1961.9   0.72331
   1962.6   0.72355
   1963.4   0.72380
   1964.1   0.72403
   1964.9   0.72421
   1965.6   0.72442
   1966.4   0.72459
   1967.1   0.72476
   1967.9   0.72496
   1968.6   0.72516
   1969.3   0.72536
   1970.1   0.72562
   1970.8   0.72585
   1971.6   0.72610
   1972.3   0.72634
   1973.1   0.72656
   1973.8   0.72672
   1974.6   0.72693
   1975.3   0.72714
   1976.1   0.72735
   1976.9   0.72756
   1977.6   0.72779
   1978.4   0.72801
   1979.1   0.72824
   1979.9   0.72848
   1980.6   0.72879
   1981.4   0.72898
   1982.2   0.72913
   1982.9   0.72935
   1983.7   0.72953
   1984.4   0.72969
   1985.2   0.72996
   1985.9   0.73020
   1986.7   0.73043
   1987.5   0.73070
   1988.2   0.73094
   1989.0   0.73119
   1989.8   0.73148
   1990.5   0.73163
   1991.3   0.73179
   1992.1   0.73197
   1992.8   0.73224
   1993.6   0.73251
   1994.3   0.73272
   1995.1   0.73295
   1995.9   0.73317
   1996.7   0.73335
   1997.4   0.73352
   1998.2   0.73367
   1999.0   0.73395
   1999.7   0.73423
   2000.5   0.73443
   2001.3   0.73458
   2002.1   0.73483
   2002.8   0.73515
   2003.6   0.73550
   2004.4   0.73567
   2005.2   0.73578
   2005.9   0.73595
   2006.7   0.73622
   2007.5   0.73647
   2008.3   0.73669
   2009.0   0.73687
   2009.8   0.73701
   2010.6   0.73722
   2011.4   0.73747
   2012.2   0.73770
   2012.9   0.73791
   2013.7   0.73808
   2014.5   0.73829
   2015.3   0.73853
   2016.1   0.73873
   2016.8   0.73889
   2017.6   0.73909
   2018.4   0.73932
   2019.2   0.73956
   2020.0   0.73973
   2020.8   0.73993
   2021.6   0.74021
   2022.3   0.74046
   2023.1   0.74060
   2023.9   0.74076
   2024.7   0.74094
   2025.5   0.74118
   2026.3   0.74137
   2027.1   0.74152
   2027.9   0.74170
   2028.7   0.74188
   2029.5   0.74206
   2030.3   0.74221
   2031.1   0.74240
   2031.9   0.74265
   2032.7   0.74283
   2033.5   0.74295
   2034.3   0.74313
   2035.1   0.74334
   2035.8   0.74344
   2036.7   0.74361
   2037.4   0.74384
   2038.3   0.74397
   2039.1   0.74410
   2039.9   0.74427
   2040.7   0.74442
   2041.5   0.74461
   2042.3   0.74473
   2043.1   0.74486
   2043.9   0.74507
   2044.7   0.74524
   2045.5   0.74539
   2046.3   0.74559
   2047.1   0.74571
   2047.9   0.74578
   2048.7   0.74588
   2049.5   0.74604
   2050.4   0.74619
   2051.2   0.74627
   2052.0   0.74639
   2052.8   0.74660
   2053.6   0.74675
   2054.4   0.74686
   2055.2   0.74694
   2056.0   0.74707
   2056.9   0.74718
   2057.7   0.74732
   2058.5   0.74743
   2059.3   0.74752
   2060.1   0.74761
   2060.9   0.74774
   2061.8   0.74782
   2062.6   0.74795
   2063.4   0.74813
   2064.2   0.74820
   2065.0   0.74822
   2065.9   0.74831
   2066.7   0.74841
   2067.5   0.74849
   2068.3   0.74856
   2069.2   0.74869
   2070.0   0.74881
   2070.8   0.74896
   2071.6   0.74901
   2072.5   0.74906
   2073.3   0.74915
   2074.1   0.74926
   2075.0   0.74934
   2075.8   0.74943
   2076.6   0.74945
   2077.5   0.74954
   2078.3   0.74960
   2079.1   0.74957
   2080.0   0.74965
   2080.8   0.74980
   2081.6   0.74983
   2082.5   0.74990
   2083.3   0.75001
   2084.1   0.75010
   2085.0   0.75017
   2085.8   0.75023
   2086.6   0.75027
   2087.5   0.75029
   2088.3   0.75032
   2089.2   0.75036
   2090.0   0.75043
   2090.9   0.75050
   2091.7   0.75052
   2092.6   0.75059
   2093.4   0.75064
   2094.2   0.75063
   2095.1   0.75065
   2095.9   0.75073
   2096.8   0.75078
   2097.6   0.75077
   2098.5   0.75078
   2099.3   0.75086
   2100.2   0.75094
   2101.0   0.75102
   2101.9   0.75102
   2102.7   0.75100
   2103.6   0.75099
   2104.4   0.75106
   2105.3   0.75110
   2106.1   0.75111
   2107.0   0.75116
   2107.9   0.75123
   2108.7   0.75126
   2109.6   0.75124
   2110.4   0.75124
   2111.3   0.75120
   2112.1   0.75123
   2113.0   0.75128
   2113.9   0.75128
   2114.7   0.75130
   2115.6   0.75132
   2116.5   0.75134
   2117.3   0.75134
   2118.2   0.75136
   2119.1   0.75131
   2119.9   0.75131
   2120.8   0.75128
   2121.7   0.75121
   2122.5   0.75117
   2123.4   0.75112
   2124.3   0.75104
   2125.1   0.75102
   2126.0   0.75104
   2126.9   0.75095
   2127.8   0.75079
   2128.6   0.75074
   2129.5   0.75071
   2130.4   0.75061
   2131.3   0.75046
   2132.1   0.75029
   2133.0   0.75014
   2133.9   0.74993
   2134.8   0.74976
   2135.6   0.74955
   2136.5   0.74925
   2137.4   0.74896
   2138.3   0.74867
   2139.2   0.74835
   2140.1   0.74796
   2140.9   0.74762
   2141.8   0.74736
   2142.7   0.74718
   2143.6   0.74702
   2144.5   0.74697
   2145.4   0.74695
   2146.3   0.74696
   2147.1   0.74700
   2148.0   0.74714
   2148.9   0.74718
   2149.8   0.74719
   2150.7   0.74731
   2151.6   0.74735
   2152.5   0.74731
   2153.4   0.74728
   2154.3   0.74723
   2155.2   0.74720
   2156.1   0.74708
   2157.0   0.74695
   2157.9   0.74689
   2158.8   0.74678
   2159.7   0.74666
   2160.6   0.74657
   2161.5   0.74641
   2162.4   0.74623
   2163.3   0.74602
   2164.2   0.74582
   2165.1   0.74562
   2166.0   0.74537
   2166.9   0.74510
   2167.8   0.74487
   2168.7   0.74460
   2169.6   0.74430
   2170.5   0.74400
   2171.4   0.74375
   2172.3   0.74342
   2173.2   0.74310
   2174.1   0.74276
   2175.1   0.74236
   2176.0   0.74195
   2176.9   0.74157
   2177.8   0.74114
   2178.7   0.74070
   2179.6   0.74025
   2180.6   0.73979
   2181.5   0.73930
   2182.4   0.73883
   2183.3   0.73834
   2184.2   0.73792
   2185.1   0.73748
   2186.1   0.73703
   2187.0   0.73657
   2187.9   0.73618
   2188.8   0.73577
   2189.8   0.73535
   2190.7   0.73495
   2191.6   0.73465
   2192.5   0.73433
   2193.5   0.73395
   2194.4   0.73359
   2195.3   0.73328
   2196.3   0.73297
   2197.2   0.73272
   2198.1   0.73247
   2199.1   0.73220
   2200.0   0.73186
   2200.9   0.73148
   2201.9   0.73115
   2202.8   0.73083
   2203.7   0.73038
   2204.7   0.72992
   2205.6   0.72945
   2206.5   0.72890
   2207.5   0.72833
   2208.4   0.72783
   2209.4   0.72733
   2210.3   0.72694
   2211.2   0.72653
   2212.2   0.72606
   2213.1   0.72556
   2214.1   0.72501
   2215.0   0.72440
   2216.0   0.72378
   2216.9   0.72308
   2217.9   0.72241
   2218.8   0.72166
   2219.8   0.72086
   2220.7   0.72020
   2221.7   0.71956
   2222.6   0.71878
   2223.6   0.71804
   2224.5   0.71727
   2225.5   0.71652
   2226.4   0.71581
   2227.4   0.71506
   2228.4   0.71434
   2229.3   0.71372
   2230.3   0.71310
   2231.2   0.71243
   2232.2   0.71175
   2233.1   0.71110
   2234.1   0.71048
   2235.1   0.70998
   2236.0   0.70948
   2237.0   0.70893
   2238.0   0.70833
   2238.9   0.70786
   2239.9   0.70742
   2240.9   0.70692
   2241.8   0.70643
   2242.8   0.70593
   2243.8   0.70544
   2244.8   0.70506
   2245.7   0.70466
   2246.7   0.70425
   2247.7   0.70383
   2248.6   0.70337
   2249.6   0.70292
   2250.6   0.70258
   2251.6   0.70218
   2252.6   0.70172
   2253.5   0.70130
   2254.5   0.70097
   2255.5   0.70057
   2256.5   0.70018
   2257.5   0.69983
   2258.4   0.69947
   2259.4   0.69906
   2260.4   0.69872
   2261.4   0.69831
   2262.4   0.69798
   2263.4   0.69768
   2264.4   0.69735
   2265.4   0.69698
   2266.3   0.69666
   2267.3   0.69634
   2268.3   0.69602
   2269.3   0.69571
   2270.3   0.69544
   2271.3   0.69512
   2272.3   0.69487
   2273.3   0.69459
   2274.3   0.69425
   2275.3   0.69399
   2276.3   0.69381
   2277.3   0.69355
   2278.3   0.69322
   2279.3   0.69292
   2280.3   0.69276
   2281.3   0.69255
   2282.3   0.69221
   2283.3   0.69189
   2284.3   0.69174
   2285.3   0.69155
   2286.3   0.69130
   2287.3   0.69102
   2288.3   0.69080
   2289.4   0.69057
   2290.4   0.69035
   2291.4   0.69013
   2292.4   0.68990
   2293.4   0.68961
   2294.4   0.68943
   2295.4   0.68927
   2296.4   0.68905
   2297.5   0.68883
   2298.5   0.68863
   2299.5   0.68844
   2300.5   0.68828
   2301.6   0.68811
   2302.6   0.68789
   2303.6   0.68769
   2304.6   0.68760
   2305.6   0.68743
   2306.7   0.68724
   2307.7   0.68715
   2308.7   0.68708
   2309.8   0.68689
   2310.8   0.68673
   2311.8   0.68668
   2312.8   0.68667
   2313.9   0.68655
   2314.9   0.68645
   2315.9   0.68638
   2317.0   0.68625
   2318.0   0.68608
   2319.1   0.68594
   2320.1   0.68581
   2321.1   0.68573
   2322.2   0.68562
   2323.2   0.68548
   2324.3   0.68532
   2325.3   0.68520
   2326.3   0.68503
   2327.4   0.68491
   2328.4   0.68470
   2329.5   0.68448
   2330.5   0.68423
   2331.6   0.68399
   2332.6   0.68378
   2333.7   0.68357
   2334.7   0.68322
   2335.8   0.68294
   2336.8   0.68270
   2337.9   0.68238
   2338.9   0.68197
   2340.0   0.68161
   2341.0   0.68128
   2342.1   0.68092
   2343.1   0.68059
   2344.2   0.68026
   2345.3   0.67985
   2346.3   0.67948
   2347.4   0.67903
   2348.5   0.67860
   2349.5   0.67817
   2350.6   0.67778
   2351.7   0.67735
   2352.7   0.67695
   2353.8   0.67649
   2354.9   0.67603
   2355.9   0.67557
   2357.0   0.67511
   2358.1   0.67467
   2359.1   0.67420
   2360.2   0.67370
   2361.3   0.67329
   2362.4   0.67286
   2363.4   0.67234
   2364.5   0.67182
   2365.6   0.67134
   2366.7   0.67084
   2367.8   0.67037
   2368.9   0.66984
   2369.9   0.66926
   2371.0   0.66867
   2372.1   0.66819
   2373.2   0.66769
   2374.3   0.66719
   2375.4   0.66661
   2376.4   0.66611
   2377.5   0.66559
   2378.6   0.66508
   2379.7   0.66454
   2380.8   0.66400
   2381.9   0.66336
   2383.0   0.66275
   2384.1   0.66224
   2385.2   0.66176
   2386.3   0.66120
   2387.4   0.66066
   2388.5   0.66011
   2389.6   0.65965
   2390.7   0.65912
   2391.8   0.65849
   2392.9   0.65790
   2394.0   0.65729
   2395.1   0.65670
   2396.2   0.65620
   2397.3   0.65567
   2398.4   0.65508
   2399.5   0.65443
   2400.6   0.65387
   2401.8   0.65331
   2402.9   0.65280
   2404.0   0.65225
   2405.1   0.65171
   2406.2   0.65114
   2407.3   0.65054
   2408.5   0.64993
   2409.6   0.64937
   2410.7   0.64878
   2411.8   0.64818
   2412.9   0.64758
   2414.1   0.64695
   2415.2   0.64637
   2416.3   0.64586
   2417.4   0.64525
   2418.6   0.64465
   2419.7   0.64406
   2420.8   0.64351
   2422.0   0.64292
   2423.1   0.64233
   2424.2   0.64166
   2425.4   0.64099
   2426.5   0.64037
   2427.6   0.63971
   2428.8   0.63901
   2429.9   0.63843
   2431.1   0.63784
   2432.2   0.63721
   2433.3   0.63655
   2434.5   0.63597
   2435.6   0.63534
   2436.8   0.63469
   2437.9   0.63403
   2439.1   0.63337
   2440.2   0.63268
   2441.4   0.63202
   2442.5   0.63135
   2443.6   0.63070
   2444.8   0.63002
   2445.9   0.62937
   2447.1   0.62874
   2448.3   0.62809
   2449.4   0.62738
   2450.6   0.62679
   2451.7   0.62612
   2452.9   0.62547
   2454.1   0.62475
   2455.2   0.62406
   2456.4   0.62342
   2457.6   0.62287
   2458.7   0.62220
   2459.9   0.62161
   2461.1   0.62099
   2462.2   0.62031
   2463.4   0.61957
   2464.6   0.61893
   2465.7   0.61826
   2466.9   0.61758
   2468.1   0.61692
   2469.3   0.61636
   2470.4   0.61578
   2471.6   0.61516
   2472.8   0.61446
   2474.0   0.61389
   2475.1   0.61321
   2476.3   0.61254
   2477.5   0.61195
   2478.7   0.61141
   2479.9   0.61075
   2481.1   0.61007
   2482.3   0.60944
   2483.4   0.60883
   2484.6   0.60824
   2485.8   0.60770
   2487.0   0.60707
   2488.2   0.60646
   2489.4   0.60593
   2490.6   0.60543
   2491.8   0.60481
   2493.0   0.60420
   2494.2   0.60361
   2495.4   0.60310
   2496.6   0.60251
   2497.8   0.60196
   2499.0   0.60143
   2500.2   0.60090
   2501.4   0.60028
   2502.6   0.59968
   2503.8   0.59912
   2505.0   0.59868
   2506.3   0.59810
   2507.5   0.59752
   2508.7   0.59700
   2509.9   0.59655
   2511.1   0.59602
   2512.3   0.59550
   2513.5   0.59496
   2514.8   0.59454
   2516.0   0.59407
   2517.2   0.59361
   2518.4   0.59313
   2519.6   0.59272
   2520.9   0.59223
   2522.1   0.59174
   2523.3   0.59127
   2524.6   0.59088
   2525.8   0.59043
   2527.0   0.58999
   2528.2   0.58953
   2529.5   0.58916
   2530.7   0.58870
   2531.9   0.58830
   2533.2   0.58788
   2534.4   0.58751
   2535.7   0.58708
   2536.9   0.58670
   2538.1   0.58622
   2539.4   0.58571
   2540.6   0.58527
   2541.9   0.58494
   2543.1   0.58452
   2544.4   0.58411
   2545.6   0.58362
   2546.9   0.58322
   2548.1   0.58281
   2549.4   0.58239
   2550.6   0.58200
   2551.9   0.58162
   2553.1   0.58112
   2554.4   0.58063
   2555.6   0.58013
   2556.9   0.57978
   2558.2   0.57937
   2559.4   0.57887
   2560.7   0.57839
   2562.0   0.57794
   2563.2   0.57740
   2564.5   0.57696
   2565.8   0.57636
   2567.0   0.57584
   2568.3   0.57542
   2569.6   0.57499
   2570.9   0.57435
   2572.1   0.57383
   2573.4   0.57325
   2574.7   0.57268
   2576.0   0.57215
   2577.3   0.57161
   2578.5   0.57091
   2579.8   0.57034
   2581.1   0.56974
   2582.4   0.56911
   2583.7   0.56851
   2585.0   0.56786
   2586.2   0.56717
   2587.5   0.56655
   2588.8   0.56584
   2590.1   0.56516
   2591.4   0.56435
   2592.7   0.56377
   2594.0   0.56333
   2595.3   0.56267
   2596.6   0.56159
   2597.9   0.56074
   2599.2   0.55994
   2600.5   0.55926
   2601.8   0.55843
   2603.1   0.55767
   2604.4   0.55691
   2605.7   0.55609
   2607.1   0.55506
   2608.4   0.55419
   2609.7   0.55321
   2611.0   0.55229
   2612.3   0.55141
   2613.6   0.55052
   2614.9   0.54952
   2616.3   0.54872
   2617.6   0.54763
   2618.9   0.54659
   2620.2   0.54570
   2621.6   0.54454
   2622.9   0.54330
   2624.2   0.54227
   2625.5   0.54127
   2626.9   0.54022
   2628.2   0.53894
   2629.5   0.53799
   2630.9   0.53677
   2632.2   0.53534
   2633.5   0.53410
   2634.9   0.53288
   2636.2   0.53153
   2637.6   0.53020
   2638.9   0.52876
   2640.2   0.52740
   2641.6   0.52596
   2642.9   0.52463
   2644.3   0.52320
   2645.6   0.52178
   2647.0   0.52008
   2648.3   0.51848
   2649.7   0.51682
   2651.0   0.51523
   2652.4   0.51345
   2653.8   0.51171
   2655.1   0.50982
   2656.5   0.50782
   2657.8   0.50569
   2659.2   0.50368
   2660.6   0.50145
   2661.9   0.49924
   2663.3   0.49679
   2664.7   0.49433
   2666.0   0.49124
   2667.4   0.48761
   2668.8   0.48316
   2670.1   0.47672
   2671.5   0.46611
   2672.9   0.45621
   2674.3   0.44782
   2675.6   0.44208
   2677.0   0.43837
   2678.4   0.43596
   2679.8   0.43328
   2681.2   0.43018
   2682.6   0.42646
   2684.0   0.42205
   2685.4   0.41696
   2686.8   0.41147
   2688.1   0.40553
   2689.5   0.39969
   2690.9   0.39380
   2692.3   0.38819
   2693.7   0.38225
   2695.1   0.37594
   2696.5   0.36937
   2697.9   0.36247
   2699.3   0.35491
   2700.7   0.34669
   2702.1   0.33756
   2703.6   0.32847
   2705.0   0.31959
   2706.4   0.31151
   2707.8   0.30418
   2709.2   0.29736
   2710.6   0.29041
   2712.0   0.28325
   2713.5   0.27595
   2714.9   0.26777
   2716.3   0.25826
   2717.7   0.24918
   2719.1   0.24216
   2720.6   0.23716
   2722.0   0.23347
   2723.4   0.23099
   2724.9   0.22822
   2726.3   0.22501
   2727.7   0.22151
   2729.2   0.21771
   2730.6   0.21348
   2732.0   0.20907
   2733.5   0.20456
   2734.9   0.20000
   2736.4   0.19536
   2737.8   0.19130
   2739.3   0.18706
   2740.7   0.18282
   2742.2   0.17887
   2743.6   0.17522
   2745.1   0.17148
   2746.5   0.16780
   2748.0   0.16410
   2749.4   0.16041
   2750.9   0.15679
   2752.3   0.15326
   2753.8   0.14976
   2755.3   0.14621
   2756.7   0.14247
   2758.2   0.13908
   2759.7   0.13550
   2761.1   0.13210
   2762.6   0.12903
   2764.1   0.12638
   2765.6   0.12390
   2767.0   0.12138
   2768.5   0.11873
   2770.0   0.11614
   2771.5   0.11356
   2772.9   0.11121
   2774.4   0.10892
   2775.9   0.10667
   2777.4   0.10440
   2778.9   0.10226
   2780.4   0.10012
   2781.9   0.09816
   2783.4   0.09627
   2784.9   0.09453
   2786.4   0.09271
   2787.9   0.09089
   2789.4   0.08922
   2790.9   0.08774
   2792.4   0.08620
   2793.9   0.08470
   2795.4   0.08321
   2796.9   0.08181
   2798.4   0.08044
   2799.9   0.07917
   2801.4   0.07787
   2802.9   0.07661
   2804.4   0.07545
   2806.0   0.07442
   2807.5   0.07334
   2809.0   0.07229
   2810.5   0.07126
   2812.1   0.07026
   2813.6   0.06924
   2815.1   0.06829
   2816.6   0.06742
   2818.2   0.06661
   2819.7   0.06570
   2821.2   0.06487
   2822.8   0.06417
   2824.3   0.06344
   2825.8   0.06265
   2827.4   0.06194
   2828.9   0.06125
   2830.5   0.06055
   2832.0   0.05982
   2833.6   0.05924
   2835.1   0.05868
   2836.7   0.05806
   2838.2   0.05741
   2839.8   0.05690
   2841.3   0.05639
   2842.9   0.05583
   2844.4   0.05530
   2846.0   0.05484
   2847.6   0.05435
   2849.1   0.05390
   2850.7   0.05354
   2852.3   0.05315
   2853.8   0.05261
   2855.4   0.05210
   2857.0   0.05179
   2858.6   0.05143
   2860.1   0.05095
   2861.7   0.05058
   2863.3   0.05037
   2864.9   0.05010
   2866.4   0.04976
   2868.0   0.04944
   2869.6   0.04914
   2871.2   0.04877
   2872.8   0.04839
   2874.4   0.04807
   2876.0   0.04778
   2877.6   0.04761
   2879.2   0.04739
   2880.8   0.04714
   2882.4   0.04700
   2884.0   0.04685
   2885.6   0.04661
   2887.2   0.04636
   2888.8   0.04611
   2890.4   0.04585
   2892.0   0.04572
   2893.6   0.04546
   2895.3   0.04522
   2896.9   0.04517
   2898.5   0.04506
   2900.1   0.04490
   2901.7   0.04471
   2903.4   0.04449
   2905.0   0.04430
   2906.6   0.04410
   2908.3   0.04396
   2909.9   0.04381
   2911.5   0.04379
   2913.1   0.04375
   2914.8   0.04359
   2916.4   0.04343
   2918.1   0.04330
   2919.7   0.04321
   2921.4   0.04309
   2923.0   0.04295
   2924.7   0.04286
   2926.3   0.04283
   2928.0   0.04280
   2929.6   0.04273
   2931.3   0.04272
   2932.9   0.04266
   2934.6   0.04250
   2936.3   0.04244
   2937.9   0.04243
   2939.6   0.04237
   2941.2   0.04226
   2942.9   0.04214
   2944.6   0.04217
   2946.3   0.04214
   2947.9   0.04211
   2949.6   0.04209
   2951.3   0.04207
   2953.0   0.04206
   2954.6   0.04204
   2956.3   0.04198
   2958.0   0.04196
   2959.7   0.04201
   2961.4   0.04200
   2963.1   0.04202
   2964.8   0.04211
   2966.5   0.04212
   2968.2   0.04211
   2969.9   0.04214
   2971.6   0.04212
   2973.3   0.04219
   2975.0   0.04226
   2976.7   0.04227
   2978.4   0.04237
   2980.1   0.04238
   2981.8   0.04232
   2983.6   0.04237
   2985.3   0.04244
   2987.0   0.04249
   2988.7   0.04260
   2990.4   0.04260
   2992.2   0.04259
   2993.9   0.04266
   2995.6   0.04269
   2997.4   0.04274
   2999.1   0.04285
   3000.8   0.04296
   3002.6   0.04305
   3004.3   0.04315
   3006.0   0.04319
   3007.8   0.04325
   3009.5   0.04329
   3011.3   0.04331
   3013.0   0.04344
   3014.8   0.04355
   3016.5   0.04360
   3018.3   0.04369
   3020.0   0.04385
   3021.8   0.04388
   3023.6   0.04397
   3025.3   0.04406
   3027.1   0.04411
   3028.9   0.04418
   3030.6   0.04433
   3032.4   0.04451
   3034.2   0.04454
   3036.0   0.04457
   3037.7   0.04471
   3039.5   0.04476
   3041.3   0.04477
   3043.1   0.04482
   3044.9   0.04499
   3046.7   0.04511
   3048.4   0.04510
   3050.2   0.04520
   3052.0   0.04534
   3053.8   0.04540
   3055.6   0.04556
   3057.4   0.04581
   3059.2   0.04583
   3061.1   0.04577
   3062.9   0.04585
   3064.7   0.04605
   3066.5   0.04623
   3068.3   0.04627
   3070.1   0.04636
   3071.9   0.04646
   3073.8   0.04650
   3075.6   0.04666
   3077.4   0.04685
   3079.2   0.04691
   3081.1   0.04703
   3082.9   0.04709
   3084.7   0.04714
   3086.6   0.04717
   3088.4   0.04729
   3090.2   0.04742
   3092.1   0.04753
   3093.9   0.04773
   3095.8   0.04785
   3097.6   0.04789
   3099.5   0.04804
   3101.3   0.04820
   3103.2   0.04833
   3105.0   0.04836
   3106.9   0.04848
   3108.8   0.04866
   3110.6   0.04886
   3112.5   0.04893
   3114.4   0.04905
   3116.2   0.04921
   3118.1   0.04930
   3120.0   0.04948
   3121.9   0.04968
   3123.7   0.04986
   3125.6   0.05005
   3127.5   0.05017
   3129.4   0.05035
   3131.3   0.05061
   3133.2   0.05081
   3135.1   0.05095
   3137.0   0.05111
   3138.9   0.05126
   3140.8   0.05145
   3142.7   0.05163
   3144.6   0.05183
   3146.5   0.05202
   3148.4   0.05217
   3150.3   0.05229
   3152.2   0.05257
   3154.1   0.05273
   3156.1   0.05284
   3158.0   0.05304
   3159.9   0.05333
   3161.8   0.05351
   3163.8   0.05371
   3165.7   0.05395
   3167.6   0.05416
   3169.6   0.05440
   3171.5   0.05464
   3173.4   0.05477
   3175.4   0.05490
   3177.3   0.05515
   3179.3   0.05544
   3181.2   0.05566
   3183.2   0.05585
   3185.1   0.05594
   3187.1   0.05619
   3189.1   0.05648
   3191.0   0.05673
   3193.0   0.05698
   3194.9   0.05719
   3196.9   0.05733
   3198.9   0.05762
   3200.9   0.05789
   3202.9   0.05805
   3204.8   0.05828
   3206.8   0.05861
   3208.8   0.05879
   3210.8   0.05902
   3212.8   0.05934
   3214.8   0.05956
   3216.8   0.05976
   3218.8   0.06004
   3220.8   0.06023
   3222.8   0.06041
   3224.8   0.06068
   3226.8   0.06103
   3228.8   0.06142
   3230.8   0.06163
   3232.8   0.06179
   3234.8   0.06211
   3236.8   0.06243
   3238.9   0.06270
   3240.9   0.06296
   3242.9   0.06326
   3244.9   0.06353
   3247.0   0.06377
   3249.0   0.06397
   3251.0   0.06426
   3253.1   0.06452
   3255.1   0.06482
   3257.2   0.06515
   3259.2   0.06555
   3261.3   0.06579
   3263.3   0.06589
   3265.4   0.06608
   3267.4   0.06649
   3269.5   0.06691
   3271.6   0.06719
   3273.6   0.06743
   3275.7   0.06772
   3277.8   0.06802
   3279.8   0.06834
   3281.9   0.06865
   3284.0   0.06909
   3286.1   0.06937
   3288.1   0.06953
   3290.2   0.06988
   3292.3   0.07029
   3294.4   0.07056
   3296.5   0.07086
   3298.6   0.07112
   3300.7   0.07138
   3302.8   0.07173
   3304.9   0.07207
   3307.0   0.07235
   3309.1   0.07274
   3311.2   0.07305
   3313.4   0.07342
   3315.5   0.07372
   3317.6   0.07408
   3319.7   0.07443
   3321.9   0.07474
   3324.0   0.07511
   3326.1   0.07550
   3328.3   0.07574
   3330.4   0.07598
   3332.5   0.07631
   3334.7   0.07675
   3336.8   0.07707
   3339.0   0.07740
   3341.1   0.07771
   3343.3   0.07805
   3345.4   0.07838
   3347.6   0.07877
   3349.8   0.07902
   3351.9   0.07938
   3354.1   0.07975
   3356.3   0.08006
   3358.4   0.08033
   3360.6   0.08065
   3362.8   0.08097
   3365.0   0.08131
   3367.1   0.08160
   3369.3   0.08187
   3371.5   0.08216
   3373.7   0.08250
   3375.9   0.08278
   3378.1   0.08304
   3380.3   0.08331
   3382.5   0.08368
   3384.7   0.08414
   3386.9   0.08457
   3389.1   0.08494
   3391.4   0.08536
   3393.6   0.08575
   3395.8   0.08616
   3398.0   0.08648
   3400.3   0.08693
   3402.5   0.08733
   3404.7   0.08763
   3407.0   0.08794
   3409.2   0.08812
   3411.4   0.08852
   3413.7   0.08903
   3415.9   0.08931
   3418.2   0.08963
   3420.4   0.09004
   3422.7   0.09061
   3425.0   0.09117
   3427.2   0.09166
   3429.5   0.09211
   3431.8   0.09253
   3434.0   0.09311
   3436.3   0.09373
   3438.6   0.09415
   3440.9   0.09460
   3443.2   0.09506
   3445.4   0.09557
   3447.7   0.09600
   3450.0   0.09646
   3452.3   0.09703
   3454.6   0.09755
   3456.9   0.09814
   3459.2   0.09861
   3461.6   0.09908
   3463.9   0.09954
   3466.2   0.09995
   3468.5   0.10042
   3470.8   0.10086
   3473.1   0.10128
   3475.5   0.10166
   3477.8   0.10201
   3480.1   0.10229
   3482.5   0.10278
   3484.8   0.10344
   3487.2   0.10402
   3489.5   0.10441
   3491.9   0.10493
   3494.2   0.10548
   3496.6   0.10603
   3498.9   0.10651
   3501.3   0.10697
   3503.6   0.10758
   3506.0   0.10829
   3508.4   0.10892
   3510.8   0.10942
   3513.1   0.10998
   3515.5   0.11065
   3517.9   0.11135
   3520.3   0.11202
   3522.7   0.11267
   3525.1   0.11341
   3527.5   0.11401
   3529.9   0.11448
   3532.3   0.11500
   3534.7   0.11567
   3537.1   0.11633
   3539.5   0.11692
   3541.9   0.11757
   3544.4   0.11806
   3546.8   0.11851
   3549.2   0.11903
   3551.6   0.11959
   3554.1   0.12014
   3556.5   0.12070
   3559.0   0.12130
   3561.4   0.12195
   3563.9   0.12263
   3566.3   0.12309
   3568.8   0.12346
   3571.2   0.12395
   3573.7   0.12458
   3576.1   0.12527
   3578.6   0.12587
   3581.1   0.12640
   3583.6   0.12698
   3586.0   0.12753
   3588.5   0.12807
   3591.0   0.12857
   3593.5   0.12922
   3596.0   0.12981
   3598.5   0.13036
   3601.0   0.13091
   3603.5   0.13144
   3606.0   0.13199
   3608.5   0.13259
   3611.0   0.13311
   3613.5   0.13370
   3616.0   0.13426
   3618.6   0.13475
   3621.1   0.13532
   3623.6   0.13594
   3626.2   0.13665
   3628.7   0.13729
   3631.2   0.13769
   3633.8   0.13835
   3636.3   0.13886
   3638.9   0.13926
   3641.4   0.13982
   3644.0   0.14047
   3646.6   0.14103
   3649.1   0.14158
   3651.7   0.14217
   3654.3   0.14282
   3656.8   0.14337
   3659.4   0.14396
   3662.0   0.14464
   3664.6   0.14524
   3667.2   0.14563
   3669.8   0.14616
   3672.4   0.14683
   3675.0   0.14753
   3677.6   0.14818
   3680.2   0.14863
   3682.8   0.14916
   3685.4   0.14986
   3688.1   0.15046
   3690.7   0.15094
   3693.3   0.15150
   3695.9   0.15234
   3698.6   0.15296
   3701.2   0.15342
   3703.9   0.15404
   3706.5   0.15470
   3709.2   0.15532
   3711.8   0.15599
   3714.5   0.15651
   3717.1   0.15692
   3719.8   0.15750
   3722.5   0.15821
   3725.1   0.15878
   3727.8   0.15928
   3730.5   0.15989
   3733.2   0.16041
   3735.9   0.16089
   3738.6   0.16154
   3741.3   0.16225
   3744.0   0.16283
   3746.7   0.16321
   3749.4   0.16384
   3752.1   0.16450
   3754.8   0.16514
   3757.5   0.16567
   3760.3   0.16627
   3763.0   0.16689
   3765.7   0.16752
   3768.5   0.16809
   3771.2   0.16858
   3773.9   0.16908
   3776.7   0.16972
   3779.4   0.17023
   3782.2   0.17064
   3785.0   0.17122
   3787.7   0.17184
   3790.5   0.17237
   3793.3   0.17300
   3796.1   0.17365
   3798.8   0.17432
   3801.6   0.17480
   3804.4   0.17508
   3807.2   0.17560
   3810.0   0.17625
   3812.8   0.17673
   3815.6   0.17719
   3818.4   0.17779
   3821.2   0.17832
   3824.0   0.17876
   3826.9   0.17920
   3829.7   0.17987
   3832.5   0.18044
   3835.4   0.18095
   3838.2   0.18145
   3841.0   0.18183
   3843.9   0.18239
   3846.7   0.18305
   3849.6   0.18349
   3852.4   0.18380
   3855.3   0.18433
   3858.2   0.18500
   3861.1   0.18554
   3863.9   0.18594
   3866.8   0.18644
   3869.7   0.18693
   3872.6   0.18742
   3875.5   0.18787
   3878.4   0.18839
   3881.3   0.18888
   3884.2   0.18946
   3887.1   0.18994
   3890.0   0.19033
   3892.9   0.19085
   3895.9   0.19131
   3898.8   0.19172
   3901.7   0.19224
   3904.7   0.19272
   3907.6   0.19329
   3910.6   0.19369
   3913.5   0.19413
   3916.5   0.19449
   3919.4   0.19476
   3922.4   0.19522
   3925.4   0.19579
   3928.3   0.19630
   3931.3   0.19676
   3934.3   0.19709
   3937.3   0.19742
   3940.3   0.19798
   3943.3   0.19847
   3946.3   0.19874
   3949.3   0.19901
   3952.3   0.19937
   3955.3   0.19966
   3958.3   0.20011
   3961.3   0.20066
   3964.4   0.20102
   3967.4   0.20125
   3970.4   0.20142
   3973.5   0.20165
   3976.5   0.20192
   3979.6   0.20226
   3982.6   0.20257
   3985.7   0.20290
   3988.8   0.20313
   3991.8   0.20342
   3994.9   0.20385
   3998.0   0.20413
   4001.1   0.20430
   4004.2   0.20469
   4007.3   0.20501
   4010.4   0.20526
   4013.5   0.20546
   4016.6   0.20566
   4019.7   0.20599
   4022.8   0.20632
   4025.9   0.20631
   4029.1   0.20630
   4032.2   0.20651
   4035.3   0.20680
   4038.5   0.20705
   4041.6   0.20722
   4044.8   0.20723
   4047.9   0.20738
   4051.1   0.20754
   4054.3   0.20763
   4057.4   0.20776
   4060.6   0.20793
   4063.8   0.20812
   4067.0   0.20850
   4070.2   0.20858
   4073.4   0.20854
   4076.6   0.20859
   4079.8   0.20865
   4083.0   0.20896
   4086.2   0.20920
   4089.4   0.20913
   4092.6   0.20923
   4095.9   0.20943
   4099.1   0.20933
   4102.4   0.20926
   4105.0   0.20924
   4108.0   0.20928
   4112.0   0.20930
   4115.0   0.20934
   4118.0   0.20934
   4121.0   0.20932
   4125.0   0.20935
   4128.0   0.20939
   4131.0   0.20932
   4135.0   0.20930
   4138.0   0.20929
   4141.0   0.20928
   4145.0   0.20923
   4148.0   0.20913
   4151.0   0.20903
   4154.0   0.20900
   4158.0   0.20895
   4161.0   0.20892
   4164.0   0.20886
   4168.0   0.20880
   4171.0   0.20869
   4175.0   0.20861
   4178.0   0.20856
   4181.0   0.20852
   4185.0   0.20845
   4188.0   0.20830
   4191.0   0.20818
   4195.0   0.20812
   4198.0   0.20802
   4202.0   0.20794
   4205.0   0.20791
   4208.0   0.20791
   4212.0   0.20789
   4215.0   0.20793
   4219.0   0.20796
   4222.0   0.20799
   4226.0   0.20802
   4229.0   0.20803
   4232.0   0.20799
   4236.0   0.20790
   4239.0   0.20758
   4243.0   0.20720
   4246.0   0.20679
   4250.0   0.20631
   4253.0   0.20589
   4257.0   0.20574
   4260.0   0.20566
   4264.0   0.20559
   4267.0   0.20558
   4271.0   0.20551
   4274.0   0.20533
   4278.0   0.20525
   4281.0   0.20521
   4285.0   0.20508
   4289.0   0.20483
   4292.0   0.20459
   4296.0   0.20435
   4299.0   0.20411
   4303.0   0.20390
   4306.0   0.20362
   4310.0   0.20337
   4313.0   0.20323
   4317.0   0.20303
   4321.0   0.20281
   4324.0   0.20257
   4328.0   0.20239
   4332.0   0.20224
   4335.0   0.20211
   4339.0   0.20195
   4342.0   0.20179
   4346.0   0.20159
   4350.0   0.20143
   4353.0   0.20133
   4357.0   0.20124
   4361.0   0.20106
   4364.0   0.20089
   4368.0   0.20078
   4372.0   0.20070
   4375.0   0.20051
   4379.0   0.20037
   4383.0   0.20027
   4386.0   0.20017
   4390.0   0.20000
   4394.0   0.19990
   4398.0   0.19980
   4401.0   0.19968
   4405.0   0.19957
   4409.0   0.19949
   4413.0   0.19936
   4416.0   0.19927
   4420.0   0.19917
   4424.0   0.19912
   4428.0   0.19904
   4431.0   0.19892
   4435.0   0.19877
   4439.0   0.19873
   4443.0   0.19869
   4447.0   0.19861
   4451.0   0.19848
   4454.0   0.19840
   4458.0   0.19836
   4462.0   0.19827
   4466.0   0.19817
   4470.0   0.19817
   4474.0   0.19808
   4477.0   0.19800
   4481.0   0.19789
   4485.0   0.19781
   4489.0   0.19774
   4493.0   0.19768
   4497.0   0.19760
   4501.0   0.19756
   4505.0   0.19750
   4509.0   0.19749
   4512.0   0.19742
   4516.0   0.19734
   4520.0   0.19727
   4524.0   0.19718
   4528.0   0.19705
   4532.0   0.19700
   4536.0   0.19695
   4540.0   0.19694
   4544.0   0.19685
   4548.0   0.19679
   4552.0   0.19669
   4556.0   0.19663
   4560.0   0.19655
   4564.0   0.19650
   4568.0   0.19639
   4572.0   0.19635
   4576.0   0.19628
   4580.0   0.19617
   4584.0   0.19606
   4588.0   0.19599
   4592.0   0.19590
   4596.0   0.19582
   4601.0   0.19568
   4605.0   0.19562
   4609.0   0.19555
   4613.0   0.19544
   4617.0   0.19535
   4621.0   0.19531
   4625.0   0.19516
   4629.0   0.19499
   4633.0   0.19486
   4638.0   0.19479
   4642.0   0.19472
   4646.0   0.19466
   4650.0   0.19455
   4654.0   0.19441
   4658.0   0.19429
   4663.0   0.19421
   4667.0   0.19409
   4671.0   0.19401
   4675.0   0.19385
   4679.0   0.19372
   4684.0   0.19359
   4688.0   0.19350
   4692.0   0.19338
   4696.0   0.19324
   4701.0   0.19307
   4705.0   0.19295
   4709.0   0.19279
   4714.0   0.19264
   4718.0   0.19249
   4722.0   0.19234
   4726.0   0.19221
   4731.0   0.19212
   4735.0   0.19195
   4739.0   0.19180
   4744.0   0.19161
   4748.0   0.19147
   4752.0   0.19130
   4757.0   0.19119
   4761.0   0.19103
   4766.0   0.19087
   4770.0   0.19071
   4774.0   0.19058
   4779.0   0.19042
   4783.0   0.19024
   4788.0   0.19006
   4792.0   0.18993
   4796.0   0.18975
   4801.0   0.18958
   4805.0   0.18938
   4810.0   0.18920
   4814.0   0.18899
   4819.0   0.18883
   4823.0   0.18864
   4828.0   0.18849
   4832.0   0.18830
   4837.0   0.18815
   4841.0   0.18795
   4846.0   0.18775
   4850.0   0.18755
   4855.0   0.18740
   4859.0   0.18718
   4864.0   0.18701
   4868.0   0.18683
   4873.0   0.18665
   4878.0   0.18642
   4882.0   0.18620
   4887.0   0.18597
   4891.0   0.18586
   4896.0   0.18567
   4901.0   0.18547
   4905.0   0.18529
   4910.0   0.18514
   4915.0   0.18495
   4919.0   0.18476
   4924.0   0.18449
   4929.0   0.18429
   4933.0   0.18411
   4938.0   0.18395
   4943.0   0.18372
   4947.0   0.18354
   4952.0   0.18336
   4957.0   0.18320
   4962.0   0.18292
   4966.0   0.18270
   4971.0   0.18248
   4976.0   0.18235
   4981.0   0.18218
   4985.0   0.18194
   4990.0   0.18172
   4995.0   0.18158
   5000.0   0.18134
   5005.0   0.18113
   5010.0   0.18090
   5014.0   0.18073
   5019.0   0.18059
   5024.0   0.18039
   5029.0   0.18016
   5034.0   0.17994
   5039.0   0.17965
   5044.0   0.17944
   5049.0   0.17920
   5054.0   0.17901
   5058.0   0.17883
   5063.0   0.17868
   5068.0   0.17845
   5073.0   0.17826
   5078.0   0.17809
   5083.0   0.17798
   5088.0   0.17772
   5093.0   0.17750
   5098.0   0.17732
   5103.0   0.17718
   5108.0   0.17693
   5113.0   0.17672
   5118.0   0.17653
   5123.0   0.17636
   5128.0   0.17615
   5134.0   0.17601
   5139.0   0.17584
   5144.0   0.17578
   5149.0   0.17561
   5154.0   0.17536
   5159.0   0.17516
   5164.0   0.17498
   5169.0   0.17477
   5175.0   0.17460
   5180.0   0.17439
   5185.0   0.17430
   5190.0   0.17417
   5195.0   0.17400
   5201.0   0.17381
   5206.0   0.17366
   5211.0   0.17367
   5216.0   0.17354
   5221.0   0.17316
   5227.0   0.17295
   5232.0   0.17280
   5237.0   0.17269
   5243.0   0.17246
   5248.0   0.17230
   5253.0   0.17209
   5259.0   0.17195
   5264.0   0.17176
   5269.0   0.17161
   5275.0   0.17141
   5280.0   0.17123
   5285.0   0.17105
   5291.0   0.17095
   5296.0   0.17064
   5302.0   0.17037
   5307.0   0.17017
   5312.0   0.16998
   5318.0   0.16971
   5323.0   0.16949
   5329.0   0.16923
   5334.0   0.16907
   5340.0   0.16884
   5345.0   0.16881
   5351.0   0.16873
   5356.0   0.16833
   5362.0   0.16794
   5367.0   0.16767
   5373.0   0.16736
   5379.0   0.16716
   5384.0   0.16692
   5390.0   0.16661
   5395.0   0.16634
   5401.0   0.16612
   5407.0   0.16583
   5412.0   0.16565
   5418.0   0.16566
   5424.0   0.16554
   5429.0   0.16486
   5435.0   0.16444
   5441.0   0.16411
   5446.0   0.16388
   5452.0   0.16357
   5458.0   0.16338
   5464.0   0.16320
   5469.0   0.16278
   5475.0   0.16238
   5481.0   0.16207
   5487.0   0.16150
   5493.0   0.16112
   5498.0   0.16081
   5504.0   0.16057
   5510.0   0.16013
   5516.0   0.15985
   5522.0   0.15952
   5528.0   0.15914
   5534.0   0.15873
   5539.0   0.15844
   5545.0   0.15813
   5551.0   0.15796
   5557.0   0.15755
   5563.0   0.15714
   5569.0   0.15678
   5575.0   0.15680
   5581.0   0.15643
   5587.0   0.15570
   5593.0   0.15522
   5599.0   0.15498
   5605.0   0.15457
   5611.0   0.15418
   5617.0   0.15375
   5624.0   0.15326
   5630.0   0.15285
   5636.0   0.15279
   5642.0   0.15263
   5648.0   0.15182
   5654.0   0.15115
   5660.0   0.15057
   5667.0   0.14999
   5673.0   0.14979
   5679.0   0.14918
   5685.0   0.14856
   5691.0   0.14813
   5698.0   0.14751
   5704.0   0.14711
   5710.0   0.14696
   5717.0   0.14618
   5723.0   0.14542
   5729.0   0.14463
   5736.0   0.14402
   5742.0   0.14340
   5748.0   0.14274
   5755.0   0.14157
   5761.0   0.14119
   5767.0   0.14058
   5774.0   0.13879
   5780.0   0.13725
   5787.0   0.13594
   5793.0   0.13462
   5800.0   0.13343
   5806.0   0.13200
   5813.0   0.13087
   5819.0   0.12999
   5826.0   0.12842
   5832.0   0.12619
   5839.0   0.12432
   5845.0   0.12247
   5852.0   0.12076
   5859.0   0.11901
   5865.0   0.11717
   5872.0   0.11530
   5879.0   0.11413
   5885.0   0.11171
   5892.0   0.10947
   5899.0   0.10712
   5905.0   0.10427
   5912.0   0.10191
   5919.0   0.09970
   5926.0   0.09750
   5932.0   0.09583
   5939.0   0.09339
   5946.0   0.09053
   5953.0   0.08803
   5960.0   0.08578
   5967.0   0.08372
   5973.0   0.08135
   5980.0   0.07906
   5987.0   0.07713
   5994.0   0.07486
   6001.0   0.07272
   6008.0   0.07081
   6015.0   0.06898
   6022.0   0.06707
   6029.0   0.06541
   6036.0   0.06387
   6043.0   0.06296
   6050.0   0.06178
   6057.0   0.05989
   6064.0   0.05861
   6071.0   0.05775
   6079.0   0.05670
   6086.0   0.05583
   6093.0   0.05517
   6100.0   0.05483
   6107.0   0.05478
   6114.0   0.05489
   6122.0   0.05470
   6129.0   0.05480
   6136.0   0.05519
   6143.0   0.05577
   6151.0   0.05635
   6158.0   0.05716
   6165.0   0.05784
   6173.0   0.05849
   6180.0   0.05933
   6187.0   0.06017
   6195.0   0.06056
   6202.0   0.06102
   6210.0   0.06150
   6217.0   0.06193
   6224.0   0.06224
   6232.0   0.06246
   6239.0   0.06251
   6247.0   0.06246
   6254.0   0.06224
   6262.0   0.06195
   6270.0   0.06148
   6277.0   0.06092
   6285.0   0.06022
   6292.0   0.05947
   6300.0   0.05863
   6308.0   0.05783
   6315.0   0.05701
   6323.0   0.05622
   6331.0   0.05537
   6339.0   0.05485
   6346.0   0.05410
   6354.0   0.05300
   6362.0   0.05220
   6370.0   0.05153
   6378.0   0.05063
   6385.0   0.04982
   6393.0   0.04903
   6401.0   0.04848
   6409.0   0.04818
   6417.0   0.04741
   6425.0   0.04631
   6433.0   0.04550
   6441.0   0.04461
   6449.0   0.04387
   6457.0   0.04313
   6465.0   0.04245
   6473.0   0.04177
   6481.0   0.04120
   6489.0   0.04074
   6497.0   0.03999
   6506.0   0.03902
   6514.0   0.03844
   6522.0   0.03784
   6530.0   0.03716
   6538.0   0.03662
   6547.0   0.03614
   6555.0   0.03562
   6563.0   0.03516
   6572.0   0.03473
   6580.0   0.03424
   6588.0   0.03373
   6597.0   0.03331
   6605.0   0.03290
   6614.0   0.03255
   6622.0   0.03222
   6630.0   0.03209
   6639.0   0.03195
   6647.0   0.03160
   6656.0   0.03127
   6665.0   0.03111
   6673.0   0.03105
   6682.0   0.03106
   6690.0   0.03101
   6699.0   0.03102
   6708.0   0.03106
   6716.0   0.03109
   6725.0   0.03112
   6734.0   0.03129
   6743.0   0.03146
   6751.0   0.03164
   6760.0   0.03189
   6769.0   0.03228
   6778.0   0.03269
   6787.0   0.03315
   6796.0   0.03346
   6804.0   0.03374
   6813.0   0.03418
   6822.0   0.03468
   6831.0   0.03509
   6840.0   0.03550
   6849.0   0.03602
   6858.0   0.03663
   6868.0   0.03702
   6877.0   0.03715
   6886.0   0.03737
   6895.0   0.03763
   6904.0   0.03777
   6913.0   0.03773
   6923.0   0.03754
   6932.0   0.03734
   6941.0   0.03708
   6950.0   0.03677
   6960.0   0.03640
   6969.0   0.03581
   6978.0   0.03526
   6988.0   0.03485
   6997.0   0.03433
   7007.0   0.03378
   7016.0   0.03329
   7026.0   0.03287
   7035.0   0.03254
   7045.0   0.03223
   7054.0   0.03186
   7064.0   0.03158
   7074.0   0.03133
   7083.0   0.03123
   7093.0   0.03119
   7103.0   0.03116
   7113.0   0.03114
   7122.0   0.03117
   7132.0   0.03124
   7142.0   0.03144
   7152.0   0.03166
   7162.0   0.03190
   7172.0   0.03221
   7181.0   0.03249
   7191.0   0.03276
   7201.0   0.03316
   7211.0   0.03355
   7221.0   0.03393
   7232.0   0.03436
   7242.0   0.03487
   7252.0   0.03545
   7262.0   0.03607
   7272.0   0.03676
   7282.0   0.03754
   7293.0   0.03823
   7303.0   0.03888
   7313.0   0.03961
   7323.0   0.04045
   7334.0   0.04129
   7344.0   0.04218
   7355.0   0.04309
   7365.0   0.04407
   7376.0   0.04503
   7386.0   0.04600
   7397.0   0.04706
   7407.0   0.04815
   7418.0   0.04922
   7428.0   0.05028
   7439.0   0.05135
   7450.0   0.05238
   7460.0   0.05343
   7471.0   0.05445
   7482.0   0.05538
   7493.0   0.05623
   7504.0   0.05715
   7515.0   0.05806
   7525.0   0.05888
   7536.0   0.05965
   7547.0   0.06046
   7558.0   0.06119
   7569.0   0.06181
   7580.0   0.06244
   7592.0   0.06306
   7603.0   0.06364
   7614.0   0.06419
   7625.0   0.06466
   7636.0   0.06507
   7648.0   0.06541
   7659.0   0.06572
   7670.0   0.06601
   7682.0   0.06627
   7693.0   0.06646
   7704.0   0.06663
   7716.0   0.06667
   7727.0   0.06666
   7739.0   0.06662
   7750.0   0.06653
   7762.0   0.06638
   7774.0   0.06621
   7785.0   0.06593
   7797.0   0.06561
   7809.0   0.06522
   7821.0   0.06483
   7832.0   0.06436
   7844.0   0.06381
   7856.0   0.06323
   7868.0   0.06260
   7880.0   0.06187
   7892.0   0.06117
   7904.0   0.06042
   7916.0   0.05966
   7928.0   0.05882
   7940.0   0.05786
   7953.0   0.05686
   7965.0   0.05595
   7977.0   0.05499
   7989.0   0.05395
   8002.0   0.05289
   8014.0   0.05182
   8026.0   0.05077
   8039.0   0.04967
   8051.0   0.04857
   8064.0   0.04748
   8076.0   0.04633
   8089.0   0.04514
   8102.0   0.04398
   8114.0   0.04280
   8127.0   0.04165
   8140.0   0.04044
   8153.0   0.03920
   8165.0   0.03797
   8178.0   0.03678
   8191.0   0.03563
   8204.0   0.03437
   8217.0   0.03314
   8230.0   0.03202
   8243.0   0.03085
   8256.0   0.02963
   8270.0   0.02848
   8283.0   0.02733
   8296.0   0.02620
   8309.0   0.02511
   8323.0   0.02396
   8336.0   0.02283
   8350.0   0.02180
   8363.0   0.02079
   8376.0   0.01977
   8390.0   0.01881
   8404.0   0.01789
   8417.0   0.01698
   8431.0   0.01605
   8445.0   0.01523
   8458.0   0.01443
   8472.0   0.01359
   8486.0   0.01284
   8500.0   0.01217
   8514.0   0.01147
   8528.0   0.01083
   8542.0   0.01022
   8556.0   0.00958
   8570.0   0.00906
   8585.0   0.00873
   8599.0   0.00838
   8613.0   0.00793
   8627.0   0.00752
   8642.0   0.00717
   8656.0   0.00682
   8671.0   0.00652
   8685.0   0.00624
   8700.0   0.00608
   8714.0   0.00589
   8729.0   0.00572
   8744.0   0.00557
   8759.0   0.00548
   8773.0   0.00538
   8788.0   0.00526
   8803.0   0.00518
   8818.0   0.00525
   8833.0   0.00524
   8848.0   0.00525
   8863.0   0.00522
   8879.0   0.00520
   8894.0   0.00525
   8909.0   0.00533
   8924.0   0.00535
   8940.0   0.00536
   8955.0   0.00543
   8971.0   0.00548
   8986.0   0.00549
   9002.0   0.00554
   9018.0   0.00565
   9033.0   0.00574
   9049.0   0.00578
   9065.0   0.00581
   9081.0   0.00585
   9097.0   0.00594
   9113.0   0.00598
   9129.0   0.00610
   9145.0   0.00617
   9161.0   0.00618
   9177.0   0.00625
   9193.0   0.00634
   9210.0   0.00640
   9226.0   0.00649
   9243.0   0.00656
   9259.0   0.00664
   9276.0   0.00676
   9292.0   0.00684
   9309.0   0.00683
   9326.0   0.00683
   9342.0   0.00694
   9359.0   0.00702
   9376.0   0.00706
   9393.0   0.00716
   9410.0   0.00725
   9427.0   0.00734
   9445.0   0.00743
   9462.0   0.00753
   9479.0   0.00762
   9496.0   0.00770
   9514.0   0.00780
   9531.0   0.00789
   9549.0   0.00791
   9567.0   0.00797
   9584.0   0.00810
   9602.0   0.00826
   9620.0   0.00828
   9638.0   0.00829
   9656.0   0.00836
   9674.0   0.00847
   9692.0   0.00851
   9710.0   0.00858
   9728.0   0.00868
   9746.0   0.00869
   9765.0   0.00862
   9783.0   0.00874
   9802.0   0.00884
   9820.0   0.00888
   9839.0   0.00893
   9858.0   0.00899
   9876.0   0.00911
   9895.0   0.00920
   9914.0   0.00924
   9933.0   0.00931
   9952.0   0.00934
   9971.0   0.00945
   9991.0   0.00952
  10010.0   0.00957
  10029.0   0.00963
  10049.0   0.00968
  10068.0   0.00977
  10088.0   0.00989
  10107.0   0.00996
  10127.0   0.01004
  10147.0   0.01013
  10167.0   0.01022
  10187.0   0.01021
  10207.0   0.01030
  10227.0   0.01037
  10247.0   0.01041
  10268.0   0.01041
  10288.0   0.01041
  10308.0   0.01057
  10329.0   0.01072
  10349.0   0.01071
  10370.0   0.01078
  10391.0   0.01079
  10412.0   0.01087
  10433.0   0.01103
  10454.0   0.01109
  10475.0   0.01115
  10496.0   0.01128
  10517.0   0.01137
  10539.0   0.01145
  10560.0   0.01159
  10582.0   0.01168
  10603.0   0.01174
  10625.0   0.01179
  10647.0   0.01188
  10669.0   0.01196
  10691.0   0.01203
  10713.0   0.01217
  10735.0   0.01227
  10757.0   0.01224
  10780.0   0.01222
  10802.0   0.01231
  10825.0   0.01244
  10848.0   0.01259
  10870.0   0.01267
  10893.0   0.01271
  10916.0   0.01277
  10939.0   0.01286
  10962.0   0.01301
  10985.0   0.01319
  11009.0   0.01326
  11032.0   0.01330
  11056.0   0.01330
  11079.0   0.01342
  11103.0   0.01350
  11127.0   0.01354
  11151.0   0.01357
  11175.0   0.01369
  11199.0   0.01390
  11223.0   0.01401
  11248.0   0.01396
  11272.0   0.01401
  11297.0   0.01404
  11321.0   0.01405
  11346.0   0.01411
  11371.0   0.01421
  11396.0   0.01431
  11421.0   0.01439
  11446.0   0.01438
  11472.0   0.01436
  11497.0   0.01434
  11523.0   0.01427
  11548.0   0.01419
  11574.0   0.01415
  11600.0   0.01417
  11626.0   0.01407
  11652.0   0.01380
  11678.0   0.01380
  11705.0   0.01376
  11731.0   0.01373
  11758.0   0.01362
  11784.0   0.01340
  11811.0   0.01333
  11838.0   0.01329
  11865.0   0.01319
  11893.0   0.01305
  11920.0   0.01287
  11947.0   0.01287
  11975.0   0.01286
  12003.0   0.01277
  12030.0   0.01282
  12058.0   0.01292
  12087.0   0.01291
  12115.0   0.01293
  12143.0   0.01294
  12172.0   0.01290
  12200.0   0.01275
  12229.0   0.01265
  12258.0   0.01261
  12287.0   0.01259
  12316.0   0.01259
  12346.0   0.01242
  12375.0   0.01224
  12405.0   0.01212
  12434.0   0.01202
  12464.0   0.01189
  12494.0   0.01173
  12525.0   0.01159
  12555.0   0.01144
  12585.0   0.01127
  12616.0   0.01118
  12647.0   0.01112
  12678.0   0.01087
  12709.0   0.01059
  12740.0   0.01052
  12771.0   0.01025
  12803.0   0.00993
  12835.0   0.00987
  12866.0   0.00980
  12898.0   0.00971
  12931.0   0.00954
  12963.0   0.00943
  12995.0   0.00933
  13028.0   0.00918
  13061.0   0.00890
  13094.0   0.00877
  13127.0   0.00868
  13160.0   0.00851
  13194.0   0.00824
  13227.0   0.00809
  13261.0   0.00790
  13295.0   0.00772
  13329.0   0.00769
  13364.0   0.00763
  13398.0   0.00751
  13433.0   0.00739
  13468.0   0.00733
  13503.0   0.00716
  13538.0   0.00706
  13574.0   0.00705
  13609.0   0.00689
  13645.0   0.00686
  13681.0   0.00691
  13717.0   0.00670
  13754.0   0.00644
  13790.0   0.00641
  13827.0   0.00642
  13864.0   0.00641
  13901.0   0.00628
  13939.0   0.00628
  13976.0   0.00629
  14014.0   0.00609
  14052.0   0.00596
  14090.0   0.00594
  14129.0   0.00606
  14167.0   0.00606
  14206.0   0.00593
  14245.0   0.00599
  14284.0   0.00609
  14324.0   0.00595
  14363.0   0.00588
  14403.0   0.00586
  14443.0   0.00579
  14484.0   0.00585
  14524.0   0.00582
  14565.0   0.00576
  14606.0   0.00580
  14647.0   0.00580
  14689.0   0.00563
  14731.0   0.00550
  14773.0   0.00547
  14815.0   0.00537
  14857.0   0.00518
  14900.0   0.00521
  14943.0   0.00538
  14986.0   0.00540
  15030.0   0.00531
  15073.0   0.00527
  15117.0   0.00533
  15161.0   0.00538
  15206.0   0.00537
  15251.0   0.00535
  15296.0   0.00536
  15341.0   0.00539
  15386.0   0.00536
  15432.0   0.00534
  15478.0   0.00551
  15525.0   0.00554
  15571.0   0.00546
  15618.0   0.00544
  15665.0   0.00512
  15713.0   0.00503
  15760.0   0.00503
  15809.0   0.00492
  15857.0   0.00486
  15906.0   0.00502
  15954.0   0.00522
  16004.0   0.00524
  16053.0   0.00533
  16103.0   0.00548
  16153.0   0.00541
  16204.0   0.00526
  16255.0   0.00508
  16306.0   0.00505
  16357.0   0.00493
  16409.0   0.00477
  16461.0   0.00500
  16513.0   0.00533
  16566.0   0.00551
  16619.0   0.00574
  16673.0   0.00568
  16727.0   0.00540
  16781.0   0.00536
  16835.0   0.00553
  16890.0   0.00564
  16945.0   0.00544
  17001.0   0.00536
  17057.0   0.00560
  17113.0   0.00561
  17170.0   0.00540
  17227.0   0.00546
  17284.0   0.00579
  17342.0   0.00582
  17400.0   0.00564
  17459.0   0.00545
  17518.0   0.00521
  17577.0   0.00532
  17637.0   0.00586
  17697.0   0.00581
  17758.0   0.00564
  17819.0   0.00572
  17880.0   0.00555
  17942.0   0.00552
  18004.0   0.00566
  18067.0   0.00573
  18130.0   0.00594
  18194.0   0.00608
  18258.0   0.00612
  18322.0   0.00610
  18387.0   0.00623
  18453.0   0.00658
  18519.0   0.00685
  18585.0   0.00677
  18652.0   0.00642
  18719.0   0.00635
  18787.0   0.00614
  18855.0   0.00613
  18924.0   0.00615
  18994.0   0.00625
  19063.0   0.00659
  19134.0   0.00645
  19205.0   0.00642
  19276.0   0.00650
  19348.0   0.00628
  19420.0   0.00631
  19493.0   0.00638
  19567.0   0.00650
  19641.0   0.00650
  19716.0   0.00639
  19791.0   0.00634
  19867.0   0.00640
  19943.0   0.00637
  20020.0   0.00651
  20098.0   0.00686
  20176.0   0.00674
  20255.0   0.00645
  20334.0   0.00653
  20414.0   0.00680
  20495.0   0.00704
  20576.0   0.00686
  20658.0   0.00662
  20741.0   0.00661
  20824.0   0.00662
  20908.0   0.00668
  20993.0   0.00660
  21078.0   0.00619
  21164.0   0.00595
  21251.0   0.00612
  21339.0   0.00641
  21427.0   0.00649
  21516.0   0.00672
  21605.0   0.00680
  21696.0   0.00655
  21787.0   0.00617
  21879.0   0.00629
  21971.0   0.00638
  22065.0   0.00597
  22159.0   0.00569
  22254.0   0.00593
  22350.0   0.00609
  22447.0   0.00597
  22545.0   0.00538
  22643.0   0.00508
  22742.0   0.00512
  22843.0   0.00549
  22944.0   0.00575
  23046.0   0.00505
  23149.0   0.00471
  23252.0   0.00472
  23357.0   0.00441
  23463.0   0.00442
  23569.0   0.00469
  23677.0   0.00464
  23786.0   0.00413
  23895.0   0.00400
  24006.0   0.00391
  24118.0   0.00375
  24230.0   0.00385
  24344.0   0.00388
  24459.0   0.00318
  24575.0   0.00316
  24692.0   0.00303
  24810.0   0.00286
  24929.0   0.00311
  25050.0   0.00317
  25171.0   0.00291
  25294.0   0.00273
  25418.0   0.00280
  25543.0   0.00278
  25670.0   0.00222
  25797.0   0.00179
  25926.0   0.00163
  26057.0   0.00134
  26188.0   0.00154
  26321.0   0.00211
  26456.0   0.00178
  26591.0   0.00100
  26728.0   0.00082
  26867.0   0.00049
  27007.0   0.00021
  27148.0   0.00052
  27291.0   0.00081
  27435.0   0.00064
  27581.0  -0.00060
  27729.0  -0.00081
  27878.0  -0.00009
  28029.0   0.00008
  28181.0  -0.00023
  28335.0   0.00057
  28491.0   0.00083
  28648.0   0.00033



 BKR1JB564A          .ASC                        

 JB-JLB-564-A                                                            
 Fh Soos-1 <45 um                                                        
 Connected with BDR at 1360 nm                                           

 Source Ang: 30.00   Detect Ang:  0.00  Volt: 1.222
 Date: 25-NOV-02   Time: 17:21:06
