  3870
    300.0   0.03240
    305.0   0.02716
    310.0   0.02471
    315.0   0.02374
    320.0   0.02373
    325.0   0.02269
    330.0   0.02181
    335.0   0.02239
    340.0   0.02244
    345.0   0.02278
    350.0   0.02272
    355.0   0.02355
    360.0   0.02432
    365.0   0.02534
    370.0   0.02653
    375.0   0.02827
    380.0   0.03042
    385.0   0.03253
    390.0   0.03520
    395.0   0.03827
    400.0   0.04179
    405.0   0.04448
    410.0   0.04830
    415.0   0.05270
    420.0   0.05773
    425.0   0.06330
    430.0   0.06902
    435.0   0.07421
    440.0   0.07920
    445.0   0.08335
    450.0   0.08689
    455.0   0.09046
    460.0   0.09424
    465.0   0.09839
    470.0   0.10349
    475.0   0.10929
    480.0   0.11613
    485.0   0.12366
    490.0   0.13202
    495.0   0.14083
    500.0   0.15032
    505.0   0.16005
    510.0   0.17033
    515.0   0.18110
    520.0   0.19214
    525.0   0.20352
    530.0   0.21548
    535.0   0.22753
    540.0   0.24027
    545.0   0.25311
    550.0   0.26654
    555.0   0.28008
    560.0   0.29449
    565.0   0.30873
    570.0   0.32357
    575.0   0.33820
    580.0   0.35344
    585.0   0.36778
    590.0   0.38294
    595.0   0.39720
    600.0   0.41198
    605.0   0.42609
    610.0   0.43982
    615.0   0.45260
    620.0   0.46543
    625.0   0.47728
    630.0   0.48906
    635.0   0.49975
    640.0   0.51045
    645.0   0.51989
    650.0   0.52953
    655.0   0.53793
    660.0   0.54587
    665.0   0.55325
    670.0   0.56052
    675.0   0.56696
    680.0   0.57341
    685.0   0.57941
    690.0   0.58455
    695.0   0.58995
    700.0   0.59395
    705.0   0.59817
    710.0   0.60122
    715.0   0.60449
    720.0   0.60708
    725.0   0.61018
    730.0   0.61178
    735.0   0.61260
    740.0   0.61296
    745.0   0.61278
    750.0   0.61232
    755.0   0.61110
    760.0   0.60947
    765.0   0.60723
    770.0   0.60576
    775.0   0.60356
    780.0   0.60083
    785.0   0.59827
    790.0   0.59520
    795.0   0.59279
    800.0   0.59017
    805.0   0.58699
    810.0   0.58412
    815.0   0.58208
    820.0   0.57900
    825.0   0.57752
    830.0   0.57542
    835.0   0.57202
    840.0   0.57096
    845.0   0.56829
    850.0   0.56719
    855.0   0.56595
    860.0   0.56452
    865.0   0.56449
    870.0   0.56355
    875.0   0.56169
    880.0   0.56060
    885.0   0.56046
    890.0   0.55970
    895.0   0.55929
    900.0   0.55969
    905.0   0.56119
    910.0   0.56076
    915.0   0.56082
    920.0   0.56220
    925.0   0.56361
    930.0   0.56349
    935.0   0.56584
    940.0   0.56679
    945.0   0.56897
    950.0   0.57056
    955.0   0.57195
    960.0   0.57415
    965.0   0.57621
    970.0   0.57816
    975.0   0.58102
    980.0   0.58396
    985.0   0.58721
    990.0   0.58908
    995.0   0.59217
   1000.0   0.59444
   1005.0   0.59789
   1010.0   0.60245
   1015.0   0.60433
   1020.0   0.60888
   1025.0   0.61279
   1030.0   0.61577
   1035.0   0.61932
   1040.0   0.62360
   1045.0   0.62765
   1050.0   0.63166
   1055.0   0.63518
   1060.0   0.63944
   1065.0   0.64360
   1070.0   0.64769
   1075.0   0.65157
   1080.0   0.65597
   1085.0   0.66052
   1090.0   0.66508
   1095.0   0.66960
   1100.0   0.67413
   1105.0   0.67891
   1110.0   0.68302
   1115.0   0.68781
   1120.0   0.69235
   1125.0   0.69745
   1130.0   0.70139
   1135.0   0.70716
   1140.0   0.71024
   1145.0   0.71408
   1150.0   0.71841
   1155.0   0.72366
   1160.0   0.72762
   1165.0   0.73117
   1170.0   0.73590
   1175.0   0.73977
   1180.0   0.74407
   1185.0   0.74771
   1190.0   0.75186
   1195.0   0.75646
   1200.0   0.75943
   1205.0   0.76421
   1210.0   0.76691
   1215.0   0.77284
   1220.0   0.77542
   1225.0   0.77831
   1230.0   0.78110
   1235.0   0.78596
   1240.0   0.78776
   1245.0   0.79109
   1250.0   0.79473
   1255.0   0.79872
   1260.0   0.80169
   1265.0   0.80497
   1270.0   0.80773
   1275.0   0.81022
   1280.0   0.81239
   1285.0   0.81511
   1290.0   0.81813
   1295.0   0.82046
   1300.0   0.82314
   1305.0   0.82463
   1310.0   0.82653
   1315.0   0.82859
   1320.0   0.83122
   1325.0   0.83132
   1330.0   0.83286
   1335.0   0.83439
   1340.0   0.83439
   1345.0   0.83485
   1350.0   0.83581
   1350.7   0.83593
   1351.0   0.83602
   1351.3   0.83594
   1351.7   0.83589
   1352.1   0.83608
   1352.4   0.83630
   1352.8   0.83633
   1353.1   0.83632
   1353.5   0.83644
   1353.8   0.83647
   1354.2   0.83658
   1354.5   0.83675
   1354.9   0.83678
   1355.2   0.83691
   1355.6   0.83701
   1355.9   0.83691
   1356.3   0.83692
   1356.7   0.83705
   1357.0   0.83714
   1357.4   0.83721
   1357.7   0.83727
   1358.1   0.83735
   1358.4   0.83735
   1358.8   0.83741
   1359.2   0.83740
   1359.5   0.83735
   1359.9   0.83741
   1360.2   0.83757
   1360.6   0.83759
   1360.9   0.83762
   1361.3   0.83763
   1361.7   0.83760
   1362.0   0.83767
   1362.4   0.83770
   1362.7   0.83779
   1363.1   0.83778
   1363.4   0.83761
   1363.8   0.83758
   1364.2   0.83759
   1364.5   0.83753
   1364.9   0.83732
   1365.2   0.83708
   1365.6   0.83691
   1365.9   0.83665
   1366.3   0.83638
   1366.7   0.83612
   1367.0   0.83597
   1367.4   0.83577
   1367.8   0.83565
   1368.1   0.83564
   1368.5   0.83556
   1368.8   0.83544
   1369.2   0.83535
   1369.6   0.83536
   1369.9   0.83545
   1370.3   0.83556
   1370.7   0.83546
   1371.0   0.83541
   1371.4   0.83525
   1371.7   0.83521
   1372.1   0.83515
   1372.5   0.83499
   1372.8   0.83489
   1373.2   0.83486
   1373.6   0.83477
   1373.9   0.83473
   1374.3   0.83469
   1374.6   0.83450
   1375.0   0.83431
   1375.4   0.83412
   1375.7   0.83400
   1376.1   0.83388
   1376.5   0.83378
   1376.8   0.83372
   1377.2   0.83359
   1377.6   0.83352
   1377.9   0.83352
   1378.3   0.83339
   1378.7   0.83302
   1379.0   0.83277
   1379.4   0.83258
   1379.8   0.83239
   1380.1   0.83219
   1380.5   0.83198
   1380.9   0.83179
   1381.2   0.83166
   1381.6   0.83129
   1382.0   0.83089
   1382.3   0.83054
   1382.7   0.83016
   1383.1   0.82973
   1383.4   0.82931
   1383.8   0.82886
   1384.2   0.82839
   1384.6   0.82794
   1384.9   0.82751
   1385.3   0.82714
   1385.7   0.82662
   1386.0   0.82609
   1386.4   0.82557
   1386.8   0.82495
   1387.2   0.82448
   1387.5   0.82387
   1387.9   0.82316
   1388.3   0.82253
   1388.6   0.82180
   1389.0   0.82095
   1389.4   0.81991
   1389.8   0.81896
   1390.1   0.81828
   1390.5   0.81773
   1390.9   0.81732
   1391.2   0.81690
   1391.6   0.81668
   1392.0   0.81667
   1392.4   0.81651
   1392.7   0.81636
   1393.1   0.81635
   1393.5   0.81635
   1393.9   0.81639
   1394.2   0.81633
   1394.6   0.81609
   1395.0   0.81589
   1395.4   0.81573
   1395.7   0.81560
   1396.1   0.81553
   1396.5   0.81541
   1396.9   0.81511
   1397.2   0.81473
   1397.6   0.81433
   1398.0   0.81406
   1398.4   0.81383
   1398.8   0.81352
   1399.1   0.81306
   1399.5   0.81269
   1399.9   0.81237
   1400.3   0.81210
   1400.6   0.81180
   1401.0   0.81147
   1401.4   0.81109
   1401.8   0.81061
   1402.2   0.81022
   1402.5   0.80995
   1402.9   0.80964
   1403.3   0.80927
   1403.7   0.80891
   1404.1   0.80866
   1404.4   0.80842
   1404.8   0.80815
   1405.2   0.80792
   1405.6   0.80757
   1406.0   0.80717
   1406.3   0.80689
   1406.7   0.80659
   1407.1   0.80626
   1407.5   0.80601
   1407.9   0.80574
   1408.3   0.80553
   1408.6   0.80531
   1409.0   0.80501
   1409.4   0.80466
   1409.8   0.80432
   1410.2   0.80405
   1410.6   0.80382
   1410.9   0.80352
   1411.3   0.80319
   1411.7   0.80284
   1412.1   0.80261
   1412.5   0.80233
   1412.8   0.80193
   1413.2   0.80157
   1413.6   0.80123
   1414.0   0.80098
   1414.4   0.80069
   1414.8   0.80040
   1415.2   0.80027
   1415.6   0.80010
   1415.9   0.79995
   1416.3   0.79993
   1416.7   0.79991
   1417.1   0.79990
   1417.5   0.79982
   1417.9   0.79963
   1418.3   0.79959
   1418.7   0.79954
   1419.0   0.79952
   1419.4   0.79948
   1419.8   0.79933
   1420.2   0.79919
   1420.6   0.79917
   1421.0   0.79912
   1421.4   0.79899
   1421.8   0.79889
   1422.2   0.79889
   1422.5   0.79883
   1422.9   0.79876
   1423.3   0.79870
   1423.7   0.79864
   1424.1   0.79859
   1424.5   0.79858
   1424.9   0.79860
   1425.3   0.79860
   1425.7   0.79869
   1426.1   0.79879
   1426.5   0.79873
   1426.8   0.79876
   1427.2   0.79881
   1427.6   0.79886
   1428.0   0.79890
   1428.4   0.79897
   1428.8   0.79913
   1429.2   0.79919
   1429.6   0.79931
   1430.0   0.79942
   1430.4   0.79946
   1430.8   0.79945
   1431.2   0.79940
   1431.6   0.79952
   1432.0   0.79965
   1432.4   0.79968
   1432.8   0.79980
   1433.2   0.79999
   1433.6   0.80011
   1433.9   0.80019
   1434.3   0.80036
   1434.8   0.80051
   1435.1   0.80063
   1435.5   0.80079
   1435.9   0.80094
   1436.3   0.80099
   1436.7   0.80105
   1437.1   0.80127
   1437.5   0.80159
   1437.9   0.80180
   1438.3   0.80183
   1438.7   0.80191
   1439.1   0.80208
   1439.5   0.80231
   1439.9   0.80246
   1440.3   0.80253
   1440.7   0.80267
   1441.1   0.80288
   1441.5   0.80305
   1441.9   0.80316
   1442.3   0.80327
   1442.7   0.80347
   1443.1   0.80361
   1443.5   0.80374
   1443.9   0.80389
   1444.3   0.80398
   1444.7   0.80412
   1445.1   0.80436
   1445.6   0.80463
   1445.9   0.80475
   1446.3   0.80487
   1446.8   0.80501
   1447.2   0.80514
   1447.6   0.80532
   1448.0   0.80547
   1448.4   0.80563
   1448.8   0.80575
   1449.2   0.80587
   1449.6   0.80605
   1450.0   0.80615
   1450.4   0.80629
   1450.8   0.80644
   1451.2   0.80661
   1451.6   0.80679
   1452.0   0.80692
   1452.4   0.80705
   1452.8   0.80719
   1453.2   0.80732
   1453.7   0.80735
   1454.1   0.80742
   1454.5   0.80761
   1454.9   0.80783
   1455.3   0.80795
   1455.7   0.80805
   1456.1   0.80820
   1456.5   0.80836
   1456.9   0.80849
   1457.3   0.80856
   1457.7   0.80864
   1458.2   0.80876
   1458.6   0.80890
   1459.0   0.80914
   1459.4   0.80928
   1459.8   0.80932
   1460.2   0.80942
   1460.6   0.80958
   1461.0   0.80970
   1461.4   0.80979
   1461.8   0.80985
   1462.3   0.81007
   1462.7   0.81018
   1463.1   0.81026
   1463.5   0.81045
   1463.9   0.81059
   1464.3   0.81077
   1464.7   0.81094
   1465.2   0.81095
   1465.6   0.81107
   1466.0   0.81122
   1466.4   0.81129
   1466.8   0.81142
   1467.2   0.81159
   1467.6   0.81171
   1468.1   0.81189
   1468.5   0.81205
   1468.9   0.81214
   1469.3   0.81225
   1469.7   0.81240
   1470.1   0.81254
   1470.6   0.81265
   1471.0   0.81277
   1471.4   0.81292
   1471.8   0.81302
   1472.2   0.81320
   1472.6   0.81340
   1473.1   0.81351
   1473.5   0.81368
   1473.9   0.81387
   1474.3   0.81392
   1474.7   0.81403
   1475.2   0.81419
   1475.6   0.81428
   1476.0   0.81443
   1476.4   0.81461
   1476.8   0.81471
   1477.3   0.81487
   1477.7   0.81505
   1478.1   0.81522
   1478.5   0.81539
   1478.9   0.81557
   1479.4   0.81562
   1479.8   0.81575
   1480.2   0.81593
   1480.6   0.81617
   1481.1   0.81636
   1481.5   0.81643
   1481.9   0.81653
   1482.3   0.81665
   1482.8   0.81689
   1483.2   0.81711
   1483.6   0.81724
   1484.0   0.81731
   1484.4   0.81742
   1484.9   0.81756
   1485.3   0.81772
   1485.7   0.81797
   1486.2   0.81816
   1486.6   0.81827
   1487.0   0.81835
   1487.4   0.81847
   1487.9   0.81859
   1488.3   0.81871
   1488.7   0.81888
   1489.1   0.81901
   1489.6   0.81918
   1490.0   0.81932
   1490.4   0.81943
   1490.8   0.81953
   1491.3   0.81969
   1491.7   0.81985
   1492.1   0.81991
   1492.6   0.82002
   1493.0   0.82017
   1493.4   0.82034
   1493.9   0.82042
   1494.3   0.82062
   1494.7   0.82077
   1495.2   0.82077
   1495.6   0.82090
   1496.0   0.82111
   1496.4   0.82126
   1496.9   0.82140
   1497.3   0.82152
   1497.7   0.82161
   1498.2   0.82170
   1498.6   0.82180
   1499.0   0.82184
   1499.5   0.82188
   1499.9   0.82204
   1500.3   0.82228
   1500.8   0.82251
   1501.2   0.82257
   1501.7   0.82260
   1502.1   0.82276
   1502.5   0.82292
   1502.9   0.82309
   1503.4   0.82319
   1503.8   0.82321
   1504.3   0.82328
   1504.7   0.82346
   1505.1   0.82360
   1505.6   0.82364
   1506.0   0.82373
   1506.4   0.82385
   1506.9   0.82400
   1507.3   0.82411
   1507.8   0.82414
   1508.2   0.82421
   1508.6   0.82435
   1509.1   0.82461
   1509.5   0.82484
   1510.0   0.82484
   1510.4   0.82479
   1510.8   0.82492
   1511.3   0.82507
   1511.7   0.82517
   1512.2   0.82532
   1512.6   0.82546
   1513.0   0.82549
   1513.5   0.82555
   1513.9   0.82563
   1514.4   0.82576
   1514.8   0.82580
   1515.3   0.82590
   1515.7   0.82603
   1516.1   0.82607
   1516.6   0.82624
   1517.0   0.82639
   1517.5   0.82648
   1517.9   0.82649
   1518.4   0.82654
   1518.8   0.82660
   1519.3   0.82667
   1519.7   0.82677
   1520.1   0.82682
   1520.6   0.82686
   1521.0   0.82691
   1521.5   0.82698
   1521.9   0.82711
   1522.4   0.82730
   1522.8   0.82739
   1523.3   0.82745
   1523.7   0.82749
   1524.2   0.82752
   1524.6   0.82766
   1525.1   0.82777
   1525.5   0.82780
   1525.9   0.82780
   1526.4   0.82791
   1526.8   0.82797
   1527.3   0.82799
   1527.8   0.82814
   1528.2   0.82832
   1528.7   0.82838
   1529.1   0.82840
   1529.6   0.82845
   1530.0   0.82855
   1530.5   0.82865
   1530.9   0.82870
   1531.4   0.82873
   1531.8   0.82877
   1532.3   0.82882
   1532.7   0.82886
   1533.2   0.82900
   1533.6   0.82907
   1534.1   0.82903
   1534.5   0.82910
   1535.0   0.82923
   1535.4   0.82929
   1535.9   0.82939
   1536.3   0.82940
   1536.8   0.82949
   1537.3   0.82958
   1537.7   0.82959
   1538.2   0.82961
   1538.6   0.82968
   1539.1   0.82982
   1539.6   0.82988
   1540.0   0.82979
   1540.5   0.82986
   1540.9   0.83001
   1541.4   0.83004
   1541.8   0.82997
   1542.3   0.83006
   1542.8   0.83020
   1543.2   0.83028
   1543.7   0.83032
   1544.1   0.83038
   1544.6   0.83046
   1545.1   0.83046
   1545.5   0.83045
   1546.0   0.83050
   1546.4   0.83061
   1546.9   0.83071
   1547.4   0.83075
   1547.8   0.83079
   1548.3   0.83076
   1548.8   0.83080
   1549.2   0.83079
   1549.7   0.83083
   1550.1   0.83092
   1550.6   0.83100
   1551.1   0.83113
   1551.5   0.83123
   1552.0   0.83123
   1552.4   0.83116
   1552.9   0.83111
   1553.4   0.83108
   1553.8   0.83121
   1554.3   0.83138
   1554.8   0.83146
   1555.3   0.83143
   1555.7   0.83140
   1556.2   0.83142
   1556.7   0.83142
   1557.1   0.83144
   1557.6   0.83143
   1558.1   0.83153
   1558.5   0.83156
   1559.0   0.83161
   1559.5   0.83172
   1559.9   0.83171
   1560.4   0.83172
   1560.9   0.83182
   1561.3   0.83176
   1561.8   0.83172
   1562.3   0.83177
   1562.8   0.83187
   1563.2   0.83198
   1563.7   0.83203
   1564.2   0.83196
   1564.6   0.83199
   1565.1   0.83215
   1565.6   0.83216
   1566.1   0.83213
   1566.5   0.83212
   1567.0   0.83210
   1567.5   0.83213
   1567.9   0.83216
   1568.4   0.83215
   1568.9   0.83221
   1569.4   0.83235
   1569.8   0.83235
   1570.3   0.83226
   1570.8   0.83217
   1571.3   0.83216
   1571.8   0.83223
   1572.2   0.83234
   1572.7   0.83236
   1573.2   0.83235
   1573.7   0.83243
   1574.1   0.83247
   1574.6   0.83242
   1575.1   0.83240
   1575.6   0.83244
   1576.1   0.83242
   1576.5   0.83242
   1577.0   0.83248
   1577.5   0.83250
   1578.0   0.83251
   1578.4   0.83245
   1578.9   0.83236
   1579.4   0.83231
   1579.9   0.83235
   1580.4   0.83244
   1580.9   0.83247
   1581.3   0.83242
   1581.8   0.83241
   1582.3   0.83251
   1582.8   0.83260
   1583.3   0.83254
   1583.8   0.83246
   1584.2   0.83246
   1584.7   0.83248
   1585.2   0.83252
   1585.7   0.83253
   1586.2   0.83248
   1586.7   0.83251
   1587.2   0.83249
   1587.6   0.83250
   1588.1   0.83237
   1588.6   0.83229
   1589.1   0.83241
   1589.6   0.83252
   1590.1   0.83252
   1590.6   0.83251
   1591.0   0.83247
   1591.5   0.83240
   1592.0   0.83237
   1592.5   0.83239
   1593.0   0.83233
   1593.5   0.83238
   1594.0   0.83240
   1594.5   0.83236
   1595.0   0.83232
   1595.4   0.83227
   1595.9   0.83222
   1596.4   0.83229
   1596.9   0.83239
   1597.4   0.83235
   1597.9   0.83227
   1598.4   0.83231
   1598.9   0.83225
   1599.4   0.83225
   1599.9   0.83228
   1600.4   0.83227
   1600.9   0.83223
   1601.4   0.83223
   1601.9   0.83216
   1602.3   0.83214
   1602.8   0.83216
   1603.3   0.83214
   1603.8   0.83205
   1604.3   0.83201
   1604.8   0.83204
   1605.3   0.83206
   1605.8   0.83203
   1606.3   0.83198
   1606.8   0.83187
   1607.3   0.83182
   1607.8   0.83178
   1608.3   0.83177
   1608.8   0.83176
   1609.3   0.83174
   1609.8   0.83168
   1610.3   0.83169
   1610.8   0.83179
   1611.3   0.83171
   1611.8   0.83156
   1612.3   0.83149
   1612.8   0.83154
   1613.3   0.83153
   1613.8   0.83153
   1614.3   0.83152
   1614.8   0.83145
   1615.3   0.83135
   1615.8   0.83123
   1616.3   0.83118
   1616.8   0.83121
   1617.3   0.83121
   1617.8   0.83115
   1618.4   0.83113
   1618.9   0.83114
   1619.4   0.83108
   1619.9   0.83105
   1620.4   0.83107
   1620.9   0.83095
   1621.4   0.83094
   1621.9   0.83097
   1622.4   0.83087
   1622.9   0.83071
   1623.4   0.83062
   1623.9   0.83066
   1624.4   0.83072
   1624.9   0.83068
   1625.5   0.83061
   1626.0   0.83049
   1626.5   0.83044
   1627.0   0.83048
   1627.5   0.83046
   1628.0   0.83047
   1628.5   0.83043
   1629.0   0.83044
   1629.6   0.83039
   1630.1   0.83027
   1630.6   0.83017
   1631.1   0.83015
   1631.6   0.83012
   1632.1   0.83001
   1632.6   0.82999
   1633.1   0.82998
   1633.7   0.82998
   1634.2   0.82984
   1634.7   0.82977
   1635.2   0.82979
   1635.7   0.82976
   1636.2   0.82966
   1636.8   0.82959
   1637.3   0.82954
   1637.8   0.82947
   1638.3   0.82940
   1638.8   0.82940
   1639.3   0.82933
   1639.8   0.82916
   1640.4   0.82912
   1640.9   0.82913
   1641.4   0.82912
   1641.9   0.82908
   1642.4   0.82902
   1643.0   0.82900
   1643.5   0.82895
   1644.0   0.82891
   1644.5   0.82881
   1645.1   0.82867
   1645.6   0.82859
   1646.1   0.82857
   1646.6   0.82857
   1647.2   0.82858
   1647.7   0.82850
   1648.2   0.82838
   1648.7   0.82833
   1649.2   0.82832
   1649.8   0.82824
   1650.3   0.82812
   1650.8   0.82797
   1651.3   0.82794
   1651.9   0.82792
   1652.4   0.82781
   1652.9   0.82775
   1653.4   0.82767
   1654.0   0.82760
   1654.5   0.82760
   1655.0   0.82760
   1655.6   0.82751
   1656.1   0.82738
   1656.6   0.82733
   1657.2   0.82724
   1657.7   0.82715
   1658.2   0.82702
   1658.7   0.82695
   1659.3   0.82695
   1659.8   0.82686
   1660.3   0.82676
   1660.9   0.82670
   1661.4   0.82663
   1661.9   0.82660
   1662.5   0.82648
   1663.0   0.82634
   1663.5   0.82623
   1664.1   0.82616
   1664.6   0.82615
   1665.1   0.82608
   1665.7   0.82598
   1666.2   0.82588
   1666.7   0.82583
   1667.3   0.82574
   1667.8   0.82558
   1668.3   0.82549
   1668.9   0.82552
   1669.4   0.82545
   1670.0   0.82534
   1670.5   0.82526
   1671.0   0.82510
   1671.6   0.82500
   1672.1   0.82496
   1672.7   0.82494
   1673.2   0.82487
   1673.7   0.82480
   1674.3   0.82470
   1674.8   0.82461
   1675.4   0.82452
   1675.9   0.82444
   1676.4   0.82432
   1677.0   0.82421
   1677.5   0.82421
   1678.1   0.82416
   1678.6   0.82395
   1679.2   0.82388
   1679.7   0.82390
   1680.2   0.82382
   1680.8   0.82368
   1681.3   0.82363
   1681.9   0.82356
   1682.4   0.82347
   1683.0   0.82337
   1683.5   0.82336
   1684.1   0.82322
   1684.6   0.82310
   1685.2   0.82308
   1685.7   0.82300
   1686.3   0.82290
   1686.8   0.82278
   1687.3   0.82263
   1687.9   0.82261
   1688.4   0.82253
   1689.0   0.82239
   1689.6   0.82235
   1690.1   0.82219
   1690.7   0.82205
   1691.2   0.82207
   1691.8   0.82197
   1692.3   0.82175
   1692.9   0.82160
   1693.4   0.82156
   1694.0   0.82152
   1694.5   0.82145
   1695.1   0.82139
   1695.6   0.82132
   1696.2   0.82119
   1696.7   0.82112
   1697.3   0.82100
   1697.8   0.82089
   1698.4   0.82077
   1699.0   0.82063
   1699.5   0.82054
   1700.1   0.82052
   1700.6   0.82037
   1701.2   0.82026
   1701.8   0.82020
   1702.3   0.82013
   1702.9   0.82009
   1703.4   0.81994
   1704.0   0.81979
   1704.6   0.81975
   1705.1   0.81963
   1705.7   0.81954
   1706.2   0.81947
   1706.8   0.81935
   1707.4   0.81926
   1707.9   0.81922
   1708.5   0.81911
   1709.0   0.81897
   1709.6   0.81886
   1710.2   0.81875
   1710.7   0.81871
   1711.3   0.81862
   1711.9   0.81847
   1712.4   0.81846
   1713.0   0.81839
   1713.6   0.81817
   1714.1   0.81798
   1714.7   0.81787
   1715.3   0.81782
   1715.8   0.81776
   1716.4   0.81760
   1717.0   0.81746
   1717.5   0.81739
   1718.1   0.81726
   1718.7   0.81716
   1719.2   0.81706
   1719.8   0.81695
   1720.4   0.81693
   1721.0   0.81682
   1721.5   0.81666
   1722.1   0.81649
   1722.7   0.81628
   1723.2   0.81617
   1723.8   0.81613
   1724.4   0.81598
   1725.0   0.81592
   1725.5   0.81578
   1726.1   0.81567
   1726.7   0.81562
   1727.3   0.81551
   1727.8   0.81540
   1728.4   0.81528
   1729.0   0.81521
   1729.6   0.81514
   1730.1   0.81503
   1730.7   0.81497
   1731.3   0.81490
   1731.9   0.81477
   1732.5   0.81462
   1733.0   0.81451
   1733.6   0.81447
   1734.2   0.81436
   1734.8   0.81422
   1735.4   0.81409
   1735.9   0.81397
   1736.5   0.81390
   1737.1   0.81380
   1737.7   0.81369
   1738.3   0.81364
   1738.8   0.81356
   1739.4   0.81347
   1740.0   0.81337
   1740.6   0.81321
   1741.2   0.81307
   1741.8   0.81293
   1742.3   0.81283
   1742.9   0.81271
   1743.5   0.81272
   1744.1   0.81269
   1744.7   0.81258
   1745.3   0.81245
   1745.9   0.81229
   1746.5   0.81212
   1747.1   0.81203
   1747.6   0.81191
   1748.2   0.81186
   1748.8   0.81183
   1749.4   0.81163
   1750.0   0.81142
   1750.6   0.81138
   1751.2   0.81125
   1751.8   0.81111
   1752.4   0.81106
   1753.0   0.81104
   1753.6   0.81097
   1754.1   0.81075
   1754.7   0.81063
   1755.3   0.81052
   1755.9   0.81038
   1756.5   0.81033
   1757.1   0.81021
   1757.7   0.81004
   1758.3   0.80994
   1758.9   0.80987
   1759.5   0.80975
   1760.1   0.80964
   1760.7   0.80947
   1761.3   0.80940
   1761.9   0.80929
   1762.5   0.80919
   1763.1   0.80905
   1763.7   0.80887
   1764.3   0.80877
   1764.9   0.80873
   1765.5   0.80860
   1766.1   0.80845
   1766.7   0.80835
   1767.3   0.80831
   1767.9   0.80819
   1768.5   0.80806
   1769.1   0.80802
   1769.7   0.80796
   1770.3   0.80783
   1770.9   0.80771
   1771.5   0.80761
   1772.1   0.80751
   1772.7   0.80742
   1773.3   0.80732
   1773.9   0.80720
   1774.6   0.80709
   1775.2   0.80697
   1775.8   0.80687
   1776.4   0.80678
   1777.0   0.80669
   1777.6   0.80653
   1778.2   0.80641
   1778.8   0.80642
   1779.4   0.80639
   1780.0   0.80623
   1780.7   0.80615
   1781.3   0.80605
   1781.9   0.80588
   1782.5   0.80579
   1783.1   0.80567
   1783.7   0.80555
   1784.3   0.80546
   1784.9   0.80530
   1785.6   0.80525
   1786.2   0.80516
   1786.8   0.80506
   1787.4   0.80500
   1788.0   0.80492
   1788.6   0.80484
   1789.3   0.80473
   1789.9   0.80459
   1790.5   0.80455
   1791.1   0.80449
   1791.7   0.80435
   1792.3   0.80429
   1793.0   0.80427
   1793.6   0.80417
   1794.2   0.80403
   1794.8   0.80392
   1795.4   0.80381
   1796.1   0.80374
   1796.7   0.80364
   1797.3   0.80349
   1797.9   0.80338
   1798.6   0.80324
   1799.2   0.80321
   1799.8   0.80322
   1800.4   0.80312
   1801.1   0.80299
   1801.7   0.80290
   1802.3   0.80288
   1802.9   0.80284
   1803.6   0.80276
   1804.2   0.80268
   1804.8   0.80259
   1805.4   0.80252
   1806.1   0.80239
   1806.7   0.80228
   1807.3   0.80217
   1808.0   0.80213
   1808.6   0.80211
   1809.2   0.80206
   1809.9   0.80192
   1810.5   0.80179
   1811.1   0.80173
   1811.8   0.80168
   1812.4   0.80160
   1813.0   0.80159
   1813.7   0.80151
   1814.3   0.80141
   1814.9   0.80127
   1815.6   0.80122
   1816.2   0.80120
   1816.8   0.80114
   1817.5   0.80111
   1818.1   0.80100
   1818.8   0.80087
   1819.4   0.80085
   1820.0   0.80076
   1820.7   0.80069
   1821.3   0.80061
   1821.9   0.80059
   1822.6   0.80049
   1823.2   0.80037
   1823.9   0.80021
   1824.5   0.80013
   1825.2   0.80006
   1825.8   0.80002
   1826.4   0.80004
   1827.1   0.79997
   1827.7   0.79981
   1828.4   0.79970
   1829.0   0.79960
   1829.7   0.79953
   1830.3   0.79943
   1831.0   0.79932
   1831.6   0.79926
   1832.3   0.79922
   1832.9   0.79914
   1833.6   0.79906
   1834.2   0.79893
   1834.8   0.79875
   1835.5   0.79859
   1836.1   0.79851
   1836.8   0.79844
   1837.4   0.79843
   1838.1   0.79837
   1838.8   0.79820
   1839.4   0.79803
   1840.1   0.79796
   1840.7   0.79783
   1841.4   0.79763
   1842.0   0.79756
   1842.7   0.79749
   1843.3   0.79729
   1844.0   0.79718
   1844.6   0.79713
   1845.3   0.79708
   1845.9   0.79688
   1846.6   0.79670
   1847.3   0.79659
   1847.9   0.79649
   1848.6   0.79632
   1849.2   0.79622
   1849.9   0.79603
   1850.6   0.79580
   1851.2   0.79555
   1851.9   0.79537
   1852.6   0.79518
   1853.2   0.79504
   1853.9   0.79493
   1854.5   0.79477
   1855.2   0.79446
   1855.9   0.79412
   1856.5   0.79386
   1857.2   0.79369
   1857.9   0.79351
   1858.5   0.79325
   1859.2   0.79294
   1859.9   0.79274
   1860.5   0.79251
   1861.2   0.79210
   1861.9   0.79175
   1862.5   0.79147
   1863.2   0.79107
   1863.9   0.79061
   1864.5   0.79021
   1865.2   0.78988
   1865.9   0.78955
   1866.6   0.78916
   1867.2   0.78857
   1867.9   0.78803
   1868.6   0.78753
   1869.2   0.78691
   1869.9   0.78631
   1870.6   0.78576
   1871.3   0.78497
   1871.9   0.78416
   1872.6   0.78345
   1873.3   0.78270
   1874.0   0.78180
   1874.7   0.78090
   1875.3   0.77994
   1876.0   0.77891
   1876.7   0.77777
   1877.4   0.77652
   1878.0   0.77527
   1878.7   0.77404
   1879.4   0.77271
   1880.1   0.77130
   1880.8   0.76988
   1881.4   0.76848
   1882.1   0.76703
   1882.8   0.76547
   1883.5   0.76387
   1884.2   0.76233
   1884.9   0.76075
   1885.6   0.75918
   1886.2   0.75764
   1886.9   0.75610
   1887.6   0.75451
   1888.3   0.75288
   1889.0   0.75130
   1889.7   0.74977
   1890.4   0.74823
   1891.1   0.74665
   1891.8   0.74503
   1892.4   0.74342
   1893.1   0.74187
   1893.8   0.74029
   1894.5   0.73867
   1895.2   0.73706
   1895.9   0.73550
   1896.6   0.73390
   1897.3   0.73224
   1898.0   0.73069
   1898.7   0.72910
   1899.4   0.72759
   1900.1   0.72614
   1900.8   0.72457
   1901.5   0.72298
   1902.2   0.72145
   1902.9   0.71998
   1903.6   0.71857
   1904.3   0.71708
   1905.0   0.71568
   1905.7   0.71437
   1906.4   0.71304
   1907.1   0.71177
   1907.8   0.71051
   1908.5   0.70921
   1909.2   0.70800
   1909.9   0.70685
   1910.6   0.70578
   1911.3   0.70469
   1912.0   0.70369
   1912.7   0.70272
   1913.4   0.70176
   1914.1   0.70084
   1914.8   0.69995
   1915.5   0.69912
   1916.2   0.69838
   1916.9   0.69755
   1917.6   0.69677
   1918.3   0.69612
   1919.1   0.69553
   1919.8   0.69495
   1920.5   0.69446
   1921.2   0.69397
   1921.9   0.69348
   1922.6   0.69301
   1923.3   0.69260
   1924.0   0.69222
   1924.8   0.69189
   1925.5   0.69156
   1926.2   0.69127
   1926.9   0.69097
   1927.6   0.69074
   1928.3   0.69052
   1929.1   0.69030
   1929.8   0.69015
   1930.5   0.69004
   1931.2   0.69001
   1931.9   0.69000
   1932.7   0.68988
   1933.4   0.68978
   1934.1   0.68982
   1934.8   0.68990
   1935.5   0.68993
   1936.3   0.68992
   1937.0   0.68995
   1937.7   0.69008
   1938.4   0.69019
   1939.2   0.69027
   1939.9   0.69037
   1940.6   0.69048
   1941.3   0.69064
   1942.1   0.69079
   1942.8   0.69098
   1943.5   0.69120
   1944.2   0.69145
   1945.0   0.69160
   1945.7   0.69169
   1946.4   0.69193
   1947.2   0.69224
   1947.9   0.69247
   1948.6   0.69274
   1949.4   0.69302
   1950.1   0.69324
   1950.8   0.69348
   1951.6   0.69370
   1952.3   0.69392
   1953.0   0.69417
   1953.8   0.69445
   1954.5   0.69474
   1955.2   0.69507
   1956.0   0.69529
   1956.7   0.69549
   1957.5   0.69579
   1958.2   0.69610
   1958.9   0.69636
   1959.7   0.69668
   1960.4   0.69695
   1961.2   0.69717
   1961.9   0.69748
   1962.6   0.69783
   1963.4   0.69813
   1964.1   0.69837
   1964.9   0.69856
   1965.6   0.69881
   1966.4   0.69912
   1967.1   0.69948
   1967.9   0.69975
   1968.6   0.70003
   1969.3   0.70033
   1970.1   0.70061
   1970.8   0.70085
   1971.6   0.70114
   1972.3   0.70145
   1973.1   0.70178
   1973.8   0.70205
   1974.6   0.70235
   1975.3   0.70271
   1976.1   0.70301
   1976.9   0.70325
   1977.6   0.70357
   1978.4   0.70392
   1979.1   0.70425
   1979.9   0.70452
   1980.6   0.70483
   1981.4   0.70504
   1982.2   0.70529
   1982.9   0.70558
   1983.7   0.70589
   1984.4   0.70629
   1985.2   0.70665
   1985.9   0.70686
   1986.7   0.70713
   1987.5   0.70747
   1988.2   0.70777
   1989.0   0.70803
   1989.8   0.70835
   1990.5   0.70867
   1991.3   0.70900
   1992.1   0.70931
   1992.8   0.70963
   1993.6   0.70990
   1994.3   0.71019
   1995.1   0.71051
   1995.9   0.71086
   1996.7   0.71107
   1997.4   0.71130
   1998.2   0.71158
   1999.0   0.71189
   1999.7   0.71228
   2000.5   0.71259
   2001.3   0.71284
   2002.1   0.71312
   2002.8   0.71341
   2003.6   0.71377
   2004.4   0.71401
   2005.2   0.71425
   2005.9   0.71454
   2006.7   0.71481
   2007.5   0.71511
   2008.3   0.71546
   2009.0   0.71568
   2009.8   0.71592
   2010.6   0.71621
   2011.4   0.71649
   2012.2   0.71675
   2012.9   0.71696
   2013.7   0.71720
   2014.5   0.71756
   2015.3   0.71781
   2016.1   0.71805
   2016.8   0.71834
   2017.6   0.71862
   2018.4   0.71885
   2019.2   0.71910
   2020.0   0.71935
   2020.8   0.71958
   2021.6   0.71990
   2022.3   0.72009
   2023.1   0.72022
   2023.9   0.72046
   2024.7   0.72068
   2025.5   0.72093
   2026.3   0.72118
   2027.1   0.72148
   2027.9   0.72173
   2028.7   0.72194
   2029.5   0.72213
   2030.3   0.72237
   2031.1   0.72263
   2031.9   0.72287
   2032.7   0.72303
   2033.5   0.72324
   2034.3   0.72351
   2035.1   0.72376
   2035.8   0.72392
   2036.7   0.72414
   2037.4   0.72444
   2038.3   0.72458
   2039.1   0.72473
   2039.9   0.72499
   2040.7   0.72522
   2041.5   0.72542
   2042.3   0.72562
   2043.1   0.72588
   2043.9   0.72605
   2044.7   0.72617
   2045.5   0.72639
   2046.3   0.72665
   2047.1   0.72677
   2047.9   0.72684
   2048.7   0.72702
   2049.5   0.72727
   2050.4   0.72747
   2051.2   0.72764
   2052.0   0.72783
   2052.8   0.72799
   2053.6   0.72818
   2054.4   0.72833
   2055.2   0.72849
   2056.0   0.72868
   2056.9   0.72885
   2057.7   0.72903
   2058.5   0.72919
   2059.3   0.72933
   2060.1   0.72944
   2060.9   0.72959
   2061.8   0.72976
   2062.6   0.72997
   2063.4   0.73018
   2064.2   0.73033
   2065.1   0.73044
   2065.9   0.73059
   2066.7   0.73076
   2067.5   0.73096
   2068.3   0.73108
   2069.2   0.73116
   2070.0   0.73131
   2070.8   0.73149
   2071.6   0.73161
   2072.5   0.73171
   2073.3   0.73185
   2074.1   0.73200
   2075.0   0.73211
   2075.8   0.73224
   2076.6   0.73237
   2077.5   0.73248
   2078.3   0.73264
   2079.1   0.73285
   2080.0   0.73291
   2080.8   0.73293
   2081.6   0.73302
   2082.5   0.73310
   2083.3   0.73327
   2084.1   0.73347
   2085.0   0.73361
   2085.8   0.73367
   2086.6   0.73378
   2087.5   0.73391
   2088.3   0.73391
   2089.2   0.73389
   2090.0   0.73405
   2090.9   0.73421
   2091.7   0.73427
   2092.6   0.73439
   2093.4   0.73449
   2094.2   0.73450
   2095.1   0.73455
   2095.9   0.73466
   2096.8   0.73478
   2097.6   0.73485
   2098.5   0.73489
   2099.3   0.73502
   2100.2   0.73513
   2101.0   0.73525
   2101.9   0.73536
   2102.7   0.73543
   2103.6   0.73542
   2104.4   0.73548
   2105.3   0.73554
   2106.1   0.73559
   2107.0   0.73565
   2107.9   0.73570
   2108.7   0.73578
   2109.6   0.73588
   2110.4   0.73600
   2111.3   0.73598
   2112.1   0.73591
   2113.0   0.73598
   2113.9   0.73610
   2114.7   0.73615
   2115.6   0.73617
   2116.5   0.73622
   2117.3   0.73624
   2118.2   0.73627
   2119.1   0.73629
   2119.9   0.73633
   2120.8   0.73631
   2121.7   0.73626
   2122.5   0.73617
   2123.4   0.73618
   2124.3   0.73625
   2125.1   0.73624
   2126.0   0.73616
   2126.9   0.73609
   2127.8   0.73604
   2128.6   0.73597
   2129.5   0.73585
   2130.4   0.73584
   2131.3   0.73582
   2132.1   0.73581
   2133.0   0.73569
   2133.9   0.73551
   2134.8   0.73535
   2135.6   0.73516
   2136.5   0.73495
   2137.4   0.73475
   2138.3   0.73452
   2139.2   0.73432
   2140.1   0.73406
   2140.9   0.73374
   2141.8   0.73354
   2142.7   0.73348
   2143.6   0.73343
   2144.5   0.73337
   2145.4   0.73331
   2146.3   0.73333
   2147.1   0.73332
   2148.0   0.73327
   2148.9   0.73325
   2149.8   0.73338
   2150.7   0.73345
   2151.6   0.73340
   2152.5   0.73337
   2153.4   0.73338
   2154.3   0.73327
   2155.2   0.73314
   2156.1   0.73308
   2157.0   0.73298
   2157.9   0.73286
   2158.8   0.73272
   2159.7   0.73261
   2160.6   0.73256
   2161.5   0.73242
   2162.4   0.73225
   2163.3   0.73201
   2164.2   0.73173
   2165.1   0.73153
   2166.0   0.73137
   2166.9   0.73119
   2167.8   0.73096
   2168.7   0.73068
   2169.6   0.73042
   2170.5   0.73015
   2171.4   0.72986
   2172.3   0.72954
   2173.2   0.72914
   2174.1   0.72884
   2175.1   0.72856
   2176.0   0.72819
   2176.9   0.72776
   2177.8   0.72738
   2178.7   0.72702
   2179.6   0.72661
   2180.6   0.72618
   2181.5   0.72573
   2182.4   0.72530
   2183.3   0.72486
   2184.2   0.72445
   2185.1   0.72396
   2186.1   0.72343
   2187.0   0.72294
   2187.9   0.72253
   2188.8   0.72213
   2189.8   0.72175
   2190.7   0.72131
   2191.6   0.72086
   2192.5   0.72045
   2193.5   0.72004
   2194.4   0.71964
   2195.3   0.71934
   2196.3   0.71902
   2197.2   0.71863
   2198.1   0.71821
   2199.1   0.71784
   2200.0   0.71744
   2200.9   0.71701
   2201.9   0.71646
   2202.8   0.71592
   2203.7   0.71539
   2204.7   0.71479
   2205.6   0.71415
   2206.5   0.71352
   2207.5   0.71290
   2208.4   0.71222
   2209.4   0.71161
   2210.3   0.71112
   2211.2   0.71066
   2212.2   0.71018
   2213.1   0.70957
   2214.1   0.70896
   2215.0   0.70833
   2216.0   0.70765
   2216.9   0.70692
   2217.9   0.70620
   2218.8   0.70546
   2219.8   0.70466
   2220.7   0.70387
   2221.7   0.70309
   2222.6   0.70227
   2223.6   0.70156
   2224.5   0.70083
   2225.5   0.69999
   2226.4   0.69917
   2227.4   0.69846
   2228.4   0.69774
   2229.3   0.69705
   2230.3   0.69635
   2231.2   0.69572
   2232.2   0.69506
   2233.1   0.69444
   2234.1   0.69391
   2235.1   0.69340
   2236.0   0.69286
   2237.0   0.69231
   2238.0   0.69176
   2238.9   0.69130
   2239.9   0.69089
   2240.9   0.69045
   2241.8   0.68999
   2242.8   0.68960
   2243.8   0.68921
   2244.8   0.68878
   2245.7   0.68836
   2246.7   0.68797
   2247.7   0.68762
   2248.6   0.68725
   2249.6   0.68687
   2250.6   0.68655
   2251.6   0.68619
   2252.6   0.68587
   2253.5   0.68556
   2254.5   0.68525
   2255.5   0.68495
   2256.5   0.68468
   2257.5   0.68434
   2258.4   0.68391
   2259.4   0.68357
   2260.4   0.68332
   2261.4   0.68300
   2262.4   0.68265
   2263.4   0.68244
   2264.4   0.68228
   2265.4   0.68198
   2266.3   0.68165
   2267.3   0.68137
   2268.3   0.68115
   2269.3   0.68088
   2270.3   0.68065
   2271.3   0.68037
   2272.3   0.68017
   2273.3   0.67991
   2274.3   0.67970
   2275.3   0.67952
   2276.3   0.67929
   2277.3   0.67903
   2278.3   0.67881
   2279.3   0.67856
   2280.3   0.67836
   2281.3   0.67813
   2282.3   0.67783
   2283.3   0.67759
   2284.3   0.67748
   2285.3   0.67727
   2286.3   0.67701
   2287.3   0.67672
   2288.3   0.67657
   2289.4   0.67642
   2290.4   0.67623
   2291.4   0.67593
   2292.4   0.67571
   2293.4   0.67551
   2294.4   0.67538
   2295.4   0.67526
   2296.4   0.67516
   2297.5   0.67504
   2298.5   0.67487
   2299.5   0.67468
   2300.5   0.67452
   2301.6   0.67435
   2302.6   0.67418
   2303.6   0.67399
   2304.6   0.67386
   2305.6   0.67379
   2306.7   0.67371
   2307.7   0.67354
   2308.7   0.67339
   2309.8   0.67324
   2310.8   0.67318
   2311.8   0.67315
   2312.8   0.67301
   2313.9   0.67281
   2314.9   0.67279
   2315.9   0.67284
   2317.0   0.67279
   2318.0   0.67262
   2319.1   0.67257
   2320.1   0.67250
   2321.1   0.67233
   2322.2   0.67214
   2323.2   0.67192
   2324.3   0.67174
   2325.3   0.67166
   2326.3   0.67151
   2327.4   0.67129
   2328.4   0.67104
   2329.5   0.67077
   2330.5   0.67047
   2331.6   0.67021
   2332.6   0.66996
   2333.7   0.66966
   2334.7   0.66935
   2335.8   0.66906
   2336.8   0.66869
   2337.9   0.66836
   2338.9   0.66799
   2340.0   0.66753
   2341.0   0.66707
   2342.1   0.66672
   2343.1   0.66635
   2344.2   0.66594
   2345.3   0.66543
   2346.3   0.66494
   2347.4   0.66449
   2348.5   0.66408
   2349.5   0.66355
   2350.6   0.66311
   2351.7   0.66265
   2352.7   0.66221
   2353.8   0.66174
   2354.9   0.66129
   2355.9   0.66073
   2357.0   0.66020
   2358.1   0.65968
   2359.1   0.65918
   2360.2   0.65867
   2361.3   0.65820
   2362.4   0.65775
   2363.4   0.65723
   2364.5   0.65662
   2365.6   0.65605
   2366.7   0.65550
   2367.8   0.65496
   2368.9   0.65434
   2369.9   0.65374
   2371.0   0.65317
   2372.1   0.65259
   2373.2   0.65190
   2374.3   0.65130
   2375.4   0.65073
   2376.4   0.65017
   2377.5   0.64955
   2378.6   0.64890
   2379.7   0.64834
   2380.8   0.64785
   2381.9   0.64723
   2383.0   0.64654
   2384.1   0.64590
   2385.2   0.64524
   2386.3   0.64462
   2387.4   0.64408
   2388.5   0.64351
   2389.6   0.64293
   2390.7   0.64230
   2391.8   0.64163
   2392.9   0.64095
   2394.0   0.64042
   2395.1   0.63982
   2396.2   0.63914
   2397.3   0.63850
   2398.4   0.63792
   2399.5   0.63730
   2400.6   0.63676
   2401.8   0.63613
   2402.9   0.63548
   2404.0   0.63480
   2405.1   0.63414
   2406.2   0.63346
   2407.3   0.63282
   2408.5   0.63220
   2409.6   0.63168
   2410.7   0.63107
   2411.8   0.63035
   2412.9   0.62965
   2414.1   0.62896
   2415.2   0.62833
   2416.3   0.62767
   2417.4   0.62697
   2418.6   0.62631
   2419.7   0.62556
   2420.8   0.62486
   2422.0   0.62416
   2423.1   0.62359
   2424.2   0.62289
   2425.4   0.62217
   2426.5   0.62151
   2427.6   0.62081
   2428.8   0.62006
   2429.9   0.61939
   2431.1   0.61872
   2432.2   0.61803
   2433.3   0.61728
   2434.5   0.61653
   2435.6   0.61575
   2436.8   0.61506
   2437.9   0.61438
   2439.1   0.61363
   2440.2   0.61288
   2441.4   0.61221
   2442.5   0.61156
   2443.6   0.61084
   2444.8   0.61004
   2445.9   0.60933
   2447.1   0.60857
   2448.3   0.60786
   2449.4   0.60713
   2450.6   0.60643
   2451.7   0.60572
   2452.9   0.60502
   2454.1   0.60420
   2455.2   0.60347
   2456.4   0.60280
   2457.6   0.60208
   2458.7   0.60139
   2459.9   0.60069
   2461.1   0.59988
   2462.2   0.59917
   2463.4   0.59840
   2464.6   0.59765
   2465.7   0.59697
   2466.9   0.59629
   2468.1   0.59558
   2469.3   0.59487
   2470.4   0.59413
   2471.6   0.59341
   2472.8   0.59263
   2474.0   0.59193
   2475.1   0.59125
   2476.3   0.59064
   2477.5   0.58993
   2478.7   0.58927
   2479.9   0.58853
   2481.1   0.58784
   2482.3   0.58720
   2483.4   0.58648
   2484.6   0.58573
   2485.8   0.58508
   2487.0   0.58440
   2488.2   0.58377
   2489.4   0.58315
   2490.6   0.58248
   2491.8   0.58178
   2493.0   0.58119
   2494.2   0.58055
   2495.4   0.57987
   2496.6   0.57926
   2497.8   0.57873
   2499.0   0.57805
   2500.2   0.57736
   2501.4   0.57673
   2502.6   0.57616
   2503.8   0.57553
   2505.0   0.57493
   2506.3   0.57434
   2507.5   0.57377
   2508.7   0.57316
   2509.9   0.57258
   2511.1   0.57205
   2512.3   0.57151
   2513.5   0.57091
   2514.8   0.57034
   2516.0   0.56981
   2517.2   0.56933
   2518.4   0.56882
   2519.6   0.56831
   2520.9   0.56770
   2522.1   0.56725
   2523.3   0.56676
   2524.6   0.56621
   2525.8   0.56574
   2527.0   0.56541
   2528.2   0.56493
   2529.5   0.56448
   2530.7   0.56408
   2531.9   0.56358
   2533.2   0.56301
   2534.4   0.56258
   2535.7   0.56216
   2536.9   0.56171
   2538.1   0.56121
   2539.4   0.56082
   2540.6   0.56035
   2541.9   0.55990
   2543.1   0.55956
   2544.4   0.55921
   2545.6   0.55869
   2546.9   0.55833
   2548.1   0.55791
   2549.4   0.55746
   2550.6   0.55701
   2551.9   0.55656
   2553.1   0.55607
   2554.4   0.55564
   2555.6   0.55522
   2556.9   0.55489
   2558.2   0.55443
   2559.4   0.55398
   2560.7   0.55372
   2562.0   0.55342
   2563.2   0.55285
   2564.5   0.55232
   2565.8   0.55167
   2567.0   0.55113
   2568.3   0.55067
   2569.6   0.55025
   2570.9   0.54958
   2572.1   0.54910
   2573.4   0.54872
   2574.7   0.54809
   2576.0   0.54760
   2577.3   0.54723
   2578.5   0.54640
   2579.8   0.54580
   2581.1   0.54538
   2582.4   0.54486
   2583.7   0.54448
   2585.0   0.54381
   2586.2   0.54296
   2587.5   0.54237
   2588.8   0.54167
   2590.1   0.54101
   2591.4   0.54027
   2592.7   0.53975
   2594.0   0.53948
   2595.3   0.53892
   2596.6   0.53759
   2597.9   0.53665
   2599.2   0.53585
   2600.5   0.53518
   2601.8   0.53446
   2603.1   0.53378
   2604.4   0.53310
   2605.7   0.53239
   2607.1   0.53128
   2608.4   0.53032
   2609.7   0.52939
   2611.0   0.52840
   2612.3   0.52741
   2613.6   0.52648
   2614.9   0.52554
   2616.3   0.52500
   2617.6   0.52391
   2618.9   0.52276
   2620.2   0.52195
   2621.6   0.52076
   2622.9   0.51948
   2624.2   0.51836
   2625.5   0.51738
   2626.9   0.51637
   2628.2   0.51490
   2629.5   0.51399
   2630.9   0.51290
   2632.2   0.51138
   2633.5   0.51009
   2634.9   0.50888
   2636.2   0.50742
   2637.6   0.50609
   2638.9   0.50463
   2640.2   0.50321
   2641.6   0.50178
   2642.9   0.50035
   2644.3   0.49888
   2645.6   0.49754
   2647.0   0.49586
   2648.3   0.49416
   2649.7   0.49242
   2651.0   0.49085
   2652.4   0.48913
   2653.8   0.48729
   2655.1   0.48533
   2656.5   0.48325
   2657.8   0.48102
   2659.2   0.47901
   2660.6   0.47676
   2661.9   0.47441
   2663.3   0.47200
   2664.7   0.46979
   2666.0   0.46690
   2667.4   0.46310
   2668.8   0.45839
   2670.1   0.45247
   2671.5   0.44342
   2672.9   0.43559
   2674.3   0.42932
   2675.6   0.42509
   2677.0   0.42193
   2678.4   0.41921
   2679.8   0.41616
   2681.2   0.41275
   2682.6   0.40902
   2684.0   0.40467
   2685.4   0.39982
   2686.8   0.39477
   2688.1   0.38916
   2689.5   0.38341
   2690.9   0.37745
   2692.3   0.37152
   2693.7   0.36499
   2695.1   0.35794
   2696.5   0.35035
   2697.9   0.34211
   2699.3   0.33303
   2700.7   0.32325
   2702.1   0.31247
   2703.6   0.30222
   2705.0   0.29349
   2706.4   0.28709
   2707.8   0.28236
   2709.2   0.27834
   2710.6   0.27363
   2712.0   0.26787
   2713.5   0.26156
   2714.9   0.25456
   2716.3   0.24618
   2717.7   0.23770
   2719.1   0.23076
   2720.6   0.22509
   2722.0   0.21993
   2723.4   0.21618
   2724.9   0.21216
   2726.3   0.20800
   2727.7   0.20402
   2729.2   0.19983
   2730.6   0.19536
   2732.0   0.19079
   2733.5   0.18609
   2734.9   0.18146
   2736.4   0.17664
   2737.8   0.17235
   2739.3   0.16814
   2740.7   0.16385
   2742.2   0.15953
   2743.6   0.15551
   2745.1   0.15166
   2746.5   0.14776
   2748.0   0.14382
   2749.4   0.14000
   2750.9   0.13617
   2752.3   0.13241
   2753.8   0.12879
   2755.3   0.12517
   2756.7   0.12127
   2758.2   0.11773
   2759.7   0.11405
   2761.1   0.11047
   2762.6   0.10763
   2764.1   0.10560
   2765.6   0.10367
   2767.0   0.10155
   2768.5   0.09919
   2770.0   0.09695
   2771.5   0.09466
   2772.9   0.09241
   2774.4   0.09015
   2775.9   0.08808
   2777.4   0.08602
   2778.9   0.08412
   2780.4   0.08233
   2781.9   0.08059
   2783.4   0.07881
   2784.9   0.07716
   2786.4   0.07559
   2787.9   0.07406
   2789.4   0.07265
   2790.9   0.07128
   2792.4   0.06988
   2793.9   0.06862
   2795.4   0.06737
   2796.9   0.06620
   2798.4   0.06496
   2799.9   0.06382
   2801.4   0.06280
   2802.9   0.06177
   2804.4   0.06077
   2806.0   0.05989
   2807.5   0.05896
   2809.0   0.05808
   2810.5   0.05723
   2812.1   0.05641
   2813.6   0.05564
   2815.1   0.05481
   2816.6   0.05404
   2818.2   0.05341
   2819.7   0.05275
   2821.2   0.05207
   2822.8   0.05147
   2824.3   0.05085
   2825.8   0.05016
   2827.4   0.04958
   2828.9   0.04898
   2830.5   0.04841
   2832.0   0.04789
   2833.6   0.04744
   2835.1   0.04690
   2836.7   0.04637
   2838.2   0.04593
   2839.8   0.04546
   2841.3   0.04503
   2842.9   0.04466
   2844.4   0.04417
   2846.0   0.04370
   2847.6   0.04337
   2849.1   0.04305
   2850.7   0.04268
   2852.3   0.04230
   2853.8   0.04190
   2855.4   0.04156
   2857.0   0.04134
   2858.6   0.04114
   2860.1   0.04087
   2861.7   0.04054
   2863.3   0.04022
   2864.9   0.03991
   2866.4   0.03963
   2868.0   0.03938
   2869.6   0.03917
   2871.2   0.03897
   2872.8   0.03874
   2874.4   0.03851
   2876.0   0.03834
   2877.6   0.03810
   2879.2   0.03778
   2880.8   0.03751
   2882.4   0.03745
   2884.0   0.03733
   2885.6   0.03717
   2887.2   0.03699
   2888.8   0.03685
   2890.4   0.03668
   2892.0   0.03644
   2893.6   0.03630
   2895.3   0.03619
   2896.9   0.03606
   2898.5   0.03600
   2900.1   0.03592
   2901.7   0.03570
   2903.4   0.03550
   2905.0   0.03529
   2906.6   0.03516
   2908.3   0.03514
   2909.9   0.03506
   2911.5   0.03499
   2913.1   0.03499
   2914.8   0.03492
   2916.4   0.03477
   2918.1   0.03465
   2919.7   0.03451
   2921.4   0.03451
   2923.0   0.03447
   2924.7   0.03431
   2926.3   0.03422
   2928.0   0.03418
   2929.6   0.03421
   2931.3   0.03419
   2932.9   0.03413
   2934.6   0.03406
   2936.3   0.03396
   2937.9   0.03389
   2939.6   0.03389
   2941.2   0.03383
   2942.9   0.03386
   2944.6   0.03384
   2946.3   0.03379
   2947.9   0.03378
   2949.6   0.03377
   2951.3   0.03374
   2953.0   0.03364
   2954.6   0.03363
   2956.3   0.03363
   2958.0   0.03371
   2959.7   0.03371
   2961.4   0.03367
   2963.1   0.03374
   2964.8   0.03382
   2966.5   0.03387
   2968.2   0.03389
   2969.9   0.03383
   2971.6   0.03387
   2973.3   0.03394
   2975.0   0.03396
   2976.7   0.03396
   2978.4   0.03394
   2980.1   0.03407
   2981.8   0.03414
   2983.6   0.03411
   2985.3   0.03419
   2987.0   0.03432
   2988.7   0.03434
   2990.4   0.03433
   2992.2   0.03433
   2993.9   0.03438
   2995.6   0.03456
   2997.4   0.03468
   2999.1   0.03470
   3000.8   0.03473
   3002.6   0.03469
   3004.3   0.03474
   3006.0   0.03490
   3007.8   0.03499
   3009.5   0.03502
   3011.3   0.03501
   3013.0   0.03510
   3014.8   0.03517
   3016.5   0.03526
   3018.3   0.03536
   3020.0   0.03539
   3021.8   0.03550
   3023.6   0.03569
   3025.3   0.03577
   3027.1   0.03585
   3028.9   0.03585
   3030.6   0.03594
   3032.4   0.03606
   3034.2   0.03610
   3036.0   0.03611
   3037.7   0.03623
   3039.5   0.03636
   3041.3   0.03644
   3043.1   0.03644
   3044.9   0.03643
   3046.7   0.03658
   3048.4   0.03677
   3050.2   0.03683
   3052.0   0.03692
   3053.8   0.03704
   3055.6   0.03710
   3057.4   0.03719
   3059.2   0.03726
   3061.1   0.03722
   3062.9   0.03733
   3064.7   0.03746
   3066.5   0.03755
   3068.3   0.03763
   3070.1   0.03767
   3071.9   0.03771
   3073.8   0.03782
   3075.6   0.03784
   3077.4   0.03802
   3079.2   0.03818
   3081.1   0.03824
   3082.9   0.03832
   3084.7   0.03847
   3086.6   0.03853
   3088.4   0.03866
   3090.2   0.03874
   3092.1   0.03878
   3093.9   0.03886
   3095.8   0.03910
   3097.6   0.03924
   3099.5   0.03937
   3101.3   0.03938
   3103.2   0.03947
   3105.0   0.03971
   3106.9   0.03992
   3108.8   0.03995
   3110.6   0.04002
   3112.5   0.04012
   3114.4   0.04018
   3116.2   0.04032
   3118.1   0.04050
   3120.0   0.04060
   3121.9   0.04071
   3123.7   0.04092
   3125.6   0.04113
   3127.5   0.04124
   3129.4   0.04143
   3131.3   0.04158
   3133.2   0.04174
   3135.1   0.04186
   3137.0   0.04201
   3138.9   0.04221
   3140.8   0.04238
   3142.7   0.04252
   3144.6   0.04256
   3146.5   0.04275
   3148.4   0.04304
   3150.3   0.04329
   3152.2   0.04341
   3154.1   0.04356
   3156.1   0.04378
   3158.0   0.04380
   3159.9   0.04392
   3161.8   0.04420
   3163.8   0.04444
   3165.7   0.04452
   3167.6   0.04461
   3169.6   0.04476
   3171.5   0.04505
   3173.4   0.04533
   3175.4   0.04550
   3177.3   0.04561
   3179.3   0.04581
   3181.2   0.04596
   3183.2   0.04619
   3185.1   0.04649
   3187.1   0.04663
   3189.1   0.04679
   3191.0   0.04709
   3193.0   0.04727
   3194.9   0.04729
   3196.9   0.04754
   3198.9   0.04789
   3200.9   0.04808
   3202.9   0.04834
   3204.8   0.04859
   3206.8   0.04867
   3208.8   0.04895
   3210.8   0.04924
   3212.8   0.04936
   3214.8   0.04948
   3216.8   0.04966
   3218.8   0.05002
   3220.8   0.05033
   3222.8   0.05055
   3224.8   0.05070
   3226.8   0.05094
   3228.8   0.05117
   3230.8   0.05135
   3232.8   0.05148
   3234.8   0.05183
   3236.8   0.05214
   3238.9   0.05233
   3240.9   0.05254
   3242.9   0.05284
   3244.9   0.05304
   3247.0   0.05325
   3249.0   0.05358
   3251.0   0.05392
   3253.1   0.05415
   3255.1   0.05435
   3257.2   0.05454
   3259.2   0.05482
   3261.3   0.05513
   3263.3   0.05543
   3265.4   0.05570
   3267.4   0.05599
   3269.5   0.05621
   3271.6   0.05638
   3273.6   0.05667
   3275.7   0.05703
   3277.8   0.05723
   3279.8   0.05751
   3281.9   0.05790
   3284.0   0.05816
   3286.1   0.05833
   3288.1   0.05859
   3290.2   0.05891
   3292.3   0.05914
   3294.4   0.05938
   3296.5   0.05974
   3298.6   0.06003
   3300.7   0.06034
   3302.8   0.06075
   3304.9   0.06102
   3307.0   0.06113
   3309.1   0.06138
   3311.2   0.06177
   3313.4   0.06220
   3315.5   0.06262
   3317.6   0.06301
   3319.7   0.06324
   3321.9   0.06344
   3324.0   0.06370
   3326.1   0.06397
   3328.3   0.06429
   3330.4   0.06469
   3332.5   0.06498
   3334.7   0.06514
   3336.8   0.06544
   3339.0   0.06583
   3341.1   0.06616
   3343.3   0.06647
   3345.4   0.06682
   3347.6   0.06708
   3349.8   0.06746
   3351.9   0.06777
   3354.1   0.06797
   3356.3   0.06820
   3358.4   0.06841
   3360.6   0.06872
   3362.8   0.06905
   3365.0   0.06937
   3367.1   0.06960
   3369.3   0.06990
   3371.5   0.07034
   3373.7   0.07074
   3375.9   0.07093
   3378.1   0.07106
   3380.3   0.07137
   3382.5   0.07182
   3384.7   0.07219
   3386.9   0.07255
   3389.1   0.07287
   3391.4   0.07330
   3393.6   0.07372
   3395.8   0.07410
   3398.0   0.07438
   3400.3   0.07458
   3402.5   0.07477
   3404.7   0.07503
   3407.0   0.07541
   3409.2   0.07577
   3411.4   0.07607
   3413.7   0.07650
   3415.9   0.07689
   3418.2   0.07720
   3420.4   0.07752
   3422.7   0.07798
   3425.0   0.07841
   3427.2   0.07881
   3429.5   0.07930
   3431.8   0.07995
   3434.0   0.08052
   3436.3   0.08108
   3438.6   0.08158
   3440.9   0.08207
   3443.2   0.08262
   3445.4   0.08323
   3447.7   0.08378
   3450.0   0.08417
   3452.3   0.08463
   3454.6   0.08514
   3456.9   0.08556
   3459.2   0.08601
   3461.6   0.08649
   3463.9   0.08687
   3466.2   0.08742
   3468.5   0.08802
   3470.8   0.08850
   3473.1   0.08884
   3475.5   0.08923
   3477.8   0.08975
   3480.1   0.09025
   3482.5   0.09078
   3484.8   0.09123
   3487.2   0.09162
   3489.5   0.09189
   3491.9   0.09235
   3494.2   0.09293
   3496.6   0.09335
   3498.9   0.09372
   3501.3   0.09416
   3503.6   0.09442
   3506.0   0.09483
   3508.4   0.09551
   3510.8   0.09629
   3513.1   0.09702
   3515.5   0.09761
   3517.9   0.09826
   3520.3   0.09892
   3522.7   0.09960
   3525.1   0.10021
   3527.5   0.10078
   3529.9   0.10142
   3532.3   0.10204
   3534.7   0.10254
   3537.1   0.10323
   3539.5   0.10382
   3541.9   0.10429
   3544.4   0.10485
   3546.8   0.10537
   3549.2   0.10594
   3551.6   0.10652
   3554.1   0.10719
   3556.5   0.10761
   3559.0   0.10804
   3561.4   0.10867
   3563.9   0.10918
   3566.3   0.10965
   3568.8   0.11017
   3571.2   0.11079
   3573.7   0.11135
   3576.1   0.11190
   3578.6   0.11241
   3581.1   0.11290
   3583.6   0.11349
   3586.0   0.11406
   3588.5   0.11471
   3591.0   0.11531
   3593.5   0.11583
   3596.0   0.11622
   3598.5   0.11690
   3601.0   0.11759
   3603.5   0.11798
   3606.0   0.11849
   3608.5   0.11915
   3611.0   0.11963
   3613.5   0.12016
   3616.0   0.12085
   3618.6   0.12142
   3621.1   0.12195
   3623.6   0.12258
   3626.1   0.12318
   3628.7   0.12366
   3631.2   0.12417
   3633.8   0.12489
   3636.3   0.12530
   3638.9   0.12576
   3641.4   0.12656
   3644.0   0.12723
   3646.6   0.12766
   3649.1   0.12833
   3651.7   0.12898
   3654.3   0.12939
   3656.8   0.12985
   3659.4   0.13059
   3662.0   0.13124
   3664.6   0.13186
   3667.2   0.13245
   3669.8   0.13298
   3672.4   0.13348
   3675.0   0.13420
   3677.6   0.13476
   3680.2   0.13522
   3682.8   0.13588
   3685.4   0.13663
   3688.1   0.13713
   3690.7   0.13772
   3693.3   0.13846
   3695.9   0.13912
   3698.6   0.13971
   3701.2   0.14014
   3703.9   0.14066
   3706.5   0.14132
   3709.2   0.14186
   3711.8   0.14244
   3714.5   0.14307
   3717.1   0.14372
   3719.8   0.14433
   3722.5   0.14494
   3725.1   0.14564
   3727.8   0.14616
   3730.5   0.14654
   3733.2   0.14709
   3735.9   0.14767
   3738.6   0.14830
   3741.3   0.14887
   3744.0   0.14941
   3746.7   0.15006
   3749.4   0.15077
   3752.1   0.15124
   3754.8   0.15199
   3757.5   0.15269
   3760.3   0.15317
   3763.0   0.15372
   3765.7   0.15412
   3768.5   0.15461
   3771.2   0.15522
   3773.9   0.15594
   3776.7   0.15672
   3779.4   0.15722
   3782.2   0.15775
   3785.0   0.15819
   3787.7   0.15859
   3790.5   0.15932
   3793.3   0.16010
   3796.1   0.16051
   3798.8   0.16111
   3801.6   0.16167
   3804.4   0.16205
   3807.2   0.16257
   3810.0   0.16309
   3812.8   0.16361
   3815.6   0.16419
   3818.4   0.16477
   3821.2   0.16543
   3824.0   0.16588
   3826.9   0.16626
   3829.7   0.16676
   3832.5   0.16742
   3835.4   0.16798
   3838.2   0.16829
   3841.0   0.16855
   3843.9   0.16908
   3846.7   0.16973
   3849.6   0.17042
   3852.4   0.17104
   3855.3   0.17149
   3858.2   0.17186
   3861.1   0.17218
   3863.9   0.17263
   3866.8   0.17320
   3869.7   0.17376
   3872.6   0.17435
   3875.5   0.17492
   3878.4   0.17521
   3881.3   0.17560
   3884.2   0.17639
   3887.1   0.17716
   3890.0   0.17750
   3892.9   0.17779
   3895.9   0.17832
   3898.8   0.17874
   3901.7   0.17915
   3904.7   0.17974
   3907.6   0.18015
   3910.6   0.18036
   3913.5   0.18070
   3916.5   0.18124
   3919.4   0.18170
   3922.4   0.18217
   3925.4   0.18275
   3928.3   0.18321
   3931.3   0.18350
   3934.3   0.18390
   3937.3   0.18433
   3940.3   0.18473
   3943.3   0.18497
   3946.3   0.18524
   3949.3   0.18551
   3952.3   0.18598
   3955.3   0.18641
   3958.3   0.18673
   3961.3   0.18706
   3964.4   0.18723
   3967.4   0.18754
   3970.4   0.18786
   3973.5   0.18819
   3976.5   0.18864
   3979.6   0.18891
   3982.6   0.18919
   3985.7   0.18954
   3988.8   0.18980
   3991.8   0.18994
   3994.9   0.19029
   3998.0   0.19059
   4001.1   0.19062
   4004.2   0.19083
   4007.3   0.19115
   4010.4   0.19141
   4013.5   0.19168
   4016.6   0.19194
   4019.7   0.19207
   4022.8   0.19229
   4025.9   0.19260
   4029.1   0.19276
   4032.2   0.19278
   4035.3   0.19297
   4038.5   0.19321
   4041.6   0.19349
   4044.8   0.19377
   4047.9   0.19393
   4051.1   0.19403
   4054.3   0.19417
   4057.4   0.19431
   4060.6   0.19446
   4063.8   0.19457
   4067.0   0.19462
   4070.2   0.19468
   4073.4   0.19489
   4076.6   0.19516
   4079.8   0.19529
   4083.0   0.19525
   4086.2   0.19520
   4089.4   0.19522
   4092.6   0.19543
   4095.9   0.19555
   4099.1   0.19574
   4102.4   0.19583
   4105.0   0.19587
   4108.0   0.19588
   4112.0   0.19593
   4115.0   0.19590
   4118.0   0.19589
   4121.0   0.19595
   4125.0   0.19593
   4128.0   0.19592
   4131.0   0.19592
   4135.0   0.19592
   4138.0   0.19585
   4141.0   0.19580
   4145.0   0.19575
   4148.0   0.19578
   4151.0   0.19574
   4154.0   0.19566
   4158.0   0.19564
   4161.0   0.19562
   4164.0   0.19552
   4168.0   0.19551
   4171.0   0.19549
   4175.0   0.19539
   4178.0   0.19530
   4181.0   0.19526
   4185.0   0.19512
   4188.0   0.19499
   4191.0   0.19491
   4195.0   0.19491
   4198.0   0.19487
   4202.0   0.19483
   4205.0   0.19480
   4208.0   0.19486
   4212.0   0.19498
   4215.0   0.19515
   4219.0   0.19533
   4222.0   0.19547
   4226.0   0.19558
   4229.0   0.19563
   4232.0   0.19556
   4236.0   0.19544
   4239.0   0.19520
   4243.0   0.19482
   4246.0   0.19436
   4250.0   0.19387
   4253.0   0.19329
   4257.0   0.19286
   4260.0   0.19261
   4264.0   0.19243
   4267.0   0.19232
   4271.0   0.19232
   4274.0   0.19238
   4278.0   0.19265
   4281.0   0.19286
   4285.0   0.19289
   4289.0   0.19278
   4292.0   0.19266
   4296.0   0.19247
   4299.0   0.19229
   4303.0   0.19203
   4306.0   0.19180
   4310.0   0.19159
   4313.0   0.19144
   4317.0   0.19130
   4321.0   0.19117
   4324.0   0.19094
   4328.0   0.19077
   4332.0   0.19061
   4335.0   0.19049
   4339.0   0.19037
   4342.0   0.19031
   4346.0   0.19022
   4350.0   0.19008
   4353.0   0.18995
   4357.0   0.18988
   4361.0   0.18982
   4364.0   0.18971
   4368.0   0.18959
   4372.0   0.18952
   4375.0   0.18944
   4379.0   0.18942
   4383.0   0.18932
   4386.0   0.18924
   4390.0   0.18919
   4394.0   0.18911
   4398.0   0.18900
   4401.0   0.18890
   4405.0   0.18885
   4409.0   0.18888
   4413.0   0.18882
   4416.0   0.18877
   4420.0   0.18870
   4424.0   0.18865
   4428.0   0.18857
   4431.0   0.18850
   4435.0   0.18842
   4439.0   0.18843
   4443.0   0.18843
   4447.0   0.18841
   4451.0   0.18834
   4454.0   0.18831
   4458.0   0.18828
   4462.0   0.18827
   4466.0   0.18821
   4470.0   0.18819
   4474.0   0.18810
   4477.0   0.18803
   4481.0   0.18802
   4485.0   0.18796
   4489.0   0.18786
   4493.0   0.18787
   4497.0   0.18785
   4501.0   0.18778
   4505.0   0.18779
   4509.0   0.18782
   4512.0   0.18769
   4516.0   0.18758
   4520.0   0.18756
   4524.0   0.18755
   4528.0   0.18752
   4532.0   0.18748
   4536.0   0.18747
   4540.0   0.18744
   4544.0   0.18740
   4548.0   0.18731
   4552.0   0.18721
   4556.0   0.18724
   4560.0   0.18716
   4564.0   0.18707
   4568.0   0.18707
   4572.0   0.18706
   4576.0   0.18700
   4580.0   0.18688
   4584.0   0.18671
   4588.0   0.18665
   4592.0   0.18655
   4596.0   0.18651
   4601.0   0.18647
   4605.0   0.18643
   4609.0   0.18643
   4613.0   0.18633
   4617.0   0.18616
   4621.0   0.18610
   4625.0   0.18601
   4629.0   0.18592
   4633.0   0.18578
   4638.0   0.18570
   4642.0   0.18563
   4646.0   0.18555
   4650.0   0.18540
   4654.0   0.18536
   4658.0   0.18527
   4663.0   0.18511
   4667.0   0.18491
   4671.0   0.18485
   4675.0   0.18484
   4679.0   0.18476
   4684.0   0.18461
   4688.0   0.18446
   4692.0   0.18428
   4696.0   0.18420
   4701.0   0.18413
   4705.0   0.18403
   4709.0   0.18390
   4714.0   0.18384
   4718.0   0.18366
   4722.0   0.18350
   4726.0   0.18338
   4731.0   0.18327
   4735.0   0.18311
   4739.0   0.18296
   4744.0   0.18281
   4748.0   0.18266
   4752.0   0.18249
   4757.0   0.18237
   4761.0   0.18226
   4766.0   0.18224
   4770.0   0.18209
   4774.0   0.18188
   4779.0   0.18177
   4783.0   0.18169
   4788.0   0.18147
   4792.0   0.18134
   4796.0   0.18124
   4801.0   0.18110
   4805.0   0.18093
   4810.0   0.18080
   4814.0   0.18062
   4819.0   0.18043
   4823.0   0.18029
   4828.0   0.18019
   4832.0   0.18002
   4837.0   0.17989
   4841.0   0.17980
   4846.0   0.17969
   4850.0   0.17944
   4855.0   0.17922
   4859.0   0.17910
   4864.0   0.17899
   4868.0   0.17883
   4873.0   0.17865
   4878.0   0.17846
   4882.0   0.17834
   4887.0   0.17813
   4891.0   0.17794
   4896.0   0.17778
   4901.0   0.17762
   4905.0   0.17740
   4910.0   0.17733
   4915.0   0.17719
   4919.0   0.17700
   4924.0   0.17680
   4929.0   0.17663
   4933.0   0.17648
   4938.0   0.17633
   4943.0   0.17615
   4947.0   0.17600
   4952.0   0.17589
   4957.0   0.17581
   4962.0   0.17562
   4966.0   0.17541
   4971.0   0.17524
   4976.0   0.17512
   4981.0   0.17491
   4985.0   0.17476
   4990.0   0.17460
   4995.0   0.17441
   5000.0   0.17428
   5005.0   0.17420
   5010.0   0.17401
   5014.0   0.17395
   5019.0   0.17392
   5024.0   0.17377
   5029.0   0.17359
   5034.0   0.17352
   5039.0   0.17333
   5044.0   0.17311
   5049.0   0.17295
   5054.0   0.17284
   5058.0   0.17263
   5063.0   0.17249
   5068.0   0.17241
   5073.0   0.17232
   5078.0   0.17221
   5083.0   0.17211
   5088.0   0.17193
   5093.0   0.17184
   5098.0   0.17173
   5103.0   0.17162
   5108.0   0.17142
   5113.0   0.17128
   5118.0   0.17114
   5123.0   0.17111
   5128.0   0.17109
   5134.0   0.17100
   5139.0   0.17083
   5144.0   0.17083
   5149.0   0.17077
   5154.0   0.17057
   5159.0   0.17037
   5164.0   0.17023
   5169.0   0.17010
   5175.0   0.16996
   5180.0   0.16982
   5185.0   0.16976
   5190.0   0.16959
   5195.0   0.16949
   5201.0   0.16941
   5206.0   0.16925
   5211.0   0.16921
   5216.0   0.16912
   5221.0   0.16872
   5227.0   0.16850
   5232.0   0.16831
   5237.0   0.16819
   5243.0   0.16799
   5248.0   0.16778
   5253.0   0.16750
   5259.0   0.16730
   5264.0   0.16709
   5269.0   0.16690
   5275.0   0.16669
   5280.0   0.16651
   5285.0   0.16623
   5291.0   0.16609
   5296.0   0.16580
   5302.0   0.16555
   5307.0   0.16533
   5312.0   0.16516
   5318.0   0.16487
   5323.0   0.16461
   5329.0   0.16434
   5334.0   0.16411
   5340.0   0.16387
   5345.0   0.16385
   5351.0   0.16381
   5356.0   0.16343
   5362.0   0.16300
   5367.0   0.16281
   5373.0   0.16258
   5379.0   0.16238
   5384.0   0.16212
   5390.0   0.16191
   5395.0   0.16174
   5401.0   0.16159
   5407.0   0.16135
   5412.0   0.16117
   5418.0   0.16117
   5424.0   0.16114
   5429.0   0.16046
   5435.0   0.16003
   5441.0   0.15968
   5446.0   0.15934
   5452.0   0.15891
   5458.0   0.15865
   5464.0   0.15854
   5469.0   0.15817
   5475.0   0.15766
   5481.0   0.15728
   5487.0   0.15664
   5493.0   0.15622
   5498.0   0.15579
   5504.0   0.15546
   5510.0   0.15505
   5516.0   0.15472
   5522.0   0.15429
   5528.0   0.15388
   5534.0   0.15338
   5539.0   0.15304
   5545.0   0.15265
   5551.0   0.15240
   5557.0   0.15197
   5563.0   0.15146
   5569.0   0.15098
   5575.0   0.15086
   5581.0   0.15048
   5587.0   0.14968
   5593.0   0.14895
   5599.0   0.14862
   5605.0   0.14815
   5611.0   0.14756
   5617.0   0.14701
   5624.0   0.14643
   5630.0   0.14582
   5636.0   0.14555
   5642.0   0.14537
   5648.0   0.14458
   5654.0   0.14375
   5660.0   0.14301
   5667.0   0.14212
   5673.0   0.14169
   5679.0   0.14097
   5685.0   0.14022
   5691.0   0.13964
   5698.0   0.13884
   5704.0   0.13812
   5710.0   0.13769
   5717.0   0.13671
   5723.0   0.13574
   5729.0   0.13467
   5736.0   0.13373
   5742.0   0.13278
   5748.0   0.13198
   5755.0   0.13061
   5761.0   0.12984
   5767.0   0.12906
   5774.0   0.12720
   5780.0   0.12545
   5787.0   0.12401
   5793.0   0.12255
   5800.0   0.12123
   5806.0   0.11965
   5813.0   0.11833
   5819.0   0.11728
   5826.0   0.11571
   5832.0   0.11352
   5839.0   0.11152
   5845.0   0.10955
   5852.0   0.10785
   5859.0   0.10614
   5865.0   0.10431
   5872.0   0.10224
   5879.0   0.10085
   5885.0   0.09858
   5892.0   0.09630
   5899.0   0.09410
   5905.0   0.09141
   5912.0   0.08909
   5919.0   0.08695
   5926.0   0.08479
   5932.0   0.08306
   5939.0   0.08076
   5946.0   0.07799
   5953.0   0.07564
   5960.0   0.07357
   5967.0   0.07169
   5973.0   0.06952
   5980.0   0.06736
   5987.0   0.06554
   5994.0   0.06348
   6001.0   0.06152
   6008.0   0.05982
   6015.0   0.05827
   6022.0   0.05655
   6029.0   0.05504
   6036.0   0.05361
   6043.0   0.05267
   6050.0   0.05163
   6057.0   0.05003
   6064.0   0.04880
   6071.0   0.04804
   6079.0   0.04712
   6086.0   0.04624
   6093.0   0.04562
   6100.0   0.04529
   6107.0   0.04511
   6114.0   0.04516
   6122.0   0.04506
   6129.0   0.04511
   6136.0   0.04539
   6143.0   0.04586
   6151.0   0.04635
   6158.0   0.04709
   6165.0   0.04778
   6173.0   0.04842
   6180.0   0.04924
   6187.0   0.05010
   6195.0   0.05057
   6202.0   0.05117
   6210.0   0.05175
   6217.0   0.05233
   6224.0   0.05276
   6232.0   0.05308
   6239.0   0.05331
   6247.0   0.05351
   6254.0   0.05356
   6262.0   0.05352
   6270.0   0.05340
   6277.0   0.05325
   6285.0   0.05296
   6292.0   0.05255
   6300.0   0.05206
   6308.0   0.05162
   6315.0   0.05104
   6323.0   0.05056
   6331.0   0.04999
   6339.0   0.04954
   6346.0   0.04898
   6354.0   0.04815
   6362.0   0.04751
   6370.0   0.04701
   6378.0   0.04617
   6385.0   0.04542
   6393.0   0.04477
   6401.0   0.04409
   6409.0   0.04370
   6417.0   0.04317
   6425.0   0.04209
   6433.0   0.04132
   6441.0   0.04064
   6449.0   0.03994
   6457.0   0.03924
   6465.0   0.03868
   6473.0   0.03812
   6481.0   0.03760
   6489.0   0.03718
   6497.0   0.03659
   6506.0   0.03576
   6514.0   0.03515
   6522.0   0.03457
   6530.0   0.03402
   6538.0   0.03351
   6547.0   0.03307
   6555.0   0.03265
   6563.0   0.03226
   6572.0   0.03192
   6580.0   0.03141
   6588.0   0.03098
   6597.0   0.03060
   6605.0   0.03014
   6614.0   0.02983
   6622.0   0.02956
   6630.0   0.02946
   6639.0   0.02936
   6647.0   0.02906
   6656.0   0.02885
   6665.0   0.02872
   6673.0   0.02862
   6682.0   0.02861
   6690.0   0.02846
   6699.0   0.02840
   6708.0   0.02846
   6716.0   0.02850
   6725.0   0.02854
   6734.0   0.02861
   6743.0   0.02872
   6751.0   0.02895
   6760.0   0.02917
   6769.0   0.02945
   6778.0   0.02969
   6787.0   0.02997
   6796.0   0.03025
   6804.0   0.03045
   6813.0   0.03075
   6822.0   0.03121
   6831.0   0.03160
   6840.0   0.03184
   6849.0   0.03213
   6858.0   0.03262
   6868.0   0.03300
   6877.0   0.03310
   6886.0   0.03314
   6895.0   0.03319
   6904.0   0.03329
   6913.0   0.03325
   6923.0   0.03298
   6932.0   0.03268
   6941.0   0.03238
   6950.0   0.03212
   6960.0   0.03182
   6969.0   0.03139
   6978.0   0.03089
   6988.0   0.03044
   6997.0   0.02995
   7007.0   0.02954
   7016.0   0.02922
   7026.0   0.02897
   7035.0   0.02871
   7045.0   0.02856
   7054.0   0.02835
   7064.0   0.02815
   7074.0   0.02794
   7083.0   0.02791
   7093.0   0.02790
   7103.0   0.02794
   7113.0   0.02806
   7122.0   0.02823
   7132.0   0.02837
   7142.0   0.02859
   7152.0   0.02883
   7162.0   0.02909
   7172.0   0.02943
   7181.0   0.02974
   7191.0   0.03009
   7201.0   0.03059
   7211.0   0.03110
   7221.0   0.03148
   7232.0   0.03192
   7242.0   0.03245
   7252.0   0.03309
   7262.0   0.03380
   7272.0   0.03447
   7282.0   0.03512
   7293.0   0.03588
   7303.0   0.03669
   7313.0   0.03743
   7323.0   0.03821
   7334.0   0.03908
   7344.0   0.03995
   7355.0   0.04084
   7365.0   0.04176
   7376.0   0.04272
   7386.0   0.04368
   7397.0   0.04457
   7407.0   0.04541
   7418.0   0.04639
   7428.0   0.04736
   7439.0   0.04830
   7450.0   0.04919
   7460.0   0.05007
   7471.0   0.05091
   7482.0   0.05170
   7493.0   0.05242
   7504.0   0.05324
   7515.0   0.05389
   7525.0   0.05450
   7536.0   0.05505
   7547.0   0.05564
   7558.0   0.05621
   7569.0   0.05667
   7580.0   0.05705
   7592.0   0.05733
   7603.0   0.05761
   7614.0   0.05787
   7625.0   0.05803
   7636.0   0.05822
   7648.0   0.05839
   7659.0   0.05855
   7670.0   0.05862
   7682.0   0.05866
   7693.0   0.05864
   7704.0   0.05852
   7716.0   0.05837
   7727.0   0.05821
   7739.0   0.05794
   7750.0   0.05762
   7762.0   0.05730
   7774.0   0.05687
   7785.0   0.05644
   7797.0   0.05591
   7809.0   0.05529
   7821.0   0.05474
   7832.0   0.05414
   7844.0   0.05346
   7856.0   0.05273
   7868.0   0.05195
   7880.0   0.05112
   7892.0   0.05021
   7904.0   0.04925
   7916.0   0.04831
   7928.0   0.04727
   7940.0   0.04621
   7953.0   0.04515
   7965.0   0.04398
   7977.0   0.04283
   7989.0   0.04166
   8002.0   0.04046
   8014.0   0.03932
   8026.0   0.03824
   8039.0   0.03715
   8051.0   0.03607
   8064.0   0.03502
   8076.0   0.03393
   8089.0   0.03287
   8102.0   0.03195
   8114.0   0.03104
   8127.0   0.03008
   8140.0   0.02909
   8153.0   0.02818
   8165.0   0.02732
   8178.0   0.02650
   8191.0   0.02564
   8204.0   0.02474
   8217.0   0.02385
   8230.0   0.02303
   8243.0   0.02221
   8256.0   0.02139
   8270.0   0.02053
   8283.0   0.01976
   8296.0   0.01904
   8309.0   0.01826
   8323.0   0.01753
   8336.0   0.01678
   8350.0   0.01606
   8363.0   0.01548
   8376.0   0.01485
   8390.0   0.01420
   8404.0   0.01358
   8417.0   0.01297
   8431.0   0.01236
   8445.0   0.01182
   8458.0   0.01127
   8472.0   0.01073
   8486.0   0.01018
   8500.0   0.00977
   8514.0   0.00945
   8528.0   0.00903
   8542.0   0.00859
   8556.0   0.00828
   8570.0   0.00788
   8585.0   0.00752
   8599.0   0.00733
   8613.0   0.00710
   8627.0   0.00682
   8642.0   0.00662
   8656.0   0.00654
   8671.0   0.00647
   8685.0   0.00639
   8700.0   0.00622
   8714.0   0.00611
   8729.0   0.00614
   8744.0   0.00612
   8759.0   0.00615
   8773.0   0.00617
   8788.0   0.00622
   8803.0   0.00637
   8818.0   0.00654
   8833.0   0.00667
   8848.0   0.00680
   8863.0   0.00686
   8879.0   0.00691
   8894.0   0.00700
   8909.0   0.00729
   8924.0   0.00748
   8940.0   0.00757
   8955.0   0.00772
   8971.0   0.00792
   8986.0   0.00795
   9002.0   0.00801
   9018.0   0.00823
   9033.0   0.00854
   9049.0   0.00867
   9065.0   0.00866
   9081.0   0.00869
   9097.0   0.00884
   9113.0   0.00893
   9129.0   0.00898
   9145.0   0.00910
   9161.0   0.00917
   9177.0   0.00915
   9193.0   0.00915
   9210.0   0.00922
   9226.0   0.00927
   9243.0   0.00935
   9259.0   0.00945
   9276.0   0.00947
   9292.0   0.00949
   9309.0   0.00958
   9326.0   0.00968
   9342.0   0.00969
   9359.0   0.00971
   9376.0   0.00983
   9393.0   0.00990
   9410.0   0.00997
   9427.0   0.01010
   9445.0   0.01013
   9462.0   0.01013
   9479.0   0.01023
   9496.0   0.01038
   9514.0   0.01049
   9531.0   0.01060
   9549.0   0.01062
   9567.0   0.01073
   9584.0   0.01091
   9602.0   0.01099
   9620.0   0.01105
   9638.0   0.01122
   9656.0   0.01133
   9674.0   0.01142
   9692.0   0.01134
   9710.0   0.01131
   9728.0   0.01136
   9746.0   0.01142
   9765.0   0.01152
   9783.0   0.01150
   9802.0   0.01139
   9820.0   0.01160
   9839.0   0.01175
   9858.0   0.01174
   9876.0   0.01180
   9895.0   0.01192
   9914.0   0.01199
   9933.0   0.01209
   9952.0   0.01208
   9971.0   0.01208
   9991.0   0.01223
  10010.0   0.01237
  10029.0   0.01239
  10049.0   0.01232
  10068.0   0.01236
  10088.0   0.01252
  10107.0   0.01257
  10127.0   0.01258
  10147.0   0.01266
  10167.0   0.01275
  10187.0   0.01281
  10207.0   0.01285
  10227.0   0.01289
  10247.0   0.01297
  10268.0   0.01307
  10288.0   0.01315
  10308.0   0.01314
  10329.0   0.01317
  10349.0   0.01328
  10370.0   0.01341
  10391.0   0.01352
  10412.0   0.01369
  10433.0   0.01372
  10454.0   0.01355
  10475.0   0.01356
  10496.0   0.01387
  10517.0   0.01397
  10539.0   0.01404
  10560.0   0.01416
  10582.0   0.01422
  10603.0   0.01431
  10625.0   0.01453
  10647.0   0.01464
  10669.0   0.01471
  10691.0   0.01478
  10713.0   0.01490
  10735.0   0.01499
  10757.0   0.01502
  10780.0   0.01505
  10802.0   0.01519
  10825.0   0.01536
  10848.0   0.01555
  10870.0   0.01562
  10893.0   0.01569
  10916.0   0.01567
  10939.0   0.01576
  10962.0   0.01598
  10985.0   0.01614
  11009.0   0.01617
  11032.0   0.01629
  11056.0   0.01639
  11079.0   0.01639
  11103.0   0.01644
  11127.0   0.01666
  11151.0   0.01685
  11175.0   0.01695
  11199.0   0.01711
  11223.0   0.01726
  11248.0   0.01716
  11272.0   0.01719
  11297.0   0.01733
  11321.0   0.01719
  11346.0   0.01720
  11371.0   0.01732
  11396.0   0.01744
  11421.0   0.01754
  11446.0   0.01749
  11472.0   0.01737
  11497.0   0.01736
  11523.0   0.01742
  11548.0   0.01717
  11574.0   0.01700
  11600.0   0.01692
  11626.0   0.01688
  11652.0   0.01695
  11678.0   0.01696
  11705.0   0.01676
  11731.0   0.01648
  11758.0   0.01623
  11784.0   0.01613
  11811.0   0.01608
  11838.0   0.01598
  11865.0   0.01589
  11893.0   0.01561
  11920.0   0.01533
  11947.0   0.01535
  11975.0   0.01539
  12003.0   0.01512
  12030.0   0.01496
  12058.0   0.01507
  12087.0   0.01501
  12115.0   0.01492
  12143.0   0.01505
  12172.0   0.01510
  12200.0   0.01485
  12229.0   0.01467
  12258.0   0.01470
  12287.0   0.01464
  12316.0   0.01441
  12346.0   0.01425
  12375.0   0.01412
  12405.0   0.01407
  12434.0   0.01394
  12464.0   0.01375
  12494.0   0.01350
  12525.0   0.01335
  12555.0   0.01331
  12585.0   0.01333
  12616.0   0.01319
  12647.0   0.01302
  12678.0   0.01300
  12709.0   0.01289
  12740.0   0.01278
  12771.0   0.01259
  12803.0   0.01250
  12835.0   0.01244
  12866.0   0.01223
  12898.0   0.01207
  12931.0   0.01183
  12963.0   0.01149
  12995.0   0.01139
  13028.0   0.01134
  13061.0   0.01132
  13094.0   0.01122
  13127.0   0.01106
  13160.0   0.01088
  13194.0   0.01070
  13227.0   0.01057
  13261.0   0.01049
  13295.0   0.01045
  13329.0   0.01019
  13364.0   0.00986
  13398.0   0.00962
  13433.0   0.00962
  13468.0   0.00967
  13503.0   0.00935
  13538.0   0.00922
  13574.0   0.00907
  13609.0   0.00880
  13645.0   0.00876
  13681.0   0.00872
  13717.0   0.00869
  13754.0   0.00861
  13790.0   0.00847
  13827.0   0.00808
  13864.0   0.00788
  13901.0   0.00781
  13939.0   0.00783
  13976.0   0.00791
  14014.0   0.00788
  14052.0   0.00778
  14090.0   0.00760
  14129.0   0.00721
  14167.0   0.00725
  14206.0   0.00738
  14245.0   0.00741
  14284.0   0.00711
  14324.0   0.00691
  14363.0   0.00686
  14403.0   0.00686
  14443.0   0.00693
  14484.0   0.00707
  14524.0   0.00721
  14565.0   0.00720
  14606.0   0.00687
  14647.0   0.00658
  14689.0   0.00648
  14731.0   0.00661
  14773.0   0.00671
  14815.0   0.00683
  14857.0   0.00660
  14900.0   0.00638
  14943.0   0.00644
  14986.0   0.00621
  15030.0   0.00601
  15073.0   0.00603
  15117.0   0.00605
  15161.0   0.00630
  15206.0   0.00629
  15251.0   0.00628
  15296.0   0.00619
  15341.0   0.00598
  15386.0   0.00605
  15432.0   0.00619
  15478.0   0.00619
  15525.0   0.00603
  15571.0   0.00580
  15618.0   0.00604
  15665.0   0.00597
  15713.0   0.00563
  15760.0   0.00558
  15809.0   0.00567
  15857.0   0.00596
  15906.0   0.00593
  15954.0   0.00578
  16004.0   0.00594
  16053.0   0.00597
  16103.0   0.00584
  16153.0   0.00578
  16204.0   0.00558
  16255.0   0.00539
  16306.0   0.00578
  16357.0   0.00590
  16409.0   0.00584
  16461.0   0.00575
  16513.0   0.00580
  16566.0   0.00591
  16619.0   0.00611
  16673.0   0.00586
  16727.0   0.00577
  16781.0   0.00602
  16835.0   0.00597
  16890.0   0.00629
  16945.0   0.00652
  17001.0   0.00620
  17057.0   0.00608
  17113.0   0.00587
  17170.0   0.00599
  17227.0   0.00612
  17284.0   0.00592
  17342.0   0.00597
  17400.0   0.00617
  17459.0   0.00624
  17518.0   0.00607
  17577.0   0.00585
  17637.0   0.00624
  17697.0   0.00675
  17758.0   0.00674
  17819.0   0.00649
  17880.0   0.00638
  17942.0   0.00634
  18004.0   0.00680
  18067.0   0.00699
  18130.0   0.00706
  18194.0   0.00703
  18258.0   0.00669
  18322.0   0.00666
  18387.0   0.00677
  18453.0   0.00671
  18519.0   0.00691
  18585.0   0.00698
  18652.0   0.00683
  18719.0   0.00657
  18787.0   0.00653
  18855.0   0.00647
  18924.0   0.00639
  18994.0   0.00633
  19063.0   0.00737
  19134.0   0.00834
  19205.0   0.00752
  19276.0   0.00658
  19348.0   0.00653
  19420.0   0.00663
  19493.0   0.00645
  19567.0   0.00614
  19641.0   0.00639
  19716.0   0.00649
  19791.0   0.00670
  19867.0   0.00663
  19943.0   0.00641
  20020.0   0.00695
  20098.0   0.00712
  20176.0   0.00700
  20255.0   0.00694
  20334.0   0.00691
  20414.0   0.00724
  20495.0   0.00752
  20576.0   0.00707
  20658.0   0.00661
  20741.0   0.00681
  20824.0   0.00723
  20908.0   0.00734
  20993.0   0.00753
  21078.0   0.00763
  21164.0   0.00743
  21251.0   0.00730
  21339.0   0.00743
  21427.0   0.00718
  21516.0   0.00698
  21605.0   0.00708
  21696.0   0.00673
  21787.0   0.00658
  21879.0   0.00647
  21971.0   0.00627
  22065.0   0.00620
  22159.0   0.00643
  22254.0   0.00653
  22350.0   0.00651
  22447.0   0.00637
  22545.0   0.00597
  22643.0   0.00555
  22742.0   0.00533
  22843.0   0.00532
  22944.0   0.00587
  23046.0   0.00593
  23149.0   0.00556
  23252.0   0.00570
  23357.0   0.00511
  23463.0   0.00495
  23569.0   0.00529
  23677.0   0.00468
  23786.0   0.00438
  23895.0   0.00434
  24006.0   0.00424
  24118.0   0.00383
  24230.0   0.00389
  24344.0   0.00413
  24459.0   0.00367
  24575.0   0.00276
  24692.0   0.00227
  24810.0   0.00286
  24929.0   0.00302
  25050.0   0.00264
  25171.0   0.00244
  25294.0   0.00221
  25418.0   0.00253
  25543.0   0.00302
  25670.0   0.00302
  25797.0   0.00232
  25926.0   0.00186
  26057.0   0.00130
  26188.0   0.00127
  26321.0   0.00177
  26456.0   0.00233
  26591.0   0.00205
  26728.0   0.00190
  26867.0   0.00122
  27007.0   0.00062
  27148.0   0.00042
  27291.0   0.00184
  27435.0   0.00252
  27581.0   0.00009
  27729.0  -0.00058
  27878.0   0.00009
  28029.0   0.00051
  28181.0   0.00100
  28335.0   0.00189
  28491.0   0.00136
  28648.0   0.00106



 BKR1JB565A          .ASC                        

 JB-JLB-565-A                                                            
 Fh Soos-2 <45 um                                                        
 Connected with BDR at 1350 nm                                           

 Source Ang: 30.00   Detect Ang:  0.00  Volt: 1.222
 Date: 25-NOV-02   Time: 17:22:09
