   661
    300.0   0.39052
    305.0   0.40015
    310.0   0.40890
    315.0   0.41917
    320.0   0.42455
    325.0   0.42972
    330.0   0.43899
    335.0   0.44568
    340.0   0.45896
    345.0   0.47280
    350.0   0.48947
    355.0   0.51090
    360.0   0.53550
    365.0   0.56294
    370.0   0.59081
    375.0   0.61661
    380.0   0.63643
    385.0   0.65031
    390.0   0.66468
    395.0   0.67419
    400.0   0.67867
    405.0   0.68424
    410.0   0.71096
    415.0   0.71354
    420.0   0.71566
    425.0   0.72100
    430.0   0.72655
    435.0   0.73071
    440.0   0.73706
    445.0   0.74253
    450.0   0.74706
    455.0   0.75099
    460.0   0.75358
    465.0   0.75736
    470.0   0.76127
    475.0   0.76312
    480.0   0.76463
    485.0   0.76728
    490.0   0.77012
    495.0   0.77375
    500.0   0.77765
    505.0   0.78055
    510.0   0.78443
    515.0   0.78861
    520.0   0.79296
    525.0   0.79774
    530.0   0.79987
    535.0   0.80187
    540.0   0.80496
    545.0   0.80708
    550.0   0.81236
    555.0   0.81575
    560.0   0.81936
    565.0   0.82298
    570.0   0.82626
    575.0   0.82952
    580.0   0.83136
    585.0   0.83441
    590.0   0.83530
    595.0   0.83714
    600.0   0.83949
    605.0   0.84078
    610.0   0.83985
    615.0   0.83844
    620.0   0.83637
    625.0   0.83643
    630.0   0.83505
    635.0   0.83550
    640.0   0.83583
    645.0   0.83524
    650.0   0.83499
    655.0   0.83735
    660.0   0.83730
    665.0   0.83836
    670.0   0.83770
    675.0   0.83897
    680.0   0.83952
    685.0   0.84182
    690.0   0.84656
    695.0   0.85185
    700.0   0.85561
    705.0   0.85873
    710.0   0.86038
    715.0   0.86378
    720.0   0.86465
    725.0   0.86536
    730.0   0.86645
    735.0   0.86705
    740.0   0.86966
    745.0   0.87012
    750.0   0.87129
    755.0   0.87283
    760.0   0.87686
    765.0   0.87892
    770.0   0.88042
    775.0   0.88144
    780.0   0.88167
    785.0   0.88146
    790.0   0.88144
    795.0   0.88158
    800.0   0.88306
    805.0   0.88352
    810.0   0.88255
    815.0   0.88271
    820.0   0.88278
    825.0   0.88125
    830.0   0.88272
    835.0   0.88384
    840.0   0.88275
    845.0   0.88346
    850.0   0.88413
    855.0   0.88520
    860.0   0.88517
    865.0   0.88589
    870.0   0.88654
    875.0   0.88705
    880.0   0.88453
    885.0   0.88765
    890.0   0.88937
    895.0   0.88738
    900.0   0.88737
    905.0   0.88792
    910.0   0.88688
    915.0   0.88613
    920.0   0.88711
    925.0   0.88583
    930.0   0.88771
    935.0   0.88720
    940.0   0.88914
    945.0   0.88748
    950.0   0.88763
    955.0   0.88664
    960.0   0.88798
    965.0   0.88753
    970.0   0.88489
    975.0   0.88632
    980.0   0.88532
    985.0   0.88654
    990.0   0.88619
    995.0   0.88487
   1000.0   0.88602
   1005.0   0.88442
   1010.0   0.88553
   1015.0   0.88691
   1020.0   0.88818
   1025.0   0.88942
   1030.0   0.88950
   1035.0   0.88773
   1040.0   0.88936
   1045.0   0.89044
   1050.0   0.89064
   1055.0   0.89049
   1060.0   0.89014
   1065.0   0.88898
   1070.0   0.89058
   1075.0   0.88933
   1080.0   0.88993
   1085.0   0.88927
   1090.0   0.89023
   1095.0   0.89008
   1100.0   0.89009
   1105.0   0.89067
   1110.0   0.89012
   1115.0   0.88932
   1120.0   0.88967
   1125.0   0.89127
   1130.0   0.89002
   1135.0   0.88772
   1140.0   0.89051
   1145.0   0.88737
   1150.0   0.88497
   1155.0   0.88436
   1160.0   0.88647
   1165.0   0.88440
   1170.0   0.88527
   1175.0   0.88602
   1180.0   0.88635
   1185.0   0.88617
   1190.0   0.88629
   1195.0   0.88414
   1200.0   0.88072
   1205.0   0.88193
   1210.0   0.87947
   1215.0   0.88062
   1220.0   0.88234
   1225.0   0.87868
   1230.0   0.87685
   1235.0   0.87616
   1240.0   0.87676
   1245.0   0.87733
   1250.0   0.87761
   1255.0   0.87623
   1260.0   0.87465
   1265.0   0.87189
   1270.0   0.87357
   1275.0   0.87435
   1280.0   0.87696
   1285.0   0.88113
   1290.0   0.88547
   1295.0   0.88548
   1300.0   0.88609
   1305.0   0.88464
   1310.0   0.88441
   1315.0   0.88320
   1320.0   0.88204
   1325.0   0.88045
   1330.0   0.87809
   1335.0   0.87658
   1340.0   0.87572
   1345.0   0.87186
   1350.0   0.86881
   1355.0   0.86284
   1360.0   0.85935
   1365.0   0.86817
   1370.0   0.86150
   1375.0   0.86010
   1380.0   0.83849
   1385.0   0.84669
   1390.0   0.83214
   1395.0   0.81111
   1400.0   0.80242
   1405.0   0.79435
   1410.0   0.78278
   1415.0   0.77280
   1420.0   0.76824
   1425.0   0.74141
   1430.0   0.73369
   1435.0   0.74659
   1440.0   0.76676
   1445.0   0.76668
   1450.0   0.76548
   1455.0   0.76099
   1460.0   0.75596
   1465.0   0.75735
   1470.0   0.75705
   1475.0   0.73446
   1480.0   0.68929
   1485.0   0.75476
   1490.0   0.78041
   1495.0   0.78894
   1500.0   0.79242
   1505.0   0.80111
   1510.0   0.80912
   1515.0   0.81454
   1520.0   0.81914
   1525.0   0.82058
   1530.0   0.82468
   1535.0   0.82418
   1540.0   0.83014
   1545.0   0.83237
   1550.0   0.83462
   1555.0   0.83410
   1560.0   0.83447
   1565.0   0.83770
   1570.0   0.83934
   1575.0   0.83726
   1580.0   0.84063
   1585.0   0.84168
   1590.0   0.84364
   1595.0   0.84555
   1600.0   0.84503
   1605.0   0.84585
   1610.0   0.84766
   1615.0   0.84864
   1620.0   0.84991
   1625.0   0.84823
   1630.0   0.84995
   1635.0   0.85060
   1640.0   0.84874
   1645.0   0.84798
   1650.0   0.84830
   1655.0   0.84949
   1660.0   0.85152
   1665.0   0.85194
   1670.0   0.84865
   1675.0   0.84878
   1680.0   0.84870
   1685.0   0.84925
   1690.0   0.84742
   1695.0   0.84661
   1700.0   0.84438
   1705.0   0.84494
   1710.0   0.84230
   1715.0   0.83894
   1720.0   0.83639
   1725.0   0.83357
   1730.0   0.82766
   1735.0   0.82345
   1740.0   0.81827
   1745.0   0.81181
   1750.0   0.80466
   1755.0   0.79981
   1760.0   0.79615
   1765.0   0.79210
   1770.0   0.79006
   1775.0   0.79286
   1780.0   0.79835
   1785.0   0.80473
   1790.0   0.81235
   1795.0   0.82196
   1800.0   0.82429
   1805.0   0.82407
   1810.0   0.82546
   1815.0   0.82586
   1820.0   0.82570
   1825.0   0.82698
   1830.0   0.82594
   1835.0   0.82385
   1840.0   0.82572
   1845.0   0.82750
   1850.0   0.82204
   1855.0   0.81900
   1860.0   0.81330
   1865.0   0.80662
   1870.0   0.78315
   1875.0   0.78289
   1880.0   0.76414
   1885.0   0.73222
   1890.0   0.70024
   1895.0   0.67110
   1900.0   0.64081
   1905.0   0.62773
   1910.0   0.62130
   1915.0   0.61642
   1920.0   0.61739
   1925.0   0.62067
   1930.0   0.62273
   1935.0   0.62429
   1940.0   0.62731
   1945.0   0.63081
   1950.0   0.63289
   1955.0   0.63927
   1960.0   0.64479
   1965.0   0.64892
   1970.0   0.65386
   1975.0   0.66021
   1980.0   0.66702
   1985.0   0.67101
   1990.0   0.67490
   1995.0   0.67586
   2000.0   0.68076
   2005.0   0.68438
   2010.0   0.68791
   2015.0   0.69066
   2020.0   0.69689
   2025.0   0.69987
   2030.0   0.70341
   2035.0   0.70511
   2040.0   0.70655
   2045.0   0.70821
   2050.0   0.70806
   2055.0   0.70793
   2060.0   0.70805
   2065.0   0.70797
   2070.0   0.71063
   2075.0   0.71502
   2080.0   0.71762
   2085.0   0.71664
   2090.0   0.71553
   2095.0   0.71450
   2100.0   0.71372
   2105.0   0.70884
   2110.0   0.70245
   2115.0   0.69283
   2120.0   0.68052
   2125.0   0.66912
   2130.0   0.65826
   2135.0   0.65247
   2140.0   0.64469
   2145.0   0.63894
   2150.0   0.63274
   2155.0   0.62182
   2160.0   0.61641
   2165.0   0.61627
   2170.0   0.61549
   2175.0   0.61932
   2180.0   0.61516
   2185.0   0.61487
   2190.0   0.62625
   2195.0   0.63875
   2200.0   0.65282
   2205.0   0.64120
   2210.0   0.62322
   2215.0   0.63145
   2220.0   0.65934
   2225.0   0.68456
   2230.0   0.69840
   2235.0   0.70391
   2240.0   0.70524
   2245.0   0.70841
   2250.0   0.71073
   2255.0   0.71202
   2260.0   0.71217
   2265.0   0.71043
   2270.0   0.70928
   2275.0   0.70909
   2280.0   0.70826
   2285.0   0.70809
   2290.0   0.70713
   2295.0   0.70269
   2300.0   0.70103
   2305.0   0.69674
   2310.0   0.68314
   2315.0   0.66098
   2320.0   0.64577
   2325.0   0.64423
   2330.0   0.65050
   2335.0   0.66472
   2340.0   0.67770
   2345.0   0.68637
   2350.0   0.69009
   2355.0   0.69174
   2360.0   0.69087
   2365.0   0.68786
   2370.0   0.67714
   2375.0   0.66503
   2380.0   0.65178
   2385.0   0.63491
   2390.0   0.61667
   2395.0   0.60141
   2400.0   0.59573
   2405.0   0.59384
   2410.0   0.59282
   2415.0   0.58275
   2420.0   0.57138
   2425.0   0.56160
   2430.0   0.54957
   2435.0   0.54317
   2440.0   0.54806
   2445.0   0.55176
   2450.0   0.55229
   2455.0   0.54741
   2460.0   0.53848
   2465.0   0.52735
   2470.0   0.52118
   2475.0   0.52571
   2480.0   0.53335
   2485.0   0.53217
   2490.0   0.52863
   2495.0   0.51739
   2500.0   0.50619
   2505.0   0.49038
   2510.0   0.47244
   2515.0   0.46161
   2520.0   0.46873
   2525.0   0.48328
   2530.0   0.49119
   2535.0   0.49944
   2540.0   0.50545
   2545.0   0.50470
   2550.0   0.51639
   2555.0   0.52791
   2560.0   0.49631
   2565.0   0.50808
   2570.0   0.50988
   2575.0   0.50036
   2580.0   0.49874
   2585.0   0.49149
   2590.0   0.50247
   2595.0   0.50119
   2600.0   0.51618
   2605.0   0.49573
   2610.0   0.51810
   2615.0   0.50072
   2620.0   0.51331
   2625.0   0.50640
   2630.0   0.51336
   2635.0   0.51341
   2640.0   0.50175
   2645.0   0.48537
   2650.0   0.46249
   2655.0   0.44375
   2660.0   0.42119
   2665.0   0.40288
   2670.0   0.39673
   2675.0   0.38706
   2680.0   0.37657
   2685.0   0.34336
   2690.0   0.30988
   2695.0   0.27094
   2700.0   0.23745
   2705.0   0.20700
   2710.0   0.18345
   2715.0   0.16628
   2720.0   0.15174
   2725.0   0.14067
   2730.0   0.12593
   2735.0   0.11624
   2740.0   0.10304
   2745.0   0.09898
   2750.0   0.09326
   2755.0   0.08824
   2760.0   0.08232
   2765.0   0.08174
   2770.0   0.08110
   2775.0   0.07731
   2780.0   0.07226
   2785.0   0.07020
   2790.0   0.06873
   2795.0   0.06557
   2800.0   0.05961
   2805.0   0.06169
   2810.0   0.05679
   2815.0   0.05489
   2820.0   0.04856
   2825.0   0.05086
   2830.0   0.04946
   2835.0   0.04641
   2840.0   0.03871
   2845.0   0.03651
   2850.0   0.04037
   2855.0   0.03827
   2860.0   0.03931
   2865.0   0.04160
   2870.0   0.03644
   2875.0   0.03379
   2880.0   0.03588
   2885.0   0.03504
   2890.0   0.03699
   2895.0   0.03400
   2900.0   0.03829
   2905.0   0.03508
   2910.0   0.03884
   2915.0   0.04005
   2920.0   0.03951
   2925.0   0.04412
   2930.0   0.04135
   2935.0   0.04073
   2940.0   0.04239
   2945.0   0.03875
   2950.0   0.04291
   2955.0   0.04348
   2960.0   0.04688
   2965.0   0.04421
   2970.0   0.04658
   2975.0   0.04786
   2980.0   0.04799
   2985.0   0.05050
   2990.0   0.04957
   2995.0   0.05202
   3000.0   0.05283
   3005.0   0.05148
   3010.0   0.05271
   3015.0   0.05598
   3020.0   0.05352
   3025.0   0.05624
   3030.0   0.05741
   3035.0   0.05530
   3040.0   0.05661
   3045.0   0.05713
   3050.0   0.05981
   3055.0   0.05930
   3060.0   0.06088
   3065.0   0.05895
   3070.0   0.06021
   3075.0   0.05997
   3080.0   0.06066
   3085.0   0.06180
   3090.0   0.06156
   3095.0   0.06386
   3100.0   0.06601
   3105.0   0.06895
   3110.0   0.07171
   3115.0   0.07142
   3120.0   0.07432
   3125.0   0.07352
   3130.0   0.07551
   3135.0   0.07640
   3140.0   0.07931
   3145.0   0.08172
   3150.0   0.08361
   3155.0   0.08683
   3160.0   0.08714
   3165.0   0.09016
   3170.0   0.09017
   3175.0   0.09242
   3180.0   0.09414
   3185.0   0.09591
   3190.0   0.09891
   3195.0   0.09932
   3200.0   0.10334
   3205.0   0.10442
   3210.0   0.10589
   3215.0   0.10733
   3220.0   0.11090
   3225.0   0.11313
   3230.0   0.11486
   3235.0   0.11569
   3240.0   0.11784
   3245.0   0.12041
   3250.0   0.12457
   3255.0   0.12691
   3260.0   0.13012
   3265.0   0.13259
   3270.0   0.13325
   3275.0   0.13670
   3280.0   0.13768
   3285.0   0.13876
   3290.0   0.14324
   3295.0   0.14478
   3300.0   0.14924
   3305.0   0.15246
   3310.0   0.15432
   3315.0   0.15591
   3320.0   0.16223
   3325.0   0.16567
   3330.0   0.16610
   3335.0   0.16540
   3340.0   0.17025
   3345.0   0.17337
   3350.0   0.17730
   3355.0   0.18184
   3360.0   0.18461
   3365.0   0.18556
   3370.0   0.18838
   3375.0   0.19134
   3380.0   0.19601
   3385.0   0.19690
   3390.0   0.20085
   3395.0   0.20194
   3400.0   0.20740
   3405.0   0.20624
   3410.0   0.21043
   3415.0   0.21285
   3420.0   0.21496
   3425.0   0.21857
   3430.0   0.22708
   3435.0   0.22952
   3440.0   0.23376
   3445.0   0.23824
   3450.0   0.24493
   3455.0   0.24809
   3460.0   0.25274
   3465.0   0.25376
   3470.0   0.25347
   3475.0   0.26344
   3480.0   0.25959
   3485.0   0.26496
   3490.0   0.26627
   3495.0   0.26783
   3500.0   0.26589
   3505.0   0.27515
   3510.0   0.27335
   3515.0   0.28545
   3520.0   0.28944
   3525.0   0.28637
   3530.0   0.29055
   3535.0   0.29670
   3540.0   0.30572
   3545.0   0.30130
   3550.0   0.30891
   3555.0   0.30007
   3560.0   0.31515
   3565.0   0.32272
   3570.0   0.31946
   3575.0   0.32535
   3580.0   0.33687
   3585.0   0.33623
   3590.0   0.32662
   3595.0   0.33894
   3600.0   0.33917



 C0NV02      .ASC                        

 NV-RBS-002                                                              
 @ I=60 E=0                                                              
 RATIOS ADJUSTED USING NBS HALON CALIBRATION TABLE                       
 RESCALED USING DATA FROM CB169S @ 1000NM                                

 Source Ang: 60.00   Detect Ang:  0.00  Volt: 0.222
 Date: 20-FEB-89   Time: 15:43:43
