   661
    300.0   0.02951
    305.0   0.02572
    310.0   0.02539
    315.0   0.02329
    320.0   0.02429
    325.0   0.02414
    330.0   0.02436
    335.0   0.02429
    340.0   0.02401
    345.0   0.02407
    350.0   0.02466
    355.0   0.02454
    360.0   0.02472
    365.0   0.02559
    370.0   0.02603
    375.0   0.02687
    380.0   0.02765
    385.0   0.02877
    390.0   0.02996
    395.0   0.03112
    400.0   0.03284
    405.0   0.03471
    410.0   0.03564
    415.0   0.03733
    420.0   0.03905
    425.0   0.04165
    430.0   0.04422
    435.0   0.04686
    440.0   0.04986
    445.0   0.05257
    450.0   0.05505
    455.0   0.05726
    460.0   0.05897
    465.0   0.06067
    470.0   0.06208
    475.0   0.06302
    480.0   0.06454
    485.0   0.06651
    490.0   0.06959
    495.0   0.07351
    500.0   0.07899
    505.0   0.08619
    510.0   0.09550
    515.0   0.10630
    520.0   0.11882
    525.0   0.13289
    530.0   0.14783
    535.0   0.16372
    540.0   0.18020
    545.0   0.19672
    550.0   0.21366
    555.0   0.23033
    560.0   0.24719
    565.0   0.26388
    570.0   0.28004
    575.0   0.29651
    580.0   0.31227
    585.0   0.32692
    590.0   0.34112
    595.0   0.35512
    600.0   0.36795
    605.0   0.37975
    610.0   0.39145
    615.0   0.40218
    620.0   0.41251
    625.0   0.42237
    630.0   0.43154
    635.0   0.44138
    640.0   0.44998
    645.0   0.45860
    650.0   0.46802
    655.0   0.47602
    660.0   0.48594
    665.0   0.49495
    670.0   0.50399
    675.0   0.51239
    680.0   0.52122
    685.0   0.52980
    690.0   0.53860
    695.0   0.54648
    700.0   0.55358
    705.0   0.56115
    710.0   0.56698
    715.0   0.57208
    720.0   0.57654
    725.0   0.57936
    730.0   0.58057
    735.0   0.58258
    740.0   0.58320
    745.0   0.58368
    750.0   0.58224
    755.0   0.58141
    760.0   0.57939
    765.0   0.57782
    770.0   0.57471
    775.0   0.57061
    780.0   0.56625
    785.0   0.56289
    790.0   0.55933
    795.0   0.55570
    800.0   0.55336
    805.0   0.54950
    810.0   0.54680
    815.0   0.54360
    820.0   0.54105
    825.0   0.53901
    830.0   0.53637
    835.0   0.53456
    840.0   0.53189
    845.0   0.53072
    850.0   0.52904
    855.0   0.52680
    860.0   0.52581
    865.0   0.52561
    870.0   0.52426
    875.0   0.52486
    880.0   0.52335
    885.0   0.52289
    890.0   0.52285
    895.0   0.52394
    900.0   0.52443
    905.0   0.52501
    910.0   0.52579
    915.0   0.52694
    920.0   0.52829
    925.0   0.52988
    930.0   0.53219
    935.0   0.53347
    940.0   0.53569
    945.0   0.53814
    950.0   0.53915
    955.0   0.54187
    960.0   0.54509
    965.0   0.54794
    970.0   0.55034
    975.0   0.55427
    980.0   0.55811
    985.0   0.56181
    990.0   0.56526
    995.0   0.56922
   1000.0   0.57321
   1005.0   0.57679
   1010.0   0.58111
   1015.0   0.58613
   1020.0   0.58960
   1025.0   0.59503
   1030.0   0.60014
   1035.0   0.60447
   1040.0   0.60996
   1045.0   0.61496
   1050.0   0.61977
   1055.0   0.62519
   1060.0   0.63070
   1065.0   0.63589
   1070.0   0.64134
   1075.0   0.64631
   1080.0   0.65233
   1085.0   0.65787
   1090.0   0.66359
   1095.0   0.66837
   1100.0   0.67421
   1105.0   0.68008
   1110.0   0.68536
   1115.0   0.69040
   1120.0   0.69690
   1125.0   0.70174
   1130.0   0.70768
   1135.0   0.71131
   1140.0   0.71682
   1145.0   0.72074
   1150.0   0.72506
   1155.0   0.72991
   1160.0   0.73539
   1165.0   0.74058
   1170.0   0.74683
   1175.0   0.75085
   1180.0   0.75534
   1185.0   0.76067
   1190.0   0.76535
   1195.0   0.77003
   1200.0   0.77587
   1205.0   0.78115
   1210.0   0.78446
   1215.0   0.78950
   1220.0   0.79308
   1225.0   0.79732
   1230.0   0.80218
   1235.0   0.80609
   1240.0   0.80993
   1245.0   0.81385
   1250.0   0.81793
   1255.0   0.82047
   1260.0   0.82481
   1265.0   0.82802
   1270.0   0.83139
   1275.0   0.83367
   1280.0   0.83623
   1285.0   0.83823
   1290.0   0.83977
   1295.0   0.84205
   1300.0   0.84325
   1305.0   0.84571
   1310.0   0.84672
   1315.0   0.84742
   1320.0   0.84795
   1325.0   0.84764
   1330.0   0.84796
   1335.0   0.84799
   1340.0   0.84800
   1345.0   0.84815
   1350.0   0.85044
   1355.0   0.84664
   1360.0   0.84533
   1365.0   0.84295
   1370.0   0.83516
   1375.0   0.83127
   1380.0   0.82094
   1385.0   0.80249
   1390.0   0.78287
   1395.0   0.75147
   1400.0   0.72604
   1405.0   0.70728
   1410.0   0.69845
   1415.0   0.70165
   1420.0   0.71381
   1425.0   0.72641
   1430.0   0.73477
   1435.0   0.74144
   1440.0   0.74543
   1445.0   0.74740
   1450.0   0.74763
   1455.0   0.74860
   1460.0   0.75008
   1465.0   0.75345
   1470.0   0.75886
   1475.0   0.76424
   1480.0   0.76914
   1485.0   0.77404
   1490.0   0.77901
   1495.0   0.78265
   1500.0   0.78729
   1505.0   0.79137
   1510.0   0.79526
   1515.0   0.79820
   1520.0   0.80114
   1525.0   0.80299
   1530.0   0.80663
   1535.0   0.80892
   1540.0   0.81198
   1545.0   0.81440
   1550.0   0.81663
   1555.0   0.81914
   1560.0   0.81998
   1565.0   0.82157
   1570.0   0.82334
   1575.0   0.82466
   1580.0   0.82583
   1585.0   0.82698
   1590.0   0.82839
   1595.0   0.82863
   1600.0   0.83006
   1605.0   0.83048
   1610.0   0.83182
   1615.0   0.83217
   1620.0   0.83070
   1625.0   0.83087
   1630.0   0.83046
   1635.0   0.83077
   1640.0   0.83160
   1645.0   0.83054
   1650.0   0.83067
   1655.0   0.82950
   1660.0   0.82832
   1665.0   0.82816
   1670.0   0.82771
   1675.0   0.82773
   1680.0   0.82659
   1685.0   0.82585
   1690.0   0.82474
   1695.0   0.82369
   1700.0   0.82436
   1705.0   0.82273
   1710.0   0.82135
   1715.0   0.81998
   1720.0   0.81858
   1725.0   0.81633
   1730.0   0.81466
   1735.0   0.81219
   1740.0   0.81030
   1745.0   0.80861
   1750.0   0.80601
   1755.0   0.80311
   1760.0   0.80163
   1765.0   0.80053
   1770.0   0.79778
   1775.0   0.79629
   1780.0   0.79528
   1785.0   0.79364
   1790.0   0.79310
   1795.0   0.79216
   1800.0   0.79094
   1805.0   0.79055
   1810.0   0.78970
   1815.0   0.78960
   1820.0   0.78824
   1825.0   0.78783
   1830.0   0.78885
   1835.0   0.78546
   1840.0   0.78296
   1845.0   0.78104
   1850.0   0.77745
   1855.0   0.77194
   1860.0   0.76567
   1865.0   0.75643
   1870.0   0.73478
   1875.0   0.71266
   1880.0   0.68242
   1885.0   0.63992
   1890.0   0.58791
   1895.0   0.54344
   1900.0   0.51557
   1905.0   0.51116
   1910.0   0.51996
   1915.0   0.53066
   1920.0   0.53938
   1925.0   0.54584
   1930.0   0.55030
   1935.0   0.55471
   1940.0   0.55867
   1945.0   0.56218
   1950.0   0.56651
   1955.0   0.57123
   1960.0   0.57660
   1965.0   0.58176
   1970.0   0.58829
   1975.0   0.59537
   1980.0   0.60232
   1985.0   0.60927
   1990.0   0.61632
   1995.0   0.62403
   2000.0   0.63167
   2005.0   0.63823
   2010.0   0.64509
   2015.0   0.65193
   2020.0   0.65739
   2025.0   0.66298
   2030.0   0.66743
   2035.0   0.67214
   2040.0   0.67653
   2045.0   0.68005
   2050.0   0.68331
   2055.0   0.68649
   2060.0   0.68987
   2065.0   0.69148
   2070.0   0.69333
   2075.0   0.69477
   2080.0   0.69595
   2085.0   0.69815
   2090.0   0.69906
   2095.0   0.70128
   2100.0   0.70240
   2105.0   0.70518
   2110.0   0.70605
   2115.0   0.70793
   2120.0   0.70955
   2125.0   0.70992
   2130.0   0.71016
   2135.0   0.70969
   2140.0   0.70797
   2145.0   0.70755
   2150.0   0.70611
   2155.0   0.70356
   2160.0   0.69893
   2165.0   0.69295
   2170.0   0.68621
   2175.0   0.67753
   2180.0   0.66903
   2185.0   0.65954
   2190.0   0.64920
   2195.0   0.63874
   2200.0   0.63115
   2205.0   0.63185
   2210.0   0.63830
   2215.0   0.64785
   2220.0   0.65555
   2225.0   0.65869
   2230.0   0.66143
   2235.0   0.66433
   2240.0   0.66893
   2245.0   0.67347
   2250.0   0.67640
   2255.0   0.67773
   2260.0   0.67828
   2265.0   0.67718
   2270.0   0.67552
   2275.0   0.67291
   2280.0   0.66940
   2285.0   0.66530
   2290.0   0.66113
   2295.0   0.65663
   2300.0   0.65235
   2305.0   0.64812
   2310.0   0.64341
   2315.0   0.63945
   2320.0   0.63473
   2325.0   0.63039
   2330.0   0.62487
   2335.0   0.61975
   2340.0   0.61302
   2345.0   0.60680
   2350.0   0.60033
   2355.0   0.59497
   2360.0   0.59003
   2365.0   0.58442
   2370.0   0.58039
   2375.0   0.57491
   2380.0   0.56982
   2385.0   0.56439
   2390.0   0.55922
   2395.0   0.55442
   2400.0   0.54932
   2405.0   0.54521
   2410.0   0.53997
   2415.0   0.53482
   2420.0   0.52941
   2425.0   0.52425
   2430.0   0.51845
   2435.0   0.51165
   2440.0   0.50717
   2445.0   0.50222
   2450.0   0.49762
   2455.0   0.49406
   2460.0   0.48939
   2465.0   0.48551
   2470.0   0.48167
   2475.0   0.47904
   2480.0   0.47462
   2485.0   0.47184
   2490.0   0.46789
   2495.0   0.46431
   2500.0   0.46128
   2505.0   0.45769
   2510.0   0.45462
   2515.0   0.45182
   2520.0   0.45111
   2525.0   0.44818
   2530.0   0.44588
   2535.0   0.44589
   2540.0   0.44409
   2545.0   0.44301
   2550.0   0.44314
   2555.0   0.44471
   2560.0   0.43857
   2565.0   0.43926
   2570.0   0.43759
   2575.0   0.43646
   2580.0   0.43452
   2585.0   0.42886
   2590.0   0.42875
   2595.0   0.42606
   2600.0   0.42567
   2605.0   0.41806
   2610.0   0.41467
   2615.0   0.40775
   2620.0   0.40400
   2625.0   0.39651
   2630.0   0.38684
   2635.0   0.38243
   2640.0   0.37471
   2645.0   0.36788
   2650.0   0.35942
   2655.0   0.35148
   2660.0   0.34096
   2665.0   0.32126
   2670.0   0.29680
   2675.0   0.27051
   2680.0   0.24619
   2685.0   0.21858
   2690.0   0.18533
   2695.0   0.15704
   2700.0   0.13333
   2705.0   0.11277
   2710.0   0.09045
   2715.0   0.07066
   2720.0   0.05310
   2725.0   0.04044
   2730.0   0.03549
   2735.0   0.02920
   2740.0   0.03010
   2745.0   0.02736
   2750.0   0.02920
   2755.0   0.01733
   2760.0   0.01879
   2765.0   0.01620
   2770.0   0.01810
   2775.0   0.02523
   2780.0   0.02056
   2785.0   0.02304
   2790.0   0.02323
   2795.0   0.02351
   2800.0   0.02209
   2805.0   0.02268
   2810.0   0.02968
   2815.0   0.02469
   2820.0   0.02822
   2825.0   0.02619
   2830.0   0.02480
   2835.0   0.02315
   2840.0   0.02234
   2845.0   0.02367
   2850.0   0.02238
   2855.0   0.02317
   2860.0   0.02151
   2865.0   0.02163
   2870.0   0.02076
   2875.0   0.02117
   2880.0   0.02075
   2885.0   0.02140
   2890.0   0.01972
   2895.0   0.02164
   2900.0   0.02052
   2905.0   0.02144
   2910.0   0.02200
   2915.0   0.02284
   2920.0   0.02134
   2925.0   0.02167
   2930.0   0.02070
   2935.0   0.02112
   2940.0   0.02134
   2945.0   0.02247
   2950.0   0.02167
   2955.0   0.02228
   2960.0   0.02199
   2965.0   0.02115
   2970.0   0.02256
   2975.0   0.02327
   2980.0   0.02264
   2985.0   0.02351
   2990.0   0.02320
   2995.0   0.02408
   3000.0   0.02443
   3005.0   0.02551
   3010.0   0.02445
   3015.0   0.02462
   3020.0   0.02458
   3025.0   0.02483
   3030.0   0.02495
   3035.0   0.02646
   3040.0   0.02596
   3045.0   0.02617
   3050.0   0.02552
   3055.0   0.02590
   3060.0   0.02673
   3065.0   0.02757
   3070.0   0.02688
   3075.0   0.02709
   3080.0   0.02688
   3085.0   0.02821
   3090.0   0.02795
   3095.0   0.02807
   3100.0   0.02897
   3105.0   0.02977
   3110.0   0.03087
   3115.0   0.03013
   3120.0   0.03029
   3125.0   0.03060
   3130.0   0.03060
   3135.0   0.03210
   3140.0   0.03238
   3145.0   0.03394
   3150.0   0.03395
   3155.0   0.03357
   3160.0   0.03482
   3165.0   0.03454
   3170.0   0.03483
   3175.0   0.03601
   3180.0   0.03674
   3185.0   0.03676
   3190.0   0.03908
   3195.0   0.03881
   3200.0   0.03903
   3205.0   0.03966
   3210.0   0.04080
   3215.0   0.04095
   3220.0   0.04162
   3225.0   0.04217
   3230.0   0.04280
   3235.0   0.04383
   3240.0   0.04417
   3245.0   0.04681
   3250.0   0.04574
   3255.0   0.04596
   3260.0   0.04874
   3265.0   0.04865
   3270.0   0.04961
   3275.0   0.05007
   3280.0   0.05101
   3285.0   0.05232
   3290.0   0.05208
   3295.0   0.05402
   3300.0   0.05497
   3305.0   0.05607
   3310.0   0.05749
   3315.0   0.05851
   3320.0   0.05930
   3325.0   0.05997
   3330.0   0.06150
   3335.0   0.06260
   3340.0   0.06431
   3345.0   0.06553
   3350.0   0.06683
   3355.0   0.06890
   3360.0   0.06997
   3365.0   0.07290
   3370.0   0.07463
   3375.0   0.07313
   3380.0   0.07597
   3385.0   0.07883
   3390.0   0.08008
   3395.0   0.08302
   3400.0   0.08546
   3405.0   0.08777
   3410.0   0.08700
   3415.0   0.08877
   3420.0   0.08947
   3425.0   0.09269
   3430.0   0.09073
   3435.0   0.09328
   3440.0   0.09401
   3445.0   0.09573
   3450.0   0.09749
   3455.0   0.09745
   3460.0   0.09767
   3465.0   0.10224
   3470.0   0.10292
   3475.0   0.10715
   3480.0   0.10903
   3485.0   0.11202
   3490.0   0.11287
   3495.0   0.11449
   3500.0   0.11287
   3505.0   0.11432
   3510.0   0.11666
   3515.0   0.11799
   3520.0   0.12228
   3525.0   0.12262
   3530.0   0.12416
   3535.0   0.12571
   3540.0   0.12854
   3545.0   0.13049
   3550.0   0.12783
   3555.0   0.13823
   3560.0   0.13639
   3565.0   0.13747
   3570.0   0.14163
   3575.0   0.14017
   3580.0   0.14491
   3585.0   0.15011
   3590.0   0.14733
   3595.0   0.15324
   3600.0   0.15125



 C1JB120             .ASC                        

 JB-CMP-120                                                              
 RATIOS ADJUSTED USING NBS HALON CALIBRATION TABLE                       

 Source Ang: 30.00   Detect Ang:  0.00  Volt: 0.222
 Date: 26-AUG-93   Time: 14:24:51
