   641
    300.0   0.04772
    305.0   0.04953
    310.0   0.05113
    315.0   0.05230
    320.0   0.05404
    325.0   0.05502
    330.0   0.05756
    335.0   0.05875
    340.0   0.06035
    345.0   0.06157
    350.0   0.06399
    355.0   0.06559
    360.0   0.06853
    365.0   0.07152
    370.0   0.07620
    375.0   0.08141
    380.0   0.08715
    385.0   0.09380
    390.0   0.10046
    395.0   0.10770
    400.0   0.11512
    405.0   0.12406
    410.0   0.13126
    415.0   0.13933
    420.0   0.14784
    425.0   0.15789
    430.0   0.16791
    435.0   0.17806
    440.0   0.18888
    445.0   0.19988
    450.0   0.21037
    455.0   0.21885
    460.0   0.22605
    465.0   0.23378
    470.0   0.23998
    475.0   0.24606
    480.0   0.25307
    485.0   0.26089
    490.0   0.26971
    495.0   0.28056
    500.0   0.29230
    505.0   0.30618
    510.0   0.32011
    515.0   0.33483
    520.0   0.35106
    525.0   0.36764
    530.0   0.38434
    535.0   0.40119
    540.0   0.41780
    545.0   0.43419
    550.0   0.45182
    555.0   0.46574
    560.0   0.48133
    565.0   0.49651
    570.0   0.51102
    575.0   0.52513
    580.0   0.53826
    585.0   0.55072
    590.0   0.56272
    595.0   0.57412
    600.0   0.58416
    605.0   0.59344
    610.0   0.60275
    615.0   0.61008
    620.0   0.61731
    625.0   0.62399
    630.0   0.63001
    635.0   0.63516
    640.0   0.64063
    645.0   0.64563
    650.0   0.64980
    655.0   0.65430
    660.0   0.65834
    665.0   0.66225
    670.0   0.66499
    675.0   0.66893
    680.0   0.67244
    685.0   0.67602
    690.0   0.67923
    695.0   0.68227
    700.0   0.68574
    705.0   0.68828
    710.0   0.69044
    715.0   0.69193
    720.0   0.69377
    725.0   0.69473
    730.0   0.69593
    735.0   0.69696
    740.0   0.69903
    745.0   0.70017
    750.0   0.70105
    755.0   0.70099
    760.0   0.70485
    765.0   0.70443
    770.0   0.70485
    775.0   0.70362
    780.0   0.70303
    785.0   0.70421
    790.0   0.70335
    795.0   0.70320
    800.0   0.70210
    805.0   0.69897
    810.0   0.69924
    815.0   0.69778
    820.0   0.69667
    825.0   0.69718
    830.0   0.69570
    835.0   0.69547
    840.0   0.69419
    845.0   0.69419
    850.0   0.69307
    855.0   0.69305
    860.0   0.69223
    865.0   0.69173
    870.0   0.69073
    875.0   0.69038
    880.0   0.69029
    885.0   0.68961
    890.0   0.69060
    895.0   0.69033
    900.0   0.69050
    905.0   0.69096
    910.0   0.69156
    915.0   0.69139
    920.0   0.69139
    925.0   0.69217
    930.0   0.69274
    935.0   0.69382
    940.0   0.69374
    945.0   0.69447
    950.0   0.69473
    955.0   0.69435
    960.0   0.69516
    965.0   0.69641
    970.0   0.69745
    975.0   0.70072
    980.0   0.70227
    985.0   0.70421
    990.0   0.70573
    995.0   0.70679
   1000.0   0.70777
   1005.0   0.70923
   1010.0   0.71101
   1015.0   0.71230
   1020.0   0.71408
   1025.0   0.71517
   1030.0   0.71675
   1035.0   0.71826
   1040.0   0.71975
   1045.0   0.72092
   1050.0   0.72279
   1055.0   0.72411
   1060.0   0.72550
   1065.0   0.72690
   1070.0   0.72838
   1075.0   0.72985
   1080.0   0.73100
   1085.0   0.73202
   1090.0   0.73369
   1095.0   0.73468
   1100.0   0.73535
   1105.0   0.73683
   1110.0   0.73783
   1115.0   0.73925
   1120.0   0.74017
   1125.0   0.74187
   1130.0   0.74277
   1135.0   0.74347
   1140.0   0.74358
   1145.0   0.74244
   1150.0   0.74232
   1155.0   0.74386
   1160.0   0.74647
   1165.0   0.74899
   1170.0   0.75019
   1175.0   0.75222
   1180.0   0.75307
   1185.0   0.75468
   1190.0   0.75584
   1195.0   0.75704
   1200.0   0.75970
   1205.0   0.76056
   1210.0   0.76215
   1215.0   0.76365
   1220.0   0.76484
   1225.0   0.76559
   1230.0   0.76633
   1235.0   0.76742
   1240.0   0.76788
   1245.0   0.76899
   1250.0   0.76977
   1255.0   0.77042
   1260.0   0.77189
   1265.0   0.77328
   1270.0   0.77410
   1275.0   0.77408
   1280.0   0.77418
   1285.0   0.77467
   1290.0   0.77468
   1295.0   0.77512
   1300.0   0.77501
   1305.0   0.77544
   1310.0   0.77485
   1315.0   0.77532
   1320.0   0.77464
   1325.0   0.77417
   1330.0   0.77369
   1335.0   0.77336
   1340.0   0.77238
   1345.0   0.77101
   1350.0   0.76926
   1355.0   0.76706
   1360.0   0.76460
   1365.0   0.76365
   1370.0   0.75908
   1375.0   0.75002
   1380.0   0.73731
   1385.0   0.72456
   1390.0   0.70269
   1395.0   0.67482
   1400.0   0.64665
   1405.0   0.62414
   1410.0   0.61431
   1415.0   0.62124
   1420.0   0.64430
   1425.0   0.66961
   1430.0   0.69004
   1435.0   0.70600
   1440.0   0.71697
   1445.0   0.72332
   1450.0   0.72566
   1455.0   0.72551
   1460.0   0.72566
   1465.0   0.72909
   1470.0   0.73631
   1475.0   0.74284
   1480.0   0.74840
   1485.0   0.75235
   1490.0   0.75696
   1495.0   0.75933
   1500.0   0.76275
   1505.0   0.76567
   1510.0   0.76784
   1515.0   0.77007
   1520.0   0.77224
   1525.0   0.77379
   1530.0   0.77629
   1535.0   0.77770
   1540.0   0.77660
   1545.0   0.77794
   1550.0   0.77974
   1555.0   0.78041
   1560.0   0.78208
   1565.0   0.78344
   1570.0   0.78481
   1575.0   0.78483
   1580.0   0.78606
   1585.0   0.78759
   1590.0   0.78839
   1595.0   0.78937
   1600.0   0.78996
   1605.0   0.79046
   1610.0   0.79089
   1615.0   0.79165
   1620.0   0.79240
   1625.0   0.79248
   1630.0   0.79312
   1635.0   0.79275
   1640.0   0.79338
   1645.0   0.79403
   1650.0   0.79393
   1655.0   0.79468
   1660.0   0.79578
   1665.0   0.79569
   1670.0   0.79611
   1675.0   0.79696
   1680.0   0.79774
   1685.0   0.79733
   1690.0   0.79760
   1695.0   0.79723
   1700.0   0.79688
   1705.0   0.79744
   1710.0   0.79640
   1715.0   0.79642
   1720.0   0.79726
   1725.0   0.79487
   1730.0   0.79356
   1735.0   0.79277
   1740.0   0.79167
   1745.0   0.78960
   1750.0   0.78935
   1755.0   0.78815
   1760.0   0.78642
   1765.0   0.78543
   1770.0   0.78471
   1775.0   0.78329
   1780.0   0.78248
   1785.0   0.78115
   1790.0   0.78063
   1795.0   0.77916
   1800.0   0.77899
   1805.0   0.77865
   1810.0   0.77875
   1815.0   0.77763
   1820.0   0.77723
   1825.0   0.77698
   1830.0   0.77508
   1835.0   0.77411
   1840.0   0.77149
   1845.0   0.76857
   1850.0   0.76530
   1855.0   0.76073
   1860.0   0.75382
   1865.0   0.74210
   1870.0   0.72736
   1875.0   0.70179
   1880.0   0.66307
   1885.0   0.61304
   1890.0   0.55143
   1895.0   0.49439
   1900.0   0.46569
   1905.0   0.46849
   1910.0   0.49276
   1915.0   0.52507
   1920.0   0.55251
   1925.0   0.57430
   1930.0   0.59021
   1935.0   0.59992
   1940.0   0.60572
   1945.0   0.61020
   1950.0   0.61326
   1955.0   0.61765
   1960.0   0.62143
   1965.0   0.62606
   1970.0   0.63192
   1975.0   0.63863
   1980.0   0.64527
   1985.0   0.65218
   1990.0   0.65953
   1995.0   0.66708
   2000.0   0.67497
   2005.0   0.68196
   2010.0   0.68803
   2015.0   0.69435
   2020.0   0.69940
   2025.0   0.70402
   2030.0   0.70751
   2035.0   0.71197
   2040.0   0.71415
   2045.0   0.71684
   2050.0   0.71885
   2055.0   0.72019
   2060.0   0.72074
   2065.0   0.72048
   2070.0   0.72150
   2075.0   0.72125
   2080.0   0.72046
   2085.0   0.72004
   2090.0   0.72021
   2095.0   0.72025
   2100.0   0.72092
   2105.0   0.72176
   2110.0   0.72331
   2115.0   0.72488
   2120.0   0.72584
   2125.0   0.72614
   2130.0   0.72525
   2135.0   0.72299
   2140.0   0.72054
   2145.0   0.71685
   2150.0   0.71372
   2155.0   0.70802
   2160.0   0.69893
   2165.0   0.68542
   2170.0   0.67042
   2175.0   0.65303
   2180.0   0.63643
   2185.0   0.62088
   2190.0   0.60274
   2195.0   0.58382
   2200.0   0.56951
   2205.0   0.56579
   2210.0   0.57368
   2215.0   0.59151
   2220.0   0.60741
   2225.0   0.61776
   2230.0   0.62509
   2235.0   0.63281
   2240.0   0.64271
   2245.0   0.65393
   2250.0   0.66508
   2255.0   0.67229
   2260.0   0.67637
   2265.0   0.67800
   2270.0   0.67673
   2275.0   0.67455
   2280.0   0.67088
   2285.0   0.66713
   2290.0   0.66202
   2295.0   0.65841
   2300.0   0.65270
   2305.0   0.64750
   2310.0   0.64308
   2315.0   0.63776
   2320.0   0.63280
   2325.0   0.62801
   2330.0   0.62280
   2335.0   0.61643
   2340.0   0.60894
   2345.0   0.60222
   2350.0   0.59498
   2355.0   0.58833
   2360.0   0.58239
   2365.0   0.57835
   2370.0   0.57459
   2375.0   0.56956
   2380.0   0.56408
   2385.0   0.55897
   2390.0   0.55403
   2395.0   0.54921
   2400.0   0.54445
   2405.0   0.54005
   2410.0   0.53423
   2415.0   0.52912
   2420.0   0.52447
   2425.0   0.51862
   2430.0   0.51360
   2435.0   0.50701
   2440.0   0.50164
   2445.0   0.49673
   2450.0   0.49322
   2455.0   0.48920
   2460.0   0.48667
   2465.0   0.48360
   2470.0   0.48212
   2475.0   0.48096
   2480.0   0.47865
   2485.0   0.47585
   2490.0   0.47287
   2495.0   0.46936
   2500.0   0.46541
   2505.0   0.46144
   2510.0   0.45796
   2515.0   0.45486
   2520.0   0.45162
   2525.0   0.44786
   2530.0   0.44572
   2535.0   0.44454
   2540.0   0.44187
   2545.0   0.44012
   2550.0   0.44031
   2555.0   0.43780
   2560.0   0.43447
   2565.0   0.43640
   2570.0   0.43311
   2575.0   0.43307
   2580.0   0.43049
   2585.0   0.43002
   2590.0   0.42529
   2595.0   0.42551
   2600.0   0.41769
   2605.0   0.41502
   2610.0   0.41006
   2615.0   0.40361
   2620.0   0.39742
   2625.0   0.38997
   2630.0   0.38187
   2635.0   0.37433
   2640.0   0.36663
   2645.0   0.35896
   2650.0   0.34977
   2655.0   0.33978
   2660.0   0.32772
   2665.0   0.31344
   2670.0   0.29077
   2675.0   0.26529
   2680.0   0.23326
   2685.0   0.20056
   2690.0   0.16808
   2695.0   0.13482
   2700.0   0.10982
   2705.0   0.08911
   2710.0   0.07245
   2715.0   0.05655
   2720.0   0.04430
   2725.0   0.03506
   2730.0   0.02910
   2735.0   0.02691
   2740.0   0.02361
   2745.0   0.02358
   2750.0   0.02034
   2755.0   0.02217
   2760.0   0.02937
   2765.0   0.02556
   2770.0   0.02473
   2775.0   0.02904
   2780.0   0.03494
   2785.0   0.04081
   2790.0   0.04960
   2795.0   0.04500
   2800.0   0.04874
   2805.0   0.04787
   2810.0   0.05385
   2815.0   0.05234
   2820.0   0.04867
   2825.0   0.05111
   2830.0   0.04666
   2835.0   0.05049
   2840.0   0.04556
   2845.0   0.04579
   2850.0   0.04495
   2855.0   0.04053
   2860.0   0.04454
   2865.0   0.04240
   2870.0   0.03979
   2875.0   0.03939
   2880.0   0.03952
   2885.0   0.04261
   2890.0   0.04007
   2895.0   0.03849
   2900.0   0.04193
   2905.0   0.03948
   2910.0   0.03763
   2915.0   0.03929
   2920.0   0.03663
   2925.0   0.03623
   2930.0   0.03689
   2935.0   0.03635
   2940.0   0.03801
   2945.0   0.03860
   2950.0   0.03957
   2955.0   0.03965
   2960.0   0.04165
   2965.0   0.04037
   2970.0   0.04353
   2975.0   0.04080
   2980.0   0.04463
   2985.0   0.04301
   2990.0   0.04487
   2995.0   0.04601
   3000.0   0.04633
   3005.0   0.04798
   3010.0   0.04715
   3015.0   0.04966
   3020.0   0.05170
   3025.0   0.05180
   3030.0   0.05361
   3035.0   0.05279
   3040.0   0.05531
   3045.0   0.05428
   3050.0   0.05561
   3055.0   0.05643
   3060.0   0.05552
   3065.0   0.05732
   3070.0   0.05823
   3075.0   0.05649
   3080.0   0.05786
   3085.0   0.05921
   3090.0   0.05999
   3095.0   0.05969
   3100.0   0.06201
   3105.0   0.06425
   3110.0   0.06584
   3115.0   0.06771
   3120.0   0.06878
   3125.0   0.07226
   3130.0   0.07389
   3135.0   0.07705
   3140.0   0.07895
   3145.0   0.08210
   3150.0   0.08600
   3155.0   0.08620
   3160.0   0.09058
   3165.0   0.09144
   3170.0   0.09762
   3175.0   0.09901
   3180.0   0.10042
   3185.0   0.10512
   3190.0   0.10815
   3195.0   0.11076
   3200.0   0.11427
   3205.0   0.11751
   3210.0   0.12162
   3215.0   0.12355
   3220.0   0.12620
   3225.0   0.13069
   3230.0   0.13329
   3235.0   0.13816
   3240.0   0.14015
   3245.0   0.14403
   3250.0   0.14709
   3255.0   0.15169
   3260.0   0.15495
   3265.0   0.15731
   3270.0   0.16118
   3275.0   0.16648
   3280.0   0.16976
   3285.0   0.17307
   3290.0   0.17833
   3295.0   0.17921
   3300.0   0.18500
   3305.0   0.18957
   3310.0   0.19315
   3315.0   0.19673
   3320.0   0.20089
   3325.0   0.20669
   3330.0   0.21105
   3335.0   0.21501
   3340.0   0.22056
   3345.0   0.22592
   3350.0   0.23230
   3355.0   0.23960
   3360.0   0.24524
   3365.0   0.25356
   3370.0   0.25685
   3375.0   0.26286
   3380.0   0.26640
   3385.0   0.27119
   3390.0   0.28109
   3395.0   0.29077
   3400.0   0.29898
   3405.0   0.30300
   3410.0   0.31010
   3415.0   0.31184
   3420.0   0.30784
   3425.0   0.30914
   3430.0   0.30845
   3435.0   0.30944
   3440.0   0.31316
   3445.0   0.31719
   3450.0   0.31325
   3455.0   0.31674
   3460.0   0.32484
   3465.0   0.32874
   3470.0   0.33170
   3475.0   0.34075
   3480.0   0.34207
   3485.0   0.35176
   3490.0   0.36211
   3495.0   0.35963
   3500.0   0.36550



 C1JB01      .ASC                        

 JB-CMP-001                                                              
 SWY-1 MONT, 100% OF CATION EXCHANGE CAPACITY EXCHANGED WITH FE          
 RATIOS ADJUSTED USING NBS HALON CALIBRATION TABLE                       

 Source Ang: 30.00   Detect Ang:  0.00  Volt: 0.222
 Date: 13-NOV-90   Time: 14:11:42
