   641
    300.0   0.15348
    305.0   0.18149
    310.0   0.21483
    315.0   0.24438
    320.0   0.27390
    325.0   0.30068
    330.0   0.32455
    335.0   0.34548
    340.0   0.36310
    345.0   0.37973
    350.0   0.39318
    355.0   0.40665
    360.0   0.41593
    365.0   0.42735
    370.0   0.44292
    375.0   0.45718
    380.0   0.47329
    385.0   0.49310
    390.0   0.50993
    395.0   0.51980
    400.0   0.52688
    405.0   0.53549
    410.0   0.54585
    415.0   0.55478
    420.0   0.56452
    425.0   0.57578
    430.0   0.58424
    435.0   0.59020
    440.0   0.60240
    445.0   0.61467
    450.0   0.62362
    455.0   0.62838
    460.0   0.63149
    465.0   0.63769
    470.0   0.64228
    475.0   0.64788
    480.0   0.65342
    485.0   0.65855
    490.0   0.66362
    495.0   0.67010
    500.0   0.67581
    505.0   0.68037
    510.0   0.68486
    515.0   0.68947
    520.0   0.69412
    525.0   0.69802
    530.0   0.70172
    535.0   0.70429
    540.0   0.70678
    545.0   0.71099
    550.0   0.71343
    555.0   0.71397
    560.0   0.71657
    565.0   0.71827
    570.0   0.71980
    575.0   0.72046
    580.0   0.72254
    585.0   0.72340
    590.0   0.72444
    595.0   0.72595
    600.0   0.72716
    605.0   0.72900
    610.0   0.72974
    615.0   0.73071
    620.0   0.73266
    625.0   0.73309
    630.0   0.73418
    635.0   0.73578
    640.0   0.73640
    645.0   0.73694
    650.0   0.73817
    655.0   0.73945
    660.0   0.74076
    665.0   0.74177
    670.0   0.74329
    675.0   0.74429
    680.0   0.74562
    685.0   0.74684
    690.0   0.74823
    695.0   0.74976
    700.0   0.75048
    705.0   0.75138
    710.0   0.75245
    715.0   0.75292
    720.0   0.75385
    725.0   0.75322
    730.0   0.75347
    735.0   0.75313
    740.0   0.75462
    745.0   0.75435
    750.0   0.75436
    755.0   0.75470
    760.0   0.75668
    765.0   0.75719
    770.0   0.75298
    775.0   0.75322
    780.0   0.75422
    785.0   0.75425
    790.0   0.75401
    795.0   0.75372
    800.0   0.75341
    805.0   0.75300
    810.0   0.75288
    815.0   0.75252
    820.0   0.75226
    825.0   0.75235
    830.0   0.75097
    835.0   0.75010
    840.0   0.74950
    845.0   0.74938
    850.0   0.74799
    855.0   0.74750
    860.0   0.74694
    865.0   0.74711
    870.0   0.74643
    875.0   0.74532
    880.0   0.74525
    885.0   0.74477
    890.0   0.74579
    895.0   0.74505
    900.0   0.74556
    905.0   0.74628
    910.0   0.74549
    915.0   0.74525
    920.0   0.74561
    925.0   0.74527
    930.0   0.74608
    935.0   0.74620
    940.0   0.74630
    945.0   0.74686
    950.0   0.74624
    955.0   0.74496
    960.0   0.74426
    965.0   0.74561
    970.0   0.74693
    975.0   0.75051
    980.0   0.75225
    985.0   0.75373
    990.0   0.75517
    995.0   0.75593
   1000.0   0.75649
   1005.0   0.75729
   1010.0   0.75825
   1015.0   0.75937
   1020.0   0.76035
   1025.0   0.76100
   1030.0   0.76152
   1035.0   0.76267
   1040.0   0.76325
   1045.0   0.76364
   1050.0   0.76436
   1055.0   0.76539
   1060.0   0.76587
   1065.0   0.76625
   1070.0   0.76620
   1075.0   0.76739
   1080.0   0.76773
   1085.0   0.76778
   1090.0   0.76856
   1095.0   0.76911
   1100.0   0.76951
   1105.0   0.76971
   1110.0   0.76980
   1115.0   0.76999
   1120.0   0.76996
   1125.0   0.77046
   1130.0   0.77053
   1135.0   0.77004
   1140.0   0.76884
   1145.0   0.76641
   1150.0   0.76444
   1155.0   0.76461
   1160.0   0.76721
   1165.0   0.76974
   1170.0   0.77084
   1175.0   0.77201
   1180.0   0.77231
   1185.0   0.77340
   1190.0   0.77398
   1195.0   0.77394
   1200.0   0.77347
   1205.0   0.77275
   1210.0   0.77291
   1215.0   0.77443
   1220.0   0.77510
   1225.0   0.77594
   1230.0   0.77560
   1235.0   0.77558
   1240.0   0.77565
   1245.0   0.77578
   1250.0   0.77639
   1255.0   0.77723
   1260.0   0.77873
   1265.0   0.77898
   1270.0   0.77851
   1275.0   0.77772
   1280.0   0.77830
   1285.0   0.77809
   1290.0   0.77781
   1295.0   0.77743
   1300.0   0.77606
   1305.0   0.77537
   1310.0   0.77415
   1315.0   0.77407
   1320.0   0.77304
   1325.0   0.77201
   1330.0   0.77038
   1335.0   0.76880
   1340.0   0.76703
   1345.0   0.76422
   1350.0   0.76141
   1355.0   0.75836
   1360.0   0.75339
   1365.0   0.75030
   1370.0   0.74326
   1375.0   0.73141
   1380.0   0.71277
   1385.0   0.69800
   1390.0   0.67140
   1395.0   0.63779
   1400.0   0.60636
   1405.0   0.58202
   1410.0   0.57156
   1415.0   0.57788
   1420.0   0.60256
   1425.0   0.63060
   1430.0   0.65461
   1435.0   0.67282
   1440.0   0.68572
   1445.0   0.69363
   1450.0   0.69639
   1455.0   0.69665
   1460.0   0.69590
   1465.0   0.69991
   1470.0   0.70741
   1475.0   0.71605
   1480.0   0.72230
   1485.0   0.72772
   1490.0   0.73190
   1495.0   0.73592
   1500.0   0.73938
   1505.0   0.74301
   1510.0   0.74523
   1515.0   0.74832
   1520.0   0.75138
   1525.0   0.75308
   1530.0   0.75576
   1535.0   0.75731
   1540.0   0.75834
   1545.0   0.75917
   1550.0   0.76066
   1555.0   0.76175
   1560.0   0.76366
   1565.0   0.76488
   1570.0   0.76635
   1575.0   0.76663
   1580.0   0.76863
   1585.0   0.76907
   1590.0   0.77093
   1595.0   0.77074
   1600.0   0.77150
   1605.0   0.77109
   1610.0   0.77228
   1615.0   0.77277
   1620.0   0.77332
   1625.0   0.77386
   1630.0   0.77388
   1635.0   0.77325
   1640.0   0.77436
   1645.0   0.77363
   1650.0   0.77352
   1655.0   0.77428
   1660.0   0.77529
   1665.0   0.77512
   1670.0   0.77536
   1675.0   0.77508
   1680.0   0.77544
   1685.0   0.77477
   1690.0   0.77475
   1695.0   0.77462
   1700.0   0.77453
   1705.0   0.77301
   1710.0   0.77225
   1715.0   0.77229
   1720.0   0.77176
   1725.0   0.76982
   1730.0   0.76788
   1735.0   0.76617
   1740.0   0.76452
   1745.0   0.76232
   1750.0   0.76138
   1755.0   0.75951
   1760.0   0.75764
   1765.0   0.75624
   1770.0   0.75435
   1775.0   0.75213
   1780.0   0.75148
   1785.0   0.75000
   1790.0   0.74841
   1795.0   0.74655
   1800.0   0.74559
   1805.0   0.74432
   1810.0   0.74362
   1815.0   0.74150
   1820.0   0.74152
   1825.0   0.73951
   1830.0   0.73726
   1835.0   0.73444
   1840.0   0.73370
   1845.0   0.72952
   1850.0   0.72649
   1855.0   0.72055
   1860.0   0.71242
   1865.0   0.69757
   1870.0   0.67908
   1875.0   0.65519
   1880.0   0.61476
   1885.0   0.56478
   1890.0   0.50331
   1895.0   0.44733
   1900.0   0.41663
   1905.0   0.41670
   1910.0   0.43670
   1915.0   0.46698
   1920.0   0.49417
   1925.0   0.51493
   1930.0   0.53160
   1935.0   0.54234
   1940.0   0.54965
   1945.0   0.55427
   1950.0   0.55779
   1955.0   0.56203
   1960.0   0.56670
   1965.0   0.57161
   1970.0   0.57768
   1975.0   0.58423
   1980.0   0.59050
   1985.0   0.59798
   1990.0   0.60503
   1995.0   0.61328
   2000.0   0.62069
   2005.0   0.62781
   2010.0   0.63393
   2015.0   0.64061
   2020.0   0.64607
   2025.0   0.65102
   2030.0   0.65492
   2035.0   0.65921
   2040.0   0.66159
   2045.0   0.66426
   2050.0   0.66629
   2055.0   0.66827
   2060.0   0.66859
   2065.0   0.66799
   2070.0   0.66879
   2075.0   0.66963
   2080.0   0.66934
   2085.0   0.66874
   2090.0   0.66826
   2095.0   0.66881
   2100.0   0.66943
   2105.0   0.67017
   2110.0   0.67145
   2115.0   0.67310
   2120.0   0.67437
   2125.0   0.67334
   2130.0   0.67208
   2135.0   0.66944
   2140.0   0.66615
   2145.0   0.66241
   2150.0   0.65806
   2155.0   0.65103
   2160.0   0.63844
   2165.0   0.62279
   2170.0   0.60575
   2175.0   0.58726
   2180.0   0.57013
   2185.0   0.55491
   2190.0   0.53819
   2195.0   0.51960
   2200.0   0.50490
   2205.0   0.50016
   2210.0   0.50760
   2215.0   0.52487
   2220.0   0.54143
   2225.0   0.55188
   2230.0   0.55966
   2235.0   0.56701
   2240.0   0.57704
   2245.0   0.58966
   2250.0   0.60060
   2255.0   0.60866
   2260.0   0.61330
   2265.0   0.61530
   2270.0   0.61482
   2275.0   0.61202
   2280.0   0.60867
   2285.0   0.60499
   2290.0   0.59998
   2295.0   0.59521
   2300.0   0.58920
   2305.0   0.58355
   2310.0   0.57849
   2315.0   0.57342
   2320.0   0.56786
   2325.0   0.56240
   2330.0   0.55699
   2335.0   0.54923
   2340.0   0.54146
   2345.0   0.53452
   2350.0   0.52732
   2355.0   0.52083
   2360.0   0.51627
   2365.0   0.51204
   2370.0   0.50810
   2375.0   0.50347
   2380.0   0.49843
   2385.0   0.49374
   2390.0   0.48864
   2395.0   0.48408
   2400.0   0.47951
   2405.0   0.47532
   2410.0   0.47028
   2415.0   0.46479
   2420.0   0.45979
   2425.0   0.45450
   2430.0   0.44932
   2435.0   0.44274
   2440.0   0.43749
   2445.0   0.43282
   2450.0   0.42904
   2455.0   0.42554
   2460.0   0.42242
   2465.0   0.41962
   2470.0   0.41755
   2475.0   0.41675
   2480.0   0.41404
   2485.0   0.41129
   2490.0   0.40769
   2495.0   0.40489
   2500.0   0.40077
   2505.0   0.39748
   2510.0   0.39413
   2515.0   0.39117
   2520.0   0.38859
   2525.0   0.38546
   2530.0   0.38285
   2535.0   0.38216
   2540.0   0.37953
   2545.0   0.37813
   2550.0   0.37857
   2555.0   0.37696
   2560.0   0.37489
   2565.0   0.37676
   2570.0   0.37316
   2575.0   0.37279
   2580.0   0.36986
   2585.0   0.36843
   2590.0   0.36574
   2595.0   0.36487
   2600.0   0.35925
   2605.0   0.35706
   2610.0   0.35151
   2615.0   0.34658
   2620.0   0.34105
   2625.0   0.33418
   2630.0   0.32614
   2635.0   0.31978
   2640.0   0.31385
   2645.0   0.30783
   2650.0   0.30050
   2655.0   0.29353
   2660.0   0.28173
   2665.0   0.26775
   2670.0   0.24607
   2675.0   0.22208
   2680.0   0.19502
   2685.0   0.16724
   2690.0   0.14207
   2695.0   0.11796
   2700.0   0.09879
   2705.0   0.08467
   2710.0   0.07292
   2715.0   0.06135
   2720.0   0.05103
   2725.0   0.04281
   2730.0   0.03756
   2735.0   0.03430
   2740.0   0.03329
   2745.0   0.02794
   2750.0   0.02736
   2755.0   0.02534
   2760.0   0.03020
   2765.0   0.02701
   2770.0   0.03138
   2775.0   0.02302
   2780.0   0.04555
   2785.0   0.04330
   2790.0   0.04796
   2795.0   0.05517
   2800.0   0.05274
   2805.0   0.05596
   2810.0   0.05571
   2815.0   0.05617
   2820.0   0.06097
   2825.0   0.05434
   2830.0   0.05257
   2835.0   0.05373
   2840.0   0.05260
   2845.0   0.05141
   2850.0   0.05234
   2855.0   0.05208
   2860.0   0.05377
   2865.0   0.04909
   2870.0   0.05096
   2875.0   0.05008
   2880.0   0.04730
   2885.0   0.04807
   2890.0   0.04928
   2895.0   0.04779
   2900.0   0.04836
   2905.0   0.04398
   2910.0   0.04728
   2915.0   0.04591
   2920.0   0.04492
   2925.0   0.04466
   2930.0   0.04645
   2935.0   0.04854
   2940.0   0.04645
   2945.0   0.04732
   2950.0   0.04743
   2955.0   0.04982
   2960.0   0.04901
   2965.0   0.04951
   2970.0   0.04850
   2975.0   0.04865
   2980.0   0.05035
   2985.0   0.05076
   2990.0   0.05201
   2995.0   0.05340
   3000.0   0.05265
   3005.0   0.05455
   3010.0   0.05512
   3015.0   0.05624
   3020.0   0.05666
   3025.0   0.05551
   3030.0   0.05828
   3035.0   0.05829
   3040.0   0.05787
   3045.0   0.05896
   3050.0   0.05995
   3055.0   0.06039
   3060.0   0.06048
   3065.0   0.06143
   3070.0   0.06124
   3075.0   0.05957
   3080.0   0.06242
   3085.0   0.06269
   3090.0   0.06345
   3095.0   0.06374
   3100.0   0.06442
   3105.0   0.06478
   3110.0   0.06642
   3115.0   0.06795
   3120.0   0.06800
   3125.0   0.07064
   3130.0   0.07164
   3135.0   0.07071
   3140.0   0.07298
   3145.0   0.07517
   3150.0   0.07781
   3155.0   0.08008
   3160.0   0.08041
   3165.0   0.08190
   3170.0   0.08366
   3175.0   0.08526
   3180.0   0.08673
   3185.0   0.08823
   3190.0   0.08887
   3195.0   0.09242
   3200.0   0.09343
   3205.0   0.09522
   3210.0   0.09650
   3215.0   0.09894
   3220.0   0.10016
   3225.0   0.10225
   3230.0   0.10392
   3235.0   0.10498
   3240.0   0.10689
   3245.0   0.10862
   3250.0   0.11132
   3255.0   0.11022
   3260.0   0.11313
   3265.0   0.11589
   3270.0   0.11596
   3275.0   0.11692
   3280.0   0.12153
   3285.0   0.12161
   3290.0   0.12324
   3295.0   0.12513
   3300.0   0.12661
   3305.0   0.12996
   3310.0   0.13163
   3315.0   0.13163
   3320.0   0.13488
   3325.0   0.13523
   3330.0   0.13788
   3335.0   0.14138
   3340.0   0.14290
   3345.0   0.14459
   3350.0   0.14914
   3355.0   0.15097
   3360.0   0.15426
   3365.0   0.15817
   3370.0   0.16103
   3375.0   0.16117
   3380.0   0.16394
   3385.0   0.16799
   3390.0   0.17053
   3395.0   0.17813
   3400.0   0.18151
   3405.0   0.18359
   3410.0   0.18739
   3415.0   0.18380
   3420.0   0.18429
   3425.0   0.18223
   3430.0   0.18483
   3435.0   0.18352
   3440.0   0.18334
   3445.0   0.18276
   3450.0   0.18269
   3455.0   0.18496
   3460.0   0.18831
   3465.0   0.19144
   3470.0   0.19158
   3475.0   0.19978
   3480.0   0.19992
   3485.0   0.19976
   3490.0   0.20835
   3495.0   0.20862
   3500.0   0.20689



 C1JB05      .ASC                        

 JB-CMP-005                                                              
 SWY-1 MONT, 100% CEC H-EXCHANGED                                        
 RATIOS ADJUSTED USING NBS HALON CALIBRATION TABLE                       

 Source Ang: 30.00   Detect Ang:  0.00  Volt: 0.222
 Date: 13-NOV-90   Time: 15:56:32
