   641
    300.0   0.15444
    305.0   0.17916
    310.0   0.20339
    315.0   0.22550
    320.0   0.24208
    325.0   0.25592
    330.0   0.26479
    335.0   0.27533
    340.0   0.28300
    345.0   0.29196
    350.0   0.29831
    355.0   0.30678
    360.0   0.31443
    365.0   0.32649
    370.0   0.34377
    375.0   0.36453
    380.0   0.38608
    385.0   0.40614
    390.0   0.42402
    395.0   0.43740
    400.0   0.45031
    405.0   0.46566
    410.0   0.48003
    415.0   0.49535
    420.0   0.51007
    425.0   0.52391
    430.0   0.53627
    435.0   0.54680
    440.0   0.55830
    445.0   0.57192
    450.0   0.58228
    455.0   0.59055
    460.0   0.59716
    465.0   0.60377
    470.0   0.60800
    475.0   0.61239
    480.0   0.61721
    485.0   0.62032
    490.0   0.62414
    495.0   0.62907
    500.0   0.63446
    505.0   0.63955
    510.0   0.64532
    515.0   0.65335
    520.0   0.66099
    525.0   0.66799
    530.0   0.67418
    535.0   0.67869
    540.0   0.68317
    545.0   0.68654
    550.0   0.68937
    555.0   0.69414
    560.0   0.69542
    565.0   0.69881
    570.0   0.69919
    575.0   0.70015
    580.0   0.70143
    585.0   0.70081
    590.0   0.70209
    595.0   0.70246
    600.0   0.70211
    605.0   0.70130
    610.0   0.70198
    615.0   0.70186
    620.0   0.70117
    625.0   0.70201
    630.0   0.70203
    635.0   0.70262
    640.0   0.70294
    645.0   0.70466
    650.0   0.70635
    655.0   0.70731
    660.0   0.70886
    665.0   0.71044
    670.0   0.71212
    675.0   0.71399
    680.0   0.71578
    685.0   0.71771
    690.0   0.71992
    695.0   0.72208
    700.0   0.72443
    705.0   0.72627
    710.0   0.72756
    715.0   0.73002
    720.0   0.72932
    725.0   0.73166
    730.0   0.73298
    735.0   0.73321
    740.0   0.73366
    745.0   0.73449
    750.0   0.73551
    755.0   0.73628
    760.0   0.73635
    765.0   0.73771
    770.0   0.73810
    775.0   0.73848
    780.0   0.73882
    785.0   0.74025
    790.0   0.73906
    795.0   0.73918
    800.0   0.73925
    805.0   0.73933
    810.0   0.73925
    815.0   0.73954
    820.0   0.73888
    825.0   0.73859
    830.0   0.73830
    835.0   0.73804
    840.0   0.73779
    845.0   0.73838
    850.0   0.73849
    855.0   0.73800
    860.0   0.73802
    865.0   0.73808
    870.0   0.73760
    875.0   0.73756
    880.0   0.73932
    885.0   0.73912
    890.0   0.73825
    895.0   0.73899
    900.0   0.73880
    905.0   0.73943
    910.0   0.73944
    915.0   0.73901
    920.0   0.74048
    925.0   0.74017
    930.0   0.74034
    935.0   0.74095
    940.0   0.74102
    945.0   0.74134
    950.0   0.74098
    955.0   0.73914
    960.0   0.73922
    965.0   0.73984
    970.0   0.74168
    975.0   0.74338
    980.0   0.74510
    985.0   0.74592
    990.0   0.74675
    995.0   0.74713
   1000.0   0.74734
   1005.0   0.74827
   1010.0   0.74944
   1015.0   0.75025
   1020.0   0.75081
   1025.0   0.75161
   1030.0   0.75203
   1035.0   0.75286
   1040.0   0.75298
   1045.0   0.75376
   1050.0   0.75433
   1055.0   0.75446
   1060.0   0.75507
   1065.0   0.75537
   1070.0   0.75587
   1075.0   0.75637
   1080.0   0.75643
   1085.0   0.75674
   1090.0   0.75713
   1095.0   0.75764
   1100.0   0.75777
   1105.0   0.75865
   1110.0   0.75884
   1115.0   0.75921
   1120.0   0.75965
   1125.0   0.75908
   1130.0   0.75973
   1135.0   0.76009
   1140.0   0.75888
   1145.0   0.75789
   1150.0   0.75639
   1155.0   0.75722
   1160.0   0.75876
   1165.0   0.75970
   1170.0   0.76008
   1175.0   0.76115
   1180.0   0.76199
   1185.0   0.76283
   1190.0   0.76269
   1195.0   0.76259
   1200.0   0.76287
   1205.0   0.76379
   1210.0   0.76419
   1215.0   0.76506
   1220.0   0.76520
   1225.0   0.76519
   1230.0   0.76545
   1235.0   0.76581
   1240.0   0.76619
   1245.0   0.76651
   1250.0   0.76692
   1255.0   0.76783
   1260.0   0.76821
   1265.0   0.76966
   1270.0   0.76970
   1275.0   0.76992
   1280.0   0.76882
   1285.0   0.76935
   1290.0   0.76916
   1295.0   0.76870
   1300.0   0.76849
   1305.0   0.76829
   1310.0   0.76802
   1315.0   0.76811
   1320.0   0.76784
   1325.0   0.76690
   1330.0   0.76637
   1335.0   0.76591
   1340.0   0.76479
   1345.0   0.76312
   1350.0   0.76200
   1355.0   0.76132
   1360.0   0.75898
   1365.0   0.75565
   1370.0   0.75100
   1375.0   0.74062
   1380.0   0.72948
   1385.0   0.71752
   1390.0   0.69502
   1395.0   0.66957
   1400.0   0.64528
   1405.0   0.62643
   1410.0   0.61724
   1415.0   0.62432
   1420.0   0.64374
   1425.0   0.66543
   1430.0   0.68369
   1435.0   0.69737
   1440.0   0.70683
   1445.0   0.71244
   1450.0   0.71563
   1455.0   0.71607
   1460.0   0.71675
   1465.0   0.71974
   1470.0   0.72530
   1475.0   0.73131
   1480.0   0.73608
   1485.0   0.73997
   1490.0   0.74420
   1495.0   0.74694
   1500.0   0.74968
   1505.0   0.75273
   1510.0   0.75605
   1515.0   0.75766
   1520.0   0.75923
   1525.0   0.76148
   1530.0   0.76286
   1535.0   0.76430
   1540.0   0.76520
   1545.0   0.76721
   1550.0   0.76954
   1555.0   0.76980
   1560.0   0.77190
   1565.0   0.77158
   1570.0   0.77490
   1575.0   0.77411
   1580.0   0.77479
   1585.0   0.77633
   1590.0   0.77634
   1595.0   0.77727
   1600.0   0.77868
   1605.0   0.77891
   1610.0   0.77971
   1615.0   0.78087
   1620.0   0.78140
   1625.0   0.78150
   1630.0   0.78183
   1635.0   0.78325
   1640.0   0.78300
   1645.0   0.78381
   1650.0   0.78398
   1655.0   0.78364
   1660.0   0.78476
   1665.0   0.78524
   1670.0   0.78548
   1675.0   0.78689
   1680.0   0.78544
   1685.0   0.78546
   1690.0   0.78528
   1695.0   0.78657
   1700.0   0.78507
   1705.0   0.78531
   1710.0   0.78544
   1715.0   0.78467
   1720.0   0.78391
   1725.0   0.78291
   1730.0   0.78166
   1735.0   0.77976
   1740.0   0.77911
   1745.0   0.77844
   1750.0   0.77779
   1755.0   0.77629
   1760.0   0.77518
   1765.0   0.77456
   1770.0   0.77352
   1775.0   0.77181
   1780.0   0.77120
   1785.0   0.77025
   1790.0   0.76929
   1795.0   0.76847
   1800.0   0.76732
   1805.0   0.76704
   1810.0   0.76632
   1815.0   0.76545
   1820.0   0.76553
   1825.0   0.76380
   1830.0   0.76281
   1835.0   0.76045
   1840.0   0.75992
   1845.0   0.75715
   1850.0   0.75500
   1855.0   0.75029
   1860.0   0.74426
   1865.0   0.73115
   1870.0   0.71955
   1875.0   0.69786
   1880.0   0.66634
   1885.0   0.62615
   1890.0   0.57265
   1895.0   0.51699
   1900.0   0.48057
   1905.0   0.47080
   1910.0   0.48228
   1915.0   0.50503
   1920.0   0.53019
   1925.0   0.54976
   1930.0   0.56545
   1935.0   0.57611
   1940.0   0.58418
   1945.0   0.58925
   1950.0   0.59391
   1955.0   0.59831
   1960.0   0.60255
   1965.0   0.60708
   1970.0   0.61236
   1975.0   0.61775
   1980.0   0.62356
   1985.0   0.62929
   1990.0   0.63624
   1995.0   0.64356
   2000.0   0.65033
   2005.0   0.65691
   2010.0   0.66259
   2015.0   0.67035
   2020.0   0.67619
   2025.0   0.68128
   2030.0   0.68571
   2035.0   0.69006
   2040.0   0.69355
   2045.0   0.69615
   2050.0   0.69779
   2055.0   0.69939
   2060.0   0.70066
   2065.0   0.70078
   2070.0   0.70120
   2075.0   0.70126
   2080.0   0.70095
   2085.0   0.70096
   2090.0   0.70174
   2095.0   0.70274
   2100.0   0.70292
   2105.0   0.70463
   2110.0   0.70651
   2115.0   0.70744
   2120.0   0.70829
   2125.0   0.70874
   2130.0   0.70834
   2135.0   0.70573
   2140.0   0.70302
   2145.0   0.69997
   2150.0   0.69553
   2155.0   0.68951
   2160.0   0.67945
   2165.0   0.66609
   2170.0   0.65060
   2175.0   0.63420
   2180.0   0.61836
   2185.0   0.60395
   2190.0   0.58866
   2195.0   0.57212
   2200.0   0.55815
   2205.0   0.55212
   2210.0   0.55911
   2215.0   0.57541
   2220.0   0.59113
   2225.0   0.60149
   2230.0   0.60821
   2235.0   0.61427
   2240.0   0.62292
   2245.0   0.63406
   2250.0   0.64519
   2255.0   0.65367
   2260.0   0.65819
   2265.0   0.66060
   2270.0   0.66122
   2275.0   0.66127
   2280.0   0.65811
   2285.0   0.65372
   2290.0   0.64939
   2295.0   0.64429
   2300.0   0.63869
   2305.0   0.63328
   2310.0   0.62773
   2315.0   0.62326
   2320.0   0.61860
   2325.0   0.61328
   2330.0   0.60725
   2335.0   0.60062
   2340.0   0.59358
   2345.0   0.58658
   2350.0   0.57947
   2355.0   0.57287
   2360.0   0.56694
   2365.0   0.56299
   2370.0   0.55845
   2375.0   0.55367
   2380.0   0.54869
   2385.0   0.54316
   2390.0   0.53879
   2395.0   0.53394
   2400.0   0.52876
   2405.0   0.52484
   2410.0   0.51985
   2415.0   0.51488
   2420.0   0.51050
   2425.0   0.50511
   2430.0   0.49956
   2435.0   0.49410
   2440.0   0.48891
   2445.0   0.48480
   2450.0   0.48078
   2455.0   0.47786
   2460.0   0.47497
   2465.0   0.47242
   2470.0   0.47049
   2475.0   0.46816
   2480.0   0.46499
   2485.0   0.46251
   2490.0   0.45986
   2495.0   0.45604
   2500.0   0.45233
   2505.0   0.44855
   2510.0   0.44529
   2515.0   0.44275
   2520.0   0.43907
   2525.0   0.43603
   2530.0   0.43375
   2535.0   0.43384
   2540.0   0.42962
   2545.0   0.43001
   2550.0   0.43209
   2555.0   0.42752
   2560.0   0.42369
   2565.0   0.42710
   2570.0   0.42465
   2575.0   0.42470
   2580.0   0.42081
   2585.0   0.42227
   2590.0   0.41747
   2595.0   0.42000
   2600.0   0.41165
   2605.0   0.41065
   2610.0   0.40581
   2615.0   0.40096
   2620.0   0.39398
   2625.0   0.38792
   2630.0   0.38292
   2635.0   0.37556
   2640.0   0.36740
   2645.0   0.35875
   2650.0   0.35067
   2655.0   0.34010
   2660.0   0.32929
   2665.0   0.31581
   2670.0   0.29312
   2675.0   0.26551
   2680.0   0.23070
   2685.0   0.19397
   2690.0   0.15956
   2695.0   0.12882
   2700.0   0.10687
   2705.0   0.08849
   2710.0   0.07357
   2715.0   0.05835
   2720.0   0.04663
   2725.0   0.03533
   2730.0   0.02861
   2735.0   0.02554
   2740.0   0.02425
   2745.0   0.02152
   2750.0   0.02120
   2755.0   0.02160
   2760.0   0.02904
   2765.0   0.02680
   2770.0   0.03405
   2775.0   0.03666
   2780.0   0.04184
   2785.0   0.03932
   2790.0   0.04266
   2795.0   0.04743
   2800.0   0.04681
   2805.0   0.04723
   2810.0   0.04011
   2815.0   0.04292
   2820.0   0.04334
   2825.0   0.04390
   2830.0   0.04114
   2835.0   0.04158
   2840.0   0.03767
   2845.0   0.03823
   2850.0   0.03686
   2855.0   0.03748
   2860.0   0.03697
   2865.0   0.03676
   2870.0   0.03536
   2875.0   0.03575
   2880.0   0.03224
   2885.0   0.03598
   2890.0   0.03731
   2895.0   0.03301
   2900.0   0.03489
   2905.0   0.03421
   2910.0   0.03119
   2915.0   0.03243
   2920.0   0.03401
   2925.0   0.03513
   2930.0   0.03788
   2935.0   0.03644
   2940.0   0.03697
   2945.0   0.03435
   2950.0   0.03536
   2955.0   0.03637
   2960.0   0.03556
   2965.0   0.03601
   2970.0   0.03881
   2975.0   0.04183
   2980.0   0.03986
   2985.0   0.03938
   2990.0   0.04311
   2995.0   0.04207
   3000.0   0.04409
   3005.0   0.04379
   3010.0   0.04453
   3015.0   0.04513
   3020.0   0.04590
   3025.0   0.04631
   3030.0   0.04669
   3035.0   0.04726
   3040.0   0.04799
   3045.0   0.04874
   3050.0   0.05035
   3055.0   0.05139
   3060.0   0.04972
   3065.0   0.05078
   3070.0   0.05249
   3075.0   0.05200
   3080.0   0.05249
   3085.0   0.05251
   3090.0   0.05498
   3095.0   0.05505
   3100.0   0.05772
   3105.0   0.05804
   3110.0   0.05834
   3115.0   0.06154
   3120.0   0.06105
   3125.0   0.06498
   3130.0   0.06766
   3135.0   0.06797
   3140.0   0.07321
   3145.0   0.07415
   3150.0   0.07518
   3155.0   0.08068
   3160.0   0.08215
   3165.0   0.08438
   3170.0   0.08642
   3175.0   0.08944
   3180.0   0.09221
   3185.0   0.09767
   3190.0   0.09718
   3195.0   0.10248
   3200.0   0.10784
   3205.0   0.10996
   3210.0   0.11331
   3215.0   0.11461
   3220.0   0.11908
   3225.0   0.12322
   3230.0   0.12706
   3235.0   0.13170
   3240.0   0.13401
   3245.0   0.13779
   3250.0   0.14108
   3255.0   0.14658
   3260.0   0.15009
   3265.0   0.15092
   3270.0   0.15780
   3275.0   0.16180
   3280.0   0.16506
   3285.0   0.16929
   3290.0   0.17086
   3295.0   0.17810
   3300.0   0.18347
   3305.0   0.18778
   3310.0   0.19167
   3315.0   0.19511
   3320.0   0.20020
   3325.0   0.20505
   3330.0   0.21139
   3335.0   0.21250
   3340.0   0.21985
   3345.0   0.22650
   3350.0   0.23311
   3355.0   0.23895
   3360.0   0.24729
   3365.0   0.25812
   3370.0   0.25891
   3375.0   0.26373
   3380.0   0.27164
   3385.0   0.27795
   3390.0   0.28612
   3395.0   0.29387
   3400.0   0.29721
   3405.0   0.30186
   3410.0   0.30086
   3415.0   0.30559
   3420.0   0.29986
   3425.0   0.29958
   3430.0   0.30736
   3435.0   0.31163
   3440.0   0.31338
   3445.0   0.31917
   3450.0   0.32465
   3455.0   0.32710
   3460.0   0.33463
   3465.0   0.33943
   3470.0   0.34353
   3475.0   0.35423
   3480.0   0.35863
   3485.0   0.36134
   3490.0   0.36728
   3495.0   0.36662
   3500.0   0.36876



 C1JB06      .ASC                        

 JB-CMP-006                                                              
 RATIOS ADJUSTED USING NBS HALON CALIBRATION TABLE                       
 100% CA EXCHANGED SWY-1 MONTMORILLONITE                                 

 Source Ang: 30.00   Detect Ang:  0.00  Volt: 0.222
 Date: 12-DEC-90   Time: 15:24:40
