   661
    300.0   0.03058
    305.0   0.02669
    310.0   0.02495
    315.0   0.02447
    320.0   0.02424
    325.0   0.02386
    330.0   0.02369
    335.0   0.02428
    340.0   0.02427
    345.0   0.02488
    350.0   0.02494
    355.0   0.02591
    360.0   0.02703
    365.0   0.02851
    370.0   0.03028
    375.0   0.03227
    380.0   0.03480
    385.0   0.03783
    390.0   0.04101
    395.0   0.04447
    400.0   0.04822
    405.0   0.05292
    410.0   0.05704
    415.0   0.06172
    420.0   0.06711
    425.0   0.07343
    430.0   0.08044
    435.0   0.08759
    440.0   0.09504
    445.0   0.10185
    450.0   0.10800
    455.0   0.11307
    460.0   0.11703
    465.0   0.12030
    470.0   0.12367
    475.0   0.12621
    480.0   0.12961
    485.0   0.13407
    490.0   0.14032
    495.0   0.14914
    500.0   0.16086
    505.0   0.17588
    510.0   0.19463
    515.0   0.21545
    520.0   0.23877
    525.0   0.26355
    530.0   0.28900
    535.0   0.31432
    540.0   0.33893
    545.0   0.36293
    550.0   0.38567
    555.0   0.40771
    560.0   0.42815
    565.0   0.44748
    570.0   0.46572
    575.0   0.48304
    580.0   0.49855
    585.0   0.51248
    590.0   0.52569
    595.0   0.53752
    600.0   0.54792
    605.0   0.55761
    610.0   0.56660
    615.0   0.57501
    620.0   0.58296
    625.0   0.59076
    630.0   0.59788
    635.0   0.60486
    640.0   0.61210
    645.0   0.61824
    650.0   0.62550
    655.0   0.63217
    660.0   0.63978
    665.0   0.64598
    670.0   0.65353
    675.0   0.65917
    680.0   0.66688
    685.0   0.67312
    690.0   0.67951
    695.0   0.68502
    700.0   0.69073
    705.0   0.69591
    710.0   0.69954
    715.0   0.70269
    720.0   0.70608
    725.0   0.70697
    730.0   0.70730
    735.0   0.70787
    740.0   0.70820
    745.0   0.70825
    750.0   0.70697
    755.0   0.70582
    760.0   0.70547
    765.0   0.70346
    770.0   0.70092
    775.0   0.69791
    780.0   0.69391
    785.0   0.69166
    790.0   0.68915
    795.0   0.68547
    800.0   0.68331
    805.0   0.68092
    810.0   0.67790
    815.0   0.67529
    820.0   0.67377
    825.0   0.67198
    830.0   0.66936
    835.0   0.66800
    840.0   0.66565
    845.0   0.66495
    850.0   0.66323
    855.0   0.66156
    860.0   0.66069
    865.0   0.66034
    870.0   0.65901
    875.0   0.65989
    880.0   0.65844
    885.0   0.65894
    890.0   0.65897
    895.0   0.65958
    900.0   0.65975
    905.0   0.66053
    910.0   0.66115
    915.0   0.66275
    920.0   0.66312
    925.0   0.66446
    930.0   0.66602
    935.0   0.66777
    940.0   0.66955
    945.0   0.67036
    950.0   0.67078
    955.0   0.67291
    960.0   0.67517
    965.0   0.67768
    970.0   0.68013
    975.0   0.68357
    980.0   0.68635
    985.0   0.69023
    990.0   0.69291
    995.0   0.69513
   1000.0   0.69824
   1005.0   0.70125
   1010.0   0.70482
   1015.0   0.70892
   1020.0   0.71155
   1025.0   0.71567
   1030.0   0.71924
   1035.0   0.72267
   1040.0   0.72722
   1045.0   0.73024
   1050.0   0.73449
   1055.0   0.73788
   1060.0   0.74219
   1065.0   0.74553
   1070.0   0.74994
   1075.0   0.75317
   1080.0   0.75804
   1085.0   0.76114
   1090.0   0.76489
   1095.0   0.76859
   1100.0   0.77235
   1105.0   0.77622
   1110.0   0.77916
   1115.0   0.78196
   1120.0   0.78726
   1125.0   0.78928
   1130.0   0.79306
   1135.0   0.79457
   1140.0   0.79738
   1145.0   0.79803
   1150.0   0.80038
   1155.0   0.80288
   1160.0   0.80729
   1165.0   0.81127
   1170.0   0.81452
   1175.0   0.81811
   1180.0   0.81999
   1185.0   0.82314
   1190.0   0.82584
   1195.0   0.82842
   1200.0   0.83128
   1205.0   0.83453
   1210.0   0.83562
   1215.0   0.83903
   1220.0   0.84156
   1225.0   0.84314
   1230.0   0.84582
   1235.0   0.84779
   1240.0   0.84925
   1245.0   0.85136
   1250.0   0.85363
   1255.0   0.85494
   1260.0   0.85701
   1265.0   0.85816
   1270.0   0.86001
   1275.0   0.86057
   1280.0   0.86093
   1285.0   0.86106
   1290.0   0.86095
   1295.0   0.86207
   1300.0   0.86197
   1305.0   0.86131
   1310.0   0.86137
   1315.0   0.86069
   1320.0   0.85937
   1325.0   0.85863
   1330.0   0.85650
   1335.0   0.85639
   1340.0   0.85510
   1345.0   0.85310
   1350.0   0.85324
   1355.0   0.84832
   1360.0   0.84514
   1365.0   0.84145
   1370.0   0.83312
   1375.0   0.82506
   1380.0   0.81077
   1385.0   0.79110
   1390.0   0.76804
   1395.0   0.73572
   1400.0   0.70830
   1405.0   0.68786
   1410.0   0.67993
   1415.0   0.68820
   1420.0   0.70712
   1425.0   0.72683
   1430.0   0.74178
   1435.0   0.75197
   1440.0   0.75962
   1445.0   0.76240
   1450.0   0.76356
   1455.0   0.76413
   1460.0   0.76465
   1465.0   0.76927
   1470.0   0.77527
   1475.0   0.78179
   1480.0   0.78729
   1485.0   0.79120
   1490.0   0.79671
   1495.0   0.79962
   1500.0   0.80440
   1505.0   0.80726
   1510.0   0.81076
   1515.0   0.81359
   1520.0   0.81583
   1525.0   0.81793
   1530.0   0.82191
   1535.0   0.82263
   1540.0   0.82537
   1545.0   0.82816
   1550.0   0.82919
   1555.0   0.83019
   1560.0   0.83211
   1565.0   0.83347
   1570.0   0.83445
   1575.0   0.83562
   1580.0   0.83710
   1585.0   0.83763
   1590.0   0.83935
   1595.0   0.83952
   1600.0   0.84031
   1605.0   0.84161
   1610.0   0.84188
   1615.0   0.84254
   1620.0   0.84259
   1625.0   0.84234
   1630.0   0.84228
   1635.0   0.84263
   1640.0   0.84346
   1645.0   0.84276
   1650.0   0.84287
   1655.0   0.84189
   1660.0   0.84091
   1665.0   0.84099
   1670.0   0.84042
   1675.0   0.84067
   1680.0   0.83953
   1685.0   0.83836
   1690.0   0.83808
   1695.0   0.83817
   1700.0   0.83862
   1705.0   0.83695
   1710.0   0.83638
   1715.0   0.83462
   1720.0   0.83322
   1725.0   0.83107
   1730.0   0.82934
   1735.0   0.82770
   1740.0   0.82531
   1745.0   0.82354
   1750.0   0.82155
   1755.0   0.82073
   1760.0   0.81756
   1765.0   0.81625
   1770.0   0.81554
   1775.0   0.81385
   1780.0   0.81243
   1785.0   0.81049
   1790.0   0.80971
   1795.0   0.80907
   1800.0   0.80821
   1805.0   0.80797
   1810.0   0.80729
   1815.0   0.80788
   1820.0   0.80597
   1825.0   0.80615
   1830.0   0.80686
   1835.0   0.80453
   1840.0   0.80079
   1845.0   0.79856
   1850.0   0.79516
   1855.0   0.78901
   1860.0   0.78285
   1865.0   0.77504
   1870.0   0.75220
   1875.0   0.72671
   1880.0   0.69439
   1885.0   0.64856
   1890.0   0.59372
   1895.0   0.54848
   1900.0   0.52219
   1905.0   0.52441
   1910.0   0.54239
   1915.0   0.56299
   1920.0   0.58033
   1925.0   0.59308
   1930.0   0.60147
   1935.0   0.60756
   1940.0   0.61244
   1945.0   0.61493
   1950.0   0.61839
   1955.0   0.62230
   1960.0   0.62737
   1965.0   0.63146
   1970.0   0.63735
   1975.0   0.64350
   1980.0   0.65013
   1985.0   0.65681
   1990.0   0.66329
   1995.0   0.67068
   2000.0   0.67746
   2005.0   0.68354
   2010.0   0.68911
   2015.0   0.69589
   2020.0   0.70094
   2025.0   0.70576
   2030.0   0.70996
   2035.0   0.71346
   2040.0   0.71683
   2045.0   0.71967
   2050.0   0.72308
   2055.0   0.72448
   2060.0   0.72663
   2065.0   0.72807
   2070.0   0.72793
   2075.0   0.72887
   2080.0   0.72948
   2085.0   0.72949
   2090.0   0.73063
   2095.0   0.73115
   2100.0   0.73260
   2105.0   0.73529
   2110.0   0.73554
   2115.0   0.73673
   2120.0   0.73855
   2125.0   0.73829
   2130.0   0.73748
   2135.0   0.73599
   2140.0   0.73331
   2145.0   0.73161
   2150.0   0.72899
   2155.0   0.72412
   2160.0   0.71704
   2165.0   0.70612
   2170.0   0.69459
   2175.0   0.68255
   2180.0   0.67029
   2185.0   0.65727
   2190.0   0.64204
   2195.0   0.62864
   2200.0   0.61910
   2205.0   0.61965
   2210.0   0.62850
   2215.0   0.64195
   2220.0   0.65369
   2225.0   0.65957
   2230.0   0.66489
   2235.0   0.66983
   2240.0   0.67768
   2245.0   0.68643
   2250.0   0.69251
   2255.0   0.69660
   2260.0   0.69781
   2265.0   0.69747
   2270.0   0.69702
   2275.0   0.69449
   2280.0   0.69088
   2285.0   0.68671
   2290.0   0.68298
   2295.0   0.67781
   2300.0   0.67396
   2305.0   0.66867
   2310.0   0.66538
   2315.0   0.66066
   2320.0   0.65569
   2325.0   0.65049
   2330.0   0.64535
   2335.0   0.63928
   2340.0   0.63257
   2345.0   0.62601
   2350.0   0.61932
   2355.0   0.61437
   2360.0   0.60971
   2365.0   0.60525
   2370.0   0.60121
   2375.0   0.59621
   2380.0   0.59131
   2385.0   0.58648
   2390.0   0.58210
   2395.0   0.57712
   2400.0   0.57229
   2405.0   0.56805
   2410.0   0.56357
   2415.0   0.55717
   2420.0   0.55260
   2425.0   0.54702
   2430.0   0.54110
   2435.0   0.53485
   2440.0   0.53025
   2445.0   0.52530
   2450.0   0.52111
   2455.0   0.51750
   2460.0   0.51421
   2465.0   0.51117
   2470.0   0.50806
   2475.0   0.50608
   2480.0   0.50173
   2485.0   0.49918
   2490.0   0.49590
   2495.0   0.49201
   2500.0   0.48944
   2505.0   0.48592
   2510.0   0.48259
   2515.0   0.47978
   2520.0   0.47722
   2525.0   0.47480
   2530.0   0.47109
   2535.0   0.47051
   2540.0   0.46810
   2545.0   0.46580
   2550.0   0.46671
   2555.0   0.46872
   2560.0   0.45949
   2565.0   0.46032
   2570.0   0.45774
   2575.0   0.45790
   2580.0   0.45468
   2585.0   0.44839
   2590.0   0.44728
   2595.0   0.44440
   2600.0   0.44685
   2605.0   0.43738
   2610.0   0.43459
   2615.0   0.42665
   2620.0   0.42275
   2625.0   0.41426
   2630.0   0.40397
   2635.0   0.39972
   2640.0   0.39130
   2645.0   0.38489
   2650.0   0.37602
   2655.0   0.37327
   2660.0   0.35915
   2665.0   0.33495
   2670.0   0.29896
   2675.0   0.26637
   2680.0   0.23726
   2685.0   0.20597
   2690.0   0.17004
   2695.0   0.13919
   2700.0   0.11500
   2705.0   0.09624
   2710.0   0.07520
   2715.0   0.05655
   2720.0   0.04141
   2725.0   0.03066
   2730.0   0.02568
   2735.0   0.02723
   2740.0   0.02052
   2745.0   0.01803
   2750.0   0.01598
   2755.0   0.02144
   2760.0   0.01873
   2765.0   0.01770
   2770.0   0.01964
   2775.0   0.02178
   2780.0   0.02448
   2785.0   0.02985
   2790.0   0.02815
   2795.0   0.02948
   2800.0   0.02864
   2805.0   0.02679
   2810.0   0.02539
   2815.0   0.02849
   2820.0   0.02792
   2825.0   0.02880
   2830.0   0.02838
   2835.0   0.02539
   2840.0   0.02562
   2845.0   0.02472
   2850.0   0.02519
   2855.0   0.02285
   2860.0   0.02357
   2865.0   0.02194
   2870.0   0.02526
   2875.0   0.02360
   2880.0   0.02413
   2885.0   0.02292
   2890.0   0.02283
   2895.0   0.02188
   2900.0   0.02261
   2905.0   0.02385
   2910.0   0.02245
   2915.0   0.02212
   2920.0   0.02160
   2925.0   0.02188
   2930.0   0.02347
   2935.0   0.02166
   2940.0   0.02300
   2945.0   0.02350
   2950.0   0.02278
   2955.0   0.02315
   2960.0   0.02312
   2965.0   0.02573
   2970.0   0.02490
   2975.0   0.02547
   2980.0   0.02471
   2985.0   0.02508
   2990.0   0.02563
   2995.0   0.02761
   3000.0   0.02718
   3005.0   0.02646
   3010.0   0.02811
   3015.0   0.02865
   3020.0   0.02697
   3025.0   0.02868
   3030.0   0.02922
   3035.0   0.02871
   3040.0   0.02953
   3045.0   0.03008
   3050.0   0.03083
   3055.0   0.03236
   3060.0   0.03052
   3065.0   0.03182
   3070.0   0.03093
   3075.0   0.03171
   3080.0   0.03386
   3085.0   0.03256
   3090.0   0.03218
   3095.0   0.03605
   3100.0   0.03514
   3105.0   0.03560
   3110.0   0.03599
   3115.0   0.03702
   3120.0   0.03738
   3125.0   0.03895
   3130.0   0.03854
   3135.0   0.04095
   3140.0   0.04145
   3145.0   0.04232
   3150.0   0.04463
   3155.0   0.04422
   3160.0   0.04549
   3165.0   0.04693
   3170.0   0.04796
   3175.0   0.04769
   3180.0   0.05002
   3185.0   0.05035
   3190.0   0.05192
   3195.0   0.05359
   3200.0   0.05433
   3205.0   0.05540
   3210.0   0.05568
   3215.0   0.05802
   3220.0   0.05844
   3225.0   0.06036
   3230.0   0.06043
   3235.0   0.06245
   3240.0   0.06493
   3245.0   0.06384
   3250.0   0.06638
   3255.0   0.06786
   3260.0   0.06881
   3265.0   0.07030
   3270.0   0.07172
   3275.0   0.07312
   3280.0   0.07472
   3285.0   0.07653
   3290.0   0.07818
   3295.0   0.07987
   3300.0   0.08137
   3305.0   0.08281
   3310.0   0.08558
   3315.0   0.08632
   3320.0   0.08797
   3325.0   0.09071
   3330.0   0.09055
   3335.0   0.09327
   3340.0   0.09576
   3345.0   0.09856
   3350.0   0.10057
   3355.0   0.10292
   3360.0   0.10477
   3365.0   0.10827
   3370.0   0.10801
   3375.0   0.11295
   3380.0   0.11421
   3385.0   0.11731
   3390.0   0.12021
   3395.0   0.12459
   3400.0   0.12581
   3405.0   0.12864
   3410.0   0.12900
   3415.0   0.13088
   3420.0   0.13233
   3425.0   0.13405
   3430.0   0.13395
   3435.0   0.13513
   3440.0   0.13917
   3445.0   0.14072
   3450.0   0.14365
   3455.0   0.14756
   3460.0   0.15058
   3465.0   0.15217
   3470.0   0.15630
   3475.0   0.15825
   3480.0   0.16290
   3485.0   0.16250
   3490.0   0.16952
   3495.0   0.16763
   3500.0   0.16986
   3505.0   0.17016
   3510.0   0.17168
   3515.0   0.17406
   3520.0   0.17847
   3525.0   0.17975
   3530.0   0.18446
   3535.0   0.18570
   3540.0   0.18570
   3545.0   0.19130
   3550.0   0.19414
   3555.0   0.19057
   3560.0   0.19914
   3565.0   0.20056
   3570.0   0.20347
   3575.0   0.20732
   3580.0   0.21281
   3585.0   0.21235
   3590.0   0.21574
   3595.0   0.21590
   3600.0   0.22002



 C1JB117             .ASC                        

 JB-CMP-117                                                              
 RATIOS ADJUSTED USING NBS HALON CALIBRATION TABLE                       

 Source Ang: 30.00   Detect Ang:  0.00  Volt: 0.222
 Date: 25-AUG-93   Time: 15:31:32
