   641
    300.0   0.10235
    305.0   0.10422
    310.0   0.11098
    315.0   0.11544
    320.0   0.12145
    325.0   0.12453
    330.0   0.12936
    335.0   0.13260
    340.0   0.13646
    345.0   0.13897
    350.0   0.14323
    355.0   0.14756
    360.0   0.15206
    365.0   0.15774
    370.0   0.16449
    375.0   0.17442
    380.0   0.18401
    385.0   0.19415
    390.0   0.20453
    395.0   0.21373
    400.0   0.22355
    405.0   0.23344
    410.0   0.24433
    415.0   0.25399
    420.0   0.26578
    425.0   0.27868
    430.0   0.29292
    435.0   0.30661
    440.0   0.31972
    445.0   0.33320
    450.0   0.34424
    455.0   0.35377
    460.0   0.36142
    465.0   0.36907
    470.0   0.37508
    475.0   0.38229
    480.0   0.39258
    485.0   0.40243
    490.0   0.41349
    495.0   0.42612
    500.0   0.43981
    505.0   0.45326
    510.0   0.46728
    515.0   0.48200
    520.0   0.49665
    525.0   0.51216
    530.0   0.52483
    535.0   0.53794
    540.0   0.55131
    545.0   0.56374
    550.0   0.57535
    555.0   0.58764
    560.0   0.59785
    565.0   0.60875
    570.0   0.61770
    575.0   0.62608
    580.0   0.63426
    585.0   0.64097
    590.0   0.64865
    595.0   0.65571
    600.0   0.66092
    605.0   0.66653
    610.0   0.67125
    615.0   0.67567
    620.0   0.67877
    625.0   0.68214
    630.0   0.68416
    635.0   0.68759
    640.0   0.69005
    645.0   0.69403
    650.0   0.69515
    655.0   0.69744
    660.0   0.69943
    665.0   0.70158
    670.0   0.70305
    675.0   0.70518
    680.0   0.70693
    685.0   0.70915
    690.0   0.71072
    695.0   0.71355
    700.0   0.71554
    705.0   0.71694
    710.0   0.71850
    715.0   0.72058
    720.0   0.72031
    725.0   0.72299
    730.0   0.72287
    735.0   0.72358
    740.0   0.72390
    745.0   0.72436
    750.0   0.72482
    755.0   0.72638
    760.0   0.72597
    765.0   0.72716
    770.0   0.72692
    775.0   0.72667
    780.0   0.72625
    785.0   0.72677
    790.0   0.72665
    795.0   0.72610
    800.0   0.72606
    805.0   0.72618
    810.0   0.72616
    815.0   0.72643
    820.0   0.72575
    825.0   0.72602
    830.0   0.72522
    835.0   0.72563
    840.0   0.72470
    845.0   0.72468
    850.0   0.72451
    855.0   0.72392
    860.0   0.72360
    865.0   0.72410
    870.0   0.72278
    875.0   0.72265
    880.0   0.72348
    885.0   0.72222
    890.0   0.72253
    895.0   0.72351
    900.0   0.72307
    905.0   0.72273
    910.0   0.72324
    915.0   0.72351
    920.0   0.72484
    925.0   0.72393
    930.0   0.72513
    935.0   0.72547
    940.0   0.72615
    945.0   0.72618
    950.0   0.72572
    955.0   0.72544
    960.0   0.72622
    965.0   0.72662
    970.0   0.72854
    975.0   0.73042
    980.0   0.73212
    985.0   0.73345
    990.0   0.73453
    995.0   0.73506
   1000.0   0.73592
   1005.0   0.73709
   1010.0   0.73791
   1015.0   0.73934
   1020.0   0.74047
   1025.0   0.74154
   1030.0   0.74216
   1035.0   0.74307
   1040.0   0.74438
   1045.0   0.74431
   1050.0   0.74669
   1055.0   0.74686
   1060.0   0.74795
   1065.0   0.74866
   1070.0   0.74915
   1075.0   0.75037
   1080.0   0.75059
   1085.0   0.75174
   1090.0   0.75242
   1095.0   0.75325
   1100.0   0.75408
   1105.0   0.75478
   1110.0   0.75537
   1115.0   0.75558
   1120.0   0.75648
   1125.0   0.75678
   1130.0   0.75741
   1135.0   0.75790
   1140.0   0.75756
   1145.0   0.75719
   1150.0   0.75647
   1155.0   0.75719
   1160.0   0.75902
   1165.0   0.76051
   1170.0   0.76124
   1175.0   0.76251
   1180.0   0.76364
   1185.0   0.76429
   1190.0   0.76487
   1195.0   0.76537
   1200.0   0.76674
   1205.0   0.76754
   1210.0   0.76809
   1215.0   0.76905
   1220.0   0.76947
   1225.0   0.76999
   1230.0   0.77049
   1235.0   0.77095
   1240.0   0.77168
   1245.0   0.77252
   1250.0   0.77278
   1255.0   0.77354
   1260.0   0.77398
   1265.0   0.77565
   1270.0   0.77513
   1275.0   0.77571
   1280.0   0.77511
   1285.0   0.77511
   1290.0   0.77568
   1295.0   0.77526
   1300.0   0.77476
   1305.0   0.77512
   1310.0   0.77452
   1315.0   0.77444
   1320.0   0.77442
   1325.0   0.77358
   1330.0   0.77404
   1335.0   0.77359
   1340.0   0.77254
   1345.0   0.77010
   1350.0   0.76902
   1355.0   0.76787
   1360.0   0.76471
   1365.0   0.76177
   1370.0   0.75794
   1375.0   0.74915
   1380.0   0.73684
   1385.0   0.72568
   1390.0   0.70374
   1395.0   0.67812
   1400.0   0.65415
   1405.0   0.63682
   1410.0   0.62977
   1415.0   0.63657
   1420.0   0.65604
   1425.0   0.67746
   1430.0   0.69336
   1435.0   0.70603
   1440.0   0.71548
   1445.0   0.72067
   1450.0   0.72385
   1455.0   0.72491
   1460.0   0.72474
   1465.0   0.72735
   1470.0   0.73416
   1475.0   0.73855
   1480.0   0.74366
   1485.0   0.74796
   1490.0   0.75143
   1495.0   0.75450
   1500.0   0.75682
   1505.0   0.76023
   1510.0   0.76323
   1515.0   0.76500
   1520.0   0.76693
   1525.0   0.76898
   1530.0   0.77032
   1535.0   0.77203
   1540.0   0.77244
   1545.0   0.77435
   1550.0   0.77623
   1555.0   0.77734
   1560.0   0.77877
   1565.0   0.77949
   1570.0   0.78143
   1575.0   0.78112
   1580.0   0.78179
   1585.0   0.78352
   1590.0   0.78359
   1595.0   0.78482
   1600.0   0.78557
   1605.0   0.78503
   1610.0   0.78592
   1615.0   0.78760
   1620.0   0.78780
   1625.0   0.78820
   1630.0   0.78814
   1635.0   0.78976
   1640.0   0.78957
   1645.0   0.79073
   1650.0   0.79045
   1655.0   0.79021
   1660.0   0.79045
   1665.0   0.79041
   1670.0   0.79109
   1675.0   0.79086
   1680.0   0.79206
   1685.0   0.79086
   1690.0   0.79076
   1695.0   0.79119
   1700.0   0.79064
   1705.0   0.79113
   1710.0   0.79046
   1715.0   0.79040
   1720.0   0.78924
   1725.0   0.78917
   1730.0   0.78769
   1735.0   0.78575
   1740.0   0.78539
   1745.0   0.78455
   1750.0   0.78335
   1755.0   0.78241
   1760.0   0.78085
   1765.0   0.78006
   1770.0   0.77907
   1775.0   0.77796
   1780.0   0.77699
   1785.0   0.77568
   1790.0   0.77534
   1795.0   0.77437
   1800.0   0.77358
   1805.0   0.77337
   1810.0   0.77239
   1815.0   0.77118
   1820.0   0.77140
   1825.0   0.77034
   1830.0   0.76851
   1835.0   0.76631
   1840.0   0.76589
   1845.0   0.76389
   1850.0   0.76243
   1855.0   0.75790
   1860.0   0.75189
   1865.0   0.74030
   1870.0   0.72683
   1875.0   0.70668
   1880.0   0.67706
   1885.0   0.63711
   1890.0   0.58539
   1895.0   0.53167
   1900.0   0.49581
   1905.0   0.48842
   1910.0   0.50126
   1915.0   0.52492
   1920.0   0.54807
   1925.0   0.56621
   1930.0   0.58016
   1935.0   0.59087
   1940.0   0.59752
   1945.0   0.60251
   1950.0   0.60679
   1955.0   0.61116
   1960.0   0.61561
   1965.0   0.62011
   1970.0   0.62523
   1975.0   0.63061
   1980.0   0.63614
   1985.0   0.64252
   1990.0   0.64948
   1995.0   0.65671
   2000.0   0.66301
   2005.0   0.66939
   2010.0   0.67562
   2015.0   0.68169
   2020.0   0.68746
   2025.0   0.69263
   2030.0   0.69690
   2035.0   0.70126
   2040.0   0.70476
   2045.0   0.70663
   2050.0   0.70847
   2055.0   0.71035
   2060.0   0.71103
   2065.0   0.71194
   2070.0   0.71206
   2075.0   0.71193
   2080.0   0.71200
   2085.0   0.71216
   2090.0   0.71258
   2095.0   0.71335
   2100.0   0.71434
   2105.0   0.71500
   2110.0   0.71694
   2115.0   0.71830
   2120.0   0.71962
   2125.0   0.71956
   2130.0   0.71868
   2135.0   0.71661
   2140.0   0.71443
   2145.0   0.71097
   2150.0   0.70764
   2155.0   0.70113
   2160.0   0.69059
   2165.0   0.67755
   2170.0   0.66200
   2175.0   0.64592
   2180.0   0.63033
   2185.0   0.61672
   2190.0   0.60161
   2195.0   0.58552
   2200.0   0.57256
   2205.0   0.56731
   2210.0   0.57441
   2215.0   0.58971
   2220.0   0.60416
   2225.0   0.61503
   2230.0   0.62174
   2235.0   0.62782
   2240.0   0.63580
   2245.0   0.64713
   2250.0   0.65777
   2255.0   0.66609
   2260.0   0.67103
   2265.0   0.67253
   2270.0   0.67288
   2275.0   0.67161
   2280.0   0.66849
   2285.0   0.66467
   2290.0   0.66081
   2295.0   0.65567
   2300.0   0.65034
   2305.0   0.64529
   2310.0   0.64020
   2315.0   0.63503
   2320.0   0.63043
   2325.0   0.62537
   2330.0   0.61956
   2335.0   0.61327
   2340.0   0.60550
   2345.0   0.59843
   2350.0   0.59194
   2355.0   0.58541
   2360.0   0.58019
   2365.0   0.57622
   2370.0   0.57253
   2375.0   0.56793
   2380.0   0.56312
   2385.0   0.55841
   2390.0   0.55390
   2395.0   0.54956
   2400.0   0.54544
   2405.0   0.54081
   2410.0   0.53686
   2415.0   0.53206
   2420.0   0.52765
   2425.0   0.52244
   2430.0   0.51756
   2435.0   0.51170
   2440.0   0.50744
   2445.0   0.50276
   2450.0   0.49873
   2455.0   0.49500
   2460.0   0.49240
   2465.0   0.48972
   2470.0   0.48769
   2475.0   0.48608
   2480.0   0.48228
   2485.0   0.47929
   2490.0   0.47678
   2495.0   0.47323
   2500.0   0.46921
   2505.0   0.46603
   2510.0   0.46283
   2515.0   0.45951
   2520.0   0.45651
   2525.0   0.45265
   2530.0   0.44994
   2535.0   0.45057
   2540.0   0.44612
   2545.0   0.44686
   2550.0   0.44791
   2555.0   0.44438
   2560.0   0.44112
   2565.0   0.44297
   2570.0   0.44021
   2575.0   0.43989
   2580.0   0.43649
   2585.0   0.43562
   2590.0   0.43209
   2595.0   0.43280
   2600.0   0.42594
   2605.0   0.42248
   2610.0   0.41690
   2615.0   0.41282
   2620.0   0.40616
   2625.0   0.39979
   2630.0   0.39529
   2635.0   0.38840
   2640.0   0.38145
   2645.0   0.37432
   2650.0   0.36548
   2655.0   0.35667
   2660.0   0.34539
   2665.0   0.32841
   2670.0   0.30391
   2675.0   0.27569
   2680.0   0.23962
   2685.0   0.20193
   2690.0   0.16816
   2695.0   0.13591
   2700.0   0.11237
   2705.0   0.09497
   2710.0   0.07852
   2715.0   0.06236
   2720.0   0.05047
   2725.0   0.03813
   2730.0   0.03107
   2735.0   0.02824
   2740.0   0.02458
   2745.0   0.02009
   2750.0   0.01897
   2755.0   0.02052
   2760.0   0.02494
   2765.0   0.02805
   2770.0   0.02804
   2775.0   0.03014
   2780.0   0.02922
   2785.0   0.03809
   2790.0   0.03958
   2795.0   0.03538
   2800.0   0.04633
   2805.0   0.04327
   2810.0   0.04656
   2815.0   0.04952
   2820.0   0.04900
   2825.0   0.04765
   2830.0   0.04124
   2835.0   0.04345
   2840.0   0.04219
   2845.0   0.04288
   2850.0   0.03729
   2855.0   0.04159
   2860.0   0.04186
   2865.0   0.04033
   2870.0   0.03726
   2875.0   0.03549
   2880.0   0.03562
   2885.0   0.03325
   2890.0   0.03969
   2895.0   0.03673
   2900.0   0.03732
   2905.0   0.03618
   2910.0   0.03619
   2915.0   0.03630
   2920.0   0.03598
   2925.0   0.03467
   2930.0   0.03477
   2935.0   0.03762
   2940.0   0.03526
   2945.0   0.03574
   2950.0   0.03770
   2955.0   0.03599
   2960.0   0.03624
   2965.0   0.03646
   2970.0   0.03878
   2975.0   0.03843
   2980.0   0.03989
   2985.0   0.04141
   2990.0   0.03966
   2995.0   0.04027
   3000.0   0.04226
   3005.0   0.04449
   3010.0   0.04433
   3015.0   0.04441
   3020.0   0.04579
   3025.0   0.04670
   3030.0   0.04654
   3035.0   0.04785
   3040.0   0.04959
   3045.0   0.04893
   3050.0   0.04973
   3055.0   0.05040
   3060.0   0.04995
   3065.0   0.05152
   3070.0   0.05134
   3075.0   0.05267
   3080.0   0.05216
   3085.0   0.05445
   3090.0   0.05286
   3095.0   0.05466
   3100.0   0.05613
   3105.0   0.05741
   3110.0   0.05759
   3115.0   0.06091
   3120.0   0.06301
   3125.0   0.06306
   3130.0   0.06415
   3135.0   0.06755
   3140.0   0.06985
   3145.0   0.07182
   3150.0   0.07382
   3155.0   0.07609
   3160.0   0.07755
   3165.0   0.08066
   3170.0   0.08393
   3175.0   0.08512
   3180.0   0.09055
   3185.0   0.09208
   3190.0   0.09532
   3195.0   0.09819
   3200.0   0.10364
   3205.0   0.10356
   3210.0   0.10949
   3215.0   0.10902
   3220.0   0.11382
   3225.0   0.11763
   3230.0   0.11939
   3235.0   0.12371
   3240.0   0.12768
   3245.0   0.13207
   3250.0   0.13251
   3255.0   0.13712
   3260.0   0.14108
   3265.0   0.14531
   3270.0   0.14886
   3275.0   0.15436
   3280.0   0.15525
   3285.0   0.15970
   3290.0   0.16480
   3295.0   0.16700
   3300.0   0.17293
   3305.0   0.17680
   3310.0   0.18227
   3315.0   0.18528
   3320.0   0.18755
   3325.0   0.19269
   3330.0   0.19767
   3335.0   0.20359
   3340.0   0.20904
   3345.0   0.21329
   3350.0   0.22212
   3355.0   0.22944
   3360.0   0.23502
   3365.0   0.24162
   3370.0   0.24510
   3375.0   0.25080
   3380.0   0.25503
   3385.0   0.26002
   3390.0   0.27165
   3395.0   0.27853
   3400.0   0.28709
   3405.0   0.29389
   3410.0   0.29439
   3415.0   0.29180
   3420.0   0.29012
   3425.0   0.29303
   3430.0   0.29702
   3435.0   0.29949
   3440.0   0.30326
   3445.0   0.30713
   3450.0   0.31242
   3455.0   0.31793
   3460.0   0.32341
   3465.0   0.32518
   3470.0   0.33396
   3475.0   0.34067
   3480.0   0.34281
   3485.0   0.34909
   3490.0   0.36104
   3495.0   0.35550
   3500.0   0.35819



 C1JB07      .ASC                        

 JB-CMP-007                                                              
 RATIOS ADJUSTED USING NBS HALON CALIBRATION TABLE                       
 50% CA/ 50% FE EXCHANGED SWY-1 MONTMORILLONITE                          

 Source Ang: 30.00   Detect Ang:  0.00  Volt: 0.222
 Date: 12-DEC-90   Time: 15:48:35
