   661
    300.0   0.02662
    305.0   0.02400
    310.0   0.02302
    315.0   0.02283
    320.0   0.02199
    325.0   0.02164
    330.0   0.02164
    335.0   0.02137
    340.0   0.02159
    345.0   0.02186
    350.0   0.02227
    355.0   0.02253
    360.0   0.02335
    365.0   0.02442
    370.0   0.02560
    375.0   0.02671
    380.0   0.02820
    385.0   0.02971
    390.0   0.03137
    395.0   0.03352
    400.0   0.03544
    405.0   0.03788
    410.0   0.03997
    415.0   0.04242
    420.0   0.04529
    425.0   0.04849
    430.0   0.05192
    435.0   0.05558
    440.0   0.05930
    445.0   0.06270
    450.0   0.06562
    455.0   0.06820
    460.0   0.07003
    465.0   0.07138
    470.0   0.07257
    475.0   0.07328
    480.0   0.07467
    485.0   0.07664
    490.0   0.07968
    495.0   0.08439
    500.0   0.09137
    505.0   0.10078
    510.0   0.11352
    515.0   0.12853
    520.0   0.14661
    525.0   0.16660
    530.0   0.18806
    535.0   0.21071
    540.0   0.23362
    545.0   0.25590
    550.0   0.27763
    555.0   0.29807
    560.0   0.31720
    565.0   0.33503
    570.0   0.35119
    575.0   0.36692
    580.0   0.38098
    585.0   0.39360
    590.0   0.40446
    595.0   0.41488
    600.0   0.42439
    605.0   0.43294
    610.0   0.44076
    615.0   0.44850
    620.0   0.45587
    625.0   0.46261
    630.0   0.46979
    635.0   0.47752
    640.0   0.48420
    645.0   0.49186
    650.0   0.49950
    655.0   0.50722
    660.0   0.51583
    665.0   0.52475
    670.0   0.53383
    675.0   0.54151
    680.0   0.55033
    685.0   0.55829
    690.0   0.56606
    695.0   0.57340
    700.0   0.58068
    705.0   0.58598
    710.0   0.59014
    715.0   0.59395
    720.0   0.59664
    725.0   0.59897
    730.0   0.59660
    735.0   0.59708
    740.0   0.59605
    745.0   0.59438
    750.0   0.59167
    755.0   0.58989
    760.0   0.58660
    765.0   0.58337
    770.0   0.57982
    775.0   0.57460
    780.0   0.56911
    785.0   0.56529
    790.0   0.56171
    795.0   0.55669
    800.0   0.55361
    805.0   0.54999
    810.0   0.54649
    815.0   0.54318
    820.0   0.54049
    825.0   0.53836
    830.0   0.53524
    835.0   0.53344
    840.0   0.53107
    845.0   0.52978
    850.0   0.52816
    855.0   0.52665
    860.0   0.52579
    865.0   0.52543
    870.0   0.52478
    875.0   0.52414
    880.0   0.52349
    885.0   0.52340
    890.0   0.52472
    895.0   0.52496
    900.0   0.52556
    905.0   0.52652
    910.0   0.52738
    915.0   0.52931
    920.0   0.53007
    925.0   0.53222
    930.0   0.53448
    935.0   0.53605
    940.0   0.53853
    945.0   0.53987
    950.0   0.54145
    955.0   0.54399
    960.0   0.54726
    965.0   0.55036
    970.0   0.55318
    975.0   0.55724
    980.0   0.56123
    985.0   0.56548
    990.0   0.56951
    995.0   0.57298
   1000.0   0.57686
   1005.0   0.58055
   1010.0   0.58551
   1015.0   0.59017
   1020.0   0.59409
   1025.0   0.59891
   1030.0   0.60375
   1035.0   0.60890
   1040.0   0.61449
   1045.0   0.61895
   1050.0   0.62391
   1055.0   0.62909
   1060.0   0.63418
   1065.0   0.63930
   1070.0   0.64445
   1075.0   0.64964
   1080.0   0.65521
   1085.0   0.66020
   1090.0   0.66508
   1095.0   0.66963
   1100.0   0.67537
   1105.0   0.68005
   1110.0   0.68499
   1115.0   0.68929
   1120.0   0.69525
   1125.0   0.69936
   1130.0   0.70451
   1135.0   0.70680
   1140.0   0.71137
   1145.0   0.71334
   1150.0   0.71694
   1155.0   0.72062
   1160.0   0.72588
   1165.0   0.73088
   1170.0   0.73554
   1175.0   0.73949
   1180.0   0.74333
   1185.0   0.74795
   1190.0   0.75147
   1195.0   0.75509
   1200.0   0.75905
   1205.0   0.76363
   1210.0   0.76605
   1215.0   0.76992
   1220.0   0.77257
   1225.0   0.77589
   1230.0   0.78016
   1235.0   0.78215
   1240.0   0.78550
   1245.0   0.78764
   1250.0   0.79047
   1255.0   0.79329
   1260.0   0.79559
   1265.0   0.79793
   1270.0   0.80019
   1275.0   0.80157
   1280.0   0.80232
   1285.0   0.80330
   1290.0   0.80410
   1295.0   0.80517
   1300.0   0.80559
   1305.0   0.80549
   1310.0   0.80544
   1315.0   0.80534
   1320.0   0.80467
   1325.0   0.80366
   1330.0   0.80174
   1335.0   0.80062
   1340.0   0.80030
   1345.0   0.79877
   1350.0   0.79823
   1355.0   0.79393
   1360.0   0.79083
   1365.0   0.78715
   1370.0   0.77734
   1375.0   0.76944
   1380.0   0.75295
   1385.0   0.73323
   1390.0   0.70818
   1395.0   0.67267
   1400.0   0.64335
   1405.0   0.62253
   1410.0   0.61325
   1415.0   0.61943
   1420.0   0.63667
   1425.0   0.65382
   1430.0   0.66787
   1435.0   0.67764
   1440.0   0.68416
   1445.0   0.68698
   1450.0   0.68811
   1455.0   0.68845
   1460.0   0.68996
   1465.0   0.69327
   1470.0   0.69837
   1475.0   0.70483
   1480.0   0.71058
   1485.0   0.71579
   1490.0   0.72078
   1495.0   0.72538
   1500.0   0.72954
   1505.0   0.73314
   1510.0   0.73675
   1515.0   0.74033
   1520.0   0.74358
   1525.0   0.74589
   1530.0   0.74896
   1535.0   0.75107
   1540.0   0.75359
   1545.0   0.75621
   1550.0   0.75845
   1555.0   0.76221
   1560.0   0.76344
   1565.0   0.76483
   1570.0   0.76641
   1575.0   0.76815
   1580.0   0.76924
   1585.0   0.76991
   1590.0   0.77167
   1595.0   0.77113
   1600.0   0.77249
   1605.0   0.77418
   1610.0   0.77377
   1615.0   0.77428
   1620.0   0.77427
   1625.0   0.77463
   1630.0   0.77369
   1635.0   0.77398
   1640.0   0.77360
   1645.0   0.77376
   1650.0   0.77433
   1655.0   0.77245
   1660.0   0.77058
   1665.0   0.77030
   1670.0   0.76997
   1675.0   0.76976
   1680.0   0.76747
   1685.0   0.76691
   1690.0   0.76622
   1695.0   0.76597
   1700.0   0.76534
   1705.0   0.76402
   1710.0   0.76239
   1715.0   0.76049
   1720.0   0.75862
   1725.0   0.75671
   1730.0   0.75491
   1735.0   0.75238
   1740.0   0.74982
   1745.0   0.74789
   1750.0   0.74570
   1755.0   0.74310
   1760.0   0.74095
   1765.0   0.73946
   1770.0   0.73726
   1775.0   0.73528
   1780.0   0.73449
   1785.0   0.73211
   1790.0   0.73093
   1795.0   0.73029
   1800.0   0.72887
   1805.0   0.72843
   1810.0   0.72780
   1815.0   0.72693
   1820.0   0.72598
   1825.0   0.72570
   1830.0   0.72511
   1835.0   0.72178
   1840.0   0.71967
   1845.0   0.71691
   1850.0   0.71371
   1855.0   0.70801
   1860.0   0.70091
   1865.0   0.69128
   1870.0   0.66722
   1875.0   0.64433
   1880.0   0.61289
   1885.0   0.56841
   1890.0   0.51386
   1895.0   0.46794
   1900.0   0.43783
   1905.0   0.43513
   1910.0   0.44610
   1915.0   0.46134
   1920.0   0.47484
   1925.0   0.48458
   1930.0   0.49196
   1935.0   0.49824
   1940.0   0.50352
   1945.0   0.50704
   1950.0   0.51108
   1955.0   0.51548
   1960.0   0.52080
   1965.0   0.52580
   1970.0   0.53149
   1975.0   0.53794
   1980.0   0.54482
   1985.0   0.55126
   1990.0   0.55884
   1995.0   0.56594
   2000.0   0.57326
   2005.0   0.58025
   2010.0   0.58631
   2015.0   0.59350
   2020.0   0.59903
   2025.0   0.60443
   2030.0   0.60882
   2035.0   0.61290
   2040.0   0.61652
   2045.0   0.62042
   2050.0   0.62386
   2055.0   0.62637
   2060.0   0.62896
   2065.0   0.63055
   2070.0   0.63153
   2075.0   0.63242
   2080.0   0.63325
   2085.0   0.63471
   2090.0   0.63510
   2095.0   0.63623
   2100.0   0.63799
   2105.0   0.64026
   2110.0   0.64103
   2115.0   0.64294
   2120.0   0.64394
   2125.0   0.64415
   2130.0   0.64360
   2135.0   0.64293
   2140.0   0.64024
   2145.0   0.63923
   2150.0   0.63723
   2155.0   0.63284
   2160.0   0.62589
   2165.0   0.61700
   2170.0   0.60706
   2175.0   0.59546
   2180.0   0.58441
   2185.0   0.57221
   2190.0   0.55894
   2195.0   0.54694
   2200.0   0.53739
   2205.0   0.53723
   2210.0   0.54541
   2215.0   0.55782
   2220.0   0.56757
   2225.0   0.57275
   2230.0   0.57672
   2235.0   0.58108
   2240.0   0.58797
   2245.0   0.59514
   2250.0   0.60018
   2255.0   0.60310
   2260.0   0.60335
   2265.0   0.60257
   2270.0   0.60113
   2275.0   0.59899
   2280.0   0.59502
   2285.0   0.59069
   2290.0   0.58734
   2295.0   0.58209
   2300.0   0.57735
   2305.0   0.57246
   2310.0   0.56796
   2315.0   0.56322
   2320.0   0.55831
   2325.0   0.55367
   2330.0   0.54808
   2335.0   0.54135
   2340.0   0.53456
   2345.0   0.52786
   2350.0   0.52197
   2355.0   0.51587
   2360.0   0.51114
   2365.0   0.50636
   2370.0   0.50199
   2375.0   0.49722
   2380.0   0.49248
   2385.0   0.48706
   2390.0   0.48241
   2395.0   0.47778
   2400.0   0.47323
   2405.0   0.46855
   2410.0   0.46403
   2415.0   0.45835
   2420.0   0.45345
   2425.0   0.44800
   2430.0   0.44285
   2435.0   0.43639
   2440.0   0.43135
   2445.0   0.42707
   2450.0   0.42224
   2455.0   0.41856
   2460.0   0.41454
   2465.0   0.41075
   2470.0   0.40764
   2475.0   0.40494
   2480.0   0.40088
   2485.0   0.39803
   2490.0   0.39449
   2495.0   0.39034
   2500.0   0.38698
   2505.0   0.38351
   2510.0   0.38108
   2515.0   0.37780
   2520.0   0.37632
   2525.0   0.37362
   2530.0   0.37101
   2535.0   0.37068
   2540.0   0.36921
   2545.0   0.36711
   2550.0   0.36688
   2555.0   0.37055
   2560.0   0.36190
   2565.0   0.36234
   2570.0   0.36040
   2575.0   0.35993
   2580.0   0.35834
   2585.0   0.35357
   2590.0   0.35259
   2595.0   0.34846
   2600.0   0.35023
   2605.0   0.34147
   2610.0   0.33955
   2615.0   0.33096
   2620.0   0.32781
   2625.0   0.31956
   2630.0   0.30961
   2635.0   0.30766
   2640.0   0.30018
   2645.0   0.29393
   2650.0   0.28714
   2655.0   0.28317
   2660.0   0.27314
   2665.0   0.25284
   2670.0   0.22378
   2675.0   0.19716
   2680.0   0.17458
   2685.0   0.15103
   2690.0   0.12261
   2695.0   0.09903
   2700.0   0.08115
   2705.0   0.06729
   2710.0   0.05103
   2715.0   0.03831
   2720.0   0.02796
   2725.0   0.02005
   2730.0   0.01781
   2735.0   0.01584
   2740.0   0.01362
   2745.0   0.01152
   2750.0   0.01447
   2755.0   0.01459
   2760.0   0.02108
   2765.0   0.01677
   2770.0   0.01767
   2775.0   0.01469
   2780.0   0.01767
   2785.0   0.01984
   2790.0   0.02050
   2795.0   0.01816
   2800.0   0.01482
   2805.0   0.01819
   2810.0   0.01878
   2815.0   0.01889
   2820.0   0.02020
   2825.0   0.01896
   2830.0   0.01885
   2835.0   0.01613
   2840.0   0.01595
   2845.0   0.01587
   2850.0   0.01683
   2855.0   0.01617
   2860.0   0.01689
   2865.0   0.01328
   2870.0   0.01533
   2875.0   0.01521
   2880.0   0.01491
   2885.0   0.01485
   2890.0   0.01514
   2895.0   0.01481
   2900.0   0.01464
   2905.0   0.01296
   2910.0   0.01331
   2915.0   0.01256
   2920.0   0.01307
   2925.0   0.01359
   2930.0   0.01289
   2935.0   0.01270
   2940.0   0.01274
   2945.0   0.01266
   2950.0   0.01369
   2955.0   0.01382
   2960.0   0.01372
   2965.0   0.01371
   2970.0   0.01360
   2975.0   0.01512
   2980.0   0.01446
   2985.0   0.01359
   2990.0   0.01333
   2995.0   0.01450
   3000.0   0.01446
   3005.0   0.01463
   3010.0   0.01593
   3015.0   0.01398
   3020.0   0.01422
   3025.0   0.01474
   3030.0   0.01594
   3035.0   0.01518
   3040.0   0.01620
   3045.0   0.01685
   3050.0   0.01560
   3055.0   0.01587
   3060.0   0.01617
   3065.0   0.01541
   3070.0   0.01691
   3075.0   0.01595
   3080.0   0.01660
   3085.0   0.01627
   3090.0   0.01649
   3095.0   0.01670
   3100.0   0.01672
   3105.0   0.01760
   3110.0   0.01738
   3115.0   0.01821
   3120.0   0.01790
   3125.0   0.01950
   3130.0   0.01944
   3135.0   0.01981
   3140.0   0.01883
   3145.0   0.02012
   3150.0   0.01994
   3155.0   0.02013
   3160.0   0.02177
   3165.0   0.02079
   3170.0   0.02170
   3175.0   0.02235
   3180.0   0.02335
   3185.0   0.02280
   3190.0   0.02373
   3195.0   0.02315
   3200.0   0.02457
   3205.0   0.02453
   3210.0   0.02538
   3215.0   0.02618
   3220.0   0.02557
   3225.0   0.02688
   3230.0   0.02785
   3235.0   0.02843
   3240.0   0.02947
   3245.0   0.02909
   3250.0   0.02922
   3255.0   0.03020
   3260.0   0.03050
   3265.0   0.03094
   3270.0   0.03263
   3275.0   0.03277
   3280.0   0.03327
   3285.0   0.03433
   3290.0   0.03515
   3295.0   0.03584
   3300.0   0.03671
   3305.0   0.03686
   3310.0   0.03711
   3315.0   0.03896
   3320.0   0.03897
   3325.0   0.03904
   3330.0   0.04154
   3335.0   0.04242
   3340.0   0.04240
   3345.0   0.04410
   3350.0   0.04460
   3355.0   0.04737
   3360.0   0.04657
   3365.0   0.04851
   3370.0   0.04985
   3375.0   0.05227
   3380.0   0.05222
   3385.0   0.05409
   3390.0   0.05612
   3395.0   0.05712
   3400.0   0.05954
   3405.0   0.05806
   3410.0   0.05999
   3415.0   0.06080
   3420.0   0.06028
   3425.0   0.06128
   3430.0   0.06464
   3435.0   0.06482
   3440.0   0.06509
   3445.0   0.06864
   3450.0   0.06690
   3455.0   0.06812
   3460.0   0.06983
   3465.0   0.07209
   3470.0   0.07322
   3475.0   0.07804
   3480.0   0.07810
   3485.0   0.07982
   3490.0   0.08127
   3495.0   0.08268
   3500.0   0.08315
   3505.0   0.08357
   3510.0   0.08580
   3515.0   0.08769
   3520.0   0.08859
   3525.0   0.08873
   3530.0   0.08911
   3535.0   0.09295
   3540.0   0.09582
   3545.0   0.09962
   3550.0   0.10206
   3555.0   0.09973
   3560.0   0.10104
   3565.0   0.10149
   3570.0   0.10300
   3575.0   0.10580
   3580.0   0.11006
   3585.0   0.11025
   3590.0   0.11221
   3595.0   0.11534
   3600.0   0.11837



 C1JB118             .ASC                        

 JB-CMP-118                                                              
 RATIOS ADJUSTED USING NBS HALON CALIBRATION TABLE                       

 Source Ang: 30.00   Detect Ang:  0.00  Volt: 0.222
 Date: 25-AUG-93   Time: 16:14:41
