   661
    300.0   0.06840
    305.0   0.06860
    310.0   0.07365
    315.0   0.07934
    320.0   0.08515
    325.0   0.09102
    330.0   0.09845
    335.0   0.10521
    340.0   0.11201
    345.0   0.11915
    350.0   0.12600
    355.0   0.13314
    360.0   0.13882
    365.0   0.14270
    370.0   0.14736
    375.0   0.15336
    380.0   0.15942
    385.0   0.16535
    390.0   0.17143
    395.0   0.17791
    400.0   0.18327
    405.0   0.18887
    410.0   0.19560
    415.0   0.20037
    420.0   0.20413
    425.0   0.20788
    430.0   0.21124
    435.0   0.21560
    440.0   0.22135
    445.0   0.22753
    450.0   0.23385
    455.0   0.24015
    460.0   0.24513
    465.0   0.24891
    470.0   0.25235
    475.0   0.25576
    480.0   0.25897
    485.0   0.26233
    490.0   0.26604
    495.0   0.27001
    500.0   0.27484
    505.0   0.27878
    510.0   0.28344
    515.0   0.28814
    520.0   0.29333
    525.0   0.29881
    530.0   0.30425
    535.0   0.31041
    540.0   0.31657
    545.0   0.32381
    550.0   0.33148
    555.0   0.33995
    560.0   0.34867
    565.0   0.35779
    570.0   0.36624
    575.0   0.37479
    580.0   0.38276
    585.0   0.39046
    590.0   0.39733
    595.0   0.40406
    600.0   0.40924
    605.0   0.41443
    610.0   0.41908
    615.0   0.42266
    620.0   0.42696
    625.0   0.42990
    630.0   0.43371
    635.0   0.43701
    640.0   0.44072
    645.0   0.44345
    650.0   0.44752
    655.0   0.45150
    660.0   0.45598
    665.0   0.46003
    670.0   0.46428
    675.0   0.46878
    680.0   0.47369
    685.0   0.47768
    690.0   0.48197
    695.0   0.48665
    700.0   0.49111
    705.0   0.49594
    710.0   0.49951
    715.0   0.50436
    720.0   0.50768
    725.0   0.51083
    730.0   0.51422
    735.0   0.51666
    740.0   0.51879
    745.0   0.52180
    750.0   0.52251
    755.0   0.52465
    760.0   0.52662
    765.0   0.52738
    770.0   0.52834
    775.0   0.52782
    780.0   0.52897
    785.0   0.52862
    790.0   0.52860
    795.0   0.52936
    800.0   0.52867
    805.0   0.52802
    810.0   0.52848
    815.0   0.52906
    820.0   0.52768
    825.0   0.52737
    830.0   0.52653
    835.0   0.52789
    840.0   0.52650
    845.0   0.52708
    850.0   0.52640
    855.0   0.52600
    860.0   0.52766
    865.0   0.52637
    870.0   0.52589
    875.0   0.52721
    880.0   0.52770
    885.0   0.52670
    890.0   0.52900
    895.0   0.52921
    900.0   0.52946
    905.0   0.53099
    910.0   0.53131
    915.0   0.53309
    920.0   0.53507
    925.0   0.53494
    930.0   0.53706
    935.0   0.53876
    940.0   0.54097
    945.0   0.54272
    950.0   0.54271
    955.0   0.54463
    960.0   0.54497
    965.0   0.54728
    970.0   0.54942
    975.0   0.55319
    980.0   0.55669
    985.0   0.55841
    990.0   0.56082
    995.0   0.56331
   1000.0   0.56498
   1005.0   0.56892
   1010.0   0.57053
   1015.0   0.57386
   1020.0   0.57533
   1025.0   0.57756
   1030.0   0.57933
   1035.0   0.58173
   1040.0   0.58364
   1045.0   0.58537
   1050.0   0.58654
   1055.0   0.58866
   1060.0   0.59042
   1065.0   0.59184
   1070.0   0.59427
   1075.0   0.59579
   1080.0   0.59782
   1085.0   0.60035
   1090.0   0.60063
   1095.0   0.60293
   1100.0   0.60423
   1105.0   0.60541
   1110.0   0.60647
   1115.0   0.60774
   1120.0   0.60936
   1125.0   0.61046
   1130.0   0.61217
   1135.0   0.61271
   1140.0   0.61354
   1145.0   0.61263
   1150.0   0.61077
   1155.0   0.61014
   1160.0   0.61073
   1165.0   0.61271
   1170.0   0.61441
   1175.0   0.61617
   1180.0   0.61812
   1185.0   0.61952
   1190.0   0.62090
   1195.0   0.62170
   1200.0   0.62168
   1205.0   0.62234
   1210.0   0.62389
   1215.0   0.62651
   1220.0   0.62651
   1225.0   0.62753
   1230.0   0.62848
   1235.0   0.63036
   1240.0   0.62896
   1245.0   0.63213
   1250.0   0.63375
   1255.0   0.63357
   1260.0   0.63563
   1265.0   0.63611
   1270.0   0.63667
   1275.0   0.63682
   1280.0   0.63503
   1285.0   0.63557
   1290.0   0.63435
   1295.0   0.63525
   1300.0   0.63650
   1305.0   0.63815
   1310.0   0.63622
   1315.0   0.63542
   1320.0   0.63466
   1325.0   0.63379
   1330.0   0.63203
   1335.0   0.62977
   1340.0   0.62801
   1345.0   0.62586
   1350.0   0.62359
   1355.0   0.61891
   1360.0   0.61727
   1365.0   0.61509
   1370.0   0.61006
   1375.0   0.60560
   1380.0   0.59297
   1385.0   0.57827
   1390.0   0.55288
   1395.0   0.52095
   1400.0   0.49034
   1405.0   0.46667
   1410.0   0.44185
   1415.0   0.42646
   1420.0   0.43864
   1425.0   0.45419
   1430.0   0.46806
   1435.0   0.47847
   1440.0   0.48643
   1445.0   0.48792
   1450.0   0.49253
   1455.0   0.49796
   1460.0   0.50206
   1465.0   0.50283
   1470.0   0.50827
   1475.0   0.51550
   1480.0   0.52345
   1485.0   0.52878
   1490.0   0.53513
   1495.0   0.54240
   1500.0   0.54813
   1505.0   0.55461
   1510.0   0.56166
   1515.0   0.56399
   1520.0   0.56782
   1525.0   0.57067
   1530.0   0.57162
   1535.0   0.57412
   1540.0   0.57639
   1545.0   0.58151
   1550.0   0.58502
   1555.0   0.59061
   1560.0   0.59518
   1565.0   0.59610
   1570.0   0.59866
   1575.0   0.60084
   1580.0   0.60404
   1585.0   0.60667
   1590.0   0.60911
   1595.0   0.61154
   1600.0   0.61436
   1605.0   0.61677
   1610.0   0.61636
   1615.0   0.61806
   1620.0   0.61948
   1625.0   0.62054
   1630.0   0.62092
   1635.0   0.62263
   1640.0   0.62371
   1645.0   0.62569
   1650.0   0.62523
   1655.0   0.62554
   1660.0   0.62661
   1665.0   0.62745
   1670.0   0.62740
   1675.0   0.62874
   1680.0   0.62842
   1685.0   0.62836
   1690.0   0.62758
   1695.0   0.62738
   1700.0   0.62443
   1705.0   0.62355
   1710.0   0.62307
   1715.0   0.62002
   1720.0   0.61740
   1725.0   0.61392
   1730.0   0.61072
   1735.0   0.60774
   1740.0   0.60497
   1745.0   0.60068
   1750.0   0.59741
   1755.0   0.59493
   1760.0   0.59519
   1765.0   0.59444
   1770.0   0.59297
   1775.0   0.59153
   1780.0   0.59041
   1785.0   0.59008
   1790.0   0.59000
   1795.0   0.58914
   1800.0   0.58893
   1805.0   0.58899
   1810.0   0.58946
   1815.0   0.58897
   1820.0   0.58954
   1825.0   0.59165
   1830.0   0.59056
   1835.0   0.58826
   1840.0   0.58647
   1845.0   0.58245
   1850.0   0.57703
   1855.0   0.57104
   1860.0   0.56447
   1865.0   0.55497
   1870.0   0.53836
   1875.0   0.51598
   1880.0   0.48580
   1885.0   0.45136
   1890.0   0.40733
   1895.0   0.35494
   1900.0   0.30761
   1905.0   0.27125
   1910.0   0.25362
   1915.0   0.25491
   1920.0   0.26424
   1925.0   0.27502
   1930.0   0.28483
   1935.0   0.29059
   1940.0   0.29483
   1945.0   0.30023
   1950.0   0.30552
   1955.0   0.31205
   1960.0   0.31972
   1965.0   0.32687
   1970.0   0.33259
   1975.0   0.33840
   1980.0   0.34491
   1985.0   0.35118
   1990.0   0.35799
   1995.0   0.36579
   2000.0   0.37626
   2005.0   0.38518
   2010.0   0.39544
   2015.0   0.40465
   2020.0   0.41218
   2025.0   0.41994
   2030.0   0.42569
   2035.0   0.43021
   2040.0   0.43597
   2045.0   0.44104
   2050.0   0.44550
   2055.0   0.44799
   2060.0   0.45056
   2065.0   0.45206
   2070.0   0.45444
   2075.0   0.45505
   2080.0   0.45658
   2085.0   0.45644
   2090.0   0.45398
   2095.0   0.45265
   2100.0   0.45251
   2105.0   0.45251
   2110.0   0.45123
   2115.0   0.44838
   2120.0   0.44990
   2125.0   0.45036
   2130.0   0.44964
   2135.0   0.45053
   2140.0   0.45015
   2145.0   0.45066
   2150.0   0.44891
   2155.0   0.44792
   2160.0   0.44661
   2165.0   0.44374
   2170.0   0.44085
   2175.0   0.43713
   2180.0   0.43262
   2185.0   0.42550
   2190.0   0.41836
   2195.0   0.40728
   2200.0   0.39286
   2205.0   0.37659
   2210.0   0.36278
   2215.0   0.36037
   2220.0   0.37047
   2225.0   0.38467
   2230.0   0.39512
   2235.0   0.40513
   2240.0   0.41043
   2245.0   0.41681
   2250.0   0.42025
   2255.0   0.42358
   2260.0   0.42756
   2265.0   0.42972
   2270.0   0.42983
   2275.0   0.43090
   2280.0   0.43161
   2285.0   0.42965
   2290.0   0.42760
   2295.0   0.42566
   2300.0   0.42117
   2305.0   0.41768
   2310.0   0.41384
   2315.0   0.40913
   2320.0   0.40376
   2325.0   0.39764
   2330.0   0.38987
   2335.0   0.38313
   2340.0   0.37851
   2345.0   0.37411
   2350.0   0.36886
   2355.0   0.36328
   2360.0   0.35937
   2365.0   0.35537
   2370.0   0.35128
   2375.0   0.34557
   2380.0   0.33938
   2385.0   0.33350
   2390.0   0.32714
   2395.0   0.32087
   2400.0   0.31443
   2405.0   0.30826
   2410.0   0.30228
   2415.0   0.29637
   2420.0   0.29099
   2425.0   0.28631
   2430.0   0.28029
   2435.0   0.27502
   2440.0   0.27052
   2445.0   0.26540
   2450.0   0.26199
   2455.0   0.25815
   2460.0   0.25461
   2465.0   0.25214
   2470.0   0.24956
   2475.0   0.24629
   2480.0   0.24356
   2485.0   0.24043
   2490.0   0.23937
   2495.0   0.23779
   2500.0   0.23514
   2505.0   0.23068
   2510.0   0.22813
   2515.0   0.22554
   2520.0   0.22478
   2525.0   0.22291
   2530.0   0.22079
   2535.0   0.21980
   2540.0   0.21974
   2545.0   0.22012
   2550.0   0.22005
   2555.0   0.22145
   2560.0   0.21796
   2565.0   0.21759
   2570.0   0.21789
   2575.0   0.21695
   2580.0   0.21704
   2585.0   0.21526
   2590.0   0.21690
   2595.0   0.21382
   2600.0   0.21357
   2605.0   0.20917
   2610.0   0.21059
   2615.0   0.20552
   2620.0   0.20425
   2625.0   0.20065
   2630.0   0.19607
   2635.0   0.19431
   2640.0   0.18930
   2645.0   0.18458
   2650.0   0.17956
   2655.0   0.17321
   2660.0   0.16850
   2665.0   0.16254
   2670.0   0.15613
   2675.0   0.14689
   2680.0   0.13393
   2685.0   0.12259
   2690.0   0.11098
   2695.0   0.09810
   2700.0   0.08361
   2705.0   0.06824
   2710.0   0.05390
   2715.0   0.04542
   2720.0   0.03814
   2725.0   0.03247
   2730.0   0.02657
   2735.0   0.02142
   2740.0   0.01947
   2745.0   0.01701
   2750.0   0.01626
   2755.0   0.01812
   2760.0   0.00772
   2765.0   0.01804
   2770.0   0.01129
   2775.0   0.00496
   2780.0   0.00576
   2785.0   0.01213
   2790.0   0.01140
   2795.0   0.01646
   2800.0   0.01517
   2805.0   0.02078
   2810.0   0.00561
   2815.0   0.01306
   2820.0   0.01633
   2825.0   0.01636
   2830.0   0.01205
   2835.0   0.01643
   2840.0   0.01657
   2845.0   0.01293
   2850.0   0.01557
   2855.0   0.01146
   2860.0   0.01288
   2865.0   0.00918
   2870.0   0.01523
   2875.0   0.01194
   2880.0   0.01427
   2885.0   0.01339
   2890.0   0.01364
   2895.0   0.00905
   2900.0   0.01232
   2905.0   0.01189
   2910.0   0.01312
   2915.0   0.01175
   2920.0   0.01123
   2925.0   0.01082
   2930.0   0.01547
   2935.0   0.01464
   2940.0   0.01649
   2945.0   0.01369
   2950.0   0.01620
   2955.0   0.01311
   2960.0   0.01555
   2965.0   0.01652
   2970.0   0.01324
   2975.0   0.01467
   2980.0   0.01508
   2985.0   0.01330
   2990.0   0.01284
   2995.0   0.01513
   3000.0   0.01484
   3005.0   0.01470
   3010.0   0.01434
   3015.0   0.01470
   3020.0   0.01814
   3025.0   0.01553
   3030.0   0.01386
   3035.0   0.01554
   3040.0   0.01554
   3045.0   0.01528
   3050.0   0.01561
   3055.0   0.01552
   3060.0   0.01579
   3065.0   0.01692
   3070.0   0.01849
   3075.0   0.01528
   3080.0   0.01722
   3085.0   0.01802
   3090.0   0.01757
   3095.0   0.01579
   3100.0   0.01762
   3105.0   0.01793
   3110.0   0.01872
   3115.0   0.01795
   3120.0   0.01901
   3125.0   0.01984
   3130.0   0.02001
   3135.0   0.02050
   3140.0   0.02025
   3145.0   0.01996
   3150.0   0.02225
   3155.0   0.02186
   3160.0   0.02272
   3165.0   0.02451
   3170.0   0.02473
   3175.0   0.02490
   3180.0   0.02591
   3185.0   0.02579
   3190.0   0.02770
   3195.0   0.02855
   3200.0   0.02912
   3205.0   0.02906
   3210.0   0.02822
   3215.0   0.02961
   3220.0   0.03015
   3225.0   0.03131
   3230.0   0.03248
   3235.0   0.03157
   3240.0   0.03183
   3245.0   0.03362
   3250.0   0.03631
   3255.0   0.03622
   3260.0   0.03809
   3265.0   0.03716
   3270.0   0.03775
   3275.0   0.03873
   3280.0   0.04067
   3285.0   0.04129
   3290.0   0.04168
   3295.0   0.04378
   3300.0   0.04351
   3305.0   0.04701
   3310.0   0.04736
   3315.0   0.04693
   3320.0   0.04832
   3325.0   0.04933
   3330.0   0.05352
   3335.0   0.05410
   3340.0   0.05531
   3345.0   0.05527
   3350.0   0.05728
   3355.0   0.05899
   3360.0   0.05803
   3365.0   0.05914
   3370.0   0.06120
   3375.0   0.06393
   3380.0   0.06501
   3385.0   0.06561
   3390.0   0.06684
   3395.0   0.07129
   3400.0   0.07284
   3405.0   0.07523
   3410.0   0.07763
   3415.0   0.07639
   3420.0   0.07550
   3425.0   0.07921
   3430.0   0.07879
   3435.0   0.08140
   3440.0   0.08345
   3445.0   0.08610
   3450.0   0.08986
   3455.0   0.09066
   3460.0   0.09317
   3465.0   0.09533
   3470.0   0.09655
   3475.0   0.09840
   3480.0   0.10034
   3485.0   0.10309
   3490.0   0.10206
   3495.0   0.10785
   3500.0   0.10890
   3505.0   0.10822
   3510.0   0.11194
   3515.0   0.11125
   3520.0   0.11308
   3525.0   0.11928
   3530.0   0.11864
   3535.0   0.12093
   3540.0   0.12040
   3545.0   0.11963
   3550.0   0.12923
   3555.0   0.12533
   3560.0   0.12667
   3565.0   0.12780
   3570.0   0.13065
   3575.0   0.13661
   3580.0   0.14128
   3585.0   0.13458
   3590.0   0.12931
   3595.0   0.14561
   3600.0   0.15146



 C1NV24      .ASC                        

 NV-RBS-024                                                              
 C89-9P     POWDER FROM ARGILLIZED ZONE                                  
 RATIOS ADJUSTED USING NBS HALON CALIBRATION TABLE                       

 Source Ang: 35.00   Detect Ang:  0.00  Volt: 0.222
 Date: 19-MAY-89   Time: 12:23:19
