   641
    300.0   0.02716
    305.0   0.03039
    310.0   0.02791
    315.0   0.03089
    320.0   0.03126
    325.0   0.03218
    330.0   0.03371
    335.0   0.03599
    340.0   0.03848
    345.0   0.04141
    350.0   0.04302
    355.0   0.04548
    360.0   0.04794
    365.0   0.04929
    370.0   0.05116
    375.0   0.05363
    380.0   0.05587
    385.0   0.05881
    390.0   0.06163
    395.0   0.06479
    400.0   0.06783
    405.0   0.07074
    410.0   0.07385
    415.0   0.07666
    420.0   0.07946
    425.0   0.08263
    430.0   0.08597
    435.0   0.08955
    440.0   0.09276
    445.0   0.09551
    450.0   0.09823
    455.0   0.10160
    460.0   0.10489
    465.0   0.10735
    470.0   0.10918
    475.0   0.11160
    480.0   0.11374
    485.0   0.11668
    490.0   0.12053
    495.0   0.12461
    500.0   0.12966
    505.0   0.13486
    510.0   0.14047
    515.0   0.14591
    520.0   0.15119
    525.0   0.15696
    530.0   0.16264
    535.0   0.16787
    540.0   0.17333
    545.0   0.17837
    550.0   0.18388
    555.0   0.18904
    560.0   0.19397
    565.0   0.19923
    570.0   0.20431
    575.0   0.20874
    580.0   0.21366
    585.0   0.21837
    590.0   0.22245
    595.0   0.22660
    600.0   0.23062
    605.0   0.23436
    610.0   0.23815
    615.0   0.24156
    620.0   0.24427
    625.0   0.24693
    630.0   0.25022
    635.0   0.25252
    640.0   0.25535
    645.0   0.25754
    650.0   0.26002
    655.0   0.26281
    660.0   0.26534
    665.0   0.26723
    670.0   0.26949
    675.0   0.27187
    680.0   0.27390
    685.0   0.27600
    690.0   0.27819
    695.0   0.28010
    700.0   0.28155
    705.0   0.28362
    710.0   0.28482
    715.0   0.28651
    720.0   0.28870
    725.0   0.29021
    730.0   0.29167
    735.0   0.29251
    740.0   0.29383
    745.0   0.29483
    750.0   0.29517
    755.0   0.29629
    760.0   0.29709
    765.0   0.29782
    770.0   0.29860
    775.0   0.29901
    780.0   0.29969
    785.0   0.29978
    790.0   0.29992
    795.0   0.29969
    800.0   0.29991
    805.0   0.29973
    810.0   0.29997
    815.0   0.29999
    820.0   0.29992
    825.0   0.29949
    830.0   0.29939
    835.0   0.29957
    840.0   0.29910
    845.0   0.29929
    850.0   0.29918
    855.0   0.29893
    860.0   0.29932
    865.0   0.29926
    870.0   0.29821
    875.0   0.29820
    880.0   0.29767
    885.0   0.29734
    890.0   0.29694
    895.0   0.29659
    900.0   0.29656
    905.0   0.29585
    910.0   0.29601
    915.0   0.29617
    920.0   0.29640
    925.0   0.29554
    930.0   0.29493
    935.0   0.29434
    940.0   0.29468
    945.0   0.29433
    950.0   0.29373
    955.0   0.29346
    960.0   0.29309
    965.0   0.29214
    970.0   0.29117
    975.0   0.29165
    980.0   0.29227
    985.0   0.29175
    990.0   0.29179
    995.0   0.29185
   1000.0   0.29132
   1005.0   0.29102
   1010.0   0.29210
   1015.0   0.29121
   1020.0   0.29128
   1025.0   0.29159
   1030.0   0.29189
   1035.0   0.29231
   1040.0   0.29272
   1045.0   0.29296
   1050.0   0.29325
   1055.0   0.29411
   1060.0   0.29476
   1065.0   0.29475
   1070.0   0.29536
   1075.0   0.29628
   1080.0   0.29602
   1085.0   0.29673
   1090.0   0.29704
   1095.0   0.29804
   1100.0   0.29824
   1105.0   0.29884
   1110.0   0.30040
   1115.0   0.30081
   1120.0   0.30105
   1125.0   0.30174
   1130.0   0.30229
   1135.0   0.30164
   1140.0   0.30253
   1145.0   0.30262
   1150.0   0.30355
   1155.0   0.30360
   1160.0   0.30322
   1165.0   0.30319
   1170.0   0.30401
   1175.0   0.30512
   1180.0   0.30613
   1185.0   0.30647
   1190.0   0.30717
   1195.0   0.30731
   1200.0   0.30669
   1205.0   0.30748
   1210.0   0.30859
   1215.0   0.30900
   1220.0   0.31004
   1225.0   0.31092
   1230.0   0.31031
   1235.0   0.31061
   1240.0   0.31056
   1245.0   0.31109
   1250.0   0.31159
   1255.0   0.31168
   1260.0   0.31251
   1265.0   0.31254
   1270.0   0.31375
   1275.0   0.31344
   1280.0   0.31441
   1285.0   0.31533
   1290.0   0.31553
   1295.0   0.31638
   1300.0   0.31651
   1305.0   0.31617
   1310.0   0.31707
   1315.0   0.31782
   1320.0   0.31765
   1325.0   0.31708
   1330.0   0.31734
   1335.0   0.31784
   1340.0   0.31762
   1345.0   0.31836
   1350.0   0.31800
   1355.0   0.31762
   1360.0   0.31781
   1365.0   0.31847
   1370.0   0.31914
   1375.0   0.31898
   1380.0   0.31768
   1385.0   0.31784
   1390.0   0.31595
   1395.0   0.31330
   1400.0   0.30912
   1405.0   0.30375
   1410.0   0.30088
   1415.0   0.29725
   1420.0   0.29147
   1425.0   0.28970
   1430.0   0.29112
   1435.0   0.29350
   1440.0   0.29780
   1445.0   0.29959
   1450.0   0.30124
   1455.0   0.30412
   1460.0   0.30582
   1465.0   0.30598
   1470.0   0.30664
   1475.0   0.31070
   1480.0   0.31266
   1485.0   0.31584
   1490.0   0.31754
   1495.0   0.31992
   1500.0   0.32121
   1505.0   0.32282
   1510.0   0.32451
   1515.0   0.32730
   1520.0   0.32827
   1525.0   0.32897
   1530.0   0.32950
   1535.0   0.33043
   1540.0   0.33253
   1545.0   0.33312
   1550.0   0.33437
   1555.0   0.33405
   1560.0   0.33642
   1565.0   0.33727
   1570.0   0.33821
   1575.0   0.33841
   1580.0   0.33997
   1585.0   0.34107
   1590.0   0.34203
   1595.0   0.34104
   1600.0   0.34187
   1605.0   0.34327
   1610.0   0.34330
   1615.0   0.34513
   1620.0   0.34552
   1625.0   0.34599
   1630.0   0.34537
   1635.0   0.34659
   1640.0   0.34741
   1645.0   0.34907
   1650.0   0.34898
   1655.0   0.35088
   1660.0   0.35096
   1665.0   0.35230
   1670.0   0.35080
   1675.0   0.35237
   1680.0   0.35344
   1685.0   0.35310
   1690.0   0.35318
   1695.0   0.35464
   1700.0   0.35315
   1705.0   0.35391
   1710.0   0.35315
   1715.0   0.35290
   1720.0   0.35331
   1725.0   0.35383
   1730.0   0.35412
   1735.0   0.35489
   1740.0   0.35453
   1745.0   0.35453
   1750.0   0.35423
   1755.0   0.35379
   1760.0   0.35372
   1765.0   0.35388
   1770.0   0.35316
   1775.0   0.35253
   1780.0   0.35290
   1785.0   0.35351
   1790.0   0.35278
   1795.0   0.35365
   1800.0   0.35435
   1805.0   0.35387
   1810.0   0.35361
   1815.0   0.35356
   1820.0   0.35414
   1825.0   0.35466
   1830.0   0.35527
   1835.0   0.35503
   1840.0   0.35582
   1845.0   0.35676
   1850.0   0.35785
   1855.0   0.35731
   1860.0   0.35563
   1865.0   0.35406
   1870.0   0.35092
   1875.0   0.34661
   1880.0   0.34355
   1885.0   0.33598
   1890.0   0.32461
   1895.0   0.30959
   1900.0   0.29106
   1905.0   0.26971
   1910.0   0.24965
   1915.0   0.23377
   1920.0   0.22987
   1925.0   0.23235
   1930.0   0.23721
   1935.0   0.24232
   1940.0   0.24736
   1945.0   0.25181
   1950.0   0.25665
   1955.0   0.26075
   1960.0   0.26455
   1965.0   0.26810
   1970.0   0.27209
   1975.0   0.27611
   1980.0   0.27956
   1985.0   0.28305
   1990.0   0.28658
   1995.0   0.29171
   2000.0   0.29622
   2005.0   0.30020
   2010.0   0.30483
   2015.0   0.30819
   2020.0   0.31097
   2025.0   0.31306
   2030.0   0.31672
   2035.0   0.31828
   2040.0   0.32031
   2045.0   0.32308
   2050.0   0.32561
   2055.0   0.32810
   2060.0   0.32999
   2065.0   0.33181
   2070.0   0.33262
   2075.0   0.33365
   2080.0   0.33422
   2085.0   0.33571
   2090.0   0.33648
   2095.0   0.33815
   2100.0   0.34015
   2105.0   0.34120
   2110.0   0.34183
   2115.0   0.34259
   2120.0   0.34290
   2125.0   0.34264
   2130.0   0.34430
   2135.0   0.34615
   2140.0   0.34644
   2145.0   0.34643
   2150.0   0.34673
   2155.0   0.34727
   2160.0   0.34781
   2165.0   0.34997
   2170.0   0.35033
   2175.0   0.35077
   2180.0   0.34987
   2185.0   0.35080
   2190.0   0.35209
   2195.0   0.35136
   2200.0   0.35145
   2205.0   0.35151
   2210.0   0.35118
   2215.0   0.35144
   2220.0   0.35219
   2225.0   0.35061
   2230.0   0.35043
   2235.0   0.35097
   2240.0   0.34962
   2245.0   0.34947
   2250.0   0.34943
   2255.0   0.34925
   2260.0   0.34804
   2265.0   0.34615
   2270.0   0.34582
   2275.0   0.34461
   2280.0   0.34018
   2285.0   0.33755
   2290.0   0.33421
   2295.0   0.33152
   2300.0   0.32827
   2305.0   0.32625
   2310.0   0.32686
   2315.0   0.32775
   2320.0   0.33044
   2325.0   0.33169
   2330.0   0.33058
   2335.0   0.33012
   2340.0   0.32922
   2345.0   0.32796
   2350.0   0.32676
   2355.0   0.32426
   2360.0   0.32131
   2365.0   0.31933
   2370.0   0.31766
   2375.0   0.31441
   2380.0   0.30998
   2385.0   0.30686
   2390.0   0.30415
   2395.0   0.29942
   2400.0   0.29764
   2405.0   0.29524
   2410.0   0.29112
   2415.0   0.28802
   2420.0   0.28463
   2425.0   0.28199
   2430.0   0.27844
   2435.0   0.27349
   2440.0   0.26965
   2445.0   0.26571
   2450.0   0.26044
   2455.0   0.25702
   2460.0   0.25333
   2465.0   0.24987
   2470.0   0.24676
   2475.0   0.24409
   2480.0   0.23972
   2485.0   0.23743
   2490.0   0.23544
   2495.0   0.23450
   2500.0   0.23281
   2505.0   0.23048
   2510.0   0.22786
   2515.0   0.22628
   2520.0   0.22393
   2525.0   0.22432
   2530.0   0.22390
   2535.0   0.22196
   2540.0   0.22166
   2545.0   0.22267
   2550.0   0.22162
   2555.0   0.22381
   2560.0   0.22730
   2565.0   0.22282
   2570.0   0.22823
   2575.0   0.22684
   2580.0   0.22699
   2585.0   0.22807
   2590.0   0.22605
   2595.0   0.22761
   2600.0   0.22414
   2605.0   0.22414
   2610.0   0.22266
   2615.0   0.22274
   2620.0   0.21930
   2625.0   0.22013
   2630.0   0.21626
   2635.0   0.21318
   2640.0   0.21469
   2645.0   0.21052
   2650.0   0.20757
   2655.0   0.20639
   2660.0   0.20234
   2665.0   0.19698
   2670.0   0.19302
   2675.0   0.18718
   2680.0   0.18168
   2685.0   0.17492
   2690.0   0.16610
   2695.0   0.15886
   2700.0   0.15002
   2705.0   0.14106
   2710.0   0.13080
   2715.0   0.12081
   2720.0   0.11120
   2725.0   0.10115
   2730.0   0.08907
   2735.0   0.07799
   2740.0   0.06641
   2745.0   0.05977
   2750.0   0.05448
   2755.0   0.04872
   2760.0   0.04185
   2765.0   0.03475
   2770.0   0.03673
   2775.0   0.03967
   2780.0   0.02018
   2785.0   0.03472
   2790.0   0.01914
   2795.0   0.03103
   2800.0   0.02964
   2805.0   0.02228
   2810.0   0.02602
   2815.0   0.02725
   2820.0   0.02902
   2825.0   0.02552
   2830.0   0.02596
   2835.0   0.02836
   2840.0   0.03160
   2845.0   0.02819
   2850.0   0.03086
   2855.0   0.02553
   2860.0   0.02928
   2865.0   0.02913
   2870.0   0.02834
   2875.0   0.02833
   2880.0   0.03013
   2885.0   0.03138
   2890.0   0.02920
   2895.0   0.03150
   2900.0   0.02940
   2905.0   0.02875
   2910.0   0.02882
   2915.0   0.02561
   2920.0   0.03100
   2925.0   0.02858
   2930.0   0.02473
   2935.0   0.02256
   2940.0   0.02403
   2945.0   0.02207
   2950.0   0.02565
   2955.0   0.02366
   2960.0   0.02336
   2965.0   0.02439
   2970.0   0.02419
   2975.0   0.02445
   2980.0   0.02568
   2985.0   0.02703
   2990.0   0.02643
   2995.0   0.02697
   3000.0   0.02575
   3005.0   0.02621
   3010.0   0.02653
   3015.0   0.02811
   3020.0   0.02657
   3025.0   0.02672
   3030.0   0.02711
   3035.0   0.02813
   3040.0   0.02694
   3045.0   0.02822
   3050.0   0.02920
   3055.0   0.02923
   3060.0   0.02850
   3065.0   0.02857
   3070.0   0.02899
   3075.0   0.02998
   3080.0   0.02985
   3085.0   0.03115
   3090.0   0.03138
   3095.0   0.03141
   3100.0   0.03120
   3105.0   0.03157
   3110.0   0.03205
   3115.0   0.03251
   3120.0   0.03487
   3125.0   0.03381
   3130.0   0.03366
   3135.0   0.03543
   3140.0   0.03454
   3145.0   0.03593
   3150.0   0.03655
   3155.0   0.03765
   3160.0   0.03765
   3165.0   0.03950
   3170.0   0.03970
   3175.0   0.04065
   3180.0   0.03994
   3185.0   0.04145
   3190.0   0.04251
   3195.0   0.04272
   3200.0   0.04389
   3205.0   0.04584
   3210.0   0.04623
   3215.0   0.04693
   3220.0   0.04810
   3225.0   0.04841
   3230.0   0.05011
   3235.0   0.05150
   3240.0   0.05110
   3245.0   0.05341
   3250.0   0.05251
   3255.0   0.05491
   3260.0   0.05461
   3265.0   0.05685
   3270.0   0.05681
   3275.0   0.05874
   3280.0   0.05918
   3285.0   0.06147
   3290.0   0.06077
   3295.0   0.06273
   3300.0   0.06446
   3305.0   0.06539
   3310.0   0.06665
   3315.0   0.06985
   3320.0   0.06880
   3325.0   0.06962
   3330.0   0.07144
   3335.0   0.07193
   3340.0   0.07558
   3345.0   0.07610
   3350.0   0.07614
   3355.0   0.07709
   3360.0   0.07824
   3365.0   0.08010
   3370.0   0.08058
   3375.0   0.08156
   3380.0   0.08629
   3385.0   0.08562
   3390.0   0.08765
   3395.0   0.09095
   3400.0   0.09320
   3405.0   0.09224
   3410.0   0.09536
   3415.0   0.09693
   3420.0   0.09599
   3425.0   0.10045
   3430.0   0.09873
   3435.0   0.10002
   3440.0   0.10411
   3445.0   0.10764
   3450.0   0.10841
   3455.0   0.10990
   3460.0   0.11005
   3465.0   0.11350
   3470.0   0.11447
   3475.0   0.11514
   3480.0   0.12151
   3485.0   0.11996
   3490.0   0.12387
   3495.0   0.12377
   3500.0   0.12902



 C1NV26      .ASC                        

 NV-RBS-026                                                              
 MACDC-NE2P  MACDOUGAL CRATER SONORA MEXICO  POWDER <2000 UM             
 RATIOS ADJUSTED USING NBS HALON CALIBRATION TABLE                       

 Source Ang: 30.00   Detect Ang:  0.00  Volt: 0.222
 Date: 07-JUL-89   Time: 15:38:09
