   661
    300.0   0.05490
    305.0   0.05507
    310.0   0.05642
    315.0   0.05630
    320.0   0.05789
    325.0   0.05818
    330.0   0.05897
    335.0   0.05914
    340.0   0.05963
    345.0   0.05985
    350.0   0.06006
    355.0   0.06030
    360.0   0.06100
    365.0   0.06133
    370.0   0.06187
    375.0   0.06229
    380.0   0.06268
    385.0   0.06302
    390.0   0.06356
    395.0   0.06409
    400.0   0.06471
    405.0   0.06535
    410.0   0.06688
    415.0   0.06744
    420.0   0.06818
    425.0   0.06909
    430.0   0.07014
    435.0   0.07159
    440.0   0.07313
    445.0   0.07470
    450.0   0.07593
    455.0   0.07740
    460.0   0.07861
    465.0   0.07944
    470.0   0.08061
    475.0   0.08148
    480.0   0.08252
    485.0   0.08348
    490.0   0.08478
    495.0   0.08568
    500.0   0.08711
    505.0   0.08843
    510.0   0.08965
    515.0   0.09105
    520.0   0.09247
    525.0   0.09392
    530.0   0.09557
    535.0   0.09737
    540.0   0.09949
    545.0   0.10163
    550.0   0.10381
    555.0   0.10686
    560.0   0.10999
    565.0   0.11288
    570.0   0.11653
    575.0   0.11973
    580.0   0.12349
    585.0   0.12683
    590.0   0.13031
    595.0   0.13291
    600.0   0.13582
    605.0   0.13814
    610.0   0.14069
    615.0   0.14218
    620.0   0.14358
    625.0   0.14576
    630.0   0.14681
    635.0   0.14851
    640.0   0.14993
    645.0   0.15115
    650.0   0.15197
    655.0   0.15362
    660.0   0.15495
    665.0   0.15647
    670.0   0.15754
    675.0   0.15900
    680.0   0.16015
    685.0   0.16128
    690.0   0.16276
    695.0   0.16403
    700.0   0.16531
    705.0   0.16630
    710.0   0.16711
    715.0   0.16864
    720.0   0.16937
    725.0   0.17025
    730.0   0.17156
    735.0   0.17279
    740.0   0.17407
    745.0   0.17512
    750.0   0.17607
    755.0   0.17705
    760.0   0.17894
    765.0   0.17965
    770.0   0.18071
    775.0   0.18193
    780.0   0.18298
    785.0   0.18418
    790.0   0.18540
    795.0   0.18613
    800.0   0.18787
    805.0   0.18809
    810.0   0.18926
    815.0   0.19088
    820.0   0.19138
    825.0   0.19195
    830.0   0.19299
    835.0   0.19381
    840.0   0.19402
    845.0   0.19478
    850.0   0.19589
    855.0   0.19587
    860.0   0.19703
    865.0   0.19804
    870.0   0.19889
    875.0   0.19878
    880.0   0.19966
    885.0   0.20127
    890.0   0.20159
    895.0   0.20215
    900.0   0.20288
    905.0   0.20438
    910.0   0.20545
    915.0   0.20561
    920.0   0.20746
    925.0   0.20791
    930.0   0.21025
    935.0   0.21037
    940.0   0.21221
    945.0   0.21396
    950.0   0.21575
    955.0   0.21706
    960.0   0.21833
    965.0   0.21974
    970.0   0.22107
    975.0   0.22232
    980.0   0.22477
    985.0   0.22663
    990.0   0.22812
    995.0   0.23032
   1000.0   0.23153
   1005.0   0.23379
   1010.0   0.23452
   1015.0   0.23624
   1020.0   0.23843
   1025.0   0.24063
   1030.0   0.24272
   1035.0   0.24417
   1040.0   0.24553
   1045.0   0.24672
   1050.0   0.24891
   1055.0   0.25074
   1060.0   0.25270
   1065.0   0.25445
   1070.0   0.25649
   1075.0   0.25766
   1080.0   0.25960
   1085.0   0.26150
   1090.0   0.26276
   1095.0   0.26498
   1100.0   0.26508
   1105.0   0.26682
   1110.0   0.26859
   1115.0   0.26983
   1120.0   0.27139
   1125.0   0.27323
   1130.0   0.27474
   1135.0   0.27615
   1140.0   0.27747
   1145.0   0.27868
   1150.0   0.28023
   1155.0   0.28148
   1160.0   0.28332
   1165.0   0.28490
   1170.0   0.28558
   1175.0   0.28728
   1180.0   0.28911
   1185.0   0.29025
   1190.0   0.29102
   1195.0   0.29193
   1200.0   0.29326
   1205.0   0.29519
   1210.0   0.29528
   1215.0   0.29695
   1220.0   0.29729
   1225.0   0.29823
   1230.0   0.30005
   1235.0   0.30191
   1240.0   0.30154
   1245.0   0.30314
   1250.0   0.30510
   1255.0   0.30577
   1260.0   0.30768
   1265.0   0.30874
   1270.0   0.31031
   1275.0   0.31102
   1280.0   0.31167
   1285.0   0.31404
   1290.0   0.31579
   1295.0   0.31656
   1300.0   0.31726
   1305.0   0.31845
   1310.0   0.31854
   1315.0   0.32027
   1320.0   0.32144
   1325.0   0.32197
   1330.0   0.32347
   1335.0   0.32450
   1340.0   0.32569
   1345.0   0.32618
   1350.0   0.32702
   1355.0   0.32679
   1360.0   0.32784
   1365.0   0.33145
   1370.0   0.33185
   1375.0   0.33394
   1380.0   0.33021
   1385.0   0.33510
   1390.0   0.33513
   1395.0   0.33278
   1400.0   0.33368
   1405.0   0.33501
   1410.0   0.33402
   1415.0   0.33391
   1420.0   0.33551
   1425.0   0.33583
   1430.0   0.33684
   1435.0   0.33832
   1440.0   0.33992
   1445.0   0.34067
   1450.0   0.34104
   1455.0   0.34347
   1460.0   0.34363
   1465.0   0.34555
   1470.0   0.34484
   1475.0   0.34745
   1480.0   0.34791
   1485.0   0.34922
   1490.0   0.35029
   1495.0   0.35056
   1500.0   0.35181
   1505.0   0.35242
   1510.0   0.35339
   1515.0   0.35483
   1520.0   0.35400
   1525.0   0.35528
   1530.0   0.35628
   1535.0   0.35679
   1540.0   0.35797
   1545.0   0.35822
   1550.0   0.35998
   1555.0   0.36137
   1560.0   0.36308
   1565.0   0.36160
   1570.0   0.36286
   1575.0   0.36313
   1580.0   0.36558
   1585.0   0.36754
   1590.0   0.36824
   1595.0   0.36832
   1600.0   0.36832
   1605.0   0.36971
   1610.0   0.37092
   1615.0   0.37150
   1620.0   0.37213
   1625.0   0.37259
   1630.0   0.37344
   1635.0   0.37309
   1640.0   0.37345
   1645.0   0.37513
   1650.0   0.37674
   1655.0   0.37731
   1660.0   0.37882
   1665.0   0.37782
   1670.0   0.38027
   1675.0   0.38075
   1680.0   0.38127
   1685.0   0.38201
   1690.0   0.38067
   1695.0   0.38249
   1700.0   0.38278
   1705.0   0.38333
   1710.0   0.38460
   1715.0   0.38461
   1720.0   0.38565
   1725.0   0.38539
   1730.0   0.38726
   1735.0   0.38802
   1740.0   0.38879
   1745.0   0.38905
   1750.0   0.38936
   1755.0   0.38898
   1760.0   0.39062
   1765.0   0.39093
   1770.0   0.39261
   1775.0   0.39408
   1780.0   0.39499
   1785.0   0.39453
   1790.0   0.39505
   1795.0   0.39636
   1800.0   0.39742
   1805.0   0.39842
   1810.0   0.39935
   1815.0   0.39960
   1820.0   0.39949
   1825.0   0.40131
   1830.0   0.40265
   1835.0   0.40268
   1840.0   0.40316
   1845.0   0.40550
   1850.0   0.40532
   1855.0   0.40607
   1860.0   0.40592
   1865.0   0.40584
   1870.0   0.40340
   1875.0   0.40735
   1880.0   0.41058
   1885.0   0.40678
   1890.0   0.40326
   1895.0   0.40081
   1900.0   0.39675
   1905.0   0.39383
   1910.0   0.39142
   1915.0   0.38939
   1920.0   0.39040
   1925.0   0.39159
   1930.0   0.39185
   1935.0   0.39332
   1940.0   0.39450
   1945.0   0.39566
   1950.0   0.39692
   1955.0   0.39933
   1960.0   0.40049
   1965.0   0.40266
   1970.0   0.40443
   1975.0   0.40668
   1980.0   0.40863
   1985.0   0.40945
   1990.0   0.41117
   1995.0   0.41271
   2000.0   0.41452
   2005.0   0.41658
   2010.0   0.41845
   2015.0   0.41907
   2020.0   0.42035
   2025.0   0.42193
   2030.0   0.42367
   2035.0   0.42447
   2040.0   0.42511
   2045.0   0.42656
   2050.0   0.42770
   2055.0   0.42952
   2060.0   0.43048
   2065.0   0.42919
   2070.0   0.42953
   2075.0   0.43153
   2080.0   0.43162
   2085.0   0.43207
   2090.0   0.43503
   2095.0   0.43612
   2100.0   0.43709
   2105.0   0.43801
   2110.0   0.43801
   2115.0   0.43808
   2120.0   0.43957
   2125.0   0.44086
   2130.0   0.44119
   2135.0   0.44255
   2140.0   0.44239
   2145.0   0.44136
   2150.0   0.44237
   2155.0   0.44409
   2160.0   0.44502
   2165.0   0.44396
   2170.0   0.44411
   2175.0   0.44324
   2180.0   0.44218
   2185.0   0.44232
   2190.0   0.44232
   2195.0   0.44134
   2200.0   0.44039
   2205.0   0.44048
   2210.0   0.43960
   2215.0   0.43904
   2220.0   0.44123
   2225.0   0.44182
   2230.0   0.44303
   2235.0   0.44629
   2240.0   0.44634
   2245.0   0.44713
   2250.0   0.44815
   2255.0   0.44938
   2260.0   0.45081
   2265.0   0.45124
   2270.0   0.45206
   2275.0   0.45334
   2280.0   0.45300
   2285.0   0.45413
   2290.0   0.45318
   2295.0   0.45248
   2300.0   0.45385
   2305.0   0.45410
   2310.0   0.45410
   2315.0   0.45379
   2320.0   0.45455
   2325.0   0.45509
   2330.0   0.45472
   2335.0   0.45558
   2340.0   0.45529
   2345.0   0.45522
   2350.0   0.45479
   2355.0   0.45780
   2360.0   0.45855
   2365.0   0.45712
   2370.0   0.45736
   2375.0   0.45753
   2380.0   0.45627
   2385.0   0.45478
   2390.0   0.45371
   2395.0   0.45398
   2400.0   0.45283
   2405.0   0.45214
   2410.0   0.45039
   2415.0   0.45006
   2420.0   0.44913
   2425.0   0.44739
   2430.0   0.44649
   2435.0   0.44302
   2440.0   0.44221
   2445.0   0.44219
   2450.0   0.44028
   2455.0   0.44164
   2460.0   0.44134
   2465.0   0.44050
   2470.0   0.43896
   2475.0   0.43821
   2480.0   0.43686
   2485.0   0.43487
   2490.0   0.43487
   2495.0   0.43329
   2500.0   0.43258
   2505.0   0.43211
   2510.0   0.43070
   2515.0   0.43081
   2520.0   0.43181
   2525.0   0.43183
   2530.0   0.42998
   2535.0   0.43002
   2540.0   0.42921
   2545.0   0.42352
   2550.0   0.43032
   2555.0   0.43430
   2560.0   0.43057
   2565.0   0.43047
   2570.0   0.43600
   2575.0   0.43250
   2580.0   0.43342
   2585.0   0.42987
   2590.0   0.43483
   2595.0   0.42942
   2600.0   0.43679
   2605.0   0.43204
   2610.0   0.43453
   2615.0   0.43232
   2620.0   0.43348
   2625.0   0.43137
   2630.0   0.43062
   2635.0   0.42989
   2640.0   0.42555
   2645.0   0.41834
   2650.0   0.41116
   2655.0   0.40413
   2660.0   0.39619
   2665.0   0.38829
   2670.0   0.38007
   2675.0   0.36960
   2680.0   0.35331
   2685.0   0.32701
   2690.0   0.29216
   2695.0   0.25493
   2700.0   0.21872
   2705.0   0.18276
   2710.0   0.16133
   2715.0   0.14761
   2720.0   0.13640
   2725.0   0.12764
   2730.0   0.11577
   2735.0   0.10491
   2740.0   0.09636
   2745.0   0.08886
   2750.0   0.08405
   2755.0   0.08182
   2760.0   0.07966
   2765.0   0.07493
   2770.0   0.07631
   2775.0   0.07429
   2780.0   0.07490
   2785.0   0.07797
   2790.0   0.07004
   2795.0   0.07468
   2800.0   0.07796
   2805.0   0.07962
   2810.0   0.07736
   2815.0   0.07562
   2820.0   0.07346
   2825.0   0.06852
   2830.0   0.06817
   2835.0   0.06717
   2840.0   0.06817
   2845.0   0.06847
   2850.0   0.06586
   2855.0   0.06790
   2860.0   0.06397
   2865.0   0.06406
   2870.0   0.06297
   2875.0   0.06356
   2880.0   0.06501
   2885.0   0.06302
   2890.0   0.06336
   2895.0   0.06125
   2900.0   0.06114
   2905.0   0.06269
   2910.0   0.06204
   2915.0   0.05980
   2920.0   0.06000
   2925.0   0.05859
   2930.0   0.05894
   2935.0   0.05923
   2940.0   0.06037
   2945.0   0.05819
   2950.0   0.05979
   2955.0   0.05767
   2960.0   0.05978
   2965.0   0.06096
   2970.0   0.06136
   2975.0   0.06287
   2980.0   0.06229
   2985.0   0.06417
   2990.0   0.06549
   2995.0   0.06351
   3000.0   0.06419
   3005.0   0.06487
   3010.0   0.06571
   3015.0   0.06464
   3020.0   0.06589
   3025.0   0.06634
   3030.0   0.06527
   3035.0   0.06744
   3040.0   0.06747
   3045.0   0.06748
   3050.0   0.06953
   3055.0   0.06886
   3060.0   0.06949
   3065.0   0.07035
   3070.0   0.07153
   3075.0   0.07018
   3080.0   0.07152
   3085.0   0.07243
   3090.0   0.07271
   3095.0   0.07381
   3100.0   0.07488
   3105.0   0.07522
   3110.0   0.07654
   3115.0   0.07724
   3120.0   0.07830
   3125.0   0.08003
   3130.0   0.07990
   3135.0   0.08034
   3140.0   0.08280
   3145.0   0.08469
   3150.0   0.08592
   3155.0   0.08780
   3160.0   0.08793
   3165.0   0.08972
   3170.0   0.08986
   3175.0   0.09394
   3180.0   0.09238
   3185.0   0.09324
   3190.0   0.09543
   3195.0   0.09734
   3200.0   0.09948
   3205.0   0.09918
   3210.0   0.10243
   3215.0   0.10561
   3220.0   0.10466
   3225.0   0.10628
   3230.0   0.10841
   3235.0   0.10902
   3240.0   0.11128
   3245.0   0.11237
   3250.0   0.11344
   3255.0   0.11526
   3260.0   0.11728
   3265.0   0.11787
   3270.0   0.11935
   3275.0   0.12133
   3280.0   0.12237
   3285.0   0.12418
   3290.0   0.12590
   3295.0   0.12884
   3300.0   0.13151
   3305.0   0.13269
   3310.0   0.13403
   3315.0   0.13436
   3320.0   0.13767
   3325.0   0.13881
   3330.0   0.14019
   3335.0   0.14176
   3340.0   0.14232
   3345.0   0.14388
   3350.0   0.14512
   3355.0   0.14530
   3360.0   0.14740
   3365.0   0.14978
   3370.0   0.14978
   3375.0   0.15309
   3380.0   0.15358
   3385.0   0.15799
   3390.0   0.15922
   3395.0   0.16289
   3400.0   0.16651
   3405.0   0.16652
   3410.0   0.16934
   3415.0   0.16980
   3420.0   0.17126
   3425.0   0.17149
   3430.0   0.17390
   3435.0   0.17657
   3440.0   0.17961
   3445.0   0.18191
   3450.0   0.18461
   3455.0   0.18563
   3460.0   0.18583
   3465.0   0.18827
   3470.0   0.18934
   3475.0   0.18995
   3480.0   0.18922
   3485.0   0.19370
   3490.0   0.19694
   3495.0   0.19577
   3500.0   0.19785
   3505.0   0.19991
   3510.0   0.20788
   3515.0   0.20866
   3520.0   0.21226
   3525.0   0.21767
   3530.0   0.22135
   3535.0   0.22481
   3540.0   0.22734
   3545.0   0.23140
   3550.0   0.23197
   3555.0   0.23628
   3560.0   0.23588
   3565.0   0.24108
   3570.0   0.24888
   3575.0   0.24810
   3580.0   0.24740
   3585.0   0.25458
   3590.0   0.26896
   3595.0   0.26219
   3600.0   0.25878



 C1NV07      .ASC                        

 NV-RBS-007                                                              
 WEATHERED FACE OF CHIP FROM ROCK CN-18B    AT 30,0                      
 RATIOS ADJUSTED USING NBS HALON CALIBRATION TABLE                       

 Source Ang: 30.00   Detect Ang:  0.00  Volt: 0.222
 Date: 16-FEB-89   Time: 14:52:28
