   641
    300.0   0.03357
    305.0   0.02736
    310.0   0.02918
    315.0   0.03170
    320.0   0.03158
    325.0   0.03305
    330.0   0.03497
    335.0   0.03730
    340.0   0.03912
    345.0   0.04085
    350.0   0.04332
    355.0   0.04576
    360.0   0.04743
    365.0   0.04943
    370.0   0.05152
    375.0   0.05447
    380.0   0.05765
    385.0   0.06133
    390.0   0.06504
    395.0   0.06856
    400.0   0.07218
    405.0   0.07433
    410.0   0.07808
    415.0   0.08098
    420.0   0.08436
    425.0   0.08839
    430.0   0.09292
    435.0   0.09825
    440.0   0.10302
    445.0   0.10714
    450.0   0.11088
    455.0   0.11446
    460.0   0.11711
    465.0   0.11881
    470.0   0.12017
    475.0   0.12180
    480.0   0.12424
    485.0   0.12700
    490.0   0.13074
    495.0   0.13494
    500.0   0.14019
    505.0   0.14505
    510.0   0.15030
    515.0   0.15513
    520.0   0.16054
    525.0   0.16494
    530.0   0.16989
    535.0   0.17467
    540.0   0.17925
    545.0   0.18424
    550.0   0.18871
    555.0   0.19352
    560.0   0.19799
    565.0   0.20327
    570.0   0.20806
    575.0   0.21292
    580.0   0.21669
    585.0   0.22102
    590.0   0.22452
    595.0   0.22774
    600.0   0.23068
    605.0   0.23311
    610.0   0.23558
    615.0   0.23803
    620.0   0.23948
    625.0   0.24233
    630.0   0.24335
    635.0   0.24512
    640.0   0.24678
    645.0   0.24815
    650.0   0.25004
    655.0   0.25194
    660.0   0.25362
    665.0   0.25514
    670.0   0.25629
    675.0   0.25826
    680.0   0.25947
    685.0   0.26109
    690.0   0.26255
    695.0   0.26411
    700.0   0.26524
    705.0   0.26649
    710.0   0.26739
    715.0   0.26828
    720.0   0.26951
    725.0   0.27021
    730.0   0.27171
    735.0   0.27247
    740.0   0.27274
    745.0   0.27368
    750.0   0.27428
    755.0   0.27545
    760.0   0.27588
    765.0   0.27677
    770.0   0.27736
    775.0   0.27700
    780.0   0.27747
    785.0   0.27870
    790.0   0.27866
    795.0   0.27857
    800.0   0.27891
    805.0   0.27890
    810.0   0.27936
    815.0   0.27928
    820.0   0.27923
    825.0   0.27892
    830.0   0.27930
    835.0   0.27841
    840.0   0.27897
    845.0   0.27867
    850.0   0.27863
    855.0   0.27935
    860.0   0.27833
    865.0   0.27856
    870.0   0.27820
    875.0   0.27821
    880.0   0.27864
    885.0   0.27802
    890.0   0.27797
    895.0   0.27818
    900.0   0.27756
    905.0   0.27852
    910.0   0.27809
    915.0   0.27850
    920.0   0.27888
    925.0   0.27938
    930.0   0.27810
    935.0   0.27850
    940.0   0.27787
    945.0   0.27822
    950.0   0.27802
    955.0   0.27832
    960.0   0.27873
    965.0   0.27840
    970.0   0.27908
    975.0   0.27867
    980.0   0.27848
    985.0   0.27936
    990.0   0.27952
    995.0   0.27864
   1000.0   0.27856
   1005.0   0.27879
   1010.0   0.27861
   1015.0   0.27869
   1020.0   0.27888
   1025.0   0.27893
   1030.0   0.27942
   1035.0   0.27904
   1040.0   0.27931
   1045.0   0.27991
   1050.0   0.27980
   1055.0   0.28007
   1060.0   0.27949
   1065.0   0.28049
   1070.0   0.28074
   1075.0   0.28092
   1080.0   0.28147
   1085.0   0.28212
   1090.0   0.28226
   1095.0   0.28216
   1100.0   0.28213
   1105.0   0.28292
   1110.0   0.28354
   1115.0   0.28373
   1120.0   0.28383
   1125.0   0.28487
   1130.0   0.28498
   1135.0   0.28477
   1140.0   0.28573
   1145.0   0.28487
   1150.0   0.28518
   1155.0   0.28525
   1160.0   0.28619
   1165.0   0.28619
   1170.0   0.28665
   1175.0   0.28668
   1180.0   0.28750
   1185.0   0.28701
   1190.0   0.28691
   1195.0   0.28742
   1200.0   0.28648
   1205.0   0.28714
   1210.0   0.28684
   1215.0   0.28697
   1220.0   0.28794
   1225.0   0.28793
   1230.0   0.28831
   1235.0   0.28816
   1240.0   0.28856
   1245.0   0.28892
   1250.0   0.28941
   1255.0   0.28935
   1260.0   0.29019
   1265.0   0.29037
   1270.0   0.29067
   1275.0   0.28985
   1280.0   0.29068
   1285.0   0.28991
   1290.0   0.29049
   1295.0   0.29115
   1300.0   0.29117
   1305.0   0.29170
   1310.0   0.29119
   1315.0   0.29243
   1320.0   0.29230
   1325.0   0.29218
   1330.0   0.29244
   1335.0   0.29290
   1340.0   0.29296
   1345.0   0.29340
   1350.0   0.29248
   1355.0   0.29216
   1360.0   0.29237
   1365.0   0.29186
   1370.0   0.29223
   1375.0   0.29188
   1380.0   0.29201
   1385.0   0.29262
   1390.0   0.29191
   1395.0   0.29068
   1400.0   0.28900
   1405.0   0.28754
   1410.0   0.28730
   1415.0   0.28446
   1420.0   0.28454
   1425.0   0.28577
   1430.0   0.28590
   1435.0   0.28774
   1440.0   0.28841
   1445.0   0.28951
   1450.0   0.29029
   1455.0   0.29007
   1460.0   0.29055
   1465.0   0.29008
   1470.0   0.29086
   1475.0   0.29191
   1480.0   0.29320
   1485.0   0.29364
   1490.0   0.29480
   1495.0   0.29533
   1500.0   0.29553
   1505.0   0.29593
   1510.0   0.29775
   1515.0   0.29750
   1520.0   0.29937
   1525.0   0.29929
   1530.0   0.29912
   1535.0   0.29963
   1540.0   0.29949
   1545.0   0.30074
   1550.0   0.30054
   1555.0   0.30111
   1560.0   0.30005
   1565.0   0.30037
   1570.0   0.30147
   1575.0   0.30248
   1580.0   0.30167
   1585.0   0.30097
   1590.0   0.30089
   1595.0   0.30272
   1600.0   0.30194
   1605.0   0.30297
   1610.0   0.30331
   1615.0   0.30443
   1620.0   0.30456
   1625.0   0.30449
   1630.0   0.30442
   1635.0   0.30411
   1640.0   0.30407
   1645.0   0.30603
   1650.0   0.30574
   1655.0   0.30419
   1660.0   0.30580
   1665.0   0.30646
   1670.0   0.30706
   1675.0   0.30648
   1680.0   0.30487
   1685.0   0.30630
   1690.0   0.30667
   1695.0   0.30638
   1700.0   0.30713
   1705.0   0.30656
   1710.0   0.30853
   1715.0   0.30780
   1720.0   0.30697
   1725.0   0.30766
   1730.0   0.30754
   1735.0   0.30692
   1740.0   0.30742
   1745.0   0.30788
   1750.0   0.30803
   1755.0   0.30904
   1760.0   0.30844
   1765.0   0.30902
   1770.0   0.30888
   1775.0   0.30842
   1780.0   0.30821
   1785.0   0.30962
   1790.0   0.30955
   1795.0   0.30863
   1800.0   0.30881
   1805.0   0.30837
   1810.0   0.30952
   1815.0   0.30921
   1820.0   0.30906
   1825.0   0.30835
   1830.0   0.30898
   1835.0   0.31028
   1840.0   0.30922
   1845.0   0.31020
   1850.0   0.31072
   1855.0   0.30962
   1860.0   0.30975
   1865.0   0.30935
   1870.0   0.30896
   1875.0   0.30778
   1880.0   0.30627
   1885.0   0.30430
   1890.0   0.30060
   1895.0   0.29646
   1900.0   0.28975
   1905.0   0.28159
   1910.0   0.27337
   1915.0   0.26817
   1920.0   0.26598
   1925.0   0.26647
   1930.0   0.26878
   1935.0   0.27227
   1940.0   0.27492
   1945.0   0.27638
   1950.0   0.27866
   1955.0   0.27986
   1960.0   0.28158
   1965.0   0.28392
   1970.0   0.28488
   1975.0   0.28507
   1980.0   0.28628
   1985.0   0.28706
   1990.0   0.28950
   1995.0   0.29167
   2000.0   0.29342
   2005.0   0.29368
   2010.0   0.29502
   2015.0   0.29652
   2020.0   0.29805
   2025.0   0.29883
   2030.0   0.29970
   2035.0   0.30069
   2040.0   0.30200
   2045.0   0.30224
   2050.0   0.30288
   2055.0   0.30378
   2060.0   0.30423
   2065.0   0.30524
   2070.0   0.30522
   2075.0   0.30559
   2080.0   0.30650
   2085.0   0.30648
   2090.0   0.30705
   2095.0   0.30802
   2100.0   0.30883
   2105.0   0.30998
   2110.0   0.30979
   2115.0   0.30845
   2120.0   0.30813
   2125.0   0.30768
   2130.0   0.30854
   2135.0   0.30985
   2140.0   0.30984
   2145.0   0.30882
   2150.0   0.30862
   2155.0   0.30892
   2160.0   0.30889
   2165.0   0.30931
   2170.0   0.30926
   2175.0   0.30935
   2180.0   0.30962
   2185.0   0.30830
   2190.0   0.30901
   2195.0   0.30751
   2200.0   0.30685
   2205.0   0.30682
   2210.0   0.30541
   2215.0   0.30442
   2220.0   0.30407
   2225.0   0.30472
   2230.0   0.30462
   2235.0   0.30395
   2240.0   0.30371
   2245.0   0.30364
   2250.0   0.30309
   2255.0   0.30389
   2260.0   0.30353
   2265.0   0.30326
   2270.0   0.30475
   2275.0   0.30425
   2280.0   0.30272
   2285.0   0.30040
   2290.0   0.29949
   2295.0   0.29940
   2300.0   0.29994
   2305.0   0.30000
   2310.0   0.30022
   2315.0   0.29977
   2320.0   0.30028
   2325.0   0.29917
   2330.0   0.29939
   2335.0   0.29829
   2340.0   0.29896
   2345.0   0.29878
   2350.0   0.29772
   2355.0   0.29793
   2360.0   0.29533
   2365.0   0.29415
   2370.0   0.29385
   2375.0   0.29408
   2380.0   0.29303
   2385.0   0.29283
   2390.0   0.29159
   2395.0   0.29016
   2400.0   0.28963
   2405.0   0.28818
   2410.0   0.28751
   2415.0   0.28679
   2420.0   0.28404
   2425.0   0.28421
   2430.0   0.28248
   2435.0   0.28159
   2440.0   0.28125
   2445.0   0.28129
   2450.0   0.27950
   2455.0   0.27715
   2460.0   0.27582
   2465.0   0.27526
   2470.0   0.27422
   2475.0   0.27161
   2480.0   0.26963
   2485.0   0.26809
   2490.0   0.26760
   2495.0   0.26762
   2500.0   0.26811
   2505.0   0.26710
   2510.0   0.26572
   2515.0   0.26402
   2520.0   0.26375
   2525.0   0.26437
   2530.0   0.26421
   2535.0   0.26410
   2540.0   0.26335
   2545.0   0.26263
   2550.0   0.26200
   2555.0   0.26281
   2560.0   0.26526
   2565.0   0.26218
   2570.0   0.26383
   2575.0   0.26400
   2580.0   0.26257
   2585.0   0.26268
   2590.0   0.26118
   2595.0   0.26136
   2600.0   0.26028
   2605.0   0.26015
   2610.0   0.25769
   2615.0   0.25843
   2620.0   0.25622
   2625.0   0.25620
   2630.0   0.25431
   2635.0   0.25278
   2640.0   0.25326
   2645.0   0.25181
   2650.0   0.24988
   2655.0   0.24657
   2660.0   0.24200
   2665.0   0.23828
   2670.0   0.23502
   2675.0   0.23042
   2680.0   0.22712
   2685.0   0.21907
   2690.0   0.20980
   2695.0   0.19904
   2700.0   0.18527
   2705.0   0.16897
   2710.0   0.15085
   2715.0   0.13414
   2720.0   0.12072
   2725.0   0.10957
   2730.0   0.09800
   2735.0   0.08385
   2740.0   0.06948
   2745.0   0.06076
   2750.0   0.05476
   2755.0   0.04850
   2760.0   0.03845
   2765.0   0.03296
   2770.0   0.02576
   2775.0   0.02581
   2780.0   0.03260
   2785.0   0.02040
   2790.0   0.02703
   2795.0   0.02359
   2800.0   0.01976
   2805.0   0.02307
   2810.0   0.02527
   2815.0   0.02297
   2820.0   0.03347
   2825.0   0.03060
   2830.0   0.02935
   2835.0   0.02265
   2840.0   0.02617
   2845.0   0.02388
   2850.0   0.02659
   2855.0   0.03007
   2860.0   0.02541
   2865.0   0.02251
   2870.0   0.02653
   2875.0   0.02725
   2880.0   0.02643
   2885.0   0.02693
   2890.0   0.02454
   2895.0   0.02108
   2900.0   0.02258
   2905.0   0.02463
   2910.0   0.02559
   2915.0   0.02404
   2920.0   0.02557
   2925.0   0.02354
   2930.0   0.02474
   2935.0   0.02279
   2940.0   0.02159
   2945.0   0.02386
   2950.0   0.02430
   2955.0   0.02351
   2960.0   0.02394
   2965.0   0.02259
   2970.0   0.02302
   2975.0   0.02388
   2980.0   0.02459
   2985.0   0.02333
   2990.0   0.02327
   2995.0   0.02279
   3000.0   0.02378
   3005.0   0.02414
   3010.0   0.02400
   3015.0   0.02695
   3020.0   0.02793
   3025.0   0.02686
   3030.0   0.02673
   3035.0   0.02924
   3040.0   0.02720
   3045.0   0.02894
   3050.0   0.02797
   3055.0   0.02765
   3060.0   0.02791
   3065.0   0.02940
   3070.0   0.03100
   3075.0   0.02936
   3080.0   0.03067
   3085.0   0.03176
   3090.0   0.03025
   3095.0   0.03078
   3100.0   0.03274
   3105.0   0.03161
   3110.0   0.03315
   3115.0   0.03362
   3120.0   0.03466
   3125.0   0.03599
   3130.0   0.03683
   3135.0   0.03841
   3140.0   0.03731
   3145.0   0.04013
   3150.0   0.03854
   3155.0   0.04005
   3160.0   0.04250
   3165.0   0.04309
   3170.0   0.04576
   3175.0   0.04572
   3180.0   0.04546
   3185.0   0.04684
   3190.0   0.05001
   3195.0   0.05032
   3200.0   0.05163
   3205.0   0.05223
   3210.0   0.05581
   3215.0   0.05487
   3220.0   0.05690
   3225.0   0.05968
   3230.0   0.06145
   3235.0   0.06220
   3240.0   0.06496
   3245.0   0.06535
   3250.0   0.06630
   3255.0   0.06935
   3260.0   0.07063
   3265.0   0.07246
   3270.0   0.07532
   3275.0   0.07499
   3280.0   0.07581
   3285.0   0.07986
   3290.0   0.08156
   3295.0   0.08272
   3300.0   0.08413
   3305.0   0.08818
   3310.0   0.09050
   3315.0   0.09090
   3320.0   0.09307
   3325.0   0.09568
   3330.0   0.09677
   3335.0   0.09983
   3340.0   0.10150
   3345.0   0.10310
   3350.0   0.10347
   3355.0   0.10569
   3360.0   0.10887
   3365.0   0.10968
   3370.0   0.11065
   3375.0   0.11350
   3380.0   0.11478
   3385.0   0.11731
   3390.0   0.12107
   3395.0   0.12147
   3400.0   0.12381
   3405.0   0.12909
   3410.0   0.13117
   3415.0   0.13295
   3420.0   0.13705
   3425.0   0.13918
   3430.0   0.13825
   3435.0   0.13992
   3440.0   0.14266
   3445.0   0.14533
   3450.0   0.14539
   3455.0   0.14761
   3460.0   0.14760
   3465.0   0.14895
   3470.0   0.14789
   3475.0   0.15742
   3480.0   0.15840
   3485.0   0.15959
   3490.0   0.16029
   3495.0   0.16302
   3500.0   0.17005



 C1NV31      .ASC                        

 NV-RBS-031                                                              
 EC-NWP   ELEGANTE CRATER SONORA, MEXICO  NW RIM    <2000 UM             
 RATIOS ADJUSTED USING NBS HALON CALIBRATION TABLE                       

 Source Ang: 30.00   Detect Ang:  0.00  Volt: 0.222
 Date: 10-JUL-89   Time: 10:33:10
