   641
    300.0   0.04173
    305.0   0.04104
    310.0   0.04106
    315.0   0.04440
    320.0   0.04582
    325.0   0.05040
    330.0   0.05284
    335.0   0.05511
    340.0   0.05875
    345.0   0.06139
    350.0   0.06408
    355.0   0.06637
    360.0   0.06925
    365.0   0.07199
    370.0   0.07463
    375.0   0.07837
    380.0   0.08242
    385.0   0.08640
    390.0   0.09104
    395.0   0.09474
    400.0   0.09826
    405.0   0.10118
    410.0   0.10498
    415.0   0.10809
    420.0   0.11180
    425.0   0.11599
    430.0   0.12062
    435.0   0.12543
    440.0   0.12985
    445.0   0.13390
    450.0   0.13716
    455.0   0.14007
    460.0   0.14221
    465.0   0.14355
    470.0   0.14472
    475.0   0.14605
    480.0   0.14846
    485.0   0.15077
    490.0   0.15397
    495.0   0.15761
    500.0   0.16170
    505.0   0.16583
    510.0   0.17016
    515.0   0.17413
    520.0   0.17859
    525.0   0.18218
    530.0   0.18599
    535.0   0.18958
    540.0   0.19277
    545.0   0.19584
    550.0   0.19881
    555.0   0.20169
    560.0   0.20404
    565.0   0.20666
    570.0   0.20906
    575.0   0.21112
    580.0   0.21316
    585.0   0.21518
    590.0   0.21706
    595.0   0.21874
    600.0   0.22001
    605.0   0.22111
    610.0   0.22244
    615.0   0.22395
    620.0   0.22459
    625.0   0.22581
    630.0   0.22648
    635.0   0.22776
    640.0   0.22838
    645.0   0.22959
    650.0   0.23027
    655.0   0.23105
    660.0   0.23241
    665.0   0.23295
    670.0   0.23342
    675.0   0.23434
    680.0   0.23508
    685.0   0.23574
    690.0   0.23662
    695.0   0.23733
    700.0   0.23812
    705.0   0.23914
    710.0   0.23930
    715.0   0.23963
    720.0   0.23988
    725.0   0.24091
    730.0   0.24098
    735.0   0.24096
    740.0   0.24132
    745.0   0.24173
    750.0   0.24184
    755.0   0.24258
    760.0   0.24267
    765.0   0.24326
    770.0   0.24284
    775.0   0.24337
    780.0   0.24276
    785.0   0.24336
    790.0   0.24326
    795.0   0.24307
    800.0   0.24311
    805.0   0.24296
    810.0   0.24278
    815.0   0.24217
    820.0   0.24186
    825.0   0.24187
    830.0   0.24133
    835.0   0.24177
    840.0   0.24092
    845.0   0.24134
    850.0   0.24045
    855.0   0.24172
    860.0   0.23964
    865.0   0.23981
    870.0   0.23867
    875.0   0.23970
    880.0   0.23884
    885.0   0.23758
    890.0   0.23733
    895.0   0.23748
    900.0   0.23764
    905.0   0.23728
    910.0   0.23509
    915.0   0.23689
    920.0   0.23610
    925.0   0.23610
    930.0   0.23498
    935.0   0.23550
    940.0   0.23427
    945.0   0.23435
    950.0   0.23427
    955.0   0.23418
    960.0   0.23380
    965.0   0.23347
    970.0   0.23354
    975.0   0.23375
    980.0   0.23254
    985.0   0.23279
    990.0   0.23239
    995.0   0.23203
   1000.0   0.23202
   1005.0   0.23150
   1010.0   0.23124
   1015.0   0.23090
   1020.0   0.23059
   1025.0   0.23040
   1030.0   0.23055
   1035.0   0.23047
   1040.0   0.23054
   1045.0   0.23027
   1050.0   0.23027
   1055.0   0.22956
   1060.0   0.23002
   1065.0   0.23036
   1070.0   0.22987
   1075.0   0.22921
   1080.0   0.22954
   1085.0   0.22972
   1090.0   0.23036
   1095.0   0.22969
   1100.0   0.22987
   1105.0   0.22940
   1110.0   0.22959
   1115.0   0.22913
   1120.0   0.22929
   1125.0   0.22910
   1130.0   0.22984
   1135.0   0.22934
   1140.0   0.22912
   1145.0   0.22909
   1150.0   0.22935
   1155.0   0.22939
   1160.0   0.22960
   1165.0   0.22941
   1170.0   0.22916
   1175.0   0.22869
   1180.0   0.22914
   1185.0   0.22895
   1190.0   0.22852
   1195.0   0.22801
   1200.0   0.22739
   1205.0   0.22778
   1210.0   0.22843
   1215.0   0.22860
   1220.0   0.22795
   1225.0   0.22836
   1230.0   0.22848
   1235.0   0.22806
   1240.0   0.22778
   1245.0   0.22781
   1250.0   0.22801
   1255.0   0.22731
   1260.0   0.22771
   1265.0   0.22836
   1270.0   0.22890
   1275.0   0.22877
   1280.0   0.22815
   1285.0   0.22819
   1290.0   0.22751
   1295.0   0.22808
   1300.0   0.22821
   1305.0   0.22825
   1310.0   0.22779
   1315.0   0.22766
   1320.0   0.22793
   1325.0   0.22863
   1330.0   0.22797
   1335.0   0.22778
   1340.0   0.22795
   1345.0   0.22831
   1350.0   0.22826
   1355.0   0.22799
   1360.0   0.22730
   1365.0   0.22749
   1370.0   0.22693
   1375.0   0.22715
   1380.0   0.22704
   1385.0   0.22707
   1390.0   0.22783
   1395.0   0.22648
   1400.0   0.22643
   1405.0   0.22441
   1410.0   0.22421
   1415.0   0.22393
   1420.0   0.22245
   1425.0   0.22248
   1430.0   0.22322
   1435.0   0.22406
   1440.0   0.22499
   1445.0   0.22562
   1450.0   0.22563
   1455.0   0.22618
   1460.0   0.22538
   1465.0   0.22605
   1470.0   0.22623
   1475.0   0.22746
   1480.0   0.22681
   1485.0   0.22728
   1490.0   0.22731
   1495.0   0.22844
   1500.0   0.22842
   1505.0   0.22858
   1510.0   0.22929
   1515.0   0.22939
   1520.0   0.22935
   1525.0   0.22964
   1530.0   0.22913
   1535.0   0.23060
   1540.0   0.23071
   1545.0   0.23130
   1550.0   0.23122
   1555.0   0.23074
   1560.0   0.23026
   1565.0   0.23105
   1570.0   0.23181
   1575.0   0.23194
   1580.0   0.23112
   1585.0   0.23169
   1590.0   0.23105
   1595.0   0.23185
   1600.0   0.23187
   1605.0   0.23241
   1610.0   0.23147
   1615.0   0.23272
   1620.0   0.23302
   1625.0   0.23186
   1630.0   0.23202
   1635.0   0.23317
   1640.0   0.23306
   1645.0   0.23332
   1650.0   0.23213
   1655.0   0.23272
   1660.0   0.23302
   1665.0   0.23310
   1670.0   0.23258
   1675.0   0.23243
   1680.0   0.23273
   1685.0   0.23298
   1690.0   0.23227
   1695.0   0.23371
   1700.0   0.23464
   1705.0   0.23336
   1710.0   0.23381
   1715.0   0.23375
   1720.0   0.23361
   1725.0   0.23348
   1730.0   0.23380
   1735.0   0.23350
   1740.0   0.23344
   1745.0   0.23324
   1750.0   0.23318
   1755.0   0.23340
   1760.0   0.23294
   1765.0   0.23211
   1770.0   0.23153
   1775.0   0.23119
   1780.0   0.23107
   1785.0   0.23096
   1790.0   0.23165
   1795.0   0.23179
   1800.0   0.23219
   1805.0   0.23131
   1810.0   0.23115
   1815.0   0.23092
   1820.0   0.22986
   1825.0   0.23126
   1830.0   0.23125
   1835.0   0.23164
   1840.0   0.23190
   1845.0   0.23244
   1850.0   0.23318
   1855.0   0.23382
   1860.0   0.23418
   1865.0   0.23408
   1870.0   0.23381
   1875.0   0.23299
   1880.0   0.23263
   1885.0   0.23123
   1890.0   0.22826
   1895.0   0.22628
   1900.0   0.22190
   1905.0   0.21703
   1910.0   0.21145
   1915.0   0.20873
   1920.0   0.20735
   1925.0   0.20747
   1930.0   0.20890
   1935.0   0.21097
   1940.0   0.21197
   1945.0   0.21297
   1950.0   0.21446
   1955.0   0.21478
   1960.0   0.21577
   1965.0   0.21693
   1970.0   0.21741
   1975.0   0.21834
   1980.0   0.21898
   1985.0   0.22005
   1990.0   0.22018
   1995.0   0.22096
   2000.0   0.22274
   2005.0   0.22369
   2010.0   0.22419
   2015.0   0.22494
   2020.0   0.22481
   2025.0   0.22474
   2030.0   0.22541
   2035.0   0.22610
   2040.0   0.22807
   2045.0   0.22950
   2050.0   0.22955
   2055.0   0.23012
   2060.0   0.23170
   2065.0   0.23146
   2070.0   0.23082
   2075.0   0.23167
   2080.0   0.23218
   2085.0   0.23199
   2090.0   0.23186
   2095.0   0.23185
   2100.0   0.23110
   2105.0   0.23089
   2110.0   0.23172
   2115.0   0.23203
   2120.0   0.23158
   2125.0   0.23121
   2130.0   0.23155
   2135.0   0.23203
   2140.0   0.23131
   2145.0   0.23214
   2150.0   0.23169
   2155.0   0.23087
   2160.0   0.23125
   2165.0   0.23189
   2170.0   0.23167
   2175.0   0.23227
   2180.0   0.23261
   2185.0   0.23171
   2190.0   0.23097
   2195.0   0.23040
   2200.0   0.22957
   2205.0   0.22886
   2210.0   0.22796
   2215.0   0.22792
   2220.0   0.22804
   2225.0   0.22740
   2230.0   0.22774
   2235.0   0.22702
   2240.0   0.22688
   2245.0   0.22846
   2250.0   0.22838
   2255.0   0.22897
   2260.0   0.22986
   2265.0   0.23032
   2270.0   0.23090
   2275.0   0.23109
   2280.0   0.23196
   2285.0   0.23084
   2290.0   0.23055
   2295.0   0.23052
   2300.0   0.23133
   2305.0   0.23226
   2310.0   0.23269
   2315.0   0.23201
   2320.0   0.23207
   2325.0   0.23268
   2330.0   0.23321
   2335.0   0.23287
   2340.0   0.23214
   2345.0   0.23108
   2350.0   0.23090
   2355.0   0.22988
   2360.0   0.22823
   2365.0   0.22816
   2370.0   0.22819
   2375.0   0.22644
   2380.0   0.22515
   2385.0   0.22490
   2390.0   0.22355
   2395.0   0.22274
   2400.0   0.22128
   2405.0   0.22095
   2410.0   0.22017
   2415.0   0.21944
   2420.0   0.21883
   2425.0   0.21834
   2430.0   0.21712
   2435.0   0.21624
   2440.0   0.21577
   2445.0   0.21484
   2450.0   0.21386
   2455.0   0.21332
   2460.0   0.21322
   2465.0   0.21255
   2470.0   0.21151
   2475.0   0.21050
   2480.0   0.20922
   2485.0   0.20883
   2490.0   0.20892
   2495.0   0.20968
   2500.0   0.20894
   2505.0   0.20782
   2510.0   0.20629
   2515.0   0.20550
   2520.0   0.20603
   2525.0   0.20580
   2530.0   0.20532
   2535.0   0.20698
   2540.0   0.20693
   2545.0   0.20668
   2550.0   0.20698
   2555.0   0.20804
   2560.0   0.20943
   2565.0   0.20923
   2570.0   0.21076
   2575.0   0.21111
   2580.0   0.20986
   2585.0   0.21048
   2590.0   0.20890
   2595.0   0.21102
   2600.0   0.20737
   2605.0   0.20731
   2610.0   0.20627
   2615.0   0.20517
   2620.0   0.20366
   2625.0   0.20220
   2630.0   0.20085
   2635.0   0.19879
   2640.0   0.19860
   2645.0   0.20051
   2650.0   0.19856
   2655.0   0.19869
   2660.0   0.19726
   2665.0   0.19518
   2670.0   0.19218
   2675.0   0.18897
   2680.0   0.18444
   2685.0   0.17897
   2690.0   0.16922
   2695.0   0.16116
   2700.0   0.15075
   2705.0   0.13833
   2710.0   0.12503
   2715.0   0.11354
   2720.0   0.10364
   2725.0   0.09421
   2730.0   0.08545
   2735.0   0.07399
   2740.0   0.06504
   2745.0   0.05722
   2750.0   0.05211
   2755.0   0.04576
   2760.0   0.03852
   2765.0   0.03520
   2770.0   0.02699
   2775.0   0.03004
   2780.0   0.02659
   2785.0   0.02354
   2790.0   0.01775
   2795.0   0.02285
   2800.0   0.02705
   2805.0   0.02372
   2810.0   0.02038
   2815.0   0.02266
   2820.0   0.03182
   2825.0   0.02231
   2830.0   0.02359
   2835.0   0.03303
   2840.0   0.02811
   2845.0   0.02918
   2850.0   0.03298
   2855.0   0.03112
   2860.0   0.02989
   2865.0   0.02806
   2870.0   0.02846
   2875.0   0.02725
   2880.0   0.02924
   2885.0   0.02725
   2890.0   0.02712
   2895.0   0.02765
   2900.0   0.02540
   2905.0   0.02685
   2910.0   0.02568
   2915.0   0.02563
   2920.0   0.02796
   2925.0   0.03059
   2930.0   0.02759
   2935.0   0.02878
   2940.0   0.02878
   2945.0   0.02654
   2950.0   0.02858
   2955.0   0.02782
   2960.0   0.02913
   2965.0   0.02705
   2970.0   0.03011
   2975.0   0.02425
   2980.0   0.02830
   2985.0   0.02898
   2990.0   0.02740
   2995.0   0.02690
   3000.0   0.02946
   3005.0   0.02740
   3010.0   0.02790
   3015.0   0.03051
   3020.0   0.02890
   3025.0   0.02950
   3030.0   0.03114
   3035.0   0.02866
   3040.0   0.02910
   3045.0   0.02957
   3050.0   0.03180
   3055.0   0.03117
   3060.0   0.03314
   3065.0   0.03205
   3070.0   0.03196
   3075.0   0.03240
   3080.0   0.03155
   3085.0   0.03502
   3090.0   0.03178
   3095.0   0.03577
   3100.0   0.03360
   3105.0   0.03434
   3110.0   0.03488
   3115.0   0.03650
   3120.0   0.03636
   3125.0   0.03691
   3130.0   0.03724
   3135.0   0.03712
   3140.0   0.03839
   3145.0   0.04003
   3150.0   0.04039
   3155.0   0.04061
   3160.0   0.03962
   3165.0   0.04193
   3170.0   0.04192
   3175.0   0.04391
   3180.0   0.04324
   3185.0   0.04457
   3190.0   0.04624
   3195.0   0.04669
   3200.0   0.04755
   3205.0   0.04937
   3210.0   0.04863
   3215.0   0.05241
   3220.0   0.05324
   3225.0   0.05275
   3230.0   0.05471
   3235.0   0.05588
   3240.0   0.05590
   3245.0   0.05663
   3250.0   0.06081
   3255.0   0.05963
   3260.0   0.06129
   3265.0   0.06073
   3270.0   0.06291
   3275.0   0.06530
   3280.0   0.06389
   3285.0   0.06798
   3290.0   0.06966
   3295.0   0.07017
   3300.0   0.07306
   3305.0   0.07248
   3310.0   0.07367
   3315.0   0.07652
   3320.0   0.07820
   3325.0   0.07898
   3330.0   0.08041
   3335.0   0.08063
   3340.0   0.08245
   3345.0   0.08530
   3350.0   0.08571
   3355.0   0.08884
   3360.0   0.08843
   3365.0   0.08893
   3370.0   0.08984
   3375.0   0.09223
   3380.0   0.09419
   3385.0   0.09568
   3390.0   0.09869
   3395.0   0.09804
   3400.0   0.10109
   3405.0   0.10259
   3410.0   0.10306
   3415.0   0.10572
   3420.0   0.10804
   3425.0   0.10832
   3430.0   0.11030
   3435.0   0.11006
   3440.0   0.10712
   3445.0   0.11314
   3450.0   0.11526
   3455.0   0.11808
   3460.0   0.11893
   3465.0   0.12052
   3470.0   0.12209
   3475.0   0.12524
   3480.0   0.12641
   3485.0   0.12705
   3490.0   0.13025
   3495.0   0.13211
   3500.0   0.13146



 C1NV35      .ASC                        

 NV-RBS-035                                                              
 LC-2P    LUNAR CRATER,NEVADA  POWDER FROM RIM                           
 RATIOS ADJUSTED USING NBS HALON CALIBRATION TABLE                       

 Source Ang: 30.00   Detect Ang:  0.00  Volt: 0.222
 Date: 10-JUL-89   Time: 13:17:13
