   641
    300.0   0.04339
    305.0   0.04470
    310.0   0.04436
    315.0   0.04944
    320.0   0.05215
    325.0   0.05587
    330.0   0.05787
    335.0   0.06031
    340.0   0.06416
    345.0   0.06676
    350.0   0.06962
    355.0   0.07233
    360.0   0.07531
    365.0   0.07753
    370.0   0.07985
    375.0   0.08285
    380.0   0.08582
    385.0   0.08928
    390.0   0.09265
    395.0   0.09567
    400.0   0.09844
    405.0   0.10217
    410.0   0.10531
    415.0   0.10786
    420.0   0.11068
    425.0   0.11335
    430.0   0.11690
    435.0   0.11946
    440.0   0.12266
    445.0   0.12528
    450.0   0.12770
    455.0   0.12996
    460.0   0.13223
    465.0   0.13335
    470.0   0.13468
    475.0   0.13612
    480.0   0.13774
    485.0   0.13947
    490.0   0.14165
    495.0   0.14406
    500.0   0.14671
    505.0   0.14936
    510.0   0.15225
    515.0   0.15487
    520.0   0.15769
    525.0   0.16013
    530.0   0.16278
    535.0   0.16505
    540.0   0.16765
    545.0   0.17035
    550.0   0.17308
    555.0   0.17566
    560.0   0.17844
    565.0   0.18116
    570.0   0.18364
    575.0   0.18622
    580.0   0.18875
    585.0   0.19131
    590.0   0.19349
    595.0   0.19542
    600.0   0.19719
    605.0   0.19914
    610.0   0.20017
    615.0   0.20168
    620.0   0.20311
    625.0   0.20402
    630.0   0.20484
    635.0   0.20624
    640.0   0.20710
    645.0   0.20794
    650.0   0.20868
    655.0   0.20966
    660.0   0.21086
    665.0   0.21169
    670.0   0.21272
    675.0   0.21394
    680.0   0.21445
    685.0   0.21531
    690.0   0.21584
    695.0   0.21653
    700.0   0.21794
    705.0   0.21825
    710.0   0.21884
    715.0   0.21999
    720.0   0.22020
    725.0   0.22072
    730.0   0.22135
    735.0   0.22141
    740.0   0.22190
    745.0   0.22217
    750.0   0.22272
    755.0   0.22297
    760.0   0.22370
    765.0   0.22387
    770.0   0.22404
    775.0   0.22474
    780.0   0.22525
    785.0   0.22531
    790.0   0.22500
    795.0   0.22568
    800.0   0.22543
    805.0   0.22585
    810.0   0.22548
    815.0   0.22602
    820.0   0.22659
    825.0   0.22647
    830.0   0.22711
    835.0   0.22635
    840.0   0.22633
    845.0   0.22656
    850.0   0.22643
    855.0   0.22671
    860.0   0.22620
    865.0   0.22616
    870.0   0.22559
    875.0   0.22633
    880.0   0.22616
    885.0   0.22490
    890.0   0.22499
    895.0   0.22527
    900.0   0.22473
    905.0   0.22464
    910.0   0.22454
    915.0   0.22448
    920.0   0.22485
    925.0   0.22398
    930.0   0.22420
    935.0   0.22396
    940.0   0.22359
    945.0   0.22313
    950.0   0.22299
    955.0   0.22340
    960.0   0.22320
    965.0   0.22296
    970.0   0.22295
    975.0   0.22275
    980.0   0.22231
    985.0   0.22290
    990.0   0.22247
    995.0   0.22251
   1000.0   0.22243
   1005.0   0.22228
   1010.0   0.22184
   1015.0   0.22244
   1020.0   0.22276
   1025.0   0.22243
   1030.0   0.22201
   1035.0   0.22266
   1040.0   0.22237
   1045.0   0.22262
   1050.0   0.22274
   1055.0   0.22254
   1060.0   0.22226
   1065.0   0.22259
   1070.0   0.22241
   1075.0   0.22289
   1080.0   0.22288
   1085.0   0.22358
   1090.0   0.22353
   1095.0   0.22376
   1100.0   0.22455
   1105.0   0.22378
   1110.0   0.22435
   1115.0   0.22353
   1120.0   0.22463
   1125.0   0.22419
   1130.0   0.22440
   1135.0   0.22467
   1140.0   0.22525
   1145.0   0.22423
   1150.0   0.22539
   1155.0   0.22482
   1160.0   0.22546
   1165.0   0.22596
   1170.0   0.22462
   1175.0   0.22454
   1180.0   0.22573
   1185.0   0.22525
   1190.0   0.22519
   1195.0   0.22598
   1200.0   0.22598
   1205.0   0.22530
   1210.0   0.22473
   1215.0   0.22598
   1220.0   0.22639
   1225.0   0.22587
   1230.0   0.22627
   1235.0   0.22645
   1240.0   0.22631
   1245.0   0.22590
   1250.0   0.22699
   1255.0   0.22634
   1260.0   0.22722
   1265.0   0.22700
   1270.0   0.22667
   1275.0   0.22655
   1280.0   0.22770
   1285.0   0.22731
   1290.0   0.22676
   1295.0   0.22699
   1300.0   0.22737
   1305.0   0.22755
   1310.0   0.22757
   1315.0   0.22712
   1320.0   0.22787
   1325.0   0.22795
   1330.0   0.22818
   1335.0   0.22727
   1340.0   0.22726
   1345.0   0.22871
   1350.0   0.22830
   1355.0   0.22805
   1360.0   0.22825
   1365.0   0.22869
   1370.0   0.22776
   1375.0   0.22807
   1380.0   0.22681
   1385.0   0.22607
   1390.0   0.22616
   1395.0   0.22513
   1400.0   0.22455
   1405.0   0.22302
   1410.0   0.22170
   1415.0   0.22068
   1420.0   0.21976
   1425.0   0.22071
   1430.0   0.22084
   1435.0   0.22138
   1440.0   0.22226
   1445.0   0.22300
   1450.0   0.22349
   1455.0   0.22444
   1460.0   0.22454
   1465.0   0.22432
   1470.0   0.22490
   1475.0   0.22608
   1480.0   0.22668
   1485.0   0.22691
   1490.0   0.22643
   1495.0   0.22785
   1500.0   0.22847
   1505.0   0.22910
   1510.0   0.22956
   1515.0   0.22860
   1520.0   0.23032
   1525.0   0.23017
   1530.0   0.23027
   1535.0   0.23091
   1540.0   0.23116
   1545.0   0.23109
   1550.0   0.23160
   1555.0   0.23175
   1560.0   0.23186
   1565.0   0.23233
   1570.0   0.23268
   1575.0   0.23240
   1580.0   0.23244
   1585.0   0.23353
   1590.0   0.23323
   1595.0   0.23378
   1600.0   0.23453
   1605.0   0.23485
   1610.0   0.23399
   1615.0   0.23475
   1620.0   0.23524
   1625.0   0.23487
   1630.0   0.23468
   1635.0   0.23447
   1640.0   0.23569
   1645.0   0.23519
   1650.0   0.23491
   1655.0   0.23485
   1660.0   0.23538
   1665.0   0.23597
   1670.0   0.23606
   1675.0   0.23519
   1680.0   0.23548
   1685.0   0.23540
   1690.0   0.23484
   1695.0   0.23550
   1700.0   0.23650
   1705.0   0.23632
   1710.0   0.23573
   1715.0   0.23580
   1720.0   0.23621
   1725.0   0.23660
   1730.0   0.23678
   1735.0   0.23630
   1740.0   0.23604
   1745.0   0.23672
   1750.0   0.23657
   1755.0   0.23779
   1760.0   0.23747
   1765.0   0.23781
   1770.0   0.23804
   1775.0   0.23707
   1780.0   0.23784
   1785.0   0.23887
   1790.0   0.23847
   1795.0   0.23827
   1800.0   0.23746
   1805.0   0.23725
   1810.0   0.23843
   1815.0   0.23777
   1820.0   0.23833
   1825.0   0.23877
   1830.0   0.23939
   1835.0   0.23964
   1840.0   0.23885
   1845.0   0.23883
   1850.0   0.23902
   1855.0   0.23919
   1860.0   0.23872
   1865.0   0.23813
   1870.0   0.23645
   1875.0   0.23588
   1880.0   0.23711
   1885.0   0.23350
   1890.0   0.22995
   1895.0   0.22629
   1900.0   0.22016
   1905.0   0.21328
   1910.0   0.20757
   1915.0   0.20357
   1920.0   0.20121
   1925.0   0.20033
   1930.0   0.20192
   1935.0   0.20396
   1940.0   0.20610
   1945.0   0.20769
   1950.0   0.20889
   1955.0   0.21002
   1960.0   0.21173
   1965.0   0.21289
   1970.0   0.21405
   1975.0   0.21469
   1980.0   0.21557
   1985.0   0.21725
   1990.0   0.21792
   1995.0   0.21929
   2000.0   0.22068
   2005.0   0.22149
   2010.0   0.22357
   2015.0   0.22464
   2020.0   0.22557
   2025.0   0.22654
   2030.0   0.22768
   2035.0   0.22856
   2040.0   0.22902
   2045.0   0.22917
   2050.0   0.23074
   2055.0   0.23103
   2060.0   0.23096
   2065.0   0.23218
   2070.0   0.23195
   2075.0   0.23176
   2080.0   0.23282
   2085.0   0.23294
   2090.0   0.23402
   2095.0   0.23438
   2100.0   0.23395
   2105.0   0.23442
   2110.0   0.23423
   2115.0   0.23391
   2120.0   0.23436
   2125.0   0.23545
   2130.0   0.23625
   2135.0   0.23636
   2140.0   0.23655
   2145.0   0.23722
   2150.0   0.23753
   2155.0   0.23644
   2160.0   0.23574
   2165.0   0.23573
   2170.0   0.23437
   2175.0   0.23360
   2180.0   0.23409
   2185.0   0.23249
   2190.0   0.23215
   2195.0   0.22998
   2200.0   0.22946
   2205.0   0.22890
   2210.0   0.22796
   2215.0   0.22834
   2220.0   0.22905
   2225.0   0.23025
   2230.0   0.23154
   2235.0   0.23179
   2240.0   0.23126
   2245.0   0.23226
   2250.0   0.23213
   2255.0   0.23081
   2260.0   0.23100
   2265.0   0.23113
   2270.0   0.23176
   2275.0   0.23229
   2280.0   0.23152
   2285.0   0.23091
   2290.0   0.23032
   2295.0   0.23028
   2300.0   0.22996
   2305.0   0.22970
   2310.0   0.22916
   2315.0   0.22777
   2320.0   0.22826
   2325.0   0.22861
   2330.0   0.22937
   2335.0   0.22837
   2340.0   0.22792
   2345.0   0.22684
   2350.0   0.22508
   2355.0   0.22536
   2360.0   0.22408
   2365.0   0.22410
   2370.0   0.22440
   2375.0   0.22420
   2380.0   0.22365
   2385.0   0.22320
   2390.0   0.22178
   2395.0   0.22011
   2400.0   0.21854
   2405.0   0.21834
   2410.0   0.21787
   2415.0   0.21722
   2420.0   0.21548
   2425.0   0.21534
   2430.0   0.21313
   2435.0   0.21163
   2440.0   0.20996
   2445.0   0.20918
   2450.0   0.20809
   2455.0   0.20682
   2460.0   0.20580
   2465.0   0.20400
   2470.0   0.20229
   2475.0   0.20124
   2480.0   0.20032
   2485.0   0.19910
   2490.0   0.19807
   2495.0   0.19604
   2500.0   0.19555
   2505.0   0.19397
   2510.0   0.19312
   2515.0   0.19275
   2520.0   0.19252
   2525.0   0.19154
   2530.0   0.19072
   2535.0   0.18966
   2540.0   0.19120
   2545.0   0.19051
   2550.0   0.19105
   2555.0   0.19332
   2560.0   0.19411
   2565.0   0.18952
   2570.0   0.19313
   2575.0   0.19322
   2580.0   0.19259
   2585.0   0.19329
   2590.0   0.19136
   2595.0   0.19287
   2600.0   0.19000
   2605.0   0.19000
   2610.0   0.18834
   2615.0   0.18930
   2620.0   0.18588
   2625.0   0.18877
   2630.0   0.18615
   2635.0   0.18333
   2640.0   0.18548
   2645.0   0.18357
   2650.0   0.18126
   2655.0   0.17859
   2660.0   0.17403
   2665.0   0.17023
   2670.0   0.16688
   2675.0   0.16154
   2680.0   0.15667
   2685.0   0.15170
   2690.0   0.14192
   2695.0   0.13006
   2700.0   0.11649
   2705.0   0.10172
   2710.0   0.08852
   2715.0   0.07810
   2720.0   0.07081
   2725.0   0.06664
   2730.0   0.06218
   2735.0   0.05804
   2740.0   0.05294
   2745.0   0.04966
   2750.0   0.04655
   2755.0   0.04214
   2760.0   0.03996
   2765.0   0.03397
   2770.0   0.03241
   2775.0   0.03141
   2780.0   0.02760
   2785.0   0.03790
   2790.0   0.02239
   2795.0   0.02299
   2800.0   0.02397
   2805.0   0.02271
   2810.0   0.02475
   2815.0   0.02171
   2820.0   0.02600
   2825.0   0.02153
   2830.0   0.02294
   2835.0   0.02800
   2840.0   0.02788
   2845.0   0.02552
   2850.0   0.02972
   2855.0   0.03013
   2860.0   0.02801
   2865.0   0.02852
   2870.0   0.02350
   2875.0   0.02341
   2880.0   0.02515
   2885.0   0.02484
   2890.0   0.02405
   2895.0   0.02448
   2900.0   0.02435
   2905.0   0.02456
   2910.0   0.02159
   2915.0   0.02264
   2920.0   0.02474
   2925.0   0.02397
   2930.0   0.02442
   2935.0   0.02352
   2940.0   0.02123
   2945.0   0.02250
   2950.0   0.02269
   2955.0   0.02390
   2960.0   0.02322
   2965.0   0.02392
   2970.0   0.02140
   2975.0   0.02343
   2980.0   0.02251
   2985.0   0.02370
   2990.0   0.02462
   2995.0   0.02401
   3000.0   0.02349
   3005.0   0.02444
   3010.0   0.02583
   3015.0   0.02492
   3020.0   0.02424
   3025.0   0.02471
   3030.0   0.02488
   3035.0   0.02567
   3040.0   0.02445
   3045.0   0.02523
   3050.0   0.02618
   3055.0   0.02463
   3060.0   0.02617
   3065.0   0.02525
   3070.0   0.02702
   3075.0   0.02660
   3080.0   0.02505
   3085.0   0.02448
   3090.0   0.02672
   3095.0   0.02711
   3100.0   0.02720
   3105.0   0.02644
   3110.0   0.02818
   3115.0   0.02759
   3120.0   0.02939
   3125.0   0.02783
   3130.0   0.02914
   3135.0   0.02907
   3140.0   0.03121
   3145.0   0.03090
   3150.0   0.03197
   3155.0   0.03124
   3160.0   0.03169
   3165.0   0.03309
   3170.0   0.03250
   3175.0   0.03407
   3180.0   0.03450
   3185.0   0.03496
   3190.0   0.03547
   3195.0   0.03563
   3200.0   0.03616
   3205.0   0.03632
   3210.0   0.03653
   3215.0   0.03695
   3220.0   0.03941
   3225.0   0.03822
   3230.0   0.04039
   3235.0   0.04057
   3240.0   0.03957
   3245.0   0.04154
   3250.0   0.04354
   3255.0   0.04289
   3260.0   0.04385
   3265.0   0.04645
   3270.0   0.04477
   3275.0   0.04519
   3280.0   0.04739
   3285.0   0.04791
   3290.0   0.04866
   3295.0   0.05117
   3300.0   0.05160
   3305.0   0.05284
   3310.0   0.05289
   3315.0   0.05589
   3320.0   0.05553
   3325.0   0.05601
   3330.0   0.05645
   3335.0   0.05633
   3340.0   0.05841
   3345.0   0.05620
   3350.0   0.05482
   3355.0   0.05647
   3360.0   0.05552
   3365.0   0.05764
   3370.0   0.05866
   3375.0   0.05946
   3380.0   0.06119
   3385.0   0.06074
   3390.0   0.06454
   3395.0   0.06923
   3400.0   0.06748
   3405.0   0.06713
   3410.0   0.06779
   3415.0   0.06945
   3420.0   0.07171
   3425.0   0.07264
   3430.0   0.07306
   3435.0   0.07350
   3440.0   0.07459
   3445.0   0.07564
   3450.0   0.07813
   3455.0   0.08057
   3460.0   0.07831
   3465.0   0.07717
   3470.0   0.08037
   3475.0   0.07919
   3480.0   0.07423
   3485.0   0.07711
   3490.0   0.08015
   3495.0   0.07914
   3500.0   0.08192



 C1NV32      .ASC                        

 NV-RBS-032                                                              
 BC-1P  BOWEN CRATER SAN BERNADINO VOLCANIC FIELD, AZ    POWDER <2000 UM 
 RATIOS ADJUSTED USING NBS HALON CALIBRATION TABLE                       

 Source Ang: 30.00   Detect Ang:  0.00  Volt: 0.222
 Date: 10-JUL-89   Time: 11:14:21
