   641
    300.0   0.04781
    305.0   0.04961
    310.0   0.05299
    315.0   0.05726
    320.0   0.06008
    325.0   0.06484
    330.0   0.06862
    335.0   0.07206
    340.0   0.07624
    345.0   0.07991
    350.0   0.08351
    355.0   0.08626
    360.0   0.08894
    365.0   0.09087
    370.0   0.09343
    375.0   0.09644
    380.0   0.09944
    385.0   0.10290
    390.0   0.10682
    395.0   0.10988
    400.0   0.11289
    405.0   0.11554
    410.0   0.11878
    415.0   0.12168
    420.0   0.12414
    425.0   0.12723
    430.0   0.13004
    435.0   0.13315
    440.0   0.13650
    445.0   0.13945
    450.0   0.14307
    455.0   0.14663
    460.0   0.14945
    465.0   0.15226
    470.0   0.15380
    475.0   0.15627
    480.0   0.15820
    485.0   0.16048
    490.0   0.16267
    495.0   0.16523
    500.0   0.16782
    505.0   0.17056
    510.0   0.17335
    515.0   0.17589
    520.0   0.17897
    525.0   0.18217
    530.0   0.18515
    535.0   0.18867
    540.0   0.19173
    545.0   0.19559
    550.0   0.19952
    555.0   0.20368
    560.0   0.20833
    565.0   0.21305
    570.0   0.21684
    575.0   0.22076
    580.0   0.22445
    585.0   0.22790
    590.0   0.23058
    595.0   0.23281
    600.0   0.23453
    605.0   0.23628
    610.0   0.23797
    615.0   0.23900
    620.0   0.23983
    625.0   0.24127
    630.0   0.24142
    635.0   0.24240
    640.0   0.24351
    645.0   0.24403
    650.0   0.24537
    655.0   0.24629
    660.0   0.24702
    665.0   0.24806
    670.0   0.24855
    675.0   0.24920
    680.0   0.24981
    685.0   0.25076
    690.0   0.25149
    695.0   0.25219
    700.0   0.25314
    705.0   0.25371
    710.0   0.25460
    715.0   0.25508
    720.0   0.25527
    725.0   0.25570
    730.0   0.25730
    735.0   0.25715
    740.0   0.25726
    745.0   0.25824
    750.0   0.25852
    755.0   0.25841
    760.0   0.25895
    765.0   0.25973
    770.0   0.26006
    775.0   0.26075
    780.0   0.26129
    785.0   0.26168
    790.0   0.26237
    795.0   0.26263
    800.0   0.26258
    805.0   0.26257
    810.0   0.26249
    815.0   0.26274
    820.0   0.26268
    825.0   0.26212
    830.0   0.26254
    835.0   0.26179
    840.0   0.26243
    845.0   0.26184
    850.0   0.26203
    855.0   0.26175
    860.0   0.26131
    865.0   0.26110
    870.0   0.26069
    875.0   0.26085
    880.0   0.26048
    885.0   0.26038
    890.0   0.25942
    895.0   0.25962
    900.0   0.25958
    905.0   0.26023
    910.0   0.25979
    915.0   0.25987
    920.0   0.25885
    925.0   0.26016
    930.0   0.25904
    935.0   0.25959
    940.0   0.25874
    945.0   0.25853
    950.0   0.25928
    955.0   0.25887
    960.0   0.25960
    965.0   0.25975
    970.0   0.26035
    975.0   0.25979
    980.0   0.25950
    985.0   0.25907
    990.0   0.25988
    995.0   0.25957
   1000.0   0.25886
   1005.0   0.25954
   1010.0   0.25940
   1015.0   0.25972
   1020.0   0.25963
   1025.0   0.25974
   1030.0   0.25944
   1035.0   0.25993
   1040.0   0.25966
   1045.0   0.26021
   1050.0   0.25963
   1055.0   0.25948
   1060.0   0.25972
   1065.0   0.25969
   1070.0   0.26001
   1075.0   0.26028
   1080.0   0.25986
   1085.0   0.26009
   1090.0   0.26070
   1095.0   0.26033
   1100.0   0.26060
   1105.0   0.25998
   1110.0   0.26083
   1115.0   0.26046
   1120.0   0.26051
   1125.0   0.26096
   1130.0   0.26084
   1135.0   0.26114
   1140.0   0.26181
   1145.0   0.26110
   1150.0   0.26177
   1155.0   0.26135
   1160.0   0.26173
   1165.0   0.26194
   1170.0   0.26178
   1175.0   0.26207
   1180.0   0.26268
   1185.0   0.26197
   1190.0   0.26240
   1195.0   0.26203
   1200.0   0.26153
   1205.0   0.26206
   1210.0   0.26271
   1215.0   0.26304
   1220.0   0.26420
   1225.0   0.26360
   1230.0   0.26437
   1235.0   0.26445
   1240.0   0.26496
   1245.0   0.26531
   1250.0   0.26614
   1255.0   0.26553
   1260.0   0.26635
   1265.0   0.26656
   1270.0   0.26664
   1275.0   0.26709
   1280.0   0.26758
   1285.0   0.26662
   1290.0   0.26679
   1295.0   0.26774
   1300.0   0.26768
   1305.0   0.26892
   1310.0   0.26869
   1315.0   0.26948
   1320.0   0.26956
   1325.0   0.26992
   1330.0   0.27043
   1335.0   0.26959
   1340.0   0.26992
   1345.0   0.27077
   1350.0   0.27009
   1355.0   0.27026
   1360.0   0.27035
   1365.0   0.27018
   1370.0   0.26975
   1375.0   0.27083
   1380.0   0.26963
   1385.0   0.26989
   1390.0   0.26970
   1395.0   0.26735
   1400.0   0.26519
   1405.0   0.26217
   1410.0   0.25981
   1415.0   0.25815
   1420.0   0.25743
   1425.0   0.25899
   1430.0   0.26153
   1435.0   0.26245
   1440.0   0.26528
   1445.0   0.26663
   1450.0   0.26691
   1455.0   0.26741
   1460.0   0.26804
   1465.0   0.26765
   1470.0   0.26865
   1475.0   0.26929
   1480.0   0.27073
   1485.0   0.27124
   1490.0   0.27261
   1495.0   0.27323
   1500.0   0.27386
   1505.0   0.27422
   1510.0   0.27582
   1515.0   0.27538
   1520.0   0.27550
   1525.0   0.27670
   1530.0   0.27638
   1535.0   0.27690
   1540.0   0.27711
   1545.0   0.27742
   1550.0   0.27851
   1555.0   0.27867
   1560.0   0.27889
   1565.0   0.27851
   1570.0   0.27887
   1575.0   0.27935
   1580.0   0.28005
   1585.0   0.28073
   1590.0   0.28074
   1595.0   0.28174
   1600.0   0.28121
   1605.0   0.28290
   1610.0   0.28160
   1615.0   0.28258
   1620.0   0.28316
   1625.0   0.28307
   1630.0   0.28282
   1635.0   0.28316
   1640.0   0.28247
   1645.0   0.28398
   1650.0   0.28305
   1655.0   0.28315
   1660.0   0.28409
   1665.0   0.28413
   1670.0   0.28544
   1675.0   0.28351
   1680.0   0.28377
   1685.0   0.28385
   1690.0   0.28421
   1695.0   0.28415
   1700.0   0.28523
   1705.0   0.28508
   1710.0   0.28471
   1715.0   0.28492
   1720.0   0.28454
   1725.0   0.28515
   1730.0   0.28533
   1735.0   0.28546
   1740.0   0.28523
   1745.0   0.28514
   1750.0   0.28582
   1755.0   0.28690
   1760.0   0.28705
   1765.0   0.28727
   1770.0   0.28628
   1775.0   0.28660
   1780.0   0.28803
   1785.0   0.28786
   1790.0   0.28775
   1795.0   0.28806
   1800.0   0.28704
   1805.0   0.28696
   1810.0   0.28694
   1815.0   0.28639
   1820.0   0.28679
   1825.0   0.28714
   1830.0   0.28893
   1835.0   0.28907
   1840.0   0.28762
   1845.0   0.28817
   1850.0   0.28827
   1855.0   0.28818
   1860.0   0.28791
   1865.0   0.28793
   1870.0   0.28667
   1875.0   0.28330
   1880.0   0.28386
   1885.0   0.28101
   1890.0   0.27619
   1895.0   0.26926
   1900.0   0.25873
   1905.0   0.24759
   1910.0   0.23774
   1915.0   0.23193
   1920.0   0.23245
   1925.0   0.23472
   1930.0   0.23968
   1935.0   0.24337
   1940.0   0.24719
   1945.0   0.24972
   1950.0   0.25187
   1955.0   0.25301
   1960.0   0.25508
   1965.0   0.25684
   1970.0   0.25751
   1975.0   0.25828
   1980.0   0.25950
   1985.0   0.26084
   1990.0   0.26247
   1995.0   0.26428
   2000.0   0.26630
   2005.0   0.26732
   2010.0   0.26949
   2015.0   0.27227
   2020.0   0.27366
   2025.0   0.27457
   2030.0   0.27517
   2035.0   0.27629
   2040.0   0.27771
   2045.0   0.27914
   2050.0   0.27953
   2055.0   0.28024
   2060.0   0.28114
   2065.0   0.28120
   2070.0   0.28143
   2075.0   0.28141
   2080.0   0.28278
   2085.0   0.28264
   2090.0   0.28290
   2095.0   0.28493
   2100.0   0.28522
   2105.0   0.28532
   2110.0   0.28566
   2115.0   0.28532
   2120.0   0.28553
   2125.0   0.28500
   2130.0   0.28557
   2135.0   0.28737
   2140.0   0.28799
   2145.0   0.28863
   2150.0   0.28877
   2155.0   0.28838
   2160.0   0.28801
   2165.0   0.28716
   2170.0   0.28628
   2175.0   0.28568
   2180.0   0.28575
   2185.0   0.28483
   2190.0   0.28417
   2195.0   0.28193
   2200.0   0.28018
   2205.0   0.27746
   2210.0   0.27599
   2215.0   0.27392
   2220.0   0.27394
   2225.0   0.27500
   2230.0   0.27630
   2235.0   0.27696
   2240.0   0.27790
   2245.0   0.27689
   2250.0   0.27678
   2255.0   0.27781
   2260.0   0.27784
   2265.0   0.27887
   2270.0   0.28050
   2275.0   0.28040
   2280.0   0.28041
   2285.0   0.27848
   2290.0   0.27843
   2295.0   0.27773
   2300.0   0.27887
   2305.0   0.27874
   2310.0   0.27655
   2315.0   0.27582
   2320.0   0.27441
   2325.0   0.27508
   2330.0   0.27452
   2335.0   0.27232
   2340.0   0.27195
   2345.0   0.26966
   2350.0   0.26962
   2355.0   0.27002
   2360.0   0.26882
   2365.0   0.26813
   2370.0   0.26724
   2375.0   0.26497
   2380.0   0.26441
   2385.0   0.26424
   2390.0   0.26378
   2395.0   0.26219
   2400.0   0.26021
   2405.0   0.25915
   2410.0   0.25903
   2415.0   0.25804
   2420.0   0.25592
   2425.0   0.25381
   2430.0   0.25315
   2435.0   0.25280
   2440.0   0.25191
   2445.0   0.25134
   2450.0   0.24958
   2455.0   0.24562
   2460.0   0.24499
   2465.0   0.24448
   2470.0   0.24358
   2475.0   0.24311
   2480.0   0.24108
   2485.0   0.24129
   2490.0   0.23953
   2495.0   0.23893
   2500.0   0.23738
   2505.0   0.23549
   2510.0   0.23556
   2515.0   0.23435
   2520.0   0.23287
   2525.0   0.23071
   2530.0   0.23144
   2535.0   0.23225
   2540.0   0.23155
   2545.0   0.23139
   2550.0   0.23104
   2555.0   0.23258
   2560.0   0.23392
   2565.0   0.23082
   2570.0   0.23289
   2575.0   0.23275
   2580.0   0.23276
   2585.0   0.23190
   2590.0   0.22906
   2595.0   0.22999
   2600.0   0.22810
   2605.0   0.22710
   2610.0   0.22531
   2615.0   0.22647
   2620.0   0.22439
   2625.0   0.22583
   2630.0   0.22284
   2635.0   0.22041
   2640.0   0.22224
   2645.0   0.21917
   2650.0   0.21716
   2655.0   0.21372
   2660.0   0.20938
   2665.0   0.20679
   2670.0   0.20099
   2675.0   0.19742
   2680.0   0.19231
   2685.0   0.18711
   2690.0   0.18006
   2695.0   0.17044
   2700.0   0.15965
   2705.0   0.14550
   2710.0   0.13030
   2715.0   0.11699
   2720.0   0.10480
   2725.0   0.09288
   2730.0   0.08054
   2735.0   0.06800
   2740.0   0.05561
   2745.0   0.04771
   2750.0   0.04210
   2755.0   0.03766
   2760.0   0.03337
   2765.0   0.03339
   2770.0   0.02856
   2775.0   0.02965
   2780.0   0.02819
   2785.0   0.02254
   2790.0   0.02648
   2795.0   0.03384
   2800.0   0.03536
   2805.0   0.03113
   2810.0   0.03092
   2815.0   0.02988
   2820.0   0.02957
   2825.0   0.02773
   2830.0   0.03802
   2835.0   0.02832
   2840.0   0.03081
   2845.0   0.02590
   2850.0   0.02877
   2855.0   0.03530
   2860.0   0.03127
   2865.0   0.02835
   2870.0   0.02758
   2875.0   0.03154
   2880.0   0.02963
   2885.0   0.02742
   2890.0   0.03217
   2895.0   0.02638
   2900.0   0.02788
   2905.0   0.03088
   2910.0   0.02945
   2915.0   0.03100
   2920.0   0.02792
   2925.0   0.03073
   2930.0   0.02764
   2935.0   0.02680
   2940.0   0.03059
   2945.0   0.03072
   2950.0   0.03061
   2955.0   0.02763
   2960.0   0.02946
   2965.0   0.03130
   2970.0   0.02823
   2975.0   0.03098
   2980.0   0.03139
   2985.0   0.02936
   2990.0   0.02887
   2995.0   0.02975
   3000.0   0.03125
   3005.0   0.03216
   3010.0   0.03026
   3015.0   0.03103
   3020.0   0.03094
   3025.0   0.03218
   3030.0   0.03151
   3035.0   0.03279
   3040.0   0.03409
   3045.0   0.03380
   3050.0   0.03388
   3055.0   0.03419
   3060.0   0.03459
   3065.0   0.03569
   3070.0   0.03700
   3075.0   0.03642
   3080.0   0.03551
   3085.0   0.03686
   3090.0   0.03498
   3095.0   0.03596
   3100.0   0.03855
   3105.0   0.03527
   3110.0   0.03707
   3115.0   0.03839
   3120.0   0.03745
   3125.0   0.04118
   3130.0   0.03892
   3135.0   0.04202
   3140.0   0.04251
   3145.0   0.04391
   3150.0   0.04412
   3155.0   0.04524
   3160.0   0.04558
   3165.0   0.04744
   3170.0   0.04851
   3175.0   0.04915
   3180.0   0.05131
   3185.0   0.05332
   3190.0   0.05403
   3195.0   0.05464
   3200.0   0.05503
   3205.0   0.05578
   3210.0   0.05857
   3215.0   0.05979
   3220.0   0.06122
   3225.0   0.06309
   3230.0   0.06496
   3235.0   0.06486
   3240.0   0.06677
   3245.0   0.06759
   3250.0   0.07079
   3255.0   0.07296
   3260.0   0.07253
   3265.0   0.07367
   3270.0   0.07727
   3275.0   0.07798
   3280.0   0.07972
   3285.0   0.08171
   3290.0   0.08308
   3295.0   0.08608
   3300.0   0.08665
   3305.0   0.09012
   3310.0   0.09141
   3315.0   0.09246
   3320.0   0.09285
   3325.0   0.09545
   3330.0   0.09797
   3335.0   0.09889
   3340.0   0.10156
   3345.0   0.10105
   3350.0   0.10180
   3355.0   0.10453
   3360.0   0.10703
   3365.0   0.10858
   3370.0   0.11012
   3375.0   0.11232
   3380.0   0.11458
   3385.0   0.11737
   3390.0   0.12165
   3395.0   0.12164
   3400.0   0.12674
   3405.0   0.12470
   3410.0   0.12655
   3415.0   0.13149
   3420.0   0.13309
   3425.0   0.13468
   3430.0   0.13773
   3435.0   0.13595
   3440.0   0.13907
   3445.0   0.14021
   3450.0   0.14037
   3455.0   0.14544
   3460.0   0.14719
   3465.0   0.14616
   3470.0   0.15113
   3475.0   0.15120
   3480.0   0.15238
   3485.0   0.15628
   3490.0   0.15281
   3495.0   0.16004
   3500.0   0.16080



 C1NV34      .ASC                        

 NV-RBS-034                                                              
 UC-3P  UBEHEBE CRATER DEATH VALLEY,CA  POWDER FROM RIM                  
 RATIOS ADJUSTED USING NBS HALON CALIBRATION TABLE                       

 Source Ang: 30.00   Detect Ang:  0.00  Volt: 0.222
 Date: 10-JUL-89   Time: 12:35:21
