   661
    300.0   0.34580
    305.0   0.35633
    310.0   0.36410
    315.0   0.37117
    320.0   0.37930
    325.0   0.39187
    330.0   0.39633
    335.0   0.40514
    340.0   0.41140
    345.0   0.42220
    350.0   0.43201
    355.0   0.44167
    360.0   0.45474
    365.0   0.46664
    370.0   0.47936
    375.0   0.49424
    380.0   0.50548
    385.0   0.51438
    390.0   0.52822
    395.0   0.53646
    400.0   0.54444
    405.0   0.55410
    410.0   0.57071
    415.0   0.57569
    420.0   0.58181
    425.0   0.58993
    430.0   0.59891
    435.0   0.60844
    440.0   0.61828
    445.0   0.62660
    450.0   0.63354
    455.0   0.64085
    460.0   0.64600
    465.0   0.65124
    470.0   0.65410
    475.0   0.65666
    480.0   0.66083
    485.0   0.66514
    490.0   0.66993
    495.0   0.67653
    500.0   0.68342
    505.0   0.68731
    510.0   0.69449
    515.0   0.70155
    520.0   0.70800
    525.0   0.71546
    530.0   0.72119
    535.0   0.72877
    540.0   0.73504
    545.0   0.74230
    550.0   0.74795
    555.0   0.75600
    560.0   0.76289
    565.0   0.77027
    570.0   0.77601
    575.0   0.78389
    580.0   0.78882
    585.0   0.79443
    590.0   0.79980
    595.0   0.80422
    600.0   0.80802
    605.0   0.81056
    610.0   0.81464
    615.0   0.81483
    620.0   0.81697
    625.0   0.81809
    630.0   0.81985
    635.0   0.82118
    640.0   0.82282
    645.0   0.82303
    650.0   0.82694
    655.0   0.82704
    660.0   0.83003
    665.0   0.83151
    670.0   0.83259
    675.0   0.83358
    680.0   0.83444
    685.0   0.83508
    690.0   0.83936
    695.0   0.84085
    700.0   0.84375
    705.0   0.84507
    710.0   0.84769
    715.0   0.85146
    720.0   0.85236
    725.0   0.85427
    730.0   0.85510
    735.0   0.85534
    740.0   0.85825
    745.0   0.85922
    750.0   0.86038
    755.0   0.86193
    760.0   0.86756
    765.0   0.86651
    770.0   0.86985
    775.0   0.86877
    780.0   0.87161
    785.0   0.87220
    790.0   0.87156
    795.0   0.87287
    800.0   0.87307
    805.0   0.87342
    810.0   0.87367
    815.0   0.87511
    820.0   0.87537
    825.0   0.87503
    830.0   0.87491
    835.0   0.87521
    840.0   0.87553
    845.0   0.87381
    850.0   0.87516
    855.0   0.87470
    860.0   0.87347
    865.0   0.87433
    870.0   0.87320
    875.0   0.87284
    880.0   0.87278
    885.0   0.87467
    890.0   0.87540
    895.0   0.87417
    900.0   0.87535
    905.0   0.87520
    910.0   0.87518
    915.0   0.87439
    920.0   0.87757
    925.0   0.87618
    930.0   0.87923
    935.0   0.87830
    940.0   0.87936
    945.0   0.87939
    950.0   0.87920
    955.0   0.87789
    960.0   0.87811
    965.0   0.88051
    970.0   0.87974
    975.0   0.87846
    980.0   0.88125
    985.0   0.88367
    990.0   0.88246
    995.0   0.88328
   1000.0   0.88431
   1005.0   0.88449
   1010.0   0.88494
   1015.0   0.88684
   1020.0   0.88737
   1025.0   0.88728
   1030.0   0.88700
   1035.0   0.89013
   1040.0   0.88862
   1045.0   0.88961
   1050.0   0.88910
   1055.0   0.89096
   1060.0   0.89240
   1065.0   0.89212
   1070.0   0.89123
   1075.0   0.89184
   1080.0   0.89333
   1085.0   0.89339
   1090.0   0.89314
   1095.0   0.89446
   1100.0   0.89544
   1105.0   0.89573
   1110.0   0.89835
   1115.0   0.89707
   1120.0   0.89748
   1125.0   0.89686
   1130.0   0.89823
   1135.0   0.89669
   1140.0   0.89893
   1145.0   0.89635
   1150.0   0.89716
   1155.0   0.89735
   1160.0   0.89692
   1165.0   0.89896
   1170.0   0.90053
   1175.0   0.89899
   1180.0   0.90251
   1185.0   0.90315
   1190.0   0.90186
   1195.0   0.90154
   1200.0   0.90132
   1205.0   0.90517
   1210.0   0.90424
   1215.0   0.90421
   1220.0   0.90371
   1225.0   0.90432
   1230.0   0.90486
   1235.0   0.90500
   1240.0   0.90436
   1245.0   0.90252
   1250.0   0.90430
   1255.0   0.90548
   1260.0   0.90453
   1265.0   0.90514
   1270.0   0.90742
   1275.0   0.90787
   1280.0   0.90771
   1285.0   0.90651
   1290.0   0.90740
   1295.0   0.90611
   1300.0   0.90946
   1305.0   0.91111
   1310.0   0.90957
   1315.0   0.90943
   1320.0   0.91081
   1325.0   0.90821
   1330.0   0.90966
   1335.0   0.90961
   1340.0   0.90950
   1345.0   0.90533
   1350.0   0.90256
   1355.0   0.89835
   1360.0   0.90086
   1365.0   0.90225
   1370.0   0.89691
   1375.0   0.89321
   1380.0   0.88162
   1385.0   0.87923
   1390.0   0.87476
   1395.0   0.86617
   1400.0   0.86048
   1405.0   0.85050
   1410.0   0.84524
   1415.0   0.84140
   1420.0   0.84340
   1425.0   0.84796
   1430.0   0.85474
   1435.0   0.85514
   1440.0   0.85852
   1445.0   0.86293
   1450.0   0.86427
   1455.0   0.86485
   1460.0   0.86555
   1465.0   0.86636
   1470.0   0.86739
   1475.0   0.87120
   1480.0   0.87067
   1485.0   0.86991
   1490.0   0.87468
   1495.0   0.87860
   1500.0   0.87877
   1505.0   0.88023
   1510.0   0.88123
   1515.0   0.88456
   1520.0   0.88483
   1525.0   0.88627
   1530.0   0.88430
   1535.0   0.88745
   1540.0   0.88608
   1545.0   0.88800
   1550.0   0.88678
   1555.0   0.88782
   1560.0   0.89597
   1565.0   0.89706
   1570.0   0.89815
   1575.0   0.89676
   1580.0   0.89683
   1585.0   0.89669
   1590.0   0.89620
   1595.0   0.89860
   1600.0   0.90374
   1605.0   0.90149
   1610.0   0.90267
   1615.0   0.90193
   1620.0   0.90104
   1625.0   0.90059
   1630.0   0.89967
   1635.0   0.89749
   1640.0   0.89921
   1645.0   0.89964
   1650.0   0.90086
   1655.0   0.90289
   1660.0   0.89426
   1665.0   0.89241
   1670.0   0.89163
   1675.0   0.89359
   1680.0   0.89537
   1685.0   0.89360
   1690.0   0.88997
   1695.0   0.88816
   1700.0   0.88957
   1705.0   0.89114
   1710.0   0.89054
   1715.0   0.88989
   1720.0   0.89081
   1725.0   0.88884
   1730.0   0.88869
   1735.0   0.88917
   1740.0   0.88445
   1745.0   0.88294
   1750.0   0.88380
   1755.0   0.88572
   1760.0   0.88556
   1765.0   0.88323
   1770.0   0.88375
   1775.0   0.88378
   1780.0   0.88432
   1785.0   0.88512
   1790.0   0.88682
   1795.0   0.88495
   1800.0   0.88560
   1805.0   0.88477
   1810.0   0.88350
   1815.0   0.88234
   1820.0   0.87929
   1825.0   0.87974
   1830.0   0.87908
   1835.0   0.87637
   1840.0   0.87771
   1845.0   0.88297
   1850.0   0.88091
   1855.0   0.88025
   1860.0   0.87858
   1865.0   0.87759
   1870.0   0.87035
   1875.0   0.86123
   1880.0   0.85215
   1885.0   0.83143
   1890.0   0.81136
   1895.0   0.79470
   1900.0   0.77230
   1905.0   0.75046
   1910.0   0.73975
   1915.0   0.73764
   1920.0   0.74075
   1925.0   0.74917
   1930.0   0.75933
   1935.0   0.76390
   1940.0   0.76958
   1945.0   0.77444
   1950.0   0.78154
   1955.0   0.78871
   1960.0   0.79300
   1965.0   0.79735
   1970.0   0.80002
   1975.0   0.80374
   1980.0   0.80800
   1985.0   0.81079
   1990.0   0.81305
   1995.0   0.81827
   2000.0   0.82120
   2005.0   0.82293
   2010.0   0.82652
   2015.0   0.83106
   2020.0   0.83446
   2025.0   0.83746
   2030.0   0.83942
   2035.0   0.84253
   2040.0   0.84467
   2045.0   0.84517
   2050.0   0.84641
   2055.0   0.84890
   2060.0   0.85005
   2065.0   0.84857
   2070.0   0.84873
   2075.0   0.84692
   2080.0   0.84708
   2085.0   0.84753
   2090.0   0.84713
   2095.0   0.84830
   2100.0   0.84893
   2105.0   0.84837
   2110.0   0.84984
   2115.0   0.85078
   2120.0   0.85004
   2125.0   0.85036
   2130.0   0.84875
   2135.0   0.84704
   2140.0   0.84586
   2145.0   0.84571
   2150.0   0.84419
   2155.0   0.84356
   2160.0   0.84352
   2165.0   0.83902
   2170.0   0.83543
   2175.0   0.82942
   2180.0   0.82494
   2185.0   0.81820
   2190.0   0.81526
   2195.0   0.81258
   2200.0   0.80789
   2205.0   0.80492
   2210.0   0.80089
   2215.0   0.80102
   2220.0   0.80014
   2225.0   0.80138
   2230.0   0.80416
   2235.0   0.80523
   2240.0   0.80428
   2245.0   0.80515
   2250.0   0.80600
   2255.0   0.80642
   2260.0   0.80441
   2265.0   0.80359
   2270.0   0.80513
   2275.0   0.80429
   2280.0   0.80813
   2285.0   0.80719
   2290.0   0.80422
   2295.0   0.80421
   2300.0   0.80403
   2305.0   0.80611
   2310.0   0.80693
   2315.0   0.80776
   2320.0   0.80681
   2325.0   0.80537
   2330.0   0.80863
   2335.0   0.81007
   2340.0   0.80827
   2345.0   0.80665
   2350.0   0.80549
   2355.0   0.80810
   2360.0   0.80940
   2365.0   0.80481
   2370.0   0.80070
   2375.0   0.79747
   2380.0   0.79264
   2385.0   0.79028
   2390.0   0.78651
   2395.0   0.78304
   2400.0   0.78156
   2405.0   0.77777
   2410.0   0.77613
   2415.0   0.77340
   2420.0   0.76661
   2425.0   0.76407
   2430.0   0.76023
   2435.0   0.75417
   2440.0   0.75045
   2445.0   0.74831
   2450.0   0.74237
   2455.0   0.74010
   2460.0   0.73342
   2465.0   0.72684
   2470.0   0.72210
   2475.0   0.72358
   2480.0   0.71893
   2485.0   0.71520
   2490.0   0.71684
   2495.0   0.71738
   2500.0   0.71667
   2505.0   0.71312
   2510.0   0.70836
   2515.0   0.70531
   2520.0   0.70238
   2525.0   0.70026
   2530.0   0.69887
   2535.0   0.69331
   2540.0   0.69481
   2545.0   0.68973
   2550.0   0.69201
   2555.0   0.69522
   2560.0   0.69391
   2565.0   0.68838
   2570.0   0.69447
   2575.0   0.68722
   2580.0   0.68708
   2585.0   0.68287
   2590.0   0.68091
   2595.0   0.67780
   2600.0   0.68271
   2605.0   0.68095
   2610.0   0.67543
   2615.0   0.67284
   2620.0   0.66729
   2625.0   0.66321
   2630.0   0.66224
   2635.0   0.66166
   2640.0   0.66032
   2645.0   0.65352
   2650.0   0.64198
   2655.0   0.63058
   2660.0   0.61545
   2665.0   0.59939
   2670.0   0.58376
   2675.0   0.56854
   2680.0   0.54508
   2685.0   0.51424
   2690.0   0.47235
   2695.0   0.42720
   2700.0   0.38470
   2705.0   0.33966
   2710.0   0.29959
   2715.0   0.26784
   2720.0   0.24280
   2725.0   0.22149
   2730.0   0.20514
   2735.0   0.18587
   2740.0   0.17233
   2745.0   0.16022
   2750.0   0.14769
   2755.0   0.13892
   2760.0   0.13353
   2765.0   0.12969
   2770.0   0.12584
   2775.0   0.12411
   2780.0   0.12424
   2785.0   0.12129
   2790.0   0.13287
   2795.0   0.12502
   2800.0   0.12885
   2805.0   0.12151
   2810.0   0.12601
   2815.0   0.12737
   2820.0   0.12549
   2825.0   0.12206
   2830.0   0.12124
   2835.0   0.12197
   2840.0   0.11759
   2845.0   0.11987
   2850.0   0.11657
   2855.0   0.11242
   2860.0   0.11271
   2865.0   0.11257
   2870.0   0.10860
   2875.0   0.10802
   2880.0   0.10594
   2885.0   0.10751
   2890.0   0.10519
   2895.0   0.10210
   2900.0   0.10234
   2905.0   0.10133
   2910.0   0.10411
   2915.0   0.10261
   2920.0   0.10217
   2925.0   0.09925
   2930.0   0.09860
   2935.0   0.09798
   2940.0   0.09993
   2945.0   0.09794
   2950.0   0.10173
   2955.0   0.09932
   2960.0   0.09980
   2965.0   0.09903
   2970.0   0.09876
   2975.0   0.09805
   2980.0   0.10071
   2985.0   0.10125
   2990.0   0.10062
   2995.0   0.10164
   3000.0   0.10223
   3005.0   0.10336
   3010.0   0.10355
   3015.0   0.10570
   3020.0   0.10676
   3025.0   0.10623
   3030.0   0.10624
   3035.0   0.10732
   3040.0   0.10791
   3045.0   0.10850
   3050.0   0.10964
   3055.0   0.11005
   3060.0   0.11022
   3065.0   0.11203
   3070.0   0.11151
   3075.0   0.11239
   3080.0   0.11337
   3085.0   0.11434
   3090.0   0.11312
   3095.0   0.11483
   3100.0   0.11440
   3105.0   0.11501
   3110.0   0.11705
   3115.0   0.11876
   3120.0   0.12005
   3125.0   0.12083
   3130.0   0.12255
   3135.0   0.12385
   3140.0   0.12579
   3145.0   0.12699
   3150.0   0.13023
   3155.0   0.13209
   3160.0   0.13285
   3165.0   0.13539
   3170.0   0.13672
   3175.0   0.13953
   3180.0   0.14069
   3185.0   0.14396
   3190.0   0.14684
   3195.0   0.14896
   3200.0   0.15002
   3205.0   0.15113
   3210.0   0.15370
   3215.0   0.15655
   3220.0   0.15825
   3225.0   0.16035
   3230.0   0.16012
   3235.0   0.16388
   3240.0   0.16614
   3245.0   0.17002
   3250.0   0.17246
   3255.0   0.17602
   3260.0   0.17894
   3265.0   0.18241
   3270.0   0.18363
   3275.0   0.18709
   3280.0   0.18812
   3285.0   0.18999
   3290.0   0.19294
   3295.0   0.19511
   3300.0   0.19835
   3305.0   0.20238
   3310.0   0.20609
   3315.0   0.20852
   3320.0   0.21086
   3325.0   0.21356
   3330.0   0.21410
   3335.0   0.21942
   3340.0   0.22115
   3345.0   0.22552
   3350.0   0.22756
   3355.0   0.23054
   3360.0   0.23274
   3365.0   0.23565
   3370.0   0.23941
   3375.0   0.24318
   3380.0   0.24667
   3385.0   0.24869
   3390.0   0.25244
   3395.0   0.25616
   3400.0   0.25924
   3405.0   0.26375
   3410.0   0.26572
   3415.0   0.27293
   3420.0   0.27558
   3425.0   0.27797
   3430.0   0.28326
   3435.0   0.28242
   3440.0   0.28689
   3445.0   0.29152
   3450.0   0.29630
   3455.0   0.30100
   3460.0   0.30639
   3465.0   0.30747
   3470.0   0.31271
   3475.0   0.31568
   3480.0   0.31776
   3485.0   0.32213
   3490.0   0.32665
   3495.0   0.33311
   3500.0   0.33600
   3505.0   0.33918
   3510.0   0.34023
   3515.0   0.33993
   3520.0   0.34528
   3525.0   0.35101
   3530.0   0.35834
   3535.0   0.35291
   3540.0   0.35556
   3545.0   0.36109
   3550.0   0.36352
   3555.0   0.37170
   3560.0   0.37744
   3565.0   0.37393
   3570.0   0.38689
   3575.0   0.39378
   3580.0   0.39680
   3585.0   0.39547
   3590.0   0.39031
   3595.0   0.40179
   3600.0   0.41268



 C1NV08      .ASC                        

 NV-RBS-008                                                              
 CHIP FROM ROCK CN-20B WHITE ROCK  AT 30,0                               
 RATIOS ADJUSTED USING NBS HALON CALIBRATION TABLE                       

 Source Ang: 30.00   Detect Ang:  0.00  Volt: 0.222
 Date: 08-FEB-89   Time: 14:38:54
