   641
    300.0   0.03052
    305.0   0.03007
    310.0   0.03031
    315.0   0.03179
    320.0   0.03214
    325.0   0.03212
    330.0   0.03437
    335.0   0.03602
    340.0   0.03822
    345.0   0.03989
    350.0   0.04173
    355.0   0.04368
    360.0   0.04552
    365.0   0.04736
    370.0   0.04976
    375.0   0.05279
    380.0   0.05613
    385.0   0.06006
    390.0   0.06389
    395.0   0.06734
    400.0   0.07092
    405.0   0.07413
    410.0   0.07721
    415.0   0.08038
    420.0   0.08404
    425.0   0.08847
    430.0   0.09380
    435.0   0.09898
    440.0   0.10406
    445.0   0.10869
    450.0   0.11273
    455.0   0.11624
    460.0   0.11850
    465.0   0.12008
    470.0   0.12146
    475.0   0.12300
    480.0   0.12535
    485.0   0.12889
    490.0   0.13328
    495.0   0.13843
    500.0   0.14374
    505.0   0.14949
    510.0   0.15521
    515.0   0.16117
    520.0   0.16690
    525.0   0.17245
    530.0   0.17779
    535.0   0.18313
    540.0   0.18854
    545.0   0.19330
    550.0   0.19879
    555.0   0.20381
    560.0   0.20945
    565.0   0.21460
    570.0   0.22012
    575.0   0.22462
    580.0   0.22930
    585.0   0.23339
    590.0   0.23718
    595.0   0.24082
    600.0   0.24400
    605.0   0.24681
    610.0   0.24964
    615.0   0.25166
    620.0   0.25390
    625.0   0.25567
    630.0   0.25738
    635.0   0.25958
    640.0   0.26140
    645.0   0.26335
    650.0   0.26514
    655.0   0.26696
    660.0   0.26920
    665.0   0.27086
    670.0   0.27225
    675.0   0.27423
    680.0   0.27601
    685.0   0.27779
    690.0   0.27943
    695.0   0.28078
    700.0   0.28200
    705.0   0.28369
    710.0   0.28453
    715.0   0.28625
    720.0   0.28777
    725.0   0.28878
    730.0   0.28934
    735.0   0.29063
    740.0   0.29186
    745.0   0.29291
    750.0   0.29405
    755.0   0.29468
    760.0   0.29551
    765.0   0.29582
    770.0   0.29650
    775.0   0.29708
    780.0   0.29769
    785.0   0.29829
    790.0   0.29810
    795.0   0.29928
    800.0   0.29816
    805.0   0.29861
    810.0   0.29849
    815.0   0.29903
    820.0   0.29953
    825.0   0.29922
    830.0   0.29866
    835.0   0.29912
    840.0   0.29885
    845.0   0.29931
    850.0   0.29881
    855.0   0.29969
    860.0   0.29920
    865.0   0.29780
    870.0   0.29816
    875.0   0.29765
    880.0   0.29824
    885.0   0.29817
    890.0   0.29722
    895.0   0.29807
    900.0   0.29809
    905.0   0.29787
    910.0   0.29798
    915.0   0.29777
    920.0   0.29787
    925.0   0.29776
    930.0   0.29790
    935.0   0.29763
    940.0   0.29722
    945.0   0.29750
    950.0   0.29744
    955.0   0.29841
    960.0   0.29837
    965.0   0.29862
    970.0   0.29856
    975.0   0.29846
    980.0   0.29848
    985.0   0.29756
    990.0   0.29699
    995.0   0.29753
   1000.0   0.29852
   1005.0   0.29862
   1010.0   0.29900
   1015.0   0.29846
   1020.0   0.29860
   1025.0   0.29902
   1030.0   0.29978
   1035.0   0.30011
   1040.0   0.30025
   1045.0   0.29959
   1050.0   0.29995
   1055.0   0.29930
   1060.0   0.29963
   1065.0   0.30017
   1070.0   0.30043
   1075.0   0.30110
   1080.0   0.30084
   1085.0   0.30077
   1090.0   0.30082
   1095.0   0.30135
   1100.0   0.30208
   1105.0   0.30155
   1110.0   0.30248
   1115.0   0.30240
   1120.0   0.30333
   1125.0   0.30348
   1130.0   0.30303
   1135.0   0.30349
   1140.0   0.30416
   1145.0   0.30422
   1150.0   0.30490
   1155.0   0.30580
   1160.0   0.30476
   1165.0   0.30565
   1170.0   0.30540
   1175.0   0.30553
   1180.0   0.30566
   1185.0   0.30618
   1190.0   0.30544
   1195.0   0.30631
   1200.0   0.30592
   1205.0   0.30651
   1210.0   0.30626
   1215.0   0.30653
   1220.0   0.30694
   1225.0   0.30724
   1230.0   0.30698
   1235.0   0.30690
   1240.0   0.30705
   1245.0   0.30694
   1250.0   0.30738
   1255.0   0.30780
   1260.0   0.30820
   1265.0   0.30907
   1270.0   0.30852
   1275.0   0.30831
   1280.0   0.30865
   1285.0   0.30942
   1290.0   0.30924
   1295.0   0.31018
   1300.0   0.30995
   1305.0   0.30938
   1310.0   0.30964
   1315.0   0.31103
   1320.0   0.31040
   1325.0   0.31065
   1330.0   0.31098
   1335.0   0.31298
   1340.0   0.31186
   1345.0   0.31190
   1350.0   0.31054
   1355.0   0.30936
   1360.0   0.30927
   1365.0   0.31167
   1370.0   0.31137
   1375.0   0.31275
   1380.0   0.30953
   1385.0   0.31235
   1390.0   0.31092
   1395.0   0.30860
   1400.0   0.30669
   1405.0   0.30538
   1410.0   0.30370
   1415.0   0.30174
   1420.0   0.30194
   1425.0   0.30266
   1430.0   0.30301
   1435.0   0.30375
   1440.0   0.30518
   1445.0   0.30582
   1450.0   0.30689
   1455.0   0.30960
   1460.0   0.30933
   1465.0   0.30913
   1470.0   0.30901
   1475.0   0.31010
   1480.0   0.31098
   1485.0   0.31156
   1490.0   0.31168
   1495.0   0.31214
   1500.0   0.31316
   1505.0   0.31451
   1510.0   0.31434
   1515.0   0.31453
   1520.0   0.31615
   1525.0   0.31707
   1530.0   0.31686
   1535.0   0.31757
   1540.0   0.31785
   1545.0   0.31827
   1550.0   0.31886
   1555.0   0.31962
   1560.0   0.32014
   1565.0   0.32056
   1570.0   0.31975
   1575.0   0.32028
   1580.0   0.32084
   1585.0   0.32176
   1590.0   0.32146
   1595.0   0.32116
   1600.0   0.32184
   1605.0   0.32299
   1610.0   0.32282
   1615.0   0.32338
   1620.0   0.32323
   1625.0   0.32409
   1630.0   0.32388
   1635.0   0.32449
   1640.0   0.32395
   1645.0   0.32403
   1650.0   0.32365
   1655.0   0.32546
   1660.0   0.32485
   1665.0   0.32536
   1670.0   0.32445
   1675.0   0.32533
   1680.0   0.32493
   1685.0   0.32562
   1690.0   0.32505
   1695.0   0.32433
   1700.0   0.32632
   1705.0   0.32626
   1710.0   0.32623
   1715.0   0.32637
   1720.0   0.32644
   1725.0   0.32702
   1730.0   0.32782
   1735.0   0.32795
   1740.0   0.32754
   1745.0   0.32754
   1750.0   0.32753
   1755.0   0.32835
   1760.0   0.32826
   1765.0   0.32800
   1770.0   0.32860
   1775.0   0.32901
   1780.0   0.32778
   1785.0   0.32724
   1790.0   0.32759
   1795.0   0.32734
   1800.0   0.32695
   1805.0   0.32662
   1810.0   0.32781
   1815.0   0.32829
   1820.0   0.32855
   1825.0   0.32869
   1830.0   0.32913
   1835.0   0.32902
   1840.0   0.32876
   1845.0   0.32966
   1850.0   0.33015
   1855.0   0.32992
   1860.0   0.32874
   1865.0   0.32776
   1870.0   0.32651
   1875.0   0.32330
   1880.0   0.32653
   1885.0   0.32463
   1890.0   0.31894
   1895.0   0.31317
   1900.0   0.30668
   1905.0   0.29687
   1910.0   0.28853
   1915.0   0.28211
   1920.0   0.28009
   1925.0   0.28082
   1930.0   0.28441
   1935.0   0.28757
   1940.0   0.28866
   1945.0   0.29122
   1950.0   0.29444
   1955.0   0.29587
   1960.0   0.29666
   1965.0   0.29878
   1970.0   0.30130
   1975.0   0.30310
   1980.0   0.30427
   1985.0   0.30606
   1990.0   0.30774
   1995.0   0.30915
   2000.0   0.31043
   2005.0   0.31190
   2010.0   0.31369
   2015.0   0.31481
   2020.0   0.31579
   2025.0   0.31613
   2030.0   0.31814
   2035.0   0.31885
   2040.0   0.31874
   2045.0   0.31940
   2050.0   0.32144
   2055.0   0.32226
   2060.0   0.32386
   2065.0   0.32487
   2070.0   0.32526
   2075.0   0.32477
   2080.0   0.32601
   2085.0   0.32634
   2090.0   0.32715
   2095.0   0.32711
   2100.0   0.32887
   2105.0   0.32926
   2110.0   0.32812
   2115.0   0.32795
   2120.0   0.32856
   2125.0   0.32922
   2130.0   0.32929
   2135.0   0.32944
   2140.0   0.33052
   2145.0   0.33186
   2150.0   0.33114
   2155.0   0.33045
   2160.0   0.32908
   2165.0   0.32944
   2170.0   0.33175
   2175.0   0.33094
   2180.0   0.33132
   2185.0   0.33009
   2190.0   0.32888
   2195.0   0.32798
   2200.0   0.32721
   2205.0   0.32627
   2210.0   0.32428
   2215.0   0.32287
   2220.0   0.32384
   2225.0   0.32438
   2230.0   0.32571
   2235.0   0.32585
   2240.0   0.32427
   2245.0   0.32285
   2250.0   0.32446
   2255.0   0.32472
   2260.0   0.32329
   2265.0   0.32242
   2270.0   0.32264
   2275.0   0.32444
   2280.0   0.32391
   2285.0   0.32475
   2290.0   0.32451
   2295.0   0.32244
   2300.0   0.32040
   2305.0   0.31957
   2310.0   0.31970
   2315.0   0.32048
   2320.0   0.32007
   2325.0   0.32072
   2330.0   0.31973
   2335.0   0.31999
   2340.0   0.31927
   2345.0   0.31914
   2350.0   0.31960
   2355.0   0.31887
   2360.0   0.31712
   2365.0   0.31658
   2370.0   0.31644
   2375.0   0.31534
   2380.0   0.31299
   2385.0   0.31070
   2390.0   0.31057
   2395.0   0.30914
   2400.0   0.30935
   2405.0   0.30838
   2410.0   0.30863
   2415.0   0.30645
   2420.0   0.30411
   2425.0   0.30303
   2430.0   0.30311
   2435.0   0.30111
   2440.0   0.29885
   2445.0   0.29750
   2450.0   0.29577
   2455.0   0.29333
   2460.0   0.29408
   2465.0   0.29235
   2470.0   0.29031
   2475.0   0.28892
   2480.0   0.28770
   2485.0   0.28822
   2490.0   0.28639
   2495.0   0.28373
   2500.0   0.28355
   2505.0   0.28277
   2510.0   0.28025
   2515.0   0.27887
   2520.0   0.27931
   2525.0   0.27982
   2530.0   0.27765
   2535.0   0.27616
   2540.0   0.27855
   2545.0   0.27937
   2550.0   0.27873
   2555.0   0.27979
   2560.0   0.28084
   2565.0   0.27074
   2570.0   0.27700
   2575.0   0.27627
   2580.0   0.27783
   2585.0   0.27685
   2590.0   0.27278
   2595.0   0.27576
   2600.0   0.27221
   2605.0   0.27224
   2610.0   0.26969
   2615.0   0.27272
   2620.0   0.26693
   2625.0   0.27087
   2630.0   0.26680
   2635.0   0.26312
   2640.0   0.26867
   2645.0   0.26317
   2650.0   0.26011
   2655.0   0.25887
   2660.0   0.25366
   2665.0   0.24816
   2670.0   0.24131
   2675.0   0.23601
   2680.0   0.22965
   2685.0   0.22619
   2690.0   0.21726
   2695.0   0.20479
   2700.0   0.19044
   2705.0   0.17284
   2710.0   0.15325
   2715.0   0.13609
   2720.0   0.12142
   2725.0   0.10921
   2730.0   0.09687
   2735.0   0.08520
   2740.0   0.07174
   2745.0   0.06129
   2750.0   0.05626
   2755.0   0.04852
   2760.0   0.04009
   2765.0   0.03701
   2770.0   0.03981
   2775.0   0.03433
   2780.0   0.03333
   2785.0   0.02999
   2790.0   0.02895
   2795.0   0.02601
   2800.0   0.03464
   2805.0   0.02650
   2810.0   0.02736
   2815.0   0.02349
   2820.0   0.03086
   2825.0   0.02838
   2830.0   0.03107
   2835.0   0.02403
   2840.0   0.02671
   2845.0   0.02844
   2850.0   0.02591
   2855.0   0.02922
   2860.0   0.02577
   2865.0   0.02690
   2870.0   0.02568
   2875.0   0.02742
   2880.0   0.02667
   2885.0   0.02557
   2890.0   0.02706
   2895.0   0.02566
   2900.0   0.02367
   2905.0   0.02619
   2910.0   0.02369
   2915.0   0.02557
   2920.0   0.02462
   2925.0   0.02492
   2930.0   0.02511
   2935.0   0.02688
   2940.0   0.02568
   2945.0   0.02490
   2950.0   0.02538
   2955.0   0.02550
   2960.0   0.02456
   2965.0   0.02519
   2970.0   0.02579
   2975.0   0.02573
   2980.0   0.02457
   2985.0   0.02525
   2990.0   0.02616
   2995.0   0.02620
   3000.0   0.02667
   3005.0   0.02470
   3010.0   0.02778
   3015.0   0.02772
   3020.0   0.02756
   3025.0   0.02982
   3030.0   0.02881
   3035.0   0.02957
   3040.0   0.02830
   3045.0   0.03031
   3050.0   0.02954
   3055.0   0.03222
   3060.0   0.03204
   3065.0   0.03070
   3070.0   0.03020
   3075.0   0.03305
   3080.0   0.03116
   3085.0   0.03249
   3090.0   0.03285
   3095.0   0.03436
   3100.0   0.03352
   3105.0   0.03445
   3110.0   0.03558
   3115.0   0.03455
   3120.0   0.03664
   3125.0   0.03805
   3130.0   0.03918
   3135.0   0.03801
   3140.0   0.03806
   3145.0   0.04029
   3150.0   0.04132
   3155.0   0.04210
   3160.0   0.04228
   3165.0   0.04398
   3170.0   0.04521
   3175.0   0.04706
   3180.0   0.04752
   3185.0   0.04854
   3190.0   0.05088
   3195.0   0.05156
   3200.0   0.05177
   3205.0   0.05488
   3210.0   0.05563
   3215.0   0.05798
   3220.0   0.05805
   3225.0   0.05963
   3230.0   0.06128
   3235.0   0.06274
   3240.0   0.06370
   3245.0   0.06610
   3250.0   0.06733
   3255.0   0.06934
   3260.0   0.07057
   3265.0   0.07317
   3270.0   0.07568
   3275.0   0.07603
   3280.0   0.07776
   3285.0   0.07988
   3290.0   0.07992
   3295.0   0.08428
   3300.0   0.08397
   3305.0   0.08774
   3310.0   0.09000
   3315.0   0.09240
   3320.0   0.09389
   3325.0   0.09587
   3330.0   0.09896
   3335.0   0.10078
   3340.0   0.10416
   3345.0   0.10258
   3350.0   0.10460
   3355.0   0.10627
   3360.0   0.10741
   3365.0   0.10968
   3370.0   0.11335
   3375.0   0.11385
   3380.0   0.11484
   3385.0   0.11747
   3390.0   0.12224
   3395.0   0.12538
   3400.0   0.12692
   3405.0   0.12887
   3410.0   0.13474
   3415.0   0.13743
   3420.0   0.13932
   3425.0   0.14121
   3430.0   0.14479
   3435.0   0.14350
   3440.0   0.14807
   3445.0   0.15095
   3450.0   0.15163
   3455.0   0.15234
   3460.0   0.15611
   3465.0   0.15638
   3470.0   0.15439
   3475.0   0.15846
   3480.0   0.15652
   3485.0   0.15868
   3490.0   0.16333
   3495.0   0.16341
   3500.0   0.16799



 C1NV29      .ASC                        

 NV-RBS-029                                                              
 EC-SWP  ELEGANTE CRATED  PINACATES SONORA, MEXICO    POWDER <2000 UM    
 RATIOS ADJUSTED USING NBS HALON CALIBRATION TABLE                       

 Source Ang: 30.00   Detect Ang:  0.00  Volt: 0.222
 Date: 07-JUL-89   Time: 17:58:07
