   661
    300.0   0.05265
    305.0   0.05354
    310.0   0.05674
    315.0   0.06055
    320.0   0.06410
    325.0   0.06798
    330.0   0.07150
    335.0   0.07443
    340.0   0.07681
    345.0   0.08010
    350.0   0.08231
    355.0   0.08422
    360.0   0.08634
    365.0   0.08872
    370.0   0.09146
    375.0   0.09493
    380.0   0.09842
    385.0   0.10280
    390.0   0.10721
    395.0   0.11098
    400.0   0.11453
    405.0   0.11811
    410.0   0.12238
    415.0   0.12556
    420.0   0.12921
    425.0   0.13321
    430.0   0.13768
    435.0   0.14256
    440.0   0.14739
    445.0   0.15228
    450.0   0.15657
    455.0   0.16049
    460.0   0.16374
    465.0   0.16653
    470.0   0.16919
    475.0   0.17157
    480.0   0.17491
    485.0   0.17735
    490.0   0.18126
    495.0   0.18488
    500.0   0.18903
    505.0   0.19315
    510.0   0.19743
    515.0   0.20183
    520.0   0.20660
    525.0   0.21165
    530.0   0.21620
    535.0   0.22168
    540.0   0.22653
    545.0   0.23179
    550.0   0.23736
    555.0   0.24322
    560.0   0.24930
    565.0   0.25472
    570.0   0.26037
    575.0   0.26576
    580.0   0.27017
    585.0   0.27384
    590.0   0.27780
    595.0   0.28145
    600.0   0.28422
    605.0   0.28716
    610.0   0.28919
    615.0   0.29115
    620.0   0.29323
    625.0   0.29510
    630.0   0.29739
    635.0   0.29902
    640.0   0.30030
    645.0   0.30253
    650.0   0.30496
    655.0   0.30679
    660.0   0.30869
    665.0   0.31064
    670.0   0.31262
    675.0   0.31463
    680.0   0.31668
    685.0   0.31863
    690.0   0.32115
    695.0   0.32288
    700.0   0.32501
    705.0   0.32687
    710.0   0.32898
    715.0   0.33101
    720.0   0.33246
    725.0   0.33426
    730.0   0.33603
    735.0   0.33729
    740.0   0.33957
    745.0   0.34090
    750.0   0.34238
    755.0   0.34398
    760.0   0.34557
    765.0   0.34718
    770.0   0.34846
    775.0   0.34991
    780.0   0.35109
    785.0   0.35297
    790.0   0.35316
    795.0   0.35442
    800.0   0.35591
    805.0   0.35700
    810.0   0.35769
    815.0   0.35810
    820.0   0.35933
    825.0   0.36055
    830.0   0.36053
    835.0   0.36181
    840.0   0.36232
    845.0   0.36316
    850.0   0.36331
    855.0   0.36481
    860.0   0.36400
    865.0   0.36501
    870.0   0.36577
    875.0   0.36749
    880.0   0.36725
    885.0   0.36721
    890.0   0.36895
    895.0   0.36952
    900.0   0.37062
    905.0   0.37105
    910.0   0.37208
    915.0   0.37324
    920.0   0.37462
    925.0   0.37416
    930.0   0.37559
    935.0   0.37667
    940.0   0.37852
    945.0   0.37926
    950.0   0.38073
    955.0   0.38215
    960.0   0.38262
    965.0   0.38399
    970.0   0.38477
    975.0   0.38603
    980.0   0.38793
    985.0   0.38918
    990.0   0.39015
    995.0   0.39058
   1000.0   0.39247
   1005.0   0.39300
   1010.0   0.39491
   1015.0   0.39557
   1020.0   0.39576
   1025.0   0.39753
   1030.0   0.39949
   1035.0   0.40034
   1040.0   0.40066
   1045.0   0.40192
   1050.0   0.40279
   1055.0   0.40422
   1060.0   0.40459
   1065.0   0.40615
   1070.0   0.40735
   1075.0   0.40746
   1080.0   0.40854
   1085.0   0.40989
   1090.0   0.41117
   1095.0   0.41199
   1100.0   0.41371
   1105.0   0.41411
   1110.0   0.41511
   1115.0   0.41632
   1120.0   0.41681
   1125.0   0.41775
   1130.0   0.41897
   1135.0   0.41937
   1140.0   0.42088
   1145.0   0.42220
   1150.0   0.42320
   1155.0   0.42342
   1160.0   0.42427
   1165.0   0.42597
   1170.0   0.42677
   1175.0   0.42756
   1180.0   0.42919
   1185.0   0.42970
   1190.0   0.43032
   1195.0   0.43116
   1200.0   0.43193
   1205.0   0.43291
   1210.0   0.43455
   1215.0   0.43676
   1220.0   0.43639
   1225.0   0.43727
   1230.0   0.43832
   1235.0   0.44003
   1240.0   0.43897
   1245.0   0.44053
   1250.0   0.44109
   1255.0   0.44201
   1260.0   0.44327
   1265.0   0.44392
   1270.0   0.44496
   1275.0   0.44556
   1280.0   0.44573
   1285.0   0.44611
   1290.0   0.44703
   1295.0   0.44930
   1300.0   0.45008
   1305.0   0.45163
   1310.0   0.45258
   1315.0   0.45127
   1320.0   0.45250
   1325.0   0.45280
   1330.0   0.45360
   1335.0   0.45395
   1340.0   0.45494
   1345.0   0.45489
   1350.0   0.45463
   1355.0   0.45402
   1360.0   0.45504
   1365.0   0.45711
   1370.0   0.45591
   1375.0   0.45721
   1380.0   0.45440
   1385.0   0.45596
   1390.0   0.45064
   1395.0   0.44548
   1400.0   0.44132
   1405.0   0.43711
   1410.0   0.43358
   1415.0   0.43222
   1420.0   0.43510
   1425.0   0.43795
   1430.0   0.44247
   1435.0   0.44646
   1440.0   0.44892
   1445.0   0.44969
   1450.0   0.45087
   1455.0   0.45225
   1460.0   0.45393
   1465.0   0.45443
   1470.0   0.45415
   1475.0   0.45518
   1480.0   0.45599
   1485.0   0.45796
   1490.0   0.46116
   1495.0   0.46264
   1500.0   0.46286
   1505.0   0.46321
   1510.0   0.46528
   1515.0   0.46520
   1520.0   0.46618
   1525.0   0.46725
   1530.0   0.46794
   1535.0   0.46857
   1540.0   0.47023
   1545.0   0.47191
   1550.0   0.47193
   1555.0   0.47377
   1560.0   0.47460
   1565.0   0.47285
   1570.0   0.47303
   1575.0   0.47299
   1580.0   0.47468
   1585.0   0.47575
   1590.0   0.47611
   1595.0   0.47615
   1600.0   0.47790
   1605.0   0.47845
   1610.0   0.47763
   1615.0   0.47787
   1620.0   0.47950
   1625.0   0.48022
   1630.0   0.47940
   1635.0   0.47902
   1640.0   0.47881
   1645.0   0.48066
   1650.0   0.48097
   1655.0   0.48052
   1660.0   0.48348
   1665.0   0.48135
   1670.0   0.48125
   1675.0   0.48256
   1680.0   0.48323
   1685.0   0.48325
   1690.0   0.48448
   1695.0   0.48433
   1700.0   0.48298
   1705.0   0.48313
   1710.0   0.48408
   1715.0   0.48431
   1720.0   0.48471
   1725.0   0.48427
   1730.0   0.48505
   1735.0   0.48530
   1740.0   0.48410
   1745.0   0.48275
   1750.0   0.48310
   1755.0   0.48351
   1760.0   0.48399
   1765.0   0.48466
   1770.0   0.48516
   1775.0   0.48434
   1780.0   0.48448
   1785.0   0.48468
   1790.0   0.48349
   1795.0   0.48350
   1800.0   0.48336
   1805.0   0.48614
   1810.0   0.48681
   1815.0   0.48486
   1820.0   0.48602
   1825.0   0.48694
   1830.0   0.48521
   1835.0   0.48469
   1840.0   0.48622
   1845.0   0.48797
   1850.0   0.48597
   1855.0   0.48615
   1860.0   0.48583
   1865.0   0.48412
   1870.0   0.48105
   1875.0   0.48025
   1880.0   0.47667
   1885.0   0.46928
   1890.0   0.45828
   1895.0   0.44092
   1900.0   0.42150
   1905.0   0.40613
   1910.0   0.39837
   1915.0   0.39498
   1920.0   0.39820
   1925.0   0.40446
   1930.0   0.41093
   1935.0   0.41551
   1940.0   0.41866
   1945.0   0.42181
   1950.0   0.42646
   1955.0   0.42868
   1960.0   0.43010
   1965.0   0.43404
   1970.0   0.43587
   1975.0   0.44098
   1980.0   0.44347
   1985.0   0.44534
   1990.0   0.44774
   1995.0   0.44931
   2000.0   0.45118
   2005.0   0.45411
   2010.0   0.45778
   2015.0   0.45985
   2020.0   0.46189
   2025.0   0.46477
   2030.0   0.46545
   2035.0   0.46679
   2040.0   0.46760
   2045.0   0.46857
   2050.0   0.46937
   2055.0   0.47075
   2060.0   0.47185
   2065.0   0.47121
   2070.0   0.47101
   2075.0   0.47044
   2080.0   0.47164
   2085.0   0.47156
   2090.0   0.47205
   2095.0   0.47334
   2100.0   0.47400
   2105.0   0.47344
   2110.0   0.47396
   2115.0   0.47260
   2120.0   0.47273
   2125.0   0.47105
   2130.0   0.46950
   2135.0   0.47037
   2140.0   0.47027
   2145.0   0.47020
   2150.0   0.46977
   2155.0   0.46888
   2160.0   0.46693
   2165.0   0.46457
   2170.0   0.46295
   2175.0   0.46153
   2180.0   0.45856
   2185.0   0.45475
   2190.0   0.45116
   2195.0   0.44867
   2200.0   0.44494
   2205.0   0.44054
   2210.0   0.43839
   2215.0   0.44122
   2220.0   0.44375
   2225.0   0.44567
   2230.0   0.44709
   2235.0   0.44889
   2240.0   0.44867
   2245.0   0.44920
   2250.0   0.45011
   2255.0   0.44928
   2260.0   0.44914
   2265.0   0.45191
   2270.0   0.45362
   2275.0   0.45343
   2280.0   0.45195
   2285.0   0.45005
   2290.0   0.44672
   2295.0   0.44546
   2300.0   0.44275
   2305.0   0.44194
   2310.0   0.44215
   2315.0   0.44048
   2320.0   0.43810
   2325.0   0.43576
   2330.0   0.43460
   2335.0   0.43428
   2340.0   0.43380
   2345.0   0.43199
   2350.0   0.42861
   2355.0   0.42815
   2360.0   0.42921
   2365.0   0.42700
   2370.0   0.42641
   2375.0   0.42518
   2380.0   0.42244
   2385.0   0.41952
   2390.0   0.41770
   2395.0   0.41650
   2400.0   0.41679
   2405.0   0.41631
   2410.0   0.41345
   2415.0   0.40963
   2420.0   0.40628
   2425.0   0.40263
   2430.0   0.39936
   2435.0   0.39573
   2440.0   0.39381
   2445.0   0.38935
   2450.0   0.38702
   2455.0   0.38477
   2460.0   0.38273
   2465.0   0.37983
   2470.0   0.37822
   2475.0   0.37634
   2480.0   0.37572
   2485.0   0.37276
   2490.0   0.37141
   2495.0   0.37169
   2500.0   0.36886
   2505.0   0.36617
   2510.0   0.36475
   2515.0   0.36264
   2520.0   0.36288
   2525.0   0.36174
   2530.0   0.36256
   2535.0   0.36207
   2540.0   0.36406
   2545.0   0.36290
   2550.0   0.36355
   2555.0   0.36592
   2560.0   0.35990
   2565.0   0.36039
   2570.0   0.36146
   2575.0   0.35960
   2580.0   0.36001
   2585.0   0.35662
   2590.0   0.35985
   2595.0   0.35647
   2600.0   0.36017
   2605.0   0.35277
   2610.0   0.35652
   2615.0   0.34942
   2620.0   0.35227
   2625.0   0.34845
   2630.0   0.34363
   2635.0   0.34536
   2640.0   0.33995
   2645.0   0.33369
   2650.0   0.32816
   2655.0   0.32195
   2660.0   0.31568
   2665.0   0.30997
   2670.0   0.30237
   2675.0   0.29107
   2680.0   0.27172
   2685.0   0.24904
   2690.0   0.22386
   2695.0   0.19791
   2700.0   0.16467
   2705.0   0.13410
   2710.0   0.11087
   2715.0   0.09732
   2720.0   0.08835
   2725.0   0.07883
   2730.0   0.06800
   2735.0   0.05696
   2740.0   0.05067
   2745.0   0.04509
   2750.0   0.04062
   2755.0   0.03539
   2760.0   0.03624
   2765.0   0.03539
   2770.0   0.02895
   2775.0   0.04409
   2780.0   0.03750
   2785.0   0.03457
   2790.0   0.03313
   2795.0   0.04023
   2800.0   0.03998
   2805.0   0.03535
   2810.0   0.03854
   2815.0   0.04577
   2820.0   0.03814
   2825.0   0.03779
   2830.0   0.04067
   2835.0   0.03760
   2840.0   0.03903
   2845.0   0.03582
   2850.0   0.03414
   2855.0   0.03292
   2860.0   0.03107
   2865.0   0.03268
   2870.0   0.03065
   2875.0   0.03642
   2880.0   0.03481
   2885.0   0.03112
   2890.0   0.03499
   2895.0   0.02992
   2900.0   0.03045
   2905.0   0.03218
   2910.0   0.03497
   2915.0   0.03391
   2920.0   0.03345
   2925.0   0.03172
   2930.0   0.03322
   2935.0   0.03179
   2940.0   0.02957
   2945.0   0.03178
   2950.0   0.03111
   2955.0   0.03211
   2960.0   0.03296
   2965.0   0.03473
   2970.0   0.03373
   2975.0   0.03386
   2980.0   0.03413
   2985.0   0.03434
   2990.0   0.03591
   2995.0   0.03502
   3000.0   0.03392
   3005.0   0.03603
   3010.0   0.03716
   3015.0   0.03608
   3020.0   0.03865
   3025.0   0.03960
   3030.0   0.03845
   3035.0   0.03801
   3040.0   0.03867
   3045.0   0.03755
   3050.0   0.03935
   3055.0   0.03849
   3060.0   0.03953
   3065.0   0.04189
   3070.0   0.04193
   3075.0   0.04189
   3080.0   0.04300
   3085.0   0.04303
   3090.0   0.04150
   3095.0   0.04398
   3100.0   0.04501
   3105.0   0.04455
   3110.0   0.04555
   3115.0   0.04601
   3120.0   0.04612
   3125.0   0.04786
   3130.0   0.04907
   3135.0   0.05067
   3140.0   0.05157
   3145.0   0.05327
   3150.0   0.05329
   3155.0   0.05344
   3160.0   0.05701
   3165.0   0.05706
   3170.0   0.05881
   3175.0   0.05788
   3180.0   0.06193
   3185.0   0.06363
   3190.0   0.06426
   3195.0   0.06541
   3200.0   0.06530
   3205.0   0.06589
   3210.0   0.07094
   3215.0   0.07221
   3220.0   0.07307
   3225.0   0.07598
   3230.0   0.07559
   3235.0   0.07668
   3240.0   0.07850
   3245.0   0.08111
   3250.0   0.08348
   3255.0   0.08415
   3260.0   0.08601
   3265.0   0.08688
   3270.0   0.08894
   3275.0   0.09142
   3280.0   0.09446
   3285.0   0.09736
   3290.0   0.09849
   3295.0   0.10082
   3300.0   0.10399
   3305.0   0.10477
   3310.0   0.10676
   3315.0   0.10932
   3320.0   0.11192
   3325.0   0.11221
   3330.0   0.11586
   3335.0   0.11711
   3340.0   0.12121
   3345.0   0.12278
   3350.0   0.12309
   3355.0   0.12567
   3360.0   0.12532
   3365.0   0.12660
   3370.0   0.12836
   3375.0   0.12797
   3380.0   0.12864
   3385.0   0.13064
   3390.0   0.13289
   3395.0   0.13652
   3400.0   0.13786
   3405.0   0.13446
   3410.0   0.13484
   3415.0   0.13739
   3420.0   0.13655
   3425.0   0.13889
   3430.0   0.14223
   3435.0   0.14083
   3440.0   0.14328
   3445.0   0.14807
   3450.0   0.15022
   3455.0   0.14878
   3460.0   0.15843
   3465.0   0.16181
   3470.0   0.16375
   3475.0   0.16720
   3480.0   0.16384
   3485.0   0.16705
   3490.0   0.17456
   3495.0   0.17363
   3500.0   0.17581
   3505.0   0.17609
   3510.0   0.17916
   3515.0   0.17340
   3520.0   0.18120
   3525.0   0.18876
   3530.0   0.19536
   3535.0   0.19137
   3540.0   0.21682
   3545.0   0.21395
   3550.0   0.20734
   3555.0   0.21766
   3560.0   0.22195
   3565.0   0.23447
   3570.0   0.22953
   3575.0   0.22435
   3580.0   0.23118
   3585.0   0.23040
   3590.0   0.23888
   3595.0   0.24851
   3600.0   0.24018



 C1NV23      .ASC                        

 NV-RBS-023                                                              
 C89-8P  POWDER FROM TOP OF KAOLINITE HILL                               
 RATIOS ADJUSTED USING NBS HALON CALIBRATION TABLE                       

 Source Ang: 35.00   Detect Ang:  0.00  Volt: 0.222
 Date: 19-MAY-89   Time: 11:40:35
