   661
    300.0   0.05729
    305.0   0.06226
    310.0   0.06695
    315.0   0.07406
    320.0   0.08138
    325.0   0.08651
    330.0   0.09158
    335.0   0.09791
    340.0   0.10230
    345.0   0.10651
    350.0   0.11057
    355.0   0.11431
    360.0   0.11748
    365.0   0.12090
    370.0   0.12410
    375.0   0.12822
    380.0   0.13380
    385.0   0.13942
    390.0   0.14526
    395.0   0.15134
    400.0   0.15649
    405.0   0.16167
    410.0   0.16909
    415.0   0.17345
    420.0   0.17829
    425.0   0.18341
    430.0   0.18920
    435.0   0.19592
    440.0   0.20353
    445.0   0.21016
    450.0   0.21704
    455.0   0.22278
    460.0   0.22767
    465.0   0.23130
    470.0   0.23519
    475.0   0.23893
    480.0   0.24242
    485.0   0.24571
    490.0   0.25073
    495.0   0.25563
    500.0   0.26199
    505.0   0.26819
    510.0   0.27426
    515.0   0.28103
    520.0   0.28726
    525.0   0.29452
    530.0   0.30187
    535.0   0.30953
    540.0   0.31707
    545.0   0.32542
    550.0   0.33414
    555.0   0.34281
    560.0   0.35206
    565.0   0.36128
    570.0   0.37044
    575.0   0.37896
    580.0   0.38654
    585.0   0.39346
    590.0   0.40001
    595.0   0.40544
    600.0   0.41058
    605.0   0.41459
    610.0   0.41781
    615.0   0.42086
    620.0   0.42372
    625.0   0.42676
    630.0   0.42844
    635.0   0.43133
    640.0   0.43286
    645.0   0.43670
    650.0   0.43863
    655.0   0.44137
    660.0   0.44430
    665.0   0.44694
    670.0   0.44919
    675.0   0.45184
    680.0   0.45511
    685.0   0.45696
    690.0   0.46106
    695.0   0.46409
    700.0   0.46660
    705.0   0.46886
    710.0   0.47147
    715.0   0.47392
    720.0   0.47608
    725.0   0.47920
    730.0   0.48119
    735.0   0.48370
    740.0   0.48607
    745.0   0.48767
    750.0   0.48973
    755.0   0.49088
    760.0   0.49318
    765.0   0.49478
    770.0   0.49672
    775.0   0.49679
    780.0   0.49781
    785.0   0.49941
    790.0   0.49945
    795.0   0.50067
    800.0   0.50109
    805.0   0.50075
    810.0   0.50225
    815.0   0.50325
    820.0   0.50195
    825.0   0.50225
    830.0   0.50224
    835.0   0.50261
    840.0   0.50193
    845.0   0.50175
    850.0   0.50132
    855.0   0.50211
    860.0   0.50181
    865.0   0.50169
    870.0   0.50138
    875.0   0.50119
    880.0   0.50149
    885.0   0.50286
    890.0   0.50364
    895.0   0.50206
    900.0   0.50257
    905.0   0.50279
    910.0   0.50375
    915.0   0.50509
    920.0   0.50522
    925.0   0.50728
    930.0   0.50754
    935.0   0.50788
    940.0   0.50876
    945.0   0.50870
    950.0   0.51093
    955.0   0.51061
    960.0   0.51237
    965.0   0.51211
    970.0   0.51446
    975.0   0.51575
    980.0   0.51633
    985.0   0.51832
    990.0   0.51758
    995.0   0.51845
   1000.0   0.51935
   1005.0   0.52000
   1010.0   0.52238
   1015.0   0.52344
   1020.0   0.52375
   1025.0   0.52455
   1030.0   0.52470
   1035.0   0.52640
   1040.0   0.52713
   1045.0   0.52732
   1050.0   0.52758
   1055.0   0.52922
   1060.0   0.52995
   1065.0   0.53088
   1070.0   0.53152
   1075.0   0.53198
   1080.0   0.53293
   1085.0   0.53299
   1090.0   0.53424
   1095.0   0.53394
   1100.0   0.53552
   1105.0   0.53564
   1110.0   0.53630
   1115.0   0.53657
   1120.0   0.53699
   1125.0   0.53796
   1130.0   0.53983
   1135.0   0.54044
   1140.0   0.54056
   1145.0   0.54199
   1150.0   0.54215
   1155.0   0.54186
   1160.0   0.54228
   1165.0   0.54381
   1170.0   0.54492
   1175.0   0.54449
   1180.0   0.54552
   1185.0   0.54603
   1190.0   0.54705
   1195.0   0.54741
   1200.0   0.54781
   1205.0   0.54693
   1210.0   0.54751
   1215.0   0.54887
   1220.0   0.55006
   1225.0   0.55029
   1230.0   0.55133
   1235.0   0.55194
   1240.0   0.55182
   1245.0   0.55243
   1250.0   0.55119
   1255.0   0.55220
   1260.0   0.55250
   1265.0   0.55422
   1270.0   0.55556
   1275.0   0.55659
   1280.0   0.55583
   1285.0   0.55667
   1290.0   0.55697
   1295.0   0.55840
   1300.0   0.55827
   1305.0   0.55776
   1310.0   0.55777
   1315.0   0.55900
   1320.0   0.55920
   1325.0   0.55928
   1330.0   0.55998
   1335.0   0.56061
   1340.0   0.56161
   1345.0   0.56044
   1350.0   0.55822
   1355.0   0.55848
   1360.0   0.55913
   1365.0   0.55887
   1370.0   0.55910
   1375.0   0.55956
   1380.0   0.55621
   1385.0   0.55326
   1390.0   0.55263
   1395.0   0.54428
   1400.0   0.53939
   1405.0   0.53390
   1410.0   0.52737
   1415.0   0.52045
   1420.0   0.52000
   1425.0   0.52678
   1430.0   0.53152
   1435.0   0.53775
   1440.0   0.53982
   1445.0   0.54183
   1450.0   0.54473
   1455.0   0.54750
   1460.0   0.54900
   1465.0   0.54897
   1470.0   0.54833
   1475.0   0.55155
   1480.0   0.55065
   1485.0   0.55253
   1490.0   0.55489
   1495.0   0.55528
   1500.0   0.55847
   1505.0   0.55944
   1510.0   0.55934
   1515.0   0.56108
   1520.0   0.56234
   1525.0   0.56294
   1530.0   0.56220
   1535.0   0.56333
   1540.0   0.56370
   1545.0   0.56333
   1550.0   0.56520
   1555.0   0.56726
   1560.0   0.56585
   1565.0   0.56580
   1570.0   0.56807
   1575.0   0.56890
   1580.0   0.56870
   1585.0   0.56740
   1590.0   0.56949
   1595.0   0.56955
   1600.0   0.57124
   1605.0   0.57100
   1610.0   0.57078
   1615.0   0.56979
   1620.0   0.57156
   1625.0   0.57195
   1630.0   0.57017
   1635.0   0.57105
   1640.0   0.57260
   1645.0   0.57021
   1650.0   0.57268
   1655.0   0.57078
   1660.0   0.57331
   1665.0   0.57226
   1670.0   0.57403
   1675.0   0.57281
   1680.0   0.57364
   1685.0   0.57292
   1690.0   0.57213
   1695.0   0.57274
   1700.0   0.57278
   1705.0   0.57209
   1710.0   0.57216
   1715.0   0.57209
   1720.0   0.57232
   1725.0   0.57261
   1730.0   0.57110
   1735.0   0.57252
   1740.0   0.57298
   1745.0   0.57184
   1750.0   0.57128
   1755.0   0.57087
   1760.0   0.57036
   1765.0   0.57095
   1770.0   0.57069
   1775.0   0.57066
   1780.0   0.57151
   1785.0   0.57153
   1790.0   0.57050
   1795.0   0.57116
   1800.0   0.57126
   1805.0   0.57029
   1810.0   0.56963
   1815.0   0.56945
   1820.0   0.56867
   1825.0   0.57016
   1830.0   0.57031
   1835.0   0.56931
   1840.0   0.56899
   1845.0   0.57191
   1850.0   0.57130
   1855.0   0.57075
   1860.0   0.56938
   1865.0   0.57017
   1870.0   0.56479
   1875.0   0.55906
   1880.0   0.56156
   1885.0   0.55413
   1890.0   0.54020
   1895.0   0.52623
   1900.0   0.50562
   1905.0   0.48309
   1910.0   0.46574
   1915.0   0.45638
   1920.0   0.45696
   1925.0   0.46345
   1930.0   0.47055
   1935.0   0.47696
   1940.0   0.48380
   1945.0   0.48895
   1950.0   0.49356
   1955.0   0.49567
   1960.0   0.49816
   1965.0   0.50034
   1970.0   0.50393
   1975.0   0.50654
   1980.0   0.50946
   1985.0   0.51245
   1990.0   0.51440
   1995.0   0.51701
   2000.0   0.52129
   2005.0   0.52427
   2010.0   0.52788
   2015.0   0.53126
   2020.0   0.53440
   2025.0   0.53655
   2030.0   0.53821
   2035.0   0.54047
   2040.0   0.54254
   2045.0   0.54369
   2050.0   0.54562
   2055.0   0.54490
   2060.0   0.54464
   2065.0   0.54429
   2070.0   0.54512
   2075.0   0.54831
   2080.0   0.54917
   2085.0   0.54879
   2090.0   0.54914
   2095.0   0.54900
   2100.0   0.54859
   2105.0   0.55025
   2110.0   0.55191
   2115.0   0.55250
   2120.0   0.55256
   2125.0   0.55131
   2130.0   0.54952
   2135.0   0.54974
   2140.0   0.55094
   2145.0   0.55183
   2150.0   0.55051
   2155.0   0.54753
   2160.0   0.54479
   2165.0   0.54293
   2170.0   0.54131
   2175.0   0.53702
   2180.0   0.53403
   2185.0   0.53084
   2190.0   0.52502
   2195.0   0.51962
   2200.0   0.51617
   2205.0   0.51150
   2210.0   0.50548
   2215.0   0.50116
   2220.0   0.50376
   2225.0   0.50561
   2230.0   0.50791
   2235.0   0.51102
   2240.0   0.51245
   2245.0   0.51360
   2250.0   0.51500
   2255.0   0.51597
   2260.0   0.51768
   2265.0   0.51728
   2270.0   0.51882
   2275.0   0.51923
   2280.0   0.51996
   2285.0   0.51759
   2290.0   0.51570
   2295.0   0.51289
   2300.0   0.51177
   2305.0   0.51131
   2310.0   0.50884
   2315.0   0.50878
   2320.0   0.50608
   2325.0   0.50381
   2330.0   0.50272
   2335.0   0.50133
   2340.0   0.49699
   2345.0   0.49403
   2350.0   0.49295
   2355.0   0.49142
   2360.0   0.49096
   2365.0   0.48821
   2370.0   0.48577
   2375.0   0.48300
   2380.0   0.48152
   2385.0   0.47921
   2390.0   0.47783
   2395.0   0.47610
   2400.0   0.47132
   2405.0   0.46959
   2410.0   0.46701
   2415.0   0.46362
   2420.0   0.46220
   2425.0   0.46101
   2430.0   0.45543
   2435.0   0.45219
   2440.0   0.44765
   2445.0   0.44565
   2450.0   0.44270
   2455.0   0.43901
   2460.0   0.43684
   2465.0   0.43634
   2470.0   0.43358
   2475.0   0.43143
   2480.0   0.43007
   2485.0   0.42705
   2490.0   0.42550
   2495.0   0.42257
   2500.0   0.41874
   2505.0   0.41685
   2510.0   0.41435
   2515.0   0.41167
   2520.0   0.40984
   2525.0   0.40695
   2530.0   0.40567
   2535.0   0.40355
   2540.0   0.40668
   2545.0   0.40758
   2550.0   0.40801
   2555.0   0.41216
   2560.0   0.41143
   2565.0   0.40266
   2570.0   0.41268
   2575.0   0.40661
   2580.0   0.40508
   2585.0   0.40179
   2590.0   0.40351
   2595.0   0.39945
   2600.0   0.39979
   2605.0   0.39824
   2610.0   0.39493
   2615.0   0.39629
   2620.0   0.38822
   2625.0   0.39219
   2630.0   0.38404
   2635.0   0.38130
   2640.0   0.38342
   2645.0   0.37390
   2650.0   0.36865
   2655.0   0.36205
   2660.0   0.35310
   2665.0   0.34561
   2670.0   0.33329
   2675.0   0.32452
   2680.0   0.31233
   2685.0   0.29466
   2690.0   0.26765
   2695.0   0.23767
   2700.0   0.20519
   2705.0   0.16902
   2710.0   0.13858
   2715.0   0.11719
   2720.0   0.10435
   2725.0   0.09534
   2730.0   0.08539
   2735.0   0.07139
   2740.0   0.06117
   2745.0   0.05436
   2750.0   0.04533
   2755.0   0.03778
   2760.0   0.03431
   2765.0   0.03578
   2770.0   0.02691
   2775.0   0.03271
   2780.0   0.02880
   2785.0   0.04152
   2790.0   0.03744
   2795.0   0.03952
   2800.0   0.03831
   2805.0   0.04021
   2810.0   0.04169
   2815.0   0.04640
   2820.0   0.04460
   2825.0   0.04991
   2830.0   0.04792
   2835.0   0.04583
   2840.0   0.04412
   2845.0   0.04703
   2850.0   0.04557
   2855.0   0.04543
   2860.0   0.04324
   2865.0   0.04563
   2870.0   0.04609
   2875.0   0.04317
   2880.0   0.04303
   2885.0   0.04450
   2890.0   0.04226
   2895.0   0.04225
   2900.0   0.04169
   2905.0   0.04371
   2910.0   0.04214
   2915.0   0.04265
   2920.0   0.03995
   2925.0   0.04295
   2930.0   0.04106
   2935.0   0.04024
   2940.0   0.04075
   2945.0   0.04000
   2950.0   0.03963
   2955.0   0.03945
   2960.0   0.04193
   2965.0   0.04200
   2970.0   0.04266
   2975.0   0.04263
   2980.0   0.04466
   2985.0   0.04279
   2990.0   0.04418
   2995.0   0.04568
   3000.0   0.04577
   3005.0   0.04580
   3010.0   0.04691
   3015.0   0.04738
   3020.0   0.04813
   3025.0   0.04916
   3030.0   0.04982
   3035.0   0.05120
   3040.0   0.04998
   3045.0   0.05026
   3050.0   0.05169
   3055.0   0.05211
   3060.0   0.05287
   3065.0   0.05419
   3070.0   0.05447
   3075.0   0.05400
   3080.0   0.05420
   3085.0   0.05700
   3090.0   0.05692
   3095.0   0.05751
   3100.0   0.05935
   3105.0   0.05890
   3110.0   0.05998
   3115.0   0.06020
   3120.0   0.06171
   3125.0   0.06426
   3130.0   0.06398
   3135.0   0.06655
   3140.0   0.06822
   3145.0   0.07049
   3150.0   0.07051
   3155.0   0.07273
   3160.0   0.07364
   3165.0   0.07518
   3170.0   0.07687
   3175.0   0.07840
   3180.0   0.08107
   3185.0   0.08375
   3190.0   0.08497
   3195.0   0.08668
   3200.0   0.08994
   3205.0   0.09087
   3210.0   0.09394
   3215.0   0.09812
   3220.0   0.10085
   3225.0   0.10207
   3230.0   0.10407
   3235.0   0.10621
   3240.0   0.10883
   3245.0   0.11089
   3250.0   0.11304
   3255.0   0.11571
   3260.0   0.11809
   3265.0   0.12106
   3270.0   0.12261
   3275.0   0.12413
   3280.0   0.12572
   3285.0   0.12948
   3290.0   0.13059
   3295.0   0.13514
   3300.0   0.13650
   3305.0   0.13819
   3310.0   0.13998
   3315.0   0.14269
   3320.0   0.14427
   3325.0   0.14737
   3330.0   0.14884
   3335.0   0.15332
   3340.0   0.15472
   3345.0   0.15655
   3350.0   0.15799
   3355.0   0.16184
   3360.0   0.16273
   3365.0   0.16379
   3370.0   0.16679
   3375.0   0.16816
   3380.0   0.17208
   3385.0   0.17454
   3390.0   0.17608
   3395.0   0.17811
   3400.0   0.17951
   3405.0   0.18309
   3410.0   0.18686
   3415.0   0.18858
   3420.0   0.18844
   3425.0   0.19107
   3430.0   0.19400
   3435.0   0.19741
   3440.0   0.20236
   3445.0   0.20334
   3450.0   0.20950
   3455.0   0.20965
   3460.0   0.20945
   3465.0   0.21033
   3470.0   0.21388
   3475.0   0.21794
   3480.0   0.21528
   3485.0   0.21793
   3490.0   0.21961
   3495.0   0.22711
   3500.0   0.22621
   3505.0   0.22913
   3510.0   0.23262
   3515.0   0.23305
   3520.0   0.23802
   3525.0   0.24692
   3530.0   0.25153
   3535.0   0.25256
   3540.0   0.25607
   3545.0   0.26060
   3550.0   0.25813
   3555.0   0.25604
   3560.0   0.25971
   3565.0   0.26782
   3570.0   0.27466
   3575.0   0.27489
   3580.0   0.28000
   3585.0   0.28641
   3590.0   0.29029
   3595.0   0.29284
   3600.0   0.28619



 C1NV09      .ASC                        

 NV-RBS-009                                                              
 CN-22B  SURFACE OF STONEWALL PLAYA   I=30 E=0   <2MM PARTICLES ONLY USED
 RATIOS ADJUSTED USING NBS HALON CALIBRATION TABLE                       

 Source Ang: 30.00   Detect Ang:  0.00  Volt: 0.222
 Date: 19-JAN-89   Time: 14:10:52
