   661
    300.0   0.26420
    305.0   0.26943
    310.0   0.27524
    315.0   0.28199
    320.0   0.28985
    325.0   0.29496
    330.0   0.30299
    335.0   0.31041
    340.0   0.31872
    345.0   0.32985
    350.0   0.34256
    355.0   0.35677
    360.0   0.37338
    365.0   0.39239
    370.0   0.40990
    375.0   0.42848
    380.0   0.44417
    385.0   0.45795
    390.0   0.47085
    395.0   0.48235
    400.0   0.49169
    405.0   0.50062
    410.0   0.52022
    415.0   0.52649
    420.0   0.53446
    425.0   0.54440
    430.0   0.55317
    435.0   0.56461
    440.0   0.57316
    445.0   0.58249
    450.0   0.59110
    455.0   0.59870
    460.0   0.60575
    465.0   0.60950
    470.0   0.61411
    475.0   0.61922
    480.0   0.62474
    485.0   0.62938
    490.0   0.63392
    495.0   0.64093
    500.0   0.64556
    505.0   0.65437
    510.0   0.66205
    515.0   0.66738
    520.0   0.67485
    525.0   0.68347
    530.0   0.68728
    535.0   0.69414
    540.0   0.70128
    545.0   0.70721
    550.0   0.71434
    555.0   0.72312
    560.0   0.72884
    565.0   0.73643
    570.0   0.74344
    575.0   0.74918
    580.0   0.75430
    585.0   0.76014
    590.0   0.76443
    595.0   0.76799
    600.0   0.77225
    605.0   0.77599
    610.0   0.77890
    615.0   0.78115
    620.0   0.78158
    625.0   0.78258
    630.0   0.78531
    635.0   0.78576
    640.0   0.78706
    645.0   0.78798
    650.0   0.79276
    655.0   0.79373
    660.0   0.79553
    665.0   0.79838
    670.0   0.79950
    675.0   0.80015
    680.0   0.80319
    685.0   0.80393
    690.0   0.80581
    695.0   0.80815
    700.0   0.80951
    705.0   0.81134
    710.0   0.81265
    715.0   0.81380
    720.0   0.81629
    725.0   0.81890
    730.0   0.81924
    735.0   0.82015
    740.0   0.82094
    745.0   0.82253
    750.0   0.82325
    755.0   0.82368
    760.0   0.82942
    765.0   0.82857
    770.0   0.82847
    775.0   0.83032
    780.0   0.83048
    785.0   0.83184
    790.0   0.83220
    795.0   0.83287
    800.0   0.83339
    805.0   0.83229
    810.0   0.83388
    815.0   0.83447
    820.0   0.83395
    825.0   0.83507
    830.0   0.83677
    835.0   0.83644
    840.0   0.83520
    845.0   0.83553
    850.0   0.83523
    855.0   0.83578
    860.0   0.83569
    865.0   0.83584
    870.0   0.83412
    875.0   0.83492
    880.0   0.83234
    885.0   0.83654
    890.0   0.83815
    895.0   0.83549
    900.0   0.83547
    905.0   0.83601
    910.0   0.83692
    915.0   0.83690
    920.0   0.83819
    925.0   0.83806
    930.0   0.83854
    935.0   0.83696
    940.0   0.83694
    945.0   0.83813
    950.0   0.83734
    955.0   0.83753
    960.0   0.83754
    965.0   0.83824
    970.0   0.83961
    975.0   0.83876
    980.0   0.83833
    985.0   0.84207
    990.0   0.84294
    995.0   0.84166
   1000.0   0.84183
   1005.0   0.84073
   1010.0   0.84343
   1015.0   0.84292
   1020.0   0.84378
   1025.0   0.84404
   1030.0   0.84373
   1035.0   0.84486
   1040.0   0.84480
   1045.0   0.84711
   1050.0   0.84459
   1055.0   0.84604
   1060.0   0.84682
   1065.0   0.84595
   1070.0   0.84511
   1075.0   0.84636
   1080.0   0.84562
   1085.0   0.84563
   1090.0   0.84550
   1095.0   0.84702
   1100.0   0.84728
   1105.0   0.84881
   1110.0   0.84783
   1115.0   0.84626
   1120.0   0.84717
   1125.0   0.84789
   1130.0   0.84723
   1135.0   0.84653
   1140.0   0.84662
   1145.0   0.84529
   1150.0   0.84497
   1155.0   0.84372
   1160.0   0.84460
   1165.0   0.84503
   1170.0   0.84498
   1175.0   0.84539
   1180.0   0.84525
   1185.0   0.84662
   1190.0   0.84754
   1195.0   0.84615
   1200.0   0.84608
   1205.0   0.84738
   1210.0   0.84332
   1215.0   0.84482
   1220.0   0.84708
   1225.0   0.84512
   1230.0   0.84576
   1235.0   0.84598
   1240.0   0.84477
   1245.0   0.84565
   1250.0   0.84411
   1255.0   0.84581
   1260.0   0.84793
   1265.0   0.84677
   1270.0   0.84653
   1275.0   0.84615
   1280.0   0.84856
   1285.0   0.84686
   1290.0   0.84741
   1295.0   0.84829
   1300.0   0.84764
   1305.0   0.84698
   1310.0   0.84664
   1315.0   0.84639
   1320.0   0.84560
   1325.0   0.84480
   1330.0   0.84296
   1335.0   0.83995
   1340.0   0.83892
   1345.0   0.83655
   1350.0   0.83292
   1355.0   0.82836
   1360.0   0.82977
   1365.0   0.83153
   1370.0   0.81998
   1375.0   0.81294
   1380.0   0.79884
   1385.0   0.79645
   1390.0   0.78479
   1395.0   0.77547
   1400.0   0.76733
   1405.0   0.75988
   1410.0   0.75448
   1415.0   0.75371
   1420.0   0.75434
   1425.0   0.75620
   1430.0   0.75811
   1435.0   0.76085
   1440.0   0.76440
   1445.0   0.76557
   1450.0   0.76685
   1455.0   0.76723
   1460.0   0.76651
   1465.0   0.76889
   1470.0   0.76839
   1475.0   0.77124
   1480.0   0.76929
   1485.0   0.77618
   1490.0   0.78243
   1495.0   0.78368
   1500.0   0.78700
   1505.0   0.78553
   1510.0   0.78936
   1515.0   0.79126
   1520.0   0.79383
   1525.0   0.79731
   1530.0   0.79612
   1535.0   0.79863
   1540.0   0.80037
   1545.0   0.80039
   1550.0   0.80469
   1555.0   0.80448
   1560.0   0.80509
   1565.0   0.80682
   1570.0   0.80366
   1575.0   0.80594
   1580.0   0.80814
   1585.0   0.80796
   1590.0   0.80959
   1595.0   0.80899
   1600.0   0.80942
   1605.0   0.80767
   1610.0   0.80912
   1615.0   0.80878
   1620.0   0.80912
   1625.0   0.80742
   1630.0   0.80710
   1635.0   0.80994
   1640.0   0.80871
   1645.0   0.80618
   1650.0   0.80919
   1655.0   0.81044
   1660.0   0.80958
   1665.0   0.81198
   1670.0   0.80798
   1675.0   0.81071
   1680.0   0.81068
   1685.0   0.81054
   1690.0   0.80756
   1695.0   0.80753
   1700.0   0.80680
   1705.0   0.80669
   1710.0   0.80649
   1715.0   0.80532
   1720.0   0.80532
   1725.0   0.80472
   1730.0   0.80583
   1735.0   0.80334
   1740.0   0.80097
   1745.0   0.79864
   1750.0   0.79862
   1755.0   0.79594
   1760.0   0.79441
   1765.0   0.79344
   1770.0   0.79290
   1775.0   0.79214
   1780.0   0.79241
   1785.0   0.78980
   1790.0   0.78925
   1795.0   0.78890
   1800.0   0.78823
   1805.0   0.78851
   1810.0   0.78825
   1815.0   0.78700
   1820.0   0.78750
   1825.0   0.79043
   1830.0   0.78985
   1835.0   0.78600
   1840.0   0.78407
   1845.0   0.78896
   1850.0   0.78335
   1855.0   0.78266
   1860.0   0.77741
   1865.0   0.77159
   1870.0   0.74750
   1875.0   0.74051
   1880.0   0.71844
   1885.0   0.68367
   1890.0   0.65937
   1895.0   0.63590
   1900.0   0.61050
   1905.0   0.60072
   1910.0   0.60148
   1915.0   0.60319
   1920.0   0.60529
   1925.0   0.61389
   1930.0   0.62034
   1935.0   0.62577
   1940.0   0.62878
   1945.0   0.63428
   1950.0   0.63773
   1955.0   0.64239
   1960.0   0.64645
   1965.0   0.65107
   1970.0   0.65590
   1975.0   0.66310
   1980.0   0.66694
   1985.0   0.67277
   1990.0   0.67822
   1995.0   0.68428
   2000.0   0.69002
   2005.0   0.69439
   2010.0   0.69941
   2015.0   0.70270
   2020.0   0.70716
   2025.0   0.71121
   2030.0   0.71474
   2035.0   0.71718
   2040.0   0.72051
   2045.0   0.72307
   2050.0   0.72257
   2055.0   0.72471
   2060.0   0.72582
   2065.0   0.72607
   2070.0   0.72528
   2075.0   0.72776
   2080.0   0.72893
   2085.0   0.72919
   2090.0   0.72995
   2095.0   0.73097
   2100.0   0.73204
   2105.0   0.73323
   2110.0   0.73316
   2115.0   0.73353
   2120.0   0.73162
   2125.0   0.73106
   2130.0   0.72870
   2135.0   0.72714
   2140.0   0.72384
   2145.0   0.72224
   2150.0   0.71925
   2155.0   0.71567
   2160.0   0.71146
   2165.0   0.70862
   2170.0   0.70497
   2175.0   0.70212
   2180.0   0.69728
   2185.0   0.69356
   2190.0   0.69157
   2195.0   0.68678
   2200.0   0.68466
   2205.0   0.67960
   2210.0   0.67136
   2215.0   0.67011
   2220.0   0.67109
   2225.0   0.67142
   2230.0   0.67566
   2235.0   0.67659
   2240.0   0.67621
   2245.0   0.67436
   2250.0   0.67475
   2255.0   0.67379
   2260.0   0.67512
   2265.0   0.67720
   2270.0   0.67656
   2275.0   0.67712
   2280.0   0.67558
   2285.0   0.67917
   2290.0   0.68244
   2295.0   0.68209
   2300.0   0.68329
   2305.0   0.68418
   2310.0   0.68637
   2315.0   0.68449
   2320.0   0.68178
   2325.0   0.67919
   2330.0   0.67844
   2335.0   0.68058
   2340.0   0.68126
   2345.0   0.68126
   2350.0   0.68411
   2355.0   0.68667
   2360.0   0.68637
   2365.0   0.68427
   2370.0   0.67884
   2375.0   0.67395
   2380.0   0.66961
   2385.0   0.66169
   2390.0   0.65500
   2395.0   0.65099
   2400.0   0.64733
   2405.0   0.64454
   2410.0   0.63853
   2415.0   0.63225
   2420.0   0.62723
   2425.0   0.62148
   2430.0   0.61610
   2435.0   0.60887
   2440.0   0.60495
   2445.0   0.60015
   2450.0   0.59584
   2455.0   0.58893
   2460.0   0.58269
   2465.0   0.57597
   2470.0   0.57031
   2475.0   0.56810
   2480.0   0.56735
   2485.0   0.56497
   2490.0   0.56194
   2495.0   0.55616
   2500.0   0.55288
   2505.0   0.54921
   2510.0   0.54645
   2515.0   0.53893
   2520.0   0.54051
   2525.0   0.53934
   2530.0   0.53739
   2535.0   0.53832
   2540.0   0.54208
   2545.0   0.53281
   2550.0   0.54059
   2555.0   0.54508
   2560.0   0.52873
   2565.0   0.53030
   2570.0   0.53492
   2575.0   0.52881
   2580.0   0.52600
   2585.0   0.51587
   2590.0   0.52593
   2595.0   0.51569
   2600.0   0.52719
   2605.0   0.51538
   2610.0   0.51710
   2615.0   0.51331
   2620.0   0.50829
   2625.0   0.50524
   2630.0   0.50108
   2635.0   0.49716
   2640.0   0.48755
   2645.0   0.47500
   2650.0   0.45940
   2655.0   0.44372
   2660.0   0.42704
   2665.0   0.40967
   2670.0   0.39496
   2675.0   0.37372
   2680.0   0.34754
   2685.0   0.31279
   2690.0   0.27541
   2695.0   0.23468
   2700.0   0.20114
   2705.0   0.16717
   2710.0   0.14369
   2715.0   0.12723
   2720.0   0.11452
   2725.0   0.10474
   2730.0   0.09252
   2735.0   0.08604
   2740.0   0.07913
   2745.0   0.06994
   2750.0   0.06725
   2755.0   0.06599
   2760.0   0.05982
   2765.0   0.05440
   2770.0   0.06098
   2775.0   0.05751
   2780.0   0.06441
   2785.0   0.05823
   2790.0   0.05590
   2795.0   0.05332
   2800.0   0.06012
   2805.0   0.05784
   2810.0   0.05779
   2815.0   0.05272
   2820.0   0.05210
   2825.0   0.05067
   2830.0   0.04885
   2835.0   0.04438
   2840.0   0.04795
   2845.0   0.04338
   2850.0   0.04636
   2855.0   0.04424
   2860.0   0.04193
   2865.0   0.04436
   2870.0   0.04027
   2875.0   0.04213
   2880.0   0.04271
   2885.0   0.04226
   2890.0   0.04382
   2895.0   0.04307
   2900.0   0.04383
   2905.0   0.04538
   2910.0   0.04322
   2915.0   0.04488
   2920.0   0.04425
   2925.0   0.04224
   2930.0   0.04484
   2935.0   0.04328
   2940.0   0.04195
   2945.0   0.04442
   2950.0   0.04498
   2955.0   0.04429
   2960.0   0.04510
   2965.0   0.04472
   2970.0   0.04470
   2975.0   0.04361
   2980.0   0.04551
   2985.0   0.04558
   2990.0   0.04719
   2995.0   0.04488
   3000.0   0.04684
   3005.0   0.04522
   3010.0   0.04576
   3015.0   0.04551
   3020.0   0.04881
   3025.0   0.04810
   3030.0   0.04832
   3035.0   0.04763
   3040.0   0.04859
   3045.0   0.04898
   3050.0   0.04867
   3055.0   0.04807
   3060.0   0.04893
   3065.0   0.04932
   3070.0   0.05012
   3075.0   0.05098
   3080.0   0.05005
   3085.0   0.05043
   3090.0   0.05051
   3095.0   0.05090
   3100.0   0.05129
   3105.0   0.05307
   3110.0   0.05305
   3115.0   0.05314
   3120.0   0.05419
   3125.0   0.05671
   3130.0   0.05650
   3135.0   0.05782
   3140.0   0.05985
   3145.0   0.05924
   3150.0   0.06072
   3155.0   0.06127
   3160.0   0.06205
   3165.0   0.06239
   3170.0   0.06416
   3175.0   0.06552
   3180.0   0.06592
   3185.0   0.06712
   3190.0   0.06832
   3195.0   0.06826
   3200.0   0.06986
   3205.0   0.07191
   3210.0   0.07448
   3215.0   0.07420
   3220.0   0.07731
   3225.0   0.07798
   3230.0   0.07835
   3235.0   0.07939
   3240.0   0.08011
   3245.0   0.08228
   3250.0   0.08235
   3255.0   0.08457
   3260.0   0.08503
   3265.0   0.08525
   3270.0   0.08743
   3275.0   0.08887
   3280.0   0.08981
   3285.0   0.09178
   3290.0   0.09192
   3295.0   0.09305
   3300.0   0.09649
   3305.0   0.09878
   3310.0   0.09994
   3315.0   0.10283
   3320.0   0.10296
   3325.0   0.10719
   3330.0   0.10731
   3335.0   0.11011
   3340.0   0.11300
   3345.0   0.11529
   3350.0   0.11659
   3355.0   0.12050
   3360.0   0.12234
   3365.0   0.12338
   3370.0   0.12720
   3375.0   0.12649
   3380.0   0.13048
   3385.0   0.13321
   3390.0   0.13650
   3395.0   0.13970
   3400.0   0.14280
   3405.0   0.14590
   3410.0   0.14803
   3415.0   0.15027
   3420.0   0.15159
   3425.0   0.15411
   3430.0   0.15774
   3435.0   0.15898
   3440.0   0.15976
   3445.0   0.16404
   3450.0   0.16600
   3455.0   0.17206
   3460.0   0.17101
   3465.0   0.17253
   3470.0   0.17277
   3475.0   0.17767
   3480.0   0.18299
   3485.0   0.18871
   3490.0   0.18683
   3495.0   0.19085
   3500.0   0.19564
   3505.0   0.19817
   3510.0   0.19557
   3515.0   0.20579
   3520.0   0.20205
   3525.0   0.20559
   3530.0   0.20823
   3535.0   0.21488
   3540.0   0.21950
   3545.0   0.22171
   3550.0   0.22638
   3555.0   0.22926
   3560.0   0.22561
   3565.0   0.23821
   3570.0   0.23399
   3575.0   0.24421
   3580.0   0.24879
   3585.0   0.24982
   3590.0   0.25342
   3595.0   0.26165
   3600.0   0.25767



 C1NV01      .ASC                        

 NV-RBS-001                                                              
 CN-7B CHIP AT 30,0                                                      
 RATIOS ADJUSTED USING NBS HALON CALIBRATION TABLE                       

 Source Ang: 30.00   Detect Ang:  0.00  Volt: 0.222
 Date: 14-FEB-89   Time: 14:52:59
