   641
    300.0   0.03525
    305.0   0.04215
    310.0   0.04833
    315.0   0.05160
    320.0   0.05512
    325.0   0.05854
    330.0   0.06198
    335.0   0.06529
    340.0   0.06872
    345.0   0.07122
    350.0   0.07382
    355.0   0.07696
    360.0   0.07951
    365.0   0.08089
    370.0   0.08260
    375.0   0.08519
    380.0   0.08746
    385.0   0.08946
    390.0   0.09194
    395.0   0.09428
    400.0   0.09631
    405.0   0.09852
    410.0   0.10116
    415.0   0.10283
    420.0   0.10425
    425.0   0.10620
    430.0   0.10822
    435.0   0.10989
    440.0   0.11188
    445.0   0.11329
    450.0   0.11501
    455.0   0.11616
    460.0   0.11741
    465.0   0.11822
    470.0   0.11907
    475.0   0.11969
    480.0   0.12083
    485.0   0.12167
    490.0   0.12269
    495.0   0.12339
    500.0   0.12483
    505.0   0.12689
    510.0   0.12821
    515.0   0.12975
    520.0   0.13129
    525.0   0.13262
    530.0   0.13369
    535.0   0.13517
    540.0   0.13668
    545.0   0.13836
    550.0   0.13976
    555.0   0.14149
    560.0   0.14333
    565.0   0.14517
    570.0   0.14688
    575.0   0.14846
    580.0   0.14891
    585.0   0.15054
    590.0   0.15168
    595.0   0.15297
    600.0   0.15335
    605.0   0.15453
    610.0   0.15530
    615.0   0.15572
    620.0   0.15565
    625.0   0.15644
    630.0   0.15697
    635.0   0.15732
    640.0   0.15811
    645.0   0.15843
    650.0   0.15929
    655.0   0.15979
    660.0   0.15956
    665.0   0.16041
    670.0   0.16082
    675.0   0.16117
    680.0   0.16151
    685.0   0.16198
    690.0   0.16250
    695.0   0.16298
    700.0   0.16297
    705.0   0.16353
    710.0   0.16405
    715.0   0.16420
    720.0   0.16403
    725.0   0.16481
    730.0   0.16423
    735.0   0.16417
    740.0   0.16405
    745.0   0.16455
    750.0   0.16463
    755.0   0.16480
    760.0   0.16475
    765.0   0.16468
    770.0   0.16446
    775.0   0.16461
    780.0   0.16467
    785.0   0.16462
    790.0   0.16449
    795.0   0.16418
    800.0   0.16401
    805.0   0.16400
    810.0   0.16401
    815.0   0.16282
    820.0   0.16264
    825.0   0.16278
    830.0   0.16235
    835.0   0.16196
    840.0   0.16183
    845.0   0.16181
    850.0   0.16133
    855.0   0.16120
    860.0   0.16164
    865.0   0.16096
    870.0   0.16103
    875.0   0.16125
    880.0   0.16037
    885.0   0.16056
    890.0   0.15948
    895.0   0.15981
    900.0   0.15945
    905.0   0.15952
    910.0   0.15887
    915.0   0.15855
    920.0   0.15879
    925.0   0.15868
    930.0   0.15810
    935.0   0.15795
    940.0   0.15795
    945.0   0.15680
    950.0   0.15699
    955.0   0.15727
    960.0   0.15673
    965.0   0.15673
    970.0   0.15659
    975.0   0.15622
    980.0   0.15608
    985.0   0.15589
    990.0   0.15549
    995.0   0.15533
   1000.0   0.15534
   1005.0   0.15486
   1010.0   0.15495
   1015.0   0.15460
   1020.0   0.15463
   1025.0   0.15462
   1030.0   0.15442
   1035.0   0.15438
   1040.0   0.15402
   1045.0   0.15453
   1050.0   0.15390
   1055.0   0.15374
   1060.0   0.15370
   1065.0   0.15316
   1070.0   0.15338
   1075.0   0.15392
   1080.0   0.15372
   1085.0   0.15326
   1090.0   0.15318
   1095.0   0.15268
   1100.0   0.15315
   1105.0   0.15302
   1110.0   0.15304
   1115.0   0.15338
   1120.0   0.15291
   1125.0   0.15266
   1130.0   0.15276
   1135.0   0.15240
   1140.0   0.15269
   1145.0   0.15201
   1150.0   0.15259
   1155.0   0.15260
   1160.0   0.15264
   1165.0   0.15308
   1170.0   0.15245
   1175.0   0.15165
   1180.0   0.15182
   1185.0   0.15161
   1190.0   0.15195
   1195.0   0.15217
   1200.0   0.15143
   1205.0   0.15132
   1210.0   0.15123
   1215.0   0.15167
   1220.0   0.15190
   1225.0   0.15111
   1230.0   0.15143
   1235.0   0.15140
   1240.0   0.15131
   1245.0   0.15167
   1250.0   0.15109
   1255.0   0.15099
   1260.0   0.15158
   1265.0   0.15155
   1270.0   0.15152
   1275.0   0.15128
   1280.0   0.15099
   1285.0   0.15080
   1290.0   0.15086
   1295.0   0.15071
   1300.0   0.15032
   1305.0   0.15075
   1310.0   0.15027
   1315.0   0.15039
   1320.0   0.15010
   1325.0   0.15065
   1330.0   0.15111
   1335.0   0.15083
   1340.0   0.15060
   1345.0   0.15059
   1350.0   0.15015
   1355.0   0.15034
   1360.0   0.15007
   1365.0   0.14986
   1370.0   0.14914
   1375.0   0.14908
   1380.0   0.14933
   1385.0   0.14883
   1390.0   0.14859
   1395.0   0.14736
   1400.0   0.14733
   1405.0   0.14579
   1410.0   0.14491
   1415.0   0.14465
   1420.0   0.14384
   1425.0   0.14469
   1430.0   0.14498
   1435.0   0.14573
   1440.0   0.14616
   1445.0   0.14664
   1450.0   0.14681
   1455.0   0.14686
   1460.0   0.14690
   1465.0   0.14681
   1470.0   0.14668
   1475.0   0.14761
   1480.0   0.14839
   1485.0   0.14845
   1490.0   0.14831
   1495.0   0.14841
   1500.0   0.14858
   1505.0   0.14885
   1510.0   0.14913
   1515.0   0.14910
   1520.0   0.14906
   1525.0   0.14917
   1530.0   0.14978
   1535.0   0.14926
   1540.0   0.14927
   1545.0   0.14901
   1550.0   0.14899
   1555.0   0.14940
   1560.0   0.14943
   1565.0   0.14959
   1570.0   0.14934
   1575.0   0.14968
   1580.0   0.14932
   1585.0   0.14957
   1590.0   0.14935
   1595.0   0.15019
   1600.0   0.15015
   1605.0   0.15041
   1610.0   0.14991
   1615.0   0.15046
   1620.0   0.15100
   1625.0   0.15008
   1630.0   0.15025
   1635.0   0.14949
   1640.0   0.14977
   1645.0   0.15034
   1650.0   0.15002
   1655.0   0.15036
   1660.0   0.15012
   1665.0   0.15086
   1670.0   0.15028
   1675.0   0.14990
   1680.0   0.15011
   1685.0   0.14954
   1690.0   0.14988
   1695.0   0.15037
   1700.0   0.15100
   1705.0   0.14979
   1710.0   0.14990
   1715.0   0.15090
   1720.0   0.15076
   1725.0   0.15049
   1730.0   0.15064
   1735.0   0.15031
   1740.0   0.15020
   1745.0   0.14976
   1750.0   0.15011
   1755.0   0.15070
   1760.0   0.15087
   1765.0   0.15150
   1770.0   0.15028
   1775.0   0.14991
   1780.0   0.15028
   1785.0   0.14990
   1790.0   0.15022
   1795.0   0.15005
   1800.0   0.14995
   1805.0   0.14972
   1810.0   0.14957
   1815.0   0.14918
   1820.0   0.14931
   1825.0   0.14936
   1830.0   0.14961
   1835.0   0.15059
   1840.0   0.15050
   1845.0   0.14991
   1850.0   0.15050
   1855.0   0.15050
   1860.0   0.14999
   1865.0   0.14903
   1870.0   0.14830
   1875.0   0.14786
   1880.0   0.14761
   1885.0   0.14670
   1890.0   0.14446
   1895.0   0.14271
   1900.0   0.13947
   1905.0   0.13593
   1910.0   0.13228
   1915.0   0.12980
   1920.0   0.12904
   1925.0   0.12916
   1930.0   0.13044
   1935.0   0.13181
   1940.0   0.13293
   1945.0   0.13412
   1950.0   0.13438
   1955.0   0.13452
   1960.0   0.13578
   1965.0   0.13664
   1970.0   0.13701
   1975.0   0.13678
   1980.0   0.13716
   1985.0   0.13819
   1990.0   0.13833
   1995.0   0.13940
   2000.0   0.14068
   2005.0   0.14009
   2010.0   0.14111
   2015.0   0.14271
   2020.0   0.14294
   2025.0   0.14290
   2030.0   0.14369
   2035.0   0.14266
   2040.0   0.14336
   2045.0   0.14361
   2050.0   0.14410
   2055.0   0.14472
   2060.0   0.14471
   2065.0   0.14393
   2070.0   0.14383
   2075.0   0.14399
   2080.0   0.14514
   2085.0   0.14494
   2090.0   0.14506
   2095.0   0.14477
   2100.0   0.14481
   2105.0   0.14559
   2110.0   0.14558
   2115.0   0.14506
   2120.0   0.14533
   2125.0   0.14509
   2130.0   0.14470
   2135.0   0.14581
   2140.0   0.14466
   2145.0   0.14481
   2150.0   0.14511
   2155.0   0.14484
   2160.0   0.14541
   2165.0   0.14436
   2170.0   0.14428
   2175.0   0.14453
   2180.0   0.14420
   2185.0   0.14305
   2190.0   0.14266
   2195.0   0.14188
   2200.0   0.14184
   2205.0   0.14019
   2210.0   0.13944
   2215.0   0.13968
   2220.0   0.14000
   2225.0   0.14053
   2230.0   0.14135
   2235.0   0.14152
   2240.0   0.14142
   2245.0   0.14137
   2250.0   0.14134
   2255.0   0.14195
   2260.0   0.14188
   2265.0   0.14216
   2270.0   0.14332
   2275.0   0.14251
   2280.0   0.14274
   2285.0   0.14240
   2290.0   0.14263
   2295.0   0.14194
   2300.0   0.14139
   2305.0   0.14178
   2310.0   0.14188
   2315.0   0.14106
   2320.0   0.14149
   2325.0   0.14137
   2330.0   0.14074
   2335.0   0.14041
   2340.0   0.14011
   2345.0   0.14008
   2350.0   0.14014
   2355.0   0.13998
   2360.0   0.13860
   2365.0   0.13885
   2370.0   0.13899
   2375.0   0.13842
   2380.0   0.13728
   2385.0   0.13673
   2390.0   0.13666
   2395.0   0.13585
   2400.0   0.13514
   2405.0   0.13524
   2410.0   0.13464
   2415.0   0.13438
   2420.0   0.13378
   2425.0   0.13314
   2430.0   0.13241
   2435.0   0.13232
   2440.0   0.13180
   2445.0   0.13072
   2450.0   0.12940
   2455.0   0.12888
   2460.0   0.12764
   2465.0   0.12702
   2470.0   0.12630
   2475.0   0.12605
   2480.0   0.12603
   2485.0   0.12502
   2490.0   0.12508
   2495.0   0.12464
   2500.0   0.12437
   2505.0   0.12358
   2510.0   0.12333
   2515.0   0.12208
   2520.0   0.12163
   2525.0   0.12214
   2530.0   0.12196
   2535.0   0.12092
   2540.0   0.12059
   2545.0   0.11989
   2550.0   0.11899
   2555.0   0.12038
   2560.0   0.12130
   2565.0   0.11987
   2570.0   0.12197
   2575.0   0.12162
   2580.0   0.12123
   2585.0   0.12103
   2590.0   0.11955
   2595.0   0.11951
   2600.0   0.11966
   2605.0   0.11950
   2610.0   0.11786
   2615.0   0.11912
   2620.0   0.11759
   2625.0   0.11871
   2630.0   0.11714
   2635.0   0.11585
   2640.0   0.11645
   2645.0   0.11519
   2650.0   0.11373
   2655.0   0.11215
   2660.0   0.11073
   2665.0   0.10811
   2670.0   0.10604
   2675.0   0.10324
   2680.0   0.09939
   2685.0   0.09497
   2690.0   0.08849
   2695.0   0.08027
   2700.0   0.06958
   2705.0   0.05916
   2710.0   0.04865
   2715.0   0.04082
   2720.0   0.03573
   2725.0   0.03273
   2730.0   0.03075
   2735.0   0.02929
   2740.0   0.02712
   2745.0   0.02491
   2750.0   0.02279
   2755.0   0.02045
   2760.0   0.01502
   2765.0   0.01434
   2770.0   0.01312
   2775.0   0.01186
   2780.0   0.00276
   2785.0   0.01339
   2790.0   0.01675
   2795.0   0.01189
   2800.0   0.01082
   2805.0   0.01537
   2810.0   0.02110
   2815.0   0.01809
   2820.0   0.01469
   2825.0   0.01818
   2830.0   0.01435
   2835.0   0.01545
   2840.0   0.01479
   2845.0   0.01551
   2850.0   0.01570
   2855.0   0.01542
   2860.0   0.01295
   2865.0   0.01790
   2870.0   0.01586
   2875.0   0.01356
   2880.0   0.01640
   2885.0   0.01367
   2890.0   0.01699
   2895.0   0.01433
   2900.0   0.01301
   2905.0   0.01086
   2910.0   0.01345
   2915.0   0.01281
   2920.0   0.01416
   2925.0   0.01582
   2930.0   0.01370
   2935.0   0.01377
   2940.0   0.01558
   2945.0   0.01534
   2950.0   0.01682
   2955.0   0.01441
   2960.0   0.01578
   2965.0   0.01678
   2970.0   0.01242
   2975.0   0.01719
   2980.0   0.01418
   2985.0   0.01377
   2990.0   0.01400
   2995.0   0.01432
   3000.0   0.01506
   3005.0   0.01438
   3010.0   0.01659
   3015.0   0.01557
   3020.0   0.01675
   3025.0   0.01545
   3030.0   0.01598
   3035.0   0.01598
   3040.0   0.01624
   3045.0   0.01637
   3050.0   0.01787
   3055.0   0.01742
   3060.0   0.01657
   3065.0   0.01837
   3070.0   0.01778
   3075.0   0.01857
   3080.0   0.01808
   3085.0   0.01757
   3090.0   0.01789
   3095.0   0.01733
   3100.0   0.01849
   3105.0   0.01880
   3110.0   0.01929
   3115.0   0.01894
   3120.0   0.01993
   3125.0   0.01922
   3130.0   0.02125
   3135.0   0.02125
   3140.0   0.01962
   3145.0   0.01983
   3150.0   0.01989
   3155.0   0.02091
   3160.0   0.02255
   3165.0   0.02243
   3170.0   0.02242
   3175.0   0.02368
   3180.0   0.02298
   3185.0   0.02349
   3190.0   0.02334
   3195.0   0.02257
   3200.0   0.02462
   3205.0   0.02600
   3210.0   0.02543
   3215.0   0.02686
   3220.0   0.02651
   3225.0   0.02968
   3230.0   0.02826
   3235.0   0.02943
   3240.0   0.02801
   3245.0   0.03031
   3250.0   0.03009
   3255.0   0.03083
   3260.0   0.03169
   3265.0   0.03208
   3270.0   0.03244
   3275.0   0.03410
   3280.0   0.03366
   3285.0   0.03524
   3290.0   0.03538
   3295.0   0.03561
   3300.0   0.03730
   3305.0   0.03723
   3310.0   0.03885
   3315.0   0.03898
   3320.0   0.04046
   3325.0   0.03953
   3330.0   0.04024
   3335.0   0.04363
   3340.0   0.04219
   3345.0   0.04293
   3350.0   0.04410
   3355.0   0.04539
   3360.0   0.04500
   3365.0   0.04574
   3370.0   0.04680
   3375.0   0.04880
   3380.0   0.04823
   3385.0   0.04831
   3390.0   0.05181
   3395.0   0.05138
   3400.0   0.05123
   3405.0   0.05433
   3410.0   0.05478
   3415.0   0.05678
   3420.0   0.05661
   3425.0   0.05964
   3430.0   0.05842
   3435.0   0.06029
   3440.0   0.06213
   3445.0   0.06187
   3450.0   0.05998
   3455.0   0.06448
   3460.0   0.06444
   3465.0   0.06378
   3470.0   0.06516
   3475.0   0.06769
   3480.0   0.06751
   3485.0   0.06878
   3490.0   0.06807
   3495.0   0.06702
   3500.0   0.07361



 C1NV33      .ASC                        

 NV-RBS-033                                                              
 BC-4P  BOWEN CRATER AZ POWDER FROM NORTH RIM  <2000 UM                  
 RATIOS ADJUSTED USING NBS HALON CALIBRATION TABLE                       

 Source Ang: 30.00   Detect Ang:  0.00  Volt: 0.222
 Date: 10-JUL-89   Time: 11:55:07
