   661
    300.0   0.18201
    305.0   0.18681
    310.0   0.19074
    315.0   0.19634
    320.0   0.20050
    325.0   0.20538
    330.0   0.21102
    335.0   0.21826
    340.0   0.22723
    345.0   0.23862
    350.0   0.25169
    355.0   0.26662
    360.0   0.28337
    365.0   0.30237
    370.0   0.32015
    375.0   0.33584
    380.0   0.34952
    385.0   0.36086
    390.0   0.37132
    395.0   0.37980
    400.0   0.38651
    405.0   0.39383
    410.0   0.40163
    415.0   0.40662
    420.0   0.41216
    425.0   0.41753
    430.0   0.42403
    435.0   0.43102
    440.0   0.43787
    445.0   0.44435
    450.0   0.45105
    455.0   0.45641
    460.0   0.46201
    465.0   0.46645
    470.0   0.46987
    475.0   0.47313
    480.0   0.47705
    485.0   0.48092
    490.0   0.48427
    495.0   0.49005
    500.0   0.49423
    505.0   0.49962
    510.0   0.50500
    515.0   0.51018
    520.0   0.51611
    525.0   0.52213
    530.0   0.52788
    535.0   0.53439
    540.0   0.54050
    545.0   0.54692
    550.0   0.55487
    555.0   0.56184
    560.0   0.56934
    565.0   0.57685
    570.0   0.58399
    575.0   0.58973
    580.0   0.59504
    585.0   0.59946
    590.0   0.60341
    595.0   0.60749
    600.0   0.60991
    605.0   0.61251
    610.0   0.61414
    615.0   0.61606
    620.0   0.61683
    625.0   0.61853
    630.0   0.62029
    635.0   0.62118
    640.0   0.62216
    645.0   0.62382
    650.0   0.62444
    655.0   0.62695
    660.0   0.62740
    665.0   0.62785
    670.0   0.62803
    675.0   0.62893
    680.0   0.63066
    685.0   0.63308
    690.0   0.63748
    695.0   0.64226
    700.0   0.64756
    705.0   0.65117
    710.0   0.65325
    715.0   0.65499
    720.0   0.65635
    725.0   0.65967
    730.0   0.66108
    735.0   0.66323
    740.0   0.66453
    745.0   0.66725
    750.0   0.66713
    755.0   0.66777
    760.0   0.66941
    765.0   0.67053
    770.0   0.67247
    775.0   0.67194
    780.0   0.67339
    785.0   0.67394
    790.0   0.67443
    795.0   0.67404
    800.0   0.67601
    805.0   0.67618
    810.0   0.67634
    815.0   0.67777
    820.0   0.67740
    825.0   0.67725
    830.0   0.67853
    835.0   0.67754
    840.0   0.67825
    845.0   0.67862
    850.0   0.67786
    855.0   0.67873
    860.0   0.67789
    865.0   0.67768
    870.0   0.67904
    875.0   0.67752
    880.0   0.67870
    885.0   0.67944
    890.0   0.67854
    895.0   0.67717
    900.0   0.67904
    905.0   0.67858
    910.0   0.67947
    915.0   0.68016
    920.0   0.68116
    925.0   0.68045
    930.0   0.68212
    935.0   0.68227
    940.0   0.68351
    945.0   0.68249
    950.0   0.68384
    955.0   0.68351
    960.0   0.68506
    965.0   0.68513
    970.0   0.68470
    975.0   0.68551
    980.0   0.68649
    985.0   0.68646
    990.0   0.68722
    995.0   0.68735
   1000.0   0.68591
   1005.0   0.68749
   1010.0   0.68879
   1015.0   0.69070
   1020.0   0.68994
   1025.0   0.69110
   1030.0   0.69098
   1035.0   0.69241
   1040.0   0.69229
   1045.0   0.69263
   1050.0   0.69346
   1055.0   0.69422
   1060.0   0.69489
   1065.0   0.69654
   1070.0   0.69563
   1075.0   0.69594
   1080.0   0.69636
   1085.0   0.69649
   1090.0   0.69772
   1095.0   0.69790
   1100.0   0.69851
   1105.0   0.69852
   1110.0   0.69931
   1115.0   0.70046
   1120.0   0.70068
   1125.0   0.69952
   1130.0   0.70041
   1135.0   0.70003
   1140.0   0.70201
   1145.0   0.70212
   1150.0   0.70183
   1155.0   0.70309
   1160.0   0.70361
   1165.0   0.70377
   1170.0   0.70526
   1175.0   0.70523
   1180.0   0.70481
   1185.0   0.70544
   1190.0   0.70556
   1195.0   0.70710
   1200.0   0.70633
   1205.0   0.70606
   1210.0   0.70694
   1215.0   0.70825
   1220.0   0.70807
   1225.0   0.70880
   1230.0   0.70939
   1235.0   0.70934
   1240.0   0.70996
   1245.0   0.70946
   1250.0   0.71035
   1255.0   0.71039
   1260.0   0.70926
   1265.0   0.70769
   1270.0   0.70894
   1275.0   0.70938
   1280.0   0.71100
   1285.0   0.71088
   1290.0   0.71195
   1295.0   0.71146
   1300.0   0.71478
   1305.0   0.71359
   1310.0   0.71314
   1315.0   0.71424
   1320.0   0.71329
   1325.0   0.71532
   1330.0   0.71470
   1335.0   0.71490
   1340.0   0.71378
   1345.0   0.71343
   1350.0   0.71238
   1355.0   0.71253
   1360.0   0.70933
   1365.0   0.71120
   1370.0   0.71066
   1375.0   0.70931
   1380.0   0.70688
   1385.0   0.70488
   1390.0   0.70267
   1395.0   0.69864
   1400.0   0.69242
   1405.0   0.68985
   1410.0   0.68393
   1415.0   0.67818
   1420.0   0.67396
   1425.0   0.66493
   1430.0   0.64470
   1435.0   0.65785
   1440.0   0.67637
   1445.0   0.68073
   1450.0   0.68206
   1455.0   0.67684
   1460.0   0.67429
   1465.0   0.67376
   1470.0   0.67222
   1475.0   0.66168
   1480.0   0.62074
   1485.0   0.65113
   1490.0   0.68218
   1495.0   0.69029
   1500.0   0.69183
   1505.0   0.69429
   1510.0   0.69940
   1515.0   0.70244
   1520.0   0.70700
   1525.0   0.70857
   1530.0   0.70932
   1535.0   0.70908
   1540.0   0.71034
   1545.0   0.71036
   1550.0   0.71177
   1555.0   0.71184
   1560.0   0.71245
   1565.0   0.71347
   1570.0   0.71365
   1575.0   0.71546
   1580.0   0.71463
   1585.0   0.71494
   1590.0   0.71409
   1595.0   0.71567
   1600.0   0.71524
   1605.0   0.71505
   1610.0   0.71493
   1615.0   0.71475
   1620.0   0.71534
   1625.0   0.71598
   1630.0   0.71751
   1635.0   0.71930
   1640.0   0.71877
   1645.0   0.71701
   1650.0   0.71810
   1655.0   0.71904
   1660.0   0.72038
   1665.0   0.71766
   1670.0   0.71877
   1675.0   0.71958
   1680.0   0.71918
   1685.0   0.71570
   1690.0   0.71516
   1695.0   0.71497
   1700.0   0.71476
   1705.0   0.71291
   1710.0   0.71225
   1715.0   0.71329
   1720.0   0.71236
   1725.0   0.71140
   1730.0   0.70819
   1735.0   0.70515
   1740.0   0.70286
   1745.0   0.69876
   1750.0   0.69388
   1755.0   0.68877
   1760.0   0.68441
   1765.0   0.68149
   1770.0   0.67913
   1775.0   0.67803
   1780.0   0.68142
   1785.0   0.68508
   1790.0   0.69150
   1795.0   0.69935
   1800.0   0.70454
   1805.0   0.70805
   1810.0   0.71006
   1815.0   0.70913
   1820.0   0.70866
   1825.0   0.70802
   1830.0   0.70790
   1835.0   0.70780
   1840.0   0.70750
   1845.0   0.70823
   1850.0   0.70819
   1855.0   0.70633
   1860.0   0.70633
   1865.0   0.70484
   1870.0   0.70172
   1875.0   0.69708
   1880.0   0.69029
   1885.0   0.68170
   1890.0   0.66998
   1895.0   0.65958
   1900.0   0.64444
   1905.0   0.62930
   1910.0   0.61677
   1915.0   0.60873
   1920.0   0.61004
   1925.0   0.61340
   1930.0   0.61630
   1935.0   0.61871
   1940.0   0.62373
   1945.0   0.62814
   1950.0   0.63031
   1955.0   0.63097
   1960.0   0.63146
   1965.0   0.63339
   1970.0   0.63775
   1975.0   0.63988
   1980.0   0.64260
   1985.0   0.64655
   1990.0   0.64671
   1995.0   0.64724
   2000.0   0.64652
   2005.0   0.64539
   2010.0   0.64382
   2015.0   0.64348
   2020.0   0.64333
   2025.0   0.64597
   2030.0   0.64772
   2035.0   0.64963
   2040.0   0.64843
   2045.0   0.64733
   2050.0   0.64667
   2055.0   0.64505
   2060.0   0.64090
   2065.0   0.63936
   2070.0   0.63900
   2075.0   0.64051
   2080.0   0.64042
   2085.0   0.64031
   2090.0   0.64154
   2095.0   0.63819
   2100.0   0.63321
   2105.0   0.62936
   2110.0   0.62498
   2115.0   0.61798
   2120.0   0.60645
   2125.0   0.59467
   2130.0   0.58064
   2135.0   0.57017
   2140.0   0.56342
   2145.0   0.55838
   2150.0   0.55138
   2155.0   0.54426
   2160.0   0.53358
   2165.0   0.52814
   2170.0   0.52688
   2175.0   0.52737
   2180.0   0.52849
   2185.0   0.52520
   2190.0   0.52783
   2195.0   0.53938
   2200.0   0.55041
   2205.0   0.55993
   2210.0   0.54823
   2215.0   0.53757
   2220.0   0.55203
   2225.0   0.57778
   2230.0   0.60274
   2235.0   0.61313
   2240.0   0.61733
   2245.0   0.62036
   2250.0   0.62421
   2255.0   0.62367
   2260.0   0.62433
   2265.0   0.62281
   2270.0   0.62220
   2275.0   0.62402
   2280.0   0.62539
   2285.0   0.62220
   2290.0   0.62202
   2295.0   0.61682
   2300.0   0.61550
   2305.0   0.61126
   2310.0   0.60193
   2315.0   0.58692
   2320.0   0.57094
   2325.0   0.56293
   2330.0   0.56593
   2335.0   0.57569
   2340.0   0.58463
   2345.0   0.59532
   2350.0   0.60258
   2355.0   0.60215
   2360.0   0.60303
   2365.0   0.60012
   2370.0   0.59847
   2375.0   0.59123
   2380.0   0.58101
   2385.0   0.56981
   2390.0   0.55553
   2395.0   0.53740
   2400.0   0.52625
   2405.0   0.52282
   2410.0   0.52300
   2415.0   0.51977
   2420.0   0.51221
   2425.0   0.50203
   2430.0   0.49081
   2435.0   0.48084
   2440.0   0.47541
   2445.0   0.48188
   2450.0   0.48828
   2455.0   0.48988
   2460.0   0.48671
   2465.0   0.47930
   2470.0   0.46928
   2475.0   0.46551
   2480.0   0.46926
   2485.0   0.47537
   2490.0   0.47821
   2495.0   0.47104
   2500.0   0.45804
   2505.0   0.44611
   2510.0   0.43029
   2515.0   0.41205
   2520.0   0.40700
   2525.0   0.41216
   2530.0   0.42797
   2535.0   0.44311
   2540.0   0.45020
   2545.0   0.45506
   2550.0   0.46024
   2555.0   0.46397
   2560.0   0.46147
   2565.0   0.45643
   2570.0   0.45622
   2575.0   0.45709
   2580.0   0.45496
   2585.0   0.45252
   2590.0   0.45363
   2595.0   0.45671
   2600.0   0.46281
   2605.0   0.46939
   2610.0   0.47011
   2615.0   0.47287
   2620.0   0.47371
   2625.0   0.47579
   2630.0   0.47357
   2635.0   0.47390
   2640.0   0.47640
   2645.0   0.47377
   2650.0   0.47069
   2655.0   0.46607
   2660.0   0.45684
   2665.0   0.44685
   2670.0   0.43299
   2675.0   0.42092
   2680.0   0.40308
   2685.0   0.38071
   2690.0   0.35630
   2695.0   0.33249
   2700.0   0.30674
   2705.0   0.27446
   2710.0   0.24237
   2715.0   0.21716
   2720.0   0.19913
   2725.0   0.18599
   2730.0   0.17371
   2735.0   0.15744
   2740.0   0.14260
   2745.0   0.13132
   2750.0   0.12240
   2755.0   0.11036
   2760.0   0.10267
   2765.0   0.09625
   2770.0   0.08639
   2775.0   0.09010
   2780.0   0.08052
   2785.0   0.07970
   2790.0   0.07310
   2795.0   0.07578
   2800.0   0.07248
   2805.0   0.07787
   2810.0   0.07515
   2815.0   0.07452
   2820.0   0.06557
   2825.0   0.06393
   2830.0   0.06053
   2835.0   0.06081
   2840.0   0.05684
   2845.0   0.05386
   2850.0   0.05508
   2855.0   0.05437
   2860.0   0.05235
   2865.0   0.05400
   2870.0   0.05772
   2875.0   0.05712
   2880.0   0.05524
   2885.0   0.05255
   2890.0   0.04710
   2895.0   0.04922
   2900.0   0.04705
   2905.0   0.04791
   2910.0   0.04916
   2915.0   0.05060
   2920.0   0.05084
   2925.0   0.05228
   2930.0   0.05209
   2935.0   0.05245
   2940.0   0.05219
   2945.0   0.05122
   2950.0   0.05098
   2955.0   0.05386
   2960.0   0.05380
   2965.0   0.05210
   2970.0   0.05403
   2975.0   0.05657
   2980.0   0.05642
   2985.0   0.05746
   2990.0   0.06008
   2995.0   0.05989
   3000.0   0.06063
   3005.0   0.06258
   3010.0   0.06646
   3015.0   0.06552
   3020.0   0.06608
   3025.0   0.06648
   3030.0   0.06825
   3035.0   0.07063
   3040.0   0.07042
   3045.0   0.07119
   3050.0   0.07273
   3055.0   0.07483
   3060.0   0.07344
   3065.0   0.07435
   3070.0   0.07508
   3075.0   0.07607
   3080.0   0.07634
   3085.0   0.07696
   3090.0   0.07622
   3095.0   0.07859
   3100.0   0.07967
   3105.0   0.08210
   3110.0   0.08456
   3115.0   0.08671
   3120.0   0.08875
   3125.0   0.08959
   3130.0   0.09024
   3135.0   0.09113
   3140.0   0.09311
   3145.0   0.09541
   3150.0   0.09729
   3155.0   0.09956
   3160.0   0.09994
   3165.0   0.10329
   3170.0   0.10571
   3175.0   0.10724
   3180.0   0.10961
   3185.0   0.11046
   3190.0   0.11336
   3195.0   0.11527
   3200.0   0.11792
   3205.0   0.11962
   3210.0   0.12023
   3215.0   0.12272
   3220.0   0.12551
   3225.0   0.12962
   3230.0   0.13211
   3235.0   0.13415
   3240.0   0.13486
   3245.0   0.13486
   3250.0   0.13725
   3255.0   0.14077
   3260.0   0.14293
   3265.0   0.14600
   3270.0   0.14767
   3275.0   0.15103
   3280.0   0.15305
   3285.0   0.15545
   3290.0   0.15696
   3295.0   0.15979
   3300.0   0.16179
   3305.0   0.16456
   3310.0   0.16721
   3315.0   0.16789
   3320.0   0.16924
   3325.0   0.17209
   3330.0   0.17509
   3335.0   0.17769
   3340.0   0.18138
   3345.0   0.18454
   3350.0   0.18546
   3355.0   0.18905
   3360.0   0.18972
   3365.0   0.19139
   3370.0   0.19423
   3375.0   0.19637
   3380.0   0.19774
   3385.0   0.19952
   3390.0   0.20167
   3395.0   0.20195
   3400.0   0.20133
   3405.0   0.20509
   3410.0   0.20555
   3415.0   0.20453
   3420.0   0.20613
   3425.0   0.20754
   3430.0   0.21172
   3435.0   0.21345
   3440.0   0.21990
   3445.0   0.22272
   3450.0   0.22700
   3455.0   0.23210
   3460.0   0.23831
   3465.0   0.24123
   3470.0   0.24193
   3475.0   0.24970
   3480.0   0.24955
   3485.0   0.25147
   3490.0   0.25829
   3495.0   0.25629
   3500.0   0.25904
   3505.0   0.26152
   3510.0   0.26182
   3515.0   0.26404
   3520.0   0.26766
   3525.0   0.27040
   3530.0   0.27552
   3535.0   0.28551
   3540.0   0.28986
   3545.0   0.28460
   3550.0   0.29436
   3555.0   0.30029
   3560.0   0.30255
   3565.0   0.30958
   3570.0   0.30816
   3575.0   0.31425
   3580.0   0.32075
   3585.0   0.31620
   3590.0   0.31880
   3595.0   0.32297
   3600.0   0.32501



 C1NV04      .ASC                        

 NV-RBS-004                                                              
 SAMPLE CN-15A  WHITE SOIL NEAR SW ADIT   I=30 E=0  <2MM PARTICLES USED  
 RATIOS ADJUSTED USING NBS HALON CALIBRATION TABLE                       

 Source Ang: 30.00   Detect Ang:  0.00  Volt: 0.222
 Date: 19-JAN-89   Time: 16:49:06
