   641
    300.0   0.02599
    305.0   0.02406
    310.0   0.02622
    315.0   0.02751
    320.0   0.02881
    325.0   0.02961
    330.0   0.03120
    335.0   0.03320
    340.0   0.03504
    345.0   0.03681
    350.0   0.03907
    355.0   0.04111
    360.0   0.04258
    365.0   0.04464
    370.0   0.04680
    375.0   0.04916
    380.0   0.05210
    385.0   0.05524
    390.0   0.05872
    395.0   0.06158
    400.0   0.06427
    405.0   0.06662
    410.0   0.06947
    415.0   0.07195
    420.0   0.07489
    425.0   0.07819
    430.0   0.08188
    435.0   0.08605
    440.0   0.08995
    445.0   0.09349
    450.0   0.09652
    455.0   0.09929
    460.0   0.10160
    465.0   0.10306
    470.0   0.10441
    475.0   0.10563
    480.0   0.10758
    485.0   0.11005
    490.0   0.11336
    495.0   0.11713
    500.0   0.12110
    505.0   0.12537
    510.0   0.12957
    515.0   0.13340
    520.0   0.13770
    525.0   0.14216
    530.0   0.14604
    535.0   0.15045
    540.0   0.15446
    545.0   0.15862
    550.0   0.16349
    555.0   0.16765
    560.0   0.17192
    565.0   0.17688
    570.0   0.18167
    575.0   0.18536
    580.0   0.18967
    585.0   0.19339
    590.0   0.19662
    595.0   0.19969
    600.0   0.20259
    605.0   0.20478
    610.0   0.20739
    615.0   0.20896
    620.0   0.21091
    625.0   0.21228
    630.0   0.21408
    635.0   0.21545
    640.0   0.21725
    645.0   0.21852
    650.0   0.22041
    655.0   0.22167
    660.0   0.22337
    665.0   0.22508
    670.0   0.22630
    675.0   0.22799
    680.0   0.22902
    685.0   0.23082
    690.0   0.23180
    695.0   0.23253
    700.0   0.23417
    705.0   0.23521
    710.0   0.23637
    715.0   0.23720
    720.0   0.23833
    725.0   0.23983
    730.0   0.24041
    735.0   0.24116
    740.0   0.24227
    745.0   0.24292
    750.0   0.24346
    755.0   0.24409
    760.0   0.24525
    765.0   0.24597
    770.0   0.24660
    775.0   0.24712
    780.0   0.24766
    785.0   0.24742
    790.0   0.24787
    795.0   0.24759
    800.0   0.24748
    805.0   0.24795
    810.0   0.24799
    815.0   0.24798
    820.0   0.24788
    825.0   0.24773
    830.0   0.24797
    835.0   0.24792
    840.0   0.24763
    845.0   0.24832
    850.0   0.24766
    855.0   0.24688
    860.0   0.24728
    865.0   0.24753
    870.0   0.24796
    875.0   0.24698
    880.0   0.24615
    885.0   0.24734
    890.0   0.24649
    895.0   0.24703
    900.0   0.24647
    905.0   0.24697
    910.0   0.24692
    915.0   0.24645
    920.0   0.24661
    925.0   0.24623
    930.0   0.24707
    935.0   0.24714
    940.0   0.24751
    945.0   0.24686
    950.0   0.24670
    955.0   0.24791
    960.0   0.24775
    965.0   0.24741
    970.0   0.24789
    975.0   0.24825
    980.0   0.24782
    985.0   0.24812
    990.0   0.24844
    995.0   0.24815
   1000.0   0.24793
   1005.0   0.24819
   1010.0   0.24871
   1015.0   0.24901
   1020.0   0.24849
   1025.0   0.24881
   1030.0   0.24881
   1035.0   0.24881
   1040.0   0.24924
   1045.0   0.24931
   1050.0   0.24958
   1055.0   0.24982
   1060.0   0.25003
   1065.0   0.25002
   1070.0   0.25014
   1075.0   0.25081
   1080.0   0.25069
   1085.0   0.25115
   1090.0   0.25140
   1095.0   0.25173
   1100.0   0.25180
   1105.0   0.25160
   1110.0   0.25274
   1115.0   0.25240
   1120.0   0.25293
   1125.0   0.25272
   1130.0   0.25357
   1135.0   0.25328
   1140.0   0.25340
   1145.0   0.25398
   1150.0   0.25511
   1155.0   0.25532
   1160.0   0.25475
   1165.0   0.25471
   1170.0   0.25436
   1175.0   0.25496
   1180.0   0.25563
   1185.0   0.25605
   1190.0   0.25631
   1195.0   0.25598
   1200.0   0.25564
   1205.0   0.25650
   1210.0   0.25620
   1215.0   0.25715
   1220.0   0.25750
   1225.0   0.25738
   1230.0   0.25730
   1235.0   0.25746
   1240.0   0.25725
   1245.0   0.25812
   1250.0   0.25770
   1255.0   0.25775
   1260.0   0.25848
   1265.0   0.25871
   1270.0   0.25871
   1275.0   0.25848
   1280.0   0.25871
   1285.0   0.25981
   1290.0   0.25916
   1295.0   0.26002
   1300.0   0.25977
   1305.0   0.26003
   1310.0   0.25946
   1315.0   0.26024
   1320.0   0.26027
   1325.0   0.26073
   1330.0   0.26076
   1335.0   0.26090
   1340.0   0.26068
   1345.0   0.26042
   1350.0   0.26075
   1355.0   0.25963
   1360.0   0.25981
   1365.0   0.26121
   1370.0   0.26101
   1375.0   0.26152
   1380.0   0.25998
   1385.0   0.26095
   1390.0   0.25962
   1395.0   0.25673
   1400.0   0.25543
   1405.0   0.25428
   1410.0   0.25342
   1415.0   0.25178
   1420.0   0.25068
   1425.0   0.25228
   1430.0   0.25311
   1435.0   0.25447
   1440.0   0.25588
   1445.0   0.25601
   1450.0   0.25690
   1455.0   0.25792
   1460.0   0.25842
   1465.0   0.25788
   1470.0   0.25875
   1475.0   0.25905
   1480.0   0.26062
   1485.0   0.26078
   1490.0   0.26123
   1495.0   0.26221
   1500.0   0.26293
   1505.0   0.26420
   1510.0   0.26397
   1515.0   0.26469
   1520.0   0.26551
   1525.0   0.26559
   1530.0   0.26565
   1535.0   0.26585
   1540.0   0.26711
   1545.0   0.26607
   1550.0   0.26666
   1555.0   0.26714
   1560.0   0.26767
   1565.0   0.26749
   1570.0   0.26841
   1575.0   0.26888
   1580.0   0.26908
   1585.0   0.26906
   1590.0   0.26929
   1595.0   0.26963
   1600.0   0.26898
   1605.0   0.26970
   1610.0   0.27023
   1615.0   0.27080
   1620.0   0.27030
   1625.0   0.27073
   1630.0   0.27058
   1635.0   0.27069
   1640.0   0.27097
   1645.0   0.27148
   1650.0   0.27250
   1655.0   0.27194
   1660.0   0.27323
   1665.0   0.27214
   1670.0   0.27213
   1675.0   0.27225
   1680.0   0.27303
   1685.0   0.27193
   1690.0   0.27221
   1695.0   0.27347
   1700.0   0.27307
   1705.0   0.27325
   1710.0   0.27376
   1715.0   0.27373
   1720.0   0.27393
   1725.0   0.27358
   1730.0   0.27425
   1735.0   0.27389
   1740.0   0.27459
   1745.0   0.27295
   1750.0   0.27285
   1755.0   0.27409
   1760.0   0.27484
   1765.0   0.27473
   1770.0   0.27466
   1775.0   0.27430
   1780.0   0.27381
   1785.0   0.27404
   1790.0   0.27508
   1795.0   0.27530
   1800.0   0.27456
   1805.0   0.27556
   1810.0   0.27586
   1815.0   0.27511
   1820.0   0.27470
   1825.0   0.27504
   1830.0   0.27502
   1835.0   0.27553
   1840.0   0.27524
   1845.0   0.27534
   1850.0   0.27643
   1855.0   0.27622
   1860.0   0.27500
   1865.0   0.27441
   1870.0   0.27314
   1875.0   0.27095
   1880.0   0.27297
   1885.0   0.27101
   1890.0   0.26574
   1895.0   0.25947
   1900.0   0.25254
   1905.0   0.24338
   1910.0   0.23533
   1915.0   0.22957
   1920.0   0.22771
   1925.0   0.22829
   1930.0   0.23086
   1935.0   0.23391
   1940.0   0.23706
   1945.0   0.23933
   1950.0   0.24119
   1955.0   0.24250
   1960.0   0.24458
   1965.0   0.24611
   1970.0   0.24789
   1975.0   0.24893
   1980.0   0.24975
   1985.0   0.25145
   1990.0   0.25289
   1995.0   0.25463
   2000.0   0.25651
   2005.0   0.25780
   2010.0   0.25917
   2015.0   0.26086
   2020.0   0.26120
   2025.0   0.26183
   2030.0   0.26423
   2035.0   0.26487
   2040.0   0.26521
   2045.0   0.26659
   2050.0   0.26704
   2055.0   0.26773
   2060.0   0.26819
   2065.0   0.26879
   2070.0   0.26925
   2075.0   0.26942
   2080.0   0.26995
   2085.0   0.27071
   2090.0   0.27170
   2095.0   0.27180
   2100.0   0.27083
   2105.0   0.27136
   2110.0   0.27223
   2115.0   0.27212
   2120.0   0.27164
   2125.0   0.27212
   2130.0   0.27272
   2135.0   0.27402
   2140.0   0.27391
   2145.0   0.27464
   2150.0   0.27451
   2155.0   0.27450
   2160.0   0.27441
   2165.0   0.27449
   2170.0   0.27460
   2175.0   0.27370
   2180.0   0.27308
   2185.0   0.27275
   2190.0   0.27251
   2195.0   0.27199
   2200.0   0.27144
   2205.0   0.26922
   2210.0   0.26719
   2215.0   0.26635
   2220.0   0.26746
   2225.0   0.26770
   2230.0   0.26740
   2235.0   0.26746
   2240.0   0.26678
   2245.0   0.26726
   2250.0   0.26730
   2255.0   0.26698
   2260.0   0.26647
   2265.0   0.26686
   2270.0   0.26774
   2275.0   0.26833
   2280.0   0.26880
   2285.0   0.26667
   2290.0   0.26549
   2295.0   0.26440
   2300.0   0.26335
   2305.0   0.26342
   2310.0   0.26307
   2315.0   0.26420
   2320.0   0.26371
   2325.0   0.26336
   2330.0   0.26243
   2335.0   0.26280
   2340.0   0.26186
   2345.0   0.26141
   2350.0   0.26063
   2355.0   0.25931
   2360.0   0.25962
   2365.0   0.25947
   2370.0   0.25884
   2375.0   0.25816
   2380.0   0.25624
   2385.0   0.25503
   2390.0   0.25345
   2395.0   0.25139
   2400.0   0.25175
   2405.0   0.25081
   2410.0   0.24945
   2415.0   0.24888
   2420.0   0.24772
   2425.0   0.24690
   2430.0   0.24493
   2435.0   0.24307
   2440.0   0.24186
   2445.0   0.24142
   2450.0   0.24061
   2455.0   0.23986
   2460.0   0.23840
   2465.0   0.23747
   2470.0   0.23718
   2475.0   0.23580
   2480.0   0.23413
   2485.0   0.23267
   2490.0   0.23185
   2495.0   0.23076
   2500.0   0.23010
   2505.0   0.22852
   2510.0   0.22817
   2515.0   0.22679
   2520.0   0.22578
   2525.0   0.22591
   2530.0   0.22492
   2535.0   0.22443
   2540.0   0.22529
   2545.0   0.22258
   2550.0   0.22334
   2555.0   0.22651
   2560.0   0.22715
   2565.0   0.22119
   2570.0   0.22413
   2575.0   0.22190
   2580.0   0.22197
   2585.0   0.22159
   2590.0   0.21985
   2595.0   0.22353
   2600.0   0.21992
   2605.0   0.21944
   2610.0   0.21739
   2615.0   0.21892
   2620.0   0.21495
   2625.0   0.21675
   2630.0   0.21437
   2635.0   0.21212
   2640.0   0.21412
   2645.0   0.21082
   2650.0   0.20839
   2655.0   0.20697
   2660.0   0.20200
   2665.0   0.19810
   2670.0   0.19339
   2675.0   0.18895
   2680.0   0.18494
   2685.0   0.17710
   2690.0   0.17069
   2695.0   0.16111
   2700.0   0.14865
   2705.0   0.13364
   2710.0   0.11785
   2715.0   0.10374
   2720.0   0.09202
   2725.0   0.08277
   2730.0   0.07387
   2735.0   0.06313
   2740.0   0.05238
   2745.0   0.04531
   2750.0   0.04092
   2755.0   0.03648
   2760.0   0.03062
   2765.0   0.02836
   2770.0   0.02509
   2775.0   0.02106
   2780.0   0.01688
   2785.0   0.02331
   2790.0   0.01969
   2795.0   0.01133
   2800.0   0.02351
   2805.0   0.02202
   2810.0   0.01849
   2815.0   0.02292
   2820.0   0.01520
   2825.0   0.02158
   2830.0   0.02738
   2835.0   0.02476
   2840.0   0.02150
   2845.0   0.02227
   2850.0   0.02016
   2855.0   0.01831
   2860.0   0.02169
   2865.0   0.01756
   2870.0   0.01870
   2875.0   0.02050
   2880.0   0.02027
   2885.0   0.01662
   2890.0   0.01752
   2895.0   0.01565
   2900.0   0.01534
   2905.0   0.01790
   2910.0   0.01762
   2915.0   0.01904
   2920.0   0.01930
   2925.0   0.01847
   2930.0   0.01786
   2935.0   0.01962
   2940.0   0.01806
   2945.0   0.02087
   2950.0   0.01934
   2955.0   0.01889
   2960.0   0.01881
   2965.0   0.01840
   2970.0   0.01915
   2975.0   0.01880
   2980.0   0.01754
   2985.0   0.02053
   2990.0   0.01924
   2995.0   0.01998
   3000.0   0.02181
   3005.0   0.02012
   3010.0   0.02221
   3015.0   0.02253
   3020.0   0.02297
   3025.0   0.02379
   3030.0   0.02132
   3035.0   0.02187
   3040.0   0.02203
   3045.0   0.02249
   3050.0   0.02360
   3055.0   0.02292
   3060.0   0.02537
   3065.0   0.02548
   3070.0   0.02362
   3075.0   0.02309
   3080.0   0.02504
   3085.0   0.02401
   3090.0   0.02574
   3095.0   0.02664
   3100.0   0.02511
   3105.0   0.02743
   3110.0   0.02723
   3115.0   0.02771
   3120.0   0.02885
   3125.0   0.02766
   3130.0   0.02930
   3135.0   0.03163
   3140.0   0.03060
   3145.0   0.03391
   3150.0   0.03273
   3155.0   0.03409
   3160.0   0.03472
   3165.0   0.03499
   3170.0   0.03516
   3175.0   0.03627
   3180.0   0.03851
   3185.0   0.03997
   3190.0   0.04104
   3195.0   0.04110
   3200.0   0.04198
   3205.0   0.04399
   3210.0   0.04352
   3215.0   0.04586
   3220.0   0.04616
   3225.0   0.04709
   3230.0   0.04951
   3235.0   0.05133
   3240.0   0.05148
   3245.0   0.05309
   3250.0   0.05484
   3255.0   0.05734
   3260.0   0.05840
   3265.0   0.06016
   3270.0   0.06120
   3275.0   0.06299
   3280.0   0.06341
   3285.0   0.06523
   3290.0   0.06890
   3295.0   0.06811
   3300.0   0.06907
   3305.0   0.07193
   3310.0   0.07369
   3315.0   0.07463
   3320.0   0.07507
   3325.0   0.07878
   3330.0   0.07959
   3335.0   0.08468
   3340.0   0.08374
   3345.0   0.08592
   3350.0   0.08721
   3355.0   0.08915
   3360.0   0.08938
   3365.0   0.09285
   3370.0   0.09358
   3375.0   0.09529
   3380.0   0.09973
   3385.0   0.10248
   3390.0   0.10196
   3395.0   0.10566
   3400.0   0.10522
   3405.0   0.10834
   3410.0   0.11285
   3415.0   0.11406
   3420.0   0.11810
   3425.0   0.11998
   3430.0   0.12366
   3435.0   0.12197
   3440.0   0.12324
   3445.0   0.12509
   3450.0   0.12815
   3455.0   0.12788
   3460.0   0.12799
   3465.0   0.13274
   3470.0   0.13241
   3475.0   0.13478
   3480.0   0.13817
   3485.0   0.14143
   3490.0   0.14309
   3495.0   0.14348
   3500.0   0.14720



 C1NV28      .ASC                        

 NV-RBS-028                                                              
 EC-NEP   ELGANTE CRATER, PINACATES, SONORA, MEXICO  POWDER <2000 UM     
 RATIOS ADJUSTED USING NBS HALON CALIBRATION TABLE                       

 Source Ang: 30.00   Detect Ang:  0.00  Volt: 0.222
 Date: 07-JUL-89   Time: 17:15:44
