   641
    300.0   0.04025
    305.0   0.03837
    310.0   0.04039
    315.0   0.04426
    320.0   0.04682
    325.0   0.05078
    330.0   0.05384
    335.0   0.05822
    340.0   0.06238
    345.0   0.06596
    350.0   0.06985
    355.0   0.07376
    360.0   0.07676
    365.0   0.07994
    370.0   0.08285
    375.0   0.08705
    380.0   0.09131
    385.0   0.09545
    390.0   0.09987
    395.0   0.10390
    400.0   0.10705
    405.0   0.11075
    410.0   0.11467
    415.0   0.11709
    420.0   0.12007
    425.0   0.12296
    430.0   0.12615
    435.0   0.12913
    440.0   0.13187
    445.0   0.13427
    450.0   0.13682
    455.0   0.13915
    460.0   0.14114
    465.0   0.14248
    470.0   0.14358
    475.0   0.14495
    480.0   0.14628
    485.0   0.14839
    490.0   0.14995
    495.0   0.15227
    500.0   0.15500
    505.0   0.15746
    510.0   0.16001
    515.0   0.16225
    520.0   0.16498
    525.0   0.16755
    530.0   0.16965
    535.0   0.17201
    540.0   0.17426
    545.0   0.17648
    550.0   0.17881
    555.0   0.18089
    560.0   0.18314
    565.0   0.18533
    570.0   0.18719
    575.0   0.18935
    580.0   0.19145
    585.0   0.19330
    590.0   0.19466
    595.0   0.19651
    600.0   0.19777
    605.0   0.19936
    610.0   0.20038
    615.0   0.20189
    620.0   0.20227
    625.0   0.20376
    630.0   0.20441
    635.0   0.20541
    640.0   0.20633
    645.0   0.20723
    650.0   0.20779
    655.0   0.20889
    660.0   0.20998
    665.0   0.21117
    670.0   0.21203
    675.0   0.21324
    680.0   0.21389
    685.0   0.21499
    690.0   0.21556
    695.0   0.21642
    700.0   0.21733
    705.0   0.21797
    710.0   0.21891
    715.0   0.21955
    720.0   0.22044
    725.0   0.22091
    730.0   0.22136
    735.0   0.22185
    740.0   0.22219
    745.0   0.22258
    750.0   0.22288
    755.0   0.22329
    760.0   0.22413
    765.0   0.22471
    770.0   0.22488
    775.0   0.22545
    780.0   0.22546
    785.0   0.22599
    790.0   0.22590
    795.0   0.22610
    800.0   0.22583
    805.0   0.22601
    810.0   0.22619
    815.0   0.22565
    820.0   0.22546
    825.0   0.22562
    830.0   0.22542
    835.0   0.22586
    840.0   0.22526
    845.0   0.22523
    850.0   0.22516
    855.0   0.22543
    860.0   0.22474
    865.0   0.22511
    870.0   0.22520
    875.0   0.22587
    880.0   0.22435
    885.0   0.22442
    890.0   0.22466
    895.0   0.22425
    900.0   0.22297
    905.0   0.22365
    910.0   0.22402
    915.0   0.22344
    920.0   0.22374
    925.0   0.22342
    930.0   0.22265
    935.0   0.22281
    940.0   0.22301
    945.0   0.22236
    950.0   0.22265
    955.0   0.22221
    960.0   0.22166
    965.0   0.22143
    970.0   0.22111
    975.0   0.22081
    980.0   0.22177
    985.0   0.22105
    990.0   0.22108
    995.0   0.22098
   1000.0   0.22090
   1005.0   0.22096
   1010.0   0.21975
   1015.0   0.22037
   1020.0   0.22037
   1025.0   0.22061
   1030.0   0.22005
   1035.0   0.22027
   1040.0   0.21991
   1045.0   0.22078
   1050.0   0.21999
   1055.0   0.21973
   1060.0   0.22029
   1065.0   0.22023
   1070.0   0.22015
   1075.0   0.22018
   1080.0   0.22013
   1085.0   0.22048
   1090.0   0.22060
   1095.0   0.22087
   1100.0   0.22119
   1105.0   0.22092
   1110.0   0.22147
   1115.0   0.22145
   1120.0   0.22075
   1125.0   0.22211
   1130.0   0.22219
   1135.0   0.22108
   1140.0   0.22167
   1145.0   0.22112
   1150.0   0.22183
   1155.0   0.22167
   1160.0   0.22174
   1165.0   0.22160
   1170.0   0.22141
   1175.0   0.22181
   1180.0   0.22173
   1185.0   0.22175
   1190.0   0.22090
   1195.0   0.22163
   1200.0   0.22097
   1205.0   0.22160
   1210.0   0.22122
   1215.0   0.22128
   1220.0   0.22125
   1225.0   0.22084
   1230.0   0.22209
   1235.0   0.22153
   1240.0   0.22164
   1245.0   0.22171
   1250.0   0.22199
   1255.0   0.22274
   1260.0   0.22380
   1265.0   0.22371
   1270.0   0.22371
   1275.0   0.22351
   1280.0   0.22323
   1285.0   0.22317
   1290.0   0.22328
   1295.0   0.22373
   1300.0   0.22398
   1305.0   0.22367
   1310.0   0.22423
   1315.0   0.22427
   1320.0   0.22462
   1325.0   0.22504
   1330.0   0.22505
   1335.0   0.22490
   1340.0   0.22538
   1345.0   0.22586
   1350.0   0.22551
   1355.0   0.22470
   1360.0   0.22500
   1365.0   0.22558
   1370.0   0.22535
   1375.0   0.22614
   1380.0   0.22434
   1385.0   0.22524
   1390.0   0.22597
   1395.0   0.22470
   1400.0   0.22449
   1405.0   0.22280
   1410.0   0.22198
   1415.0   0.22175
   1420.0   0.22158
   1425.0   0.22301
   1430.0   0.22340
   1435.0   0.22387
   1440.0   0.22496
   1445.0   0.22560
   1450.0   0.22616
   1455.0   0.22609
   1460.0   0.22579
   1465.0   0.22677
   1470.0   0.22656
   1475.0   0.22784
   1480.0   0.22785
   1485.0   0.22833
   1490.0   0.22872
   1495.0   0.23013
   1500.0   0.22955
   1505.0   0.23025
   1510.0   0.22989
   1515.0   0.23062
   1520.0   0.23096
   1525.0   0.23100
   1530.0   0.23044
   1535.0   0.23179
   1540.0   0.23219
   1545.0   0.23306
   1550.0   0.23328
   1555.0   0.23394
   1560.0   0.23349
   1565.0   0.23297
   1570.0   0.23404
   1575.0   0.23473
   1580.0   0.23442
   1585.0   0.23536
   1590.0   0.23539
   1595.0   0.23621
   1600.0   0.23595
   1605.0   0.23646
   1610.0   0.23658
   1615.0   0.23631
   1620.0   0.23668
   1625.0   0.23707
   1630.0   0.23684
   1635.0   0.23686
   1640.0   0.23770
   1645.0   0.23777
   1650.0   0.23743
   1655.0   0.23699
   1660.0   0.23875
   1665.0   0.23905
   1670.0   0.23943
   1675.0   0.23954
   1680.0   0.23899
   1685.0   0.23916
   1690.0   0.23970
   1695.0   0.24075
   1700.0   0.24072
   1705.0   0.24146
   1710.0   0.24089
   1715.0   0.24153
   1720.0   0.24131
   1725.0   0.24130
   1730.0   0.24130
   1735.0   0.24088
   1740.0   0.24097
   1745.0   0.24136
   1750.0   0.24182
   1755.0   0.24210
   1760.0   0.24249
   1765.0   0.24330
   1770.0   0.24254
   1775.0   0.24260
   1780.0   0.24290
   1785.0   0.24320
   1790.0   0.24359
   1795.0   0.24324
   1800.0   0.24337
   1805.0   0.24300
   1810.0   0.24381
   1815.0   0.24241
   1820.0   0.24350
   1825.0   0.24279
   1830.0   0.24342
   1835.0   0.24369
   1840.0   0.24351
   1845.0   0.24549
   1850.0   0.24550
   1855.0   0.24593
   1860.0   0.24631
   1865.0   0.24604
   1870.0   0.24401
   1875.0   0.24194
   1880.0   0.24481
   1885.0   0.24281
   1890.0   0.23994
   1895.0   0.23581
   1900.0   0.23020
   1905.0   0.22285
   1910.0   0.21814
   1915.0   0.21521
   1920.0   0.21504
   1925.0   0.21642
   1930.0   0.21909
   1935.0   0.22164
   1940.0   0.22400
   1945.0   0.22562
   1950.0   0.22797
   1955.0   0.22847
   1960.0   0.22914
   1965.0   0.23094
   1970.0   0.23153
   1975.0   0.23245
   1980.0   0.23401
   1985.0   0.23493
   1990.0   0.23494
   1995.0   0.23633
   2000.0   0.23816
   2005.0   0.23897
   2010.0   0.24037
   2015.0   0.24150
   2020.0   0.24260
   2025.0   0.24243
   2030.0   0.24378
   2035.0   0.24442
   2040.0   0.24566
   2045.0   0.24669
   2050.0   0.24696
   2055.0   0.24759
   2060.0   0.24837
   2065.0   0.24819
   2070.0   0.24889
   2075.0   0.24830
   2080.0   0.24908
   2085.0   0.24972
   2090.0   0.24995
   2095.0   0.25006
   2100.0   0.25087
   2105.0   0.25207
   2110.0   0.25238
   2115.0   0.25213
   2120.0   0.25205
   2125.0   0.25202
   2130.0   0.25281
   2135.0   0.25322
   2140.0   0.25397
   2145.0   0.25370
   2150.0   0.25393
   2155.0   0.25309
   2160.0   0.25355
   2165.0   0.25357
   2170.0   0.25366
   2175.0   0.25457
   2180.0   0.25360
   2185.0   0.25198
   2190.0   0.25157
   2195.0   0.25161
   2200.0   0.25096
   2205.0   0.25045
   2210.0   0.24898
   2215.0   0.24854
   2220.0   0.24811
   2225.0   0.24911
   2230.0   0.24921
   2235.0   0.24911
   2240.0   0.24907
   2245.0   0.24963
   2250.0   0.24921
   2255.0   0.24978
   2260.0   0.25084
   2265.0   0.25121
   2270.0   0.25222
   2275.0   0.25159
   2280.0   0.25077
   2285.0   0.24975
   2290.0   0.25001
   2295.0   0.24946
   2300.0   0.25030
   2305.0   0.25121
   2310.0   0.25045
   2315.0   0.25080
   2320.0   0.25102
   2325.0   0.25155
   2330.0   0.25317
   2335.0   0.25278
   2340.0   0.25297
   2345.0   0.25343
   2350.0   0.25383
   2355.0   0.25475
   2360.0   0.25336
   2365.0   0.25179
   2370.0   0.25180
   2375.0   0.25120
   2380.0   0.24985
   2385.0   0.24918
   2390.0   0.24778
   2395.0   0.24601
   2400.0   0.24559
   2405.0   0.24617
   2410.0   0.24625
   2415.0   0.24542
   2420.0   0.24337
   2425.0   0.24308
   2430.0   0.24237
   2435.0   0.24131
   2440.0   0.24007
   2445.0   0.23926
   2450.0   0.23690
   2455.0   0.23612
   2460.0   0.23522
   2465.0   0.23479
   2470.0   0.23446
   2475.0   0.23356
   2480.0   0.23204
   2485.0   0.22979
   2490.0   0.22937
   2495.0   0.22878
   2500.0   0.22867
   2505.0   0.22706
   2510.0   0.22529
   2515.0   0.22486
   2520.0   0.22393
   2525.0   0.22561
   2530.0   0.22608
   2535.0   0.22653
   2540.0   0.22633
   2545.0   0.22533
   2550.0   0.22316
   2555.0   0.22692
   2560.0   0.22850
   2565.0   0.22062
   2570.0   0.22680
   2575.0   0.22776
   2580.0   0.22590
   2585.0   0.22373
   2590.0   0.22117
   2595.0   0.22420
   2600.0   0.22216
   2605.0   0.22286
   2610.0   0.22037
   2615.0   0.22318
   2620.0   0.21873
   2625.0   0.22378
   2630.0   0.21981
   2635.0   0.21676
   2640.0   0.22067
   2645.0   0.21811
   2650.0   0.21632
   2655.0   0.21322
   2660.0   0.20779
   2665.0   0.20410
   2670.0   0.19965
   2675.0   0.19330
   2680.0   0.18902
   2685.0   0.18730
   2690.0   0.18222
   2695.0   0.17028
   2700.0   0.15720
   2705.0   0.14124
   2710.0   0.12635
   2715.0   0.11347
   2720.0   0.10280
   2725.0   0.09287
   2730.0   0.08315
   2735.0   0.07234
   2740.0   0.06045
   2745.0   0.05452
   2750.0   0.04936
   2755.0   0.04563
   2760.0   0.03431
   2765.0   0.02767
   2770.0   0.03436
   2775.0   0.02399
   2780.0   0.02671
   2785.0   0.01249
   2790.0   0.02154
   2795.0   0.01390
   2800.0   0.01719
   2805.0   0.02197
   2810.0   0.02873
   2815.0   0.02510
   2820.0   0.03084
   2825.0   0.02701
   2830.0   0.02476
   2835.0   0.02653
   2840.0   0.02628
   2845.0   0.01836
   2850.0   0.02290
   2855.0   0.02179
   2860.0   0.02445
   2865.0   0.02664
   2870.0   0.02562
   2875.0   0.02774
   2880.0   0.02613
   2885.0   0.02293
   2890.0   0.02329
   2895.0   0.02492
   2900.0   0.02085
   2905.0   0.02389
   2910.0   0.02308
   2915.0   0.02167
   2920.0   0.02282
   2925.0   0.02333
   2930.0   0.02359
   2935.0   0.02095
   2940.0   0.02255
   2945.0   0.02468
   2950.0   0.02139
   2955.0   0.02234
   2960.0   0.02161
   2965.0   0.02207
   2970.0   0.02215
   2975.0   0.02058
   2980.0   0.02242
   2985.0   0.02329
   2990.0   0.02310
   2995.0   0.02235
   3000.0   0.02271
   3005.0   0.02395
   3010.0   0.02462
   3015.0   0.02498
   3020.0   0.02602
   3025.0   0.02575
   3030.0   0.02693
   3035.0   0.02580
   3040.0   0.02688
   3045.0   0.02674
   3050.0   0.02723
   3055.0   0.02688
   3060.0   0.02898
   3065.0   0.02903
   3070.0   0.02987
   3075.0   0.03018
   3080.0   0.02824
   3085.0   0.02904
   3090.0   0.02937
   3095.0   0.02895
   3100.0   0.03124
   3105.0   0.03100
   3110.0   0.03280
   3115.0   0.03318
   3120.0   0.03173
   3125.0   0.03496
   3130.0   0.03403
   3135.0   0.03450
   3140.0   0.03551
   3145.0   0.03730
   3150.0   0.03740
   3155.0   0.03860
   3160.0   0.03831
   3165.0   0.03956
   3170.0   0.04194
   3175.0   0.04202
   3180.0   0.04188
   3185.0   0.04363
   3190.0   0.04544
   3195.0   0.04571
   3200.0   0.04567
   3205.0   0.04626
   3210.0   0.04781
   3215.0   0.05022
   3220.0   0.05148
   3225.0   0.05230
   3230.0   0.05184
   3235.0   0.05443
   3240.0   0.05602
   3245.0   0.05648
   3250.0   0.05947
   3255.0   0.06051
   3260.0   0.06096
   3265.0   0.06229
   3270.0   0.06362
   3275.0   0.06394
   3280.0   0.06755
   3285.0   0.06733
   3290.0   0.07102
   3295.0   0.07162
   3300.0   0.07327
   3305.0   0.07627
   3310.0   0.07572
   3315.0   0.07951
   3320.0   0.08076
   3325.0   0.08151
   3330.0   0.08349
   3335.0   0.08491
   3340.0   0.08694
   3345.0   0.08780
   3350.0   0.09065
   3355.0   0.09152
   3360.0   0.09195
   3365.0   0.09603
   3370.0   0.09491
   3375.0   0.10091
   3380.0   0.09862
   3385.0   0.10057
   3390.0   0.10211
   3395.0   0.10652
   3400.0   0.10667
   3405.0   0.10986
   3410.0   0.11298
   3415.0   0.11096
   3420.0   0.11618
   3425.0   0.11937
   3430.0   0.11959
   3435.0   0.11909
   3440.0   0.12228
   3445.0   0.12661
   3450.0   0.12625
   3455.0   0.12655
   3460.0   0.12851
   3465.0   0.13146
   3470.0   0.13090
   3475.0   0.13339
   3480.0   0.13282
   3485.0   0.13540
   3490.0   0.13697
   3495.0   0.14258
   3500.0   0.14364



 C1NV36      .ASC                        

 NV-RBS-036                                                              
 LC-3BP   LUNAR CRATER NEVADA  TUFF POWDER FROM RIM    <2000 UM          
 RATIOS ADJUSTED USING NBS HALON CALIBRATION TABLE                       

 Source Ang: 30.00   Detect Ang:  0.00  Volt: 0.222
 Date: 10-JUL-89   Time: 13:57:52
