   661
    300.0   0.38118
    305.0   0.38682
    310.0   0.39339
    315.0   0.40272
    320.0   0.40896
    325.0   0.41317
    330.0   0.41767
    335.0   0.42506
    340.0   0.43394
    345.0   0.44627
    350.0   0.46141
    355.0   0.48101
    360.0   0.50472
    365.0   0.53076
    370.0   0.55674
    375.0   0.58249
    380.0   0.60259
    385.0   0.62071
    390.0   0.63572
    395.0   0.64918
    400.0   0.65848
    405.0   0.66495
    410.0   0.67694
    415.0   0.68082
    420.0   0.68557
    425.0   0.69144
    430.0   0.69664
    435.0   0.70141
    440.0   0.70882
    445.0   0.71434
    450.0   0.71928
    455.0   0.72334
    460.0   0.72712
    465.0   0.72931
    470.0   0.73227
    475.0   0.73412
    480.0   0.73705
    485.0   0.73874
    490.0   0.74111
    495.0   0.74575
    500.0   0.74873
    505.0   0.75277
    510.0   0.75691
    515.0   0.76181
    520.0   0.76655
    525.0   0.77115
    530.0   0.77504
    535.0   0.77856
    540.0   0.78277
    545.0   0.78625
    550.0   0.79036
    555.0   0.79339
    560.0   0.79768
    565.0   0.80213
    570.0   0.80527
    575.0   0.80790
    580.0   0.80849
    585.0   0.81090
    590.0   0.81196
    595.0   0.81540
    600.0   0.81468
    605.0   0.81701
    610.0   0.81797
    615.0   0.81790
    620.0   0.81769
    625.0   0.81745
    630.0   0.81799
    635.0   0.81842
    640.0   0.81984
    645.0   0.82040
    650.0   0.81948
    655.0   0.82034
    660.0   0.81980
    665.0   0.81991
    670.0   0.81819
    675.0   0.81824
    680.0   0.81943
    685.0   0.82038
    690.0   0.82490
    695.0   0.83081
    700.0   0.83563
    705.0   0.83960
    710.0   0.84021
    715.0   0.84259
    720.0   0.84487
    725.0   0.84570
    730.0   0.84590
    735.0   0.84809
    740.0   0.84853
    745.0   0.85036
    750.0   0.85066
    755.0   0.85127
    760.0   0.85200
    765.0   0.85263
    770.0   0.85569
    775.0   0.85383
    780.0   0.85394
    785.0   0.85479
    790.0   0.85505
    795.0   0.85621
    800.0   0.85681
    805.0   0.85739
    810.0   0.85828
    815.0   0.85921
    820.0   0.85952
    825.0   0.85828
    830.0   0.85770
    835.0   0.85763
    840.0   0.85814
    845.0   0.85810
    850.0   0.85977
    855.0   0.86005
    860.0   0.85915
    865.0   0.85958
    870.0   0.85788
    875.0   0.85955
    880.0   0.85915
    885.0   0.85948
    890.0   0.85950
    895.0   0.85919
    900.0   0.85945
    905.0   0.85894
    910.0   0.85895
    915.0   0.86124
    920.0   0.86058
    925.0   0.86111
    930.0   0.86015
    935.0   0.86005
    940.0   0.86015
    945.0   0.85913
    950.0   0.85954
    955.0   0.85809
    960.0   0.85897
    965.0   0.85798
    970.0   0.85912
    975.0   0.85886
    980.0   0.86025
    985.0   0.85871
    990.0   0.85848
    995.0   0.85820
   1000.0   0.85782
   1005.0   0.85679
   1010.0   0.85951
   1015.0   0.86023
   1020.0   0.85952
   1025.0   0.86209
   1030.0   0.86245
   1035.0   0.86330
   1040.0   0.86285
   1045.0   0.86296
   1050.0   0.86360
   1055.0   0.86431
   1060.0   0.86552
   1065.0   0.86432
   1070.0   0.86531
   1075.0   0.86455
   1080.0   0.86528
   1085.0   0.86570
   1090.0   0.86489
   1095.0   0.86590
   1100.0   0.86593
   1105.0   0.86474
   1110.0   0.86536
   1115.0   0.86392
   1120.0   0.86466
   1125.0   0.86486
   1130.0   0.86498
   1135.0   0.86414
   1140.0   0.86283
   1145.0   0.86269
   1150.0   0.86110
   1155.0   0.85912
   1160.0   0.85899
   1165.0   0.86047
   1170.0   0.86133
   1175.0   0.86149
   1180.0   0.86013
   1185.0   0.86093
   1190.0   0.86120
   1195.0   0.86210
   1200.0   0.86202
   1205.0   0.86099
   1210.0   0.86197
   1215.0   0.86321
   1220.0   0.86117
   1225.0   0.86074
   1230.0   0.86119
   1235.0   0.86086
   1240.0   0.85933
   1245.0   0.85929
   1250.0   0.85713
   1255.0   0.85812
   1260.0   0.85623
   1265.0   0.85305
   1270.0   0.85342
   1275.0   0.85418
   1280.0   0.85773
   1285.0   0.85835
   1290.0   0.85830
   1295.0   0.85905
   1300.0   0.85961
   1305.0   0.85809
   1310.0   0.85783
   1315.0   0.85819
   1320.0   0.85697
   1325.0   0.85649
   1330.0   0.85324
   1335.0   0.84821
   1340.0   0.84554
   1345.0   0.84389
   1350.0   0.84175
   1355.0   0.84055
   1360.0   0.83814
   1365.0   0.83646
   1370.0   0.83397
   1375.0   0.82809
   1380.0   0.81742
   1385.0   0.80601
   1390.0   0.79768
   1395.0   0.78517
   1400.0   0.77317
   1405.0   0.76252
   1410.0   0.75073
   1415.0   0.74093
   1420.0   0.73625
   1425.0   0.72095
   1430.0   0.69352
   1435.0   0.70748
   1440.0   0.72481
   1445.0   0.73005
   1450.0   0.73156
   1455.0   0.72427
   1460.0   0.72184
   1465.0   0.72062
   1470.0   0.72210
   1475.0   0.71159
   1480.0   0.66318
   1485.0   0.70268
   1490.0   0.74128
   1495.0   0.75131
   1500.0   0.75502
   1505.0   0.76083
   1510.0   0.76935
   1515.0   0.77321
   1520.0   0.77953
   1525.0   0.78451
   1530.0   0.78601
   1535.0   0.78917
   1540.0   0.79252
   1545.0   0.79436
   1550.0   0.79699
   1555.0   0.79842
   1560.0   0.80068
   1565.0   0.80391
   1570.0   0.80593
   1575.0   0.80851
   1580.0   0.80714
   1585.0   0.80860
   1590.0   0.81039
   1595.0   0.81205
   1600.0   0.81244
   1605.0   0.81290
   1610.0   0.81136
   1615.0   0.81355
   1620.0   0.81612
   1625.0   0.81488
   1630.0   0.81434
   1635.0   0.81614
   1640.0   0.81650
   1645.0   0.81361
   1650.0   0.81740
   1655.0   0.81578
   1660.0   0.81736
   1665.0   0.81562
   1670.0   0.81452
   1675.0   0.81379
   1680.0   0.81424
   1685.0   0.81313
   1690.0   0.81182
   1695.0   0.81220
   1700.0   0.81112
   1705.0   0.80774
   1710.0   0.80713
   1715.0   0.80626
   1720.0   0.80391
   1725.0   0.80061
   1730.0   0.79696
   1735.0   0.79246
   1740.0   0.78712
   1745.0   0.78146
   1750.0   0.77453
   1755.0   0.76576
   1760.0   0.75952
   1765.0   0.75720
   1770.0   0.75199
   1775.0   0.75139
   1780.0   0.75629
   1785.0   0.76097
   1790.0   0.76789
   1795.0   0.77636
   1800.0   0.78492
   1805.0   0.78845
   1810.0   0.78983
   1815.0   0.79056
   1820.0   0.79076
   1825.0   0.79146
   1830.0   0.79064
   1835.0   0.78946
   1840.0   0.78746
   1845.0   0.78808
   1850.0   0.78605
   1855.0   0.78389
   1860.0   0.78009
   1865.0   0.77665
   1870.0   0.76522
   1875.0   0.74969
   1880.0   0.73241
   1885.0   0.70952
   1890.0   0.68279
   1895.0   0.65595
   1900.0   0.62804
   1905.0   0.60374
   1910.0   0.58975
   1915.0   0.58145
   1920.0   0.57940
   1925.0   0.57889
   1930.0   0.57879
   1935.0   0.58097
   1940.0   0.58498
   1945.0   0.58911
   1950.0   0.59184
   1955.0   0.59507
   1960.0   0.59918
   1965.0   0.60337
   1970.0   0.60762
   1975.0   0.61421
   1980.0   0.61903
   1985.0   0.62527
   1990.0   0.62824
   1995.0   0.63272
   2000.0   0.63626
   2005.0   0.63996
   2010.0   0.64254
   2015.0   0.64481
   2020.0   0.64926
   2025.0   0.65333
   2030.0   0.65705
   2035.0   0.65937
   2040.0   0.66074
   2045.0   0.66159
   2050.0   0.66356
   2055.0   0.66315
   2060.0   0.66226
   2065.0   0.66289
   2070.0   0.66471
   2075.0   0.66836
   2080.0   0.67019
   2085.0   0.67090
   2090.0   0.67278
   2095.0   0.67205
   2100.0   0.67032
   2105.0   0.66691
   2110.0   0.66367
   2115.0   0.65684
   2120.0   0.64802
   2125.0   0.63663
   2130.0   0.62224
   2135.0   0.61253
   2140.0   0.60630
   2145.0   0.60062
   2150.0   0.59407
   2155.0   0.58602
   2160.0   0.57623
   2165.0   0.57238
   2170.0   0.57384
   2175.0   0.57332
   2180.0   0.57625
   2185.0   0.57109
   2190.0   0.57406
   2195.0   0.58657
   2200.0   0.60132
   2205.0   0.61231
   2210.0   0.59915
   2215.0   0.58480
   2220.0   0.59823
   2225.0   0.62685
   2230.0   0.65152
   2235.0   0.66324
   2240.0   0.66746
   2245.0   0.67091
   2250.0   0.67121
   2255.0   0.67232
   2260.0   0.67265
   2265.0   0.67085
   2270.0   0.67051
   2275.0   0.67078
   2280.0   0.67169
   2285.0   0.66853
   2290.0   0.66848
   2295.0   0.66611
   2300.0   0.66116
   2305.0   0.65625
   2310.0   0.64690
   2315.0   0.63154
   2320.0   0.61320
   2325.0   0.60277
   2330.0   0.60534
   2335.0   0.61770
   2340.0   0.62729
   2345.0   0.63623
   2350.0   0.64229
   2355.0   0.64438
   2360.0   0.64380
   2365.0   0.63971
   2370.0   0.63693
   2375.0   0.62906
   2380.0   0.61692
   2385.0   0.60406
   2390.0   0.58610
   2395.0   0.56806
   2400.0   0.55523
   2405.0   0.55187
   2410.0   0.55196
   2415.0   0.54608
   2420.0   0.53648
   2425.0   0.52578
   2430.0   0.51322
   2435.0   0.50184
   2440.0   0.49815
   2445.0   0.50440
   2450.0   0.50997
   2455.0   0.51025
   2460.0   0.50540
   2465.0   0.49847
   2470.0   0.48549
   2475.0   0.48064
   2480.0   0.48572
   2485.0   0.49152
   2490.0   0.49330
   2495.0   0.48511
   2500.0   0.47205
   2505.0   0.46009
   2510.0   0.44378
   2515.0   0.42704
   2520.0   0.42095
   2525.0   0.42570
   2530.0   0.44031
   2535.0   0.45480
   2540.0   0.46375
   2545.0   0.46528
   2550.0   0.46943
   2555.0   0.47402
   2560.0   0.47151
   2565.0   0.46092
   2570.0   0.46300
   2575.0   0.46219
   2580.0   0.46253
   2585.0   0.45786
   2590.0   0.45732
   2595.0   0.45944
   2600.0   0.46623
   2605.0   0.46982
   2610.0   0.46976
   2615.0   0.47116
   2620.0   0.46892
   2625.0   0.47110
   2630.0   0.46656
   2635.0   0.46366
   2640.0   0.46366
   2645.0   0.45842
   2650.0   0.45331
   2655.0   0.44693
   2660.0   0.43515
   2665.0   0.42359
   2670.0   0.40734
   2675.0   0.39312
   2680.0   0.37387
   2685.0   0.35137
   2690.0   0.32743
   2695.0   0.30462
   2700.0   0.28028
   2705.0   0.25270
   2710.0   0.22350
   2715.0   0.20134
   2720.0   0.18167
   2725.0   0.16336
   2730.0   0.14701
   2735.0   0.13112
   2740.0   0.11639
   2745.0   0.10675
   2750.0   0.09994
   2755.0   0.09216
   2760.0   0.08450
   2765.0   0.08108
   2770.0   0.07528
   2775.0   0.06406
   2780.0   0.07065
   2785.0   0.06323
   2790.0   0.06569
   2795.0   0.05681
   2800.0   0.05770
   2805.0   0.05089
   2810.0   0.05208
   2815.0   0.04842
   2820.0   0.04628
   2825.0   0.04388
   2830.0   0.04275
   2835.0   0.04187
   2840.0   0.04083
   2845.0   0.03847
   2850.0   0.04025
   2855.0   0.03724
   2860.0   0.03622
   2865.0   0.03471
   2870.0   0.03830
   2875.0   0.03787
   2880.0   0.03700
   2885.0   0.03360
   2890.0   0.03401
   2895.0   0.03109
   2900.0   0.03300
   2905.0   0.03435
   2910.0   0.03365
   2915.0   0.03393
   2920.0   0.03724
   2925.0   0.03567
   2930.0   0.03681
   2935.0   0.03278
   2940.0   0.03513
   2945.0   0.03515
   2950.0   0.03507
   2955.0   0.03663
   2960.0   0.03520
   2965.0   0.03626
   2970.0   0.03656
   2975.0   0.03644
   2980.0   0.03902
   2985.0   0.04107
   2990.0   0.04256
   2995.0   0.04444
   3000.0   0.04533
   3005.0   0.04495
   3010.0   0.04592
   3015.0   0.04684
   3020.0   0.04749
   3025.0   0.04597
   3030.0   0.04907
   3035.0   0.04770
   3040.0   0.04987
   3045.0   0.05193
   3050.0   0.05232
   3055.0   0.05272
   3060.0   0.05174
   3065.0   0.05336
   3070.0   0.05349
   3075.0   0.05296
   3080.0   0.05307
   3085.0   0.05343
   3090.0   0.05366
   3095.0   0.05461
   3100.0   0.05643
   3105.0   0.05746
   3110.0   0.06024
   3115.0   0.06046
   3120.0   0.06212
   3125.0   0.06422
   3130.0   0.06425
   3135.0   0.06574
   3140.0   0.06745
   3145.0   0.06956
   3150.0   0.07123
   3155.0   0.07215
   3160.0   0.07439
   3165.0   0.07507
   3170.0   0.07701
   3175.0   0.08008
   3180.0   0.08207
   3185.0   0.08398
   3190.0   0.08676
   3195.0   0.08762
   3200.0   0.09048
   3205.0   0.09048
   3210.0   0.09246
   3215.0   0.09656
   3220.0   0.09745
   3225.0   0.09955
   3230.0   0.10070
   3235.0   0.10298
   3240.0   0.10596
   3245.0   0.10682
   3250.0   0.10958
   3255.0   0.11183
   3260.0   0.11373
   3265.0   0.11602
   3270.0   0.11857
   3275.0   0.12163
   3280.0   0.12355
   3285.0   0.12618
   3290.0   0.12776
   3295.0   0.12921
   3300.0   0.13249
   3305.0   0.13455
   3310.0   0.13717
   3315.0   0.13815
   3320.0   0.14203
   3325.0   0.14497
   3330.0   0.14742
   3335.0   0.15136
   3340.0   0.15174
   3345.0   0.15401
   3350.0   0.15750
   3355.0   0.15887
   3360.0   0.16122
   3365.0   0.16557
   3370.0   0.16829
   3375.0   0.16946
   3380.0   0.17085
   3385.0   0.17555
   3390.0   0.17632
   3395.0   0.17639
   3400.0   0.18050
   3405.0   0.18316
   3410.0   0.18483
   3415.0   0.18835
   3420.0   0.18931
   3425.0   0.19320
   3430.0   0.19718
   3435.0   0.20147
   3440.0   0.20546
   3445.0   0.20623
   3450.0   0.21321
   3455.0   0.21812
   3460.0   0.21795
   3465.0   0.22410
   3470.0   0.22817
   3475.0   0.23383
   3480.0   0.23493
   3485.0   0.23771
   3490.0   0.23564
   3495.0   0.23929
   3500.0   0.24797
   3505.0   0.25257
   3510.0   0.25442
   3515.0   0.25539
   3520.0   0.25783
   3525.0   0.26185
   3530.0   0.26603
   3535.0   0.26419
   3540.0   0.26920
   3545.0   0.27221
   3550.0   0.27740
   3555.0   0.27890
   3560.0   0.28355
   3565.0   0.29808
   3570.0   0.30075
   3575.0   0.30184
   3580.0   0.30329
   3585.0   0.30692
   3590.0   0.30616
   3595.0   0.31455
   3600.0   0.32143



 C1NV02      .ASC                        

 NV-RBS-002                                                              
 SAMPLE CN-9A POWDER FROM LARGEST AND BRIGHTEST DUMP AT I=30, E=0        
 APP PARTICLE SIZE USED WAS <2 MM                                        
 RATIOS ADJUSTED USING NBS HALON CALIBRATION TABLE                       

 Source Ang: 30.00   Detect Ang:  0.00  Volt: 0.222
 Date: 19-JAN-89   Time: 15:00:59
