   661
    300.0   0.11996
    305.0   0.11701
    310.0   0.11690
    315.0   0.11554
    320.0   0.11476
    325.0   0.11473
    330.0   0.11339
    335.0   0.11829
    340.0   0.12128
    345.0   0.12350
    350.0   0.12804
    355.0   0.13345
    360.0   0.14026
    365.0   0.15059
    370.0   0.16250
    375.0   0.17621
    380.0   0.19200
    385.0   0.20776
    390.0   0.22731
    395.0   0.25230
    400.0   0.27746
    405.0   0.29992
    410.0   0.31763
    415.0   0.32931
    420.0   0.33905
    425.0   0.34866
    430.0   0.35811
    435.0   0.36708
    440.0   0.37509
    445.0   0.38336
    450.0   0.39015
    455.0   0.39749
    460.0   0.40366
    465.0   0.40936
    470.0   0.41520
    475.0   0.42117
    480.0   0.42647
    485.0   0.43242
    490.0   0.43874
    495.0   0.44440
    500.0   0.45109
    505.0   0.45629
    510.0   0.46328
    515.0   0.46893
    520.0   0.47591
    525.0   0.48058
    530.0   0.48738
    535.0   0.49253
    540.0   0.49830
    545.0   0.50386
    550.0   0.50737
    555.0   0.51346
    560.0   0.52002
    565.0   0.52564
    570.0   0.53183
    575.0   0.53612
    580.0   0.54085
    585.0   0.54636
    590.0   0.55075
    595.0   0.55453
    600.0   0.55903
    605.0   0.56358
    610.0   0.56617
    615.0   0.56880
    620.0   0.57228
    625.0   0.57466
    630.0   0.57794
    635.0   0.58177
    640.0   0.58411
    645.0   0.58648
    650.0   0.58979
    655.0   0.59106
    660.0   0.59375
    665.0   0.59617
    670.0   0.59849
    675.0   0.60151
    680.0   0.60506
    685.0   0.60728
    690.0   0.61011
    695.0   0.61271
    700.0   0.61506
    705.0   0.61773
    710.0   0.62086
    715.0   0.62177
    720.0   0.62439
    725.0   0.62773
    730.0   0.62830
    735.0   0.63046
    740.0   0.63225
    745.0   0.63503
    750.0   0.63767
    755.0   0.64016
    760.0   0.64035
    765.0   0.64404
    770.0   0.64484
    775.0   0.64771
    780.0   0.64906
    785.0   0.65144
    790.0   0.65156
    795.0   0.65305
    800.0   0.65469
    805.0   0.65706
    810.0   0.65829
    815.0   0.65976
    820.0   0.66193
    825.0   0.66190
    830.0   0.66258
    835.0   0.66439
    840.0   0.66595
    845.0   0.66585
    850.0   0.66703
    855.0   0.66610
    860.0   0.66726
    865.0   0.66987
    870.0   0.67221
    875.0   0.67264
    880.0   0.67216
    885.0   0.67130
    890.0   0.67323
    895.0   0.67371
    900.0   0.67320
    905.0   0.67442
    910.0   0.67553
    915.0   0.67630
    920.0   0.67792
    925.0   0.67714
    930.0   0.67777
    935.0   0.67885
    940.0   0.67902
    945.0   0.68067
    950.0   0.68052
    955.0   0.68057
    960.0   0.68153
    965.0   0.68329
    970.0   0.68193
    975.0   0.68353
    980.0   0.68409
    985.0   0.68438
    990.0   0.68400
    995.0   0.68531
   1000.0   0.68488
   1005.0   0.68480
   1010.0   0.68613
   1015.0   0.68601
   1020.0   0.68606
   1025.0   0.68740
   1030.0   0.68686
   1035.0   0.68765
   1040.0   0.68711
   1045.0   0.68791
   1050.0   0.68816
   1055.0   0.68876
   1060.0   0.68781
   1065.0   0.68926
   1070.0   0.69009
   1075.0   0.69033
   1080.0   0.68869
   1085.0   0.68898
   1090.0   0.68865
   1095.0   0.68919
   1100.0   0.68922
   1105.0   0.68784
   1110.0   0.68847
   1115.0   0.68852
   1120.0   0.68889
   1125.0   0.68832
   1130.0   0.69026
   1135.0   0.68858
   1140.0   0.69011
   1145.0   0.69123
   1150.0   0.68900
   1155.0   0.68916
   1160.0   0.69033
   1165.0   0.69197
   1170.0   0.69049
   1175.0   0.69185
   1180.0   0.69266
   1185.0   0.69223
   1190.0   0.69215
   1195.0   0.69190
   1200.0   0.69217
   1205.0   0.69169
   1210.0   0.69191
   1215.0   0.69339
   1220.0   0.69286
   1225.0   0.69284
   1230.0   0.69266
   1235.0   0.69388
   1240.0   0.69207
   1245.0   0.69260
   1250.0   0.69519
   1255.0   0.69478
   1260.0   0.69517
   1265.0   0.69564
   1270.0   0.69463
   1275.0   0.69438
   1280.0   0.69249
   1285.0   0.69150
   1290.0   0.69232
   1295.0   0.69435
   1300.0   0.69469
   1305.0   0.69591
   1310.0   0.69500
   1315.0   0.69487
   1320.0   0.69467
   1325.0   0.69423
   1330.0   0.69437
   1335.0   0.69377
   1340.0   0.69281
   1345.0   0.69332
   1350.0   0.69097
   1355.0   0.69085
   1360.0   0.69161
   1365.0   0.69239
   1370.0   0.69168
   1375.0   0.69264
   1380.0   0.68928
   1385.0   0.69006
   1390.0   0.68791
   1395.0   0.68355
   1400.0   0.68102
   1405.0   0.67892
   1410.0   0.67620
   1415.0   0.67519
   1420.0   0.67366
   1425.0   0.67369
   1430.0   0.67559
   1435.0   0.67636
   1440.0   0.67758
   1445.0   0.67625
   1450.0   0.67437
   1455.0   0.67528
   1460.0   0.67780
   1465.0   0.67803
   1470.0   0.67725
   1475.0   0.67788
   1480.0   0.67854
   1485.0   0.67927
   1490.0   0.68221
   1495.0   0.68230
   1500.0   0.68183
   1505.0   0.68141
   1510.0   0.68233
   1515.0   0.68363
   1520.0   0.68330
   1525.0   0.68453
   1530.0   0.68355
   1535.0   0.68639
   1540.0   0.68466
   1545.0   0.68747
   1550.0   0.68797
   1555.0   0.68810
   1560.0   0.68994
   1565.0   0.68930
   1570.0   0.69003
   1575.0   0.68873
   1580.0   0.68817
   1585.0   0.69124
   1590.0   0.69073
   1595.0   0.69034
   1600.0   0.69109
   1605.0   0.69288
   1610.0   0.69114
   1615.0   0.69028
   1620.0   0.69171
   1625.0   0.69161
   1630.0   0.69016
   1635.0   0.69199
   1640.0   0.69099
   1645.0   0.69150
   1650.0   0.68970
   1655.0   0.69099
   1660.0   0.69196
   1665.0   0.69162
   1670.0   0.69179
   1675.0   0.69223
   1680.0   0.69394
   1685.0   0.69382
   1690.0   0.69280
   1695.0   0.69447
   1700.0   0.69252
   1705.0   0.69188
   1710.0   0.69360
   1715.0   0.69444
   1720.0   0.69414
   1725.0   0.69312
   1730.0   0.69348
   1735.0   0.69321
   1740.0   0.69293
   1745.0   0.69236
   1750.0   0.69240
   1755.0   0.69196
   1760.0   0.69266
   1765.0   0.69295
   1770.0   0.69289
   1775.0   0.69159
   1780.0   0.69175
   1785.0   0.69170
   1790.0   0.69215
   1795.0   0.69104
   1800.0   0.69006
   1805.0   0.69316
   1810.0   0.69302
   1815.0   0.69188
   1820.0   0.69252
   1825.0   0.69220
   1830.0   0.69199
   1835.0   0.69150
   1840.0   0.69244
   1845.0   0.69114
   1850.0   0.69043
   1855.0   0.68973
   1860.0   0.68922
   1865.0   0.68942
   1870.0   0.68756
   1875.0   0.68578
   1880.0   0.68048
   1885.0   0.67401
   1890.0   0.66817
   1895.0   0.65980
   1900.0   0.64967
   1905.0   0.64274
   1910.0   0.63779
   1915.0   0.63452
   1920.0   0.63444
   1925.0   0.63451
   1930.0   0.63533
   1935.0   0.63551
   1940.0   0.63660
   1945.0   0.63752
   1950.0   0.63903
   1955.0   0.64082
   1960.0   0.64195
   1965.0   0.64601
   1970.0   0.64646
   1975.0   0.65009
   1980.0   0.65316
   1985.0   0.65504
   1990.0   0.65717
   1995.0   0.65763
   2000.0   0.65959
   2005.0   0.66032
   2010.0   0.66304
   2015.0   0.66646
   2020.0   0.66981
   2025.0   0.67145
   2030.0   0.67092
   2035.0   0.67209
   2040.0   0.67224
   2045.0   0.67345
   2050.0   0.67305
   2055.0   0.67476
   2060.0   0.67557
   2065.0   0.67540
   2070.0   0.67675
   2075.0   0.67705
   2080.0   0.67708
   2085.0   0.67757
   2090.0   0.67841
   2095.0   0.67960
   2100.0   0.68045
   2105.0   0.68084
   2110.0   0.68128
   2115.0   0.68114
   2120.0   0.68163
   2125.0   0.68211
   2130.0   0.67844
   2135.0   0.68115
   2140.0   0.68157
   2145.0   0.68143
   2150.0   0.68230
   2155.0   0.68208
   2160.0   0.68064
   2165.0   0.67779
   2170.0   0.67806
   2175.0   0.67744
   2180.0   0.67381
   2185.0   0.67123
   2190.0   0.66725
   2195.0   0.66533
   2200.0   0.66275
   2205.0   0.66090
   2210.0   0.65969
   2215.0   0.66247
   2220.0   0.66246
   2225.0   0.66269
   2230.0   0.66063
   2235.0   0.66130
   2240.0   0.66094
   2245.0   0.65989
   2250.0   0.65915
   2255.0   0.65965
   2260.0   0.65962
   2265.0   0.66102
   2270.0   0.66161
   2275.0   0.66116
   2280.0   0.66113
   2285.0   0.65962
   2290.0   0.66048
   2295.0   0.66074
   2300.0   0.65860
   2305.0   0.65898
   2310.0   0.66247
   2315.0   0.66083
   2320.0   0.66039
   2325.0   0.65806
   2330.0   0.65791
   2335.0   0.65824
   2340.0   0.65717
   2345.0   0.65964
   2350.0   0.65801
   2355.0   0.65821
   2360.0   0.65779
   2365.0   0.65728
   2370.0   0.65577
   2375.0   0.65406
   2380.0   0.65115
   2385.0   0.64914
   2390.0   0.64899
   2395.0   0.64701
   2400.0   0.64664
   2405.0   0.64629
   2410.0   0.64338
   2415.0   0.64055
   2420.0   0.63863
   2425.0   0.63863
   2430.0   0.63752
   2435.0   0.63140
   2440.0   0.62955
   2445.0   0.62562
   2450.0   0.62481
   2455.0   0.62481
   2460.0   0.62358
   2465.0   0.61969
   2470.0   0.61668
   2475.0   0.61538
   2480.0   0.61394
   2485.0   0.61138
   2490.0   0.61198
   2495.0   0.61039
   2500.0   0.60820
   2505.0   0.60521
   2510.0   0.60345
   2515.0   0.60077
   2520.0   0.60381
   2525.0   0.59951
   2530.0   0.59728
   2535.0   0.59764
   2540.0   0.59857
   2545.0   0.59682
   2550.0   0.59848
   2555.0   0.60073
   2560.0   0.59302
   2565.0   0.59332
   2570.0   0.59522
   2575.0   0.59204
   2580.0   0.59453
   2585.0   0.59327
   2590.0   0.59305
   2595.0   0.59361
   2600.0   0.59284
   2605.0   0.58773
   2610.0   0.59286
   2615.0   0.58190
   2620.0   0.58651
   2625.0   0.58101
   2630.0   0.57531
   2635.0   0.57836
   2640.0   0.57344
   2645.0   0.56712
   2650.0   0.56444
   2655.0   0.55733
   2660.0   0.55274
   2665.0   0.54811
   2670.0   0.54106
   2675.0   0.53295
   2680.0   0.52165
   2685.0   0.50423
   2690.0   0.48759
   2695.0   0.46772
   2700.0   0.44262
   2705.0   0.41798
   2710.0   0.39437
   2715.0   0.37646
   2720.0   0.35871
   2725.0   0.33753
   2730.0   0.30918
   2735.0   0.28468
   2740.0   0.26432
   2745.0   0.24517
   2750.0   0.21824
   2755.0   0.20177
   2760.0   0.18873
   2765.0   0.18135
   2770.0   0.17602
   2775.0   0.16136
   2780.0   0.16187
   2785.0   0.15801
   2790.0   0.15104
   2795.0   0.15406
   2800.0   0.15197
   2805.0   0.14690
   2810.0   0.15088
   2815.0   0.14604
   2820.0   0.14575
   2825.0   0.13748
   2830.0   0.13829
   2835.0   0.13108
   2840.0   0.13214
   2845.0   0.12883
   2850.0   0.12549
   2855.0   0.12131
   2860.0   0.11946
   2865.0   0.11794
   2870.0   0.11565
   2875.0   0.11357
   2880.0   0.11412
   2885.0   0.10903
   2890.0   0.10841
   2895.0   0.10759
   2900.0   0.10609
   2905.0   0.10719
   2910.0   0.10540
   2915.0   0.10328
   2920.0   0.10435
   2925.0   0.10303
   2930.0   0.10344
   2935.0   0.10350
   2940.0   0.10533
   2945.0   0.10261
   2950.0   0.10322
   2955.0   0.10474
   2960.0   0.10462
   2965.0   0.10205
   2970.0   0.10671
   2975.0   0.10573
   2980.0   0.10877
   2985.0   0.11012
   2990.0   0.11057
   2995.0   0.11065
   3000.0   0.11285
   3005.0   0.11347
   3010.0   0.11480
   3015.0   0.11542
   3020.0   0.11663
   3025.0   0.11796
   3030.0   0.11726
   3035.0   0.11876
   3040.0   0.12037
   3045.0   0.12071
   3050.0   0.12477
   3055.0   0.12376
   3060.0   0.12382
   3065.0   0.12581
   3070.0   0.12514
   3075.0   0.12961
   3080.0   0.12936
   3085.0   0.13002
   3090.0   0.12990
   3095.0   0.13282
   3100.0   0.13504
   3105.0   0.13621
   3110.0   0.13737
   3115.0   0.13864
   3120.0   0.13977
   3125.0   0.14179
   3130.0   0.14264
   3135.0   0.14637
   3140.0   0.14819
   3145.0   0.15077
   3150.0   0.15210
   3155.0   0.15286
   3160.0   0.15452
   3165.0   0.15687
   3170.0   0.15674
   3175.0   0.16112
   3180.0   0.16125
   3185.0   0.16404
   3190.0   0.16733
   3195.0   0.16696
   3200.0   0.16996
   3205.0   0.17124
   3210.0   0.17398
   3215.0   0.17551
   3220.0   0.17877
   3225.0   0.17891
   3230.0   0.18133
   3235.0   0.18256
   3240.0   0.18765
   3245.0   0.18988
   3250.0   0.18926
   3255.0   0.19219
   3260.0   0.19454
   3265.0   0.19868
   3270.0   0.19787
   3275.0   0.20011
   3280.0   0.20426
   3285.0   0.20885
   3290.0   0.21160
   3295.0   0.21306
   3300.0   0.21473
   3305.0   0.21620
   3310.0   0.22163
   3315.0   0.22369
   3320.0   0.22471
   3325.0   0.22756
   3330.0   0.22956
   3335.0   0.23228
   3340.0   0.23279
   3345.0   0.23732
   3350.0   0.23998
   3355.0   0.24259
   3360.0   0.24408
   3365.0   0.24928
   3370.0   0.25015
   3375.0   0.25453
   3380.0   0.25567
   3385.0   0.25908
   3390.0   0.26188
   3395.0   0.26615
   3400.0   0.26840
   3405.0   0.27238
   3410.0   0.27382
   3415.0   0.27926
   3420.0   0.27901
   3425.0   0.28549
   3430.0   0.28317
   3435.0   0.28864
   3440.0   0.29228
   3445.0   0.29330
   3450.0   0.29590
   3455.0   0.29721
   3460.0   0.30269
   3465.0   0.30340
   3470.0   0.30901
   3475.0   0.30781
   3480.0   0.31249
   3485.0   0.31066
   3490.0   0.31363
   3495.0   0.31663
   3500.0   0.32530
   3505.0   0.32520
   3510.0   0.32573
   3515.0   0.33149
   3520.0   0.33480
   3525.0   0.33116
   3530.0   0.34154
   3535.0   0.33707
   3540.0   0.34078
   3545.0   0.34074
   3550.0   0.35046
   3555.0   0.34410
   3560.0   0.35462
   3565.0   0.35925
   3570.0   0.36561
   3575.0   0.36343
   3580.0   0.36244
   3585.0   0.36601
   3590.0   0.38026
   3595.0   0.38385
   3600.0   0.38556



 C1NV20      .ASC                        

 NV-RBS-020                                                              
 POWDER C89-6P  COLLECTED FROM BAND DEPTH MAP IND. ALUNITE RICH AREA     
 RATIOS ADJUSTED USING NBS HALON CALIBRATION TABLE                       

 Source Ang: 35.00   Detect Ang:  0.00  Volt: 0.222
 Date: 17-MAY-89   Time: 05:59:30
