   661
    300.0   0.05062
    305.0   0.05341
    310.0   0.05582
    315.0   0.05957
    320.0   0.06205
    325.0   0.06641
    330.0   0.06966
    335.0   0.07199
    340.0   0.07514
    345.0   0.07705
    350.0   0.08019
    355.0   0.08201
    360.0   0.08370
    365.0   0.08484
    370.0   0.08721
    375.0   0.09001
    380.0   0.09237
    385.0   0.09493
    390.0   0.09775
    395.0   0.10005
    400.0   0.10197
    405.0   0.10407
    410.0   0.10710
    415.0   0.10889
    420.0   0.11108
    425.0   0.11330
    430.0   0.11627
    435.0   0.11916
    440.0   0.12182
    445.0   0.12435
    450.0   0.12730
    455.0   0.13035
    460.0   0.13235
    465.0   0.13425
    470.0   0.13613
    475.0   0.13778
    480.0   0.13982
    485.0   0.14116
    490.0   0.14323
    495.0   0.14515
    500.0   0.14732
    505.0   0.14963
    510.0   0.15172
    515.0   0.15387
    520.0   0.15647
    525.0   0.15909
    530.0   0.16130
    535.0   0.16448
    540.0   0.16753
    545.0   0.17078
    550.0   0.17431
    555.0   0.17809
    560.0   0.18179
    565.0   0.18598
    570.0   0.18872
    575.0   0.19253
    580.0   0.19549
    585.0   0.19828
    590.0   0.20081
    595.0   0.20266
    600.0   0.20473
    605.0   0.20592
    610.0   0.20696
    615.0   0.20789
    620.0   0.20898
    625.0   0.20999
    630.0   0.21047
    635.0   0.21136
    640.0   0.21176
    645.0   0.21230
    650.0   0.21331
    655.0   0.21385
    660.0   0.21478
    665.0   0.21528
    670.0   0.21592
    675.0   0.21655
    680.0   0.21674
    685.0   0.21775
    690.0   0.21804
    695.0   0.21879
    700.0   0.21896
    705.0   0.21977
    710.0   0.22019
    715.0   0.22111
    720.0   0.22145
    725.0   0.22195
    730.0   0.22200
    735.0   0.22184
    740.0   0.22262
    745.0   0.22276
    750.0   0.22328
    755.0   0.22357
    760.0   0.22434
    765.0   0.22459
    770.0   0.22465
    775.0   0.22493
    780.0   0.22474
    785.0   0.22541
    790.0   0.22498
    795.0   0.22514
    800.0   0.22549
    805.0   0.22560
    810.0   0.22555
    815.0   0.22531
    820.0   0.22473
    825.0   0.22474
    830.0   0.22472
    835.0   0.22453
    840.0   0.22449
    845.0   0.22422
    850.0   0.22387
    855.0   0.22291
    860.0   0.22331
    865.0   0.22282
    870.0   0.22263
    875.0   0.22128
    880.0   0.22194
    885.0   0.22144
    890.0   0.22158
    895.0   0.22146
    900.0   0.22153
    905.0   0.22124
    910.0   0.22157
    915.0   0.22115
    920.0   0.22069
    925.0   0.22038
    930.0   0.22066
    935.0   0.22089
    940.0   0.22071
    945.0   0.22164
    950.0   0.22079
    955.0   0.22041
    960.0   0.22089
    965.0   0.22104
    970.0   0.22086
    975.0   0.22073
    980.0   0.22150
    985.0   0.22104
    990.0   0.22124
    995.0   0.22123
   1000.0   0.22067
   1005.0   0.22072
   1010.0   0.22076
   1015.0   0.22072
   1020.0   0.22054
   1025.0   0.22056
   1030.0   0.22087
   1035.0   0.22123
   1040.0   0.22054
   1045.0   0.22067
   1050.0   0.22096
   1055.0   0.22051
   1060.0   0.22068
   1065.0   0.22058
   1070.0   0.22054
   1075.0   0.22087
   1080.0   0.22088
   1085.0   0.22045
   1090.0   0.22024
   1095.0   0.22018
   1100.0   0.22057
   1105.0   0.22041
   1110.0   0.22092
   1115.0   0.22114
   1120.0   0.22053
   1125.0   0.22061
   1130.0   0.22071
   1135.0   0.22023
   1140.0   0.22062
   1145.0   0.22097
   1150.0   0.22117
   1155.0   0.22131
   1160.0   0.22041
   1165.0   0.22117
   1170.0   0.22133
   1175.0   0.22167
   1180.0   0.22120
   1185.0   0.22139
   1190.0   0.22246
   1195.0   0.22236
   1200.0   0.22318
   1205.0   0.22189
   1210.0   0.22335
   1215.0   0.22321
   1220.0   0.22321
   1225.0   0.22280
   1230.0   0.22276
   1235.0   0.22296
   1240.0   0.22358
   1245.0   0.22360
   1250.0   0.22339
   1255.0   0.22383
   1260.0   0.22376
   1265.0   0.22391
   1270.0   0.22472
   1275.0   0.22403
   1280.0   0.22445
   1285.0   0.22463
   1290.0   0.22456
   1295.0   0.22489
   1300.0   0.22498
   1305.0   0.22465
   1310.0   0.22516
   1315.0   0.22490
   1320.0   0.22539
   1325.0   0.22560
   1330.0   0.22565
   1335.0   0.22577
   1340.0   0.22616
   1345.0   0.22619
   1350.0   0.22590
   1355.0   0.22544
   1360.0   0.22587
   1365.0   0.22731
   1370.0   0.22703
   1375.0   0.22668
   1380.0   0.22699
   1385.0   0.22696
   1390.0   0.22621
   1395.0   0.22433
   1400.0   0.22252
   1405.0   0.22237
   1410.0   0.22112
   1415.0   0.22117
   1420.0   0.22124
   1425.0   0.22307
   1430.0   0.22451
   1435.0   0.22571
   1440.0   0.22602
   1445.0   0.22551
   1450.0   0.22568
   1455.0   0.22633
   1460.0   0.22743
   1465.0   0.22771
   1470.0   0.22740
   1475.0   0.22833
   1480.0   0.22910
   1485.0   0.22878
   1490.0   0.22922
   1495.0   0.22924
   1500.0   0.23021
   1505.0   0.22928
   1510.0   0.22955
   1515.0   0.23034
   1520.0   0.23040
   1525.0   0.23031
   1530.0   0.23141
   1535.0   0.23196
   1540.0   0.23221
   1545.0   0.23224
   1550.0   0.23141
   1555.0   0.23235
   1560.0   0.23286
   1565.0   0.23238
   1570.0   0.23232
   1575.0   0.23388
   1580.0   0.23355
   1585.0   0.23396
   1590.0   0.23400
   1595.0   0.23478
   1600.0   0.23473
   1605.0   0.23447
   1610.0   0.23567
   1615.0   0.23402
   1620.0   0.23399
   1625.0   0.23380
   1630.0   0.23450
   1635.0   0.23445
   1640.0   0.23468
   1645.0   0.23536
   1650.0   0.23544
   1655.0   0.23446
   1660.0   0.23487
   1665.0   0.23634
   1670.0   0.23701
   1675.0   0.23588
   1680.0   0.23643
   1685.0   0.23569
   1690.0   0.23576
   1695.0   0.23501
   1700.0   0.23550
   1705.0   0.23631
   1710.0   0.23606
   1715.0   0.23546
   1720.0   0.23629
   1725.0   0.23644
   1730.0   0.23627
   1735.0   0.23691
   1740.0   0.23631
   1745.0   0.23666
   1750.0   0.23641
   1755.0   0.23625
   1760.0   0.23645
   1765.0   0.23642
   1770.0   0.23635
   1775.0   0.23659
   1780.0   0.23692
   1785.0   0.23662
   1790.0   0.23625
   1795.0   0.23586
   1800.0   0.23541
   1805.0   0.23565
   1810.0   0.23586
   1815.0   0.23622
   1820.0   0.23649
   1825.0   0.23688
   1830.0   0.23741
   1835.0   0.23717
   1840.0   0.23731
   1845.0   0.23814
   1850.0   0.23673
   1855.0   0.23647
   1860.0   0.23685
   1865.0   0.23662
   1870.0   0.23496
   1875.0   0.23476
   1880.0   0.23520
   1885.0   0.23337
   1890.0   0.22959
   1895.0   0.22578
   1900.0   0.22206
   1905.0   0.21718
   1910.0   0.21451
   1915.0   0.21484
   1920.0   0.21583
   1925.0   0.21756
   1930.0   0.21834
   1935.0   0.21940
   1940.0   0.22123
   1945.0   0.22151
   1950.0   0.22243
   1955.0   0.22306
   1960.0   0.22367
   1965.0   0.22382
   1970.0   0.22444
   1975.0   0.22534
   1980.0   0.22664
   1985.0   0.22742
   1990.0   0.22723
   1995.0   0.22828
   2000.0   0.22910
   2005.0   0.22987
   2010.0   0.23092
   2015.0   0.23159
   2020.0   0.23171
   2025.0   0.23248
   2030.0   0.23274
   2035.0   0.23291
   2040.0   0.23407
   2045.0   0.23450
   2050.0   0.23446
   2055.0   0.23481
   2060.0   0.23571
   2065.0   0.23548
   2070.0   0.23582
   2075.0   0.23630
   2080.0   0.23622
   2085.0   0.23728
   2090.0   0.23756
   2095.0   0.23719
   2100.0   0.23659
   2105.0   0.23682
   2110.0   0.23658
   2115.0   0.23648
   2120.0   0.23743
   2125.0   0.23729
   2130.0   0.23753
   2135.0   0.23739
   2140.0   0.23836
   2145.0   0.23818
   2150.0   0.23682
   2155.0   0.23664
   2160.0   0.23679
   2165.0   0.23741
   2170.0   0.23557
   2175.0   0.23568
   2180.0   0.23581
   2185.0   0.23487
   2190.0   0.23359
   2195.0   0.23328
   2200.0   0.23221
   2205.0   0.23138
   2210.0   0.23181
   2215.0   0.23148
   2220.0   0.23085
   2225.0   0.23137
   2230.0   0.23129
   2235.0   0.23163
   2240.0   0.23248
   2245.0   0.23246
   2250.0   0.23329
   2255.0   0.23229
   2260.0   0.23330
   2265.0   0.23405
   2270.0   0.23407
   2275.0   0.23439
   2280.0   0.23447
   2285.0   0.23201
   2290.0   0.23044
   2295.0   0.23185
   2300.0   0.23147
   2305.0   0.23167
   2310.0   0.23097
   2315.0   0.23133
   2320.0   0.23102
   2325.0   0.23025
   2330.0   0.22863
   2335.0   0.22859
   2340.0   0.22891
   2345.0   0.22832
   2350.0   0.22815
   2355.0   0.22803
   2360.0   0.22745
   2365.0   0.22763
   2370.0   0.22758
   2375.0   0.22808
   2380.0   0.22689
   2385.0   0.22701
   2390.0   0.22682
   2395.0   0.22647
   2400.0   0.22526
   2405.0   0.22454
   2410.0   0.22437
   2415.0   0.22444
   2420.0   0.22424
   2425.0   0.22326
   2430.0   0.22214
   2435.0   0.22153
   2440.0   0.22119
   2445.0   0.22090
   2450.0   0.21965
   2455.0   0.21926
   2460.0   0.21805
   2465.0   0.21909
   2470.0   0.21725
   2475.0   0.21754
   2480.0   0.21735
   2485.0   0.21642
   2490.0   0.21446
   2495.0   0.21290
   2500.0   0.21272
   2505.0   0.21249
   2510.0   0.21370
   2515.0   0.21450
   2520.0   0.21321
   2525.0   0.21211
   2530.0   0.21287
   2535.0   0.21267
   2540.0   0.21299
   2545.0   0.21313
   2550.0   0.21466
   2555.0   0.21409
   2560.0   0.21399
   2565.0   0.21302
   2570.0   0.21418
   2575.0   0.21456
   2580.0   0.21505
   2585.0   0.21214
   2590.0   0.21361
   2595.0   0.21313
   2600.0   0.21419
   2605.0   0.21294
   2610.0   0.21448
   2615.0   0.21211
   2620.0   0.21067
   2625.0   0.21176
   2630.0   0.20999
   2635.0   0.20987
   2640.0   0.20844
   2645.0   0.20665
   2650.0   0.20500
   2655.0   0.20332
   2660.0   0.20007
   2665.0   0.20027
   2670.0   0.19676
   2675.0   0.19213
   2680.0   0.18787
   2685.0   0.18046
   2690.0   0.17183
   2695.0   0.16287
   2700.0   0.15018
   2705.0   0.13783
   2710.0   0.12567
   2715.0   0.11559
   2720.0   0.10567
   2725.0   0.09395
   2730.0   0.08128
   2735.0   0.07018
   2740.0   0.06372
   2745.0   0.06166
   2750.0   0.05472
   2755.0   0.05173
   2760.0   0.03622
   2765.0   0.03867
   2770.0   0.04867
   2775.0   0.03044
   2780.0   0.04674
   2785.0   0.03818
   2790.0   0.03652
   2795.0   0.03546
   2800.0   0.04808
   2805.0   0.04174
   2810.0   0.04285
   2815.0   0.04234
   2820.0   0.04247
   2825.0   0.04730
   2830.0   0.04641
   2835.0   0.04573
   2840.0   0.04489
   2845.0   0.04876
   2850.0   0.04554
   2855.0   0.04366
   2860.0   0.04543
   2865.0   0.04527
   2870.0   0.04721
   2875.0   0.04654
   2880.0   0.04437
   2885.0   0.04386
   2890.0   0.04488
   2895.0   0.04016
   2900.0   0.04126
   2905.0   0.04275
   2910.0   0.04192
   2915.0   0.04094
   2920.0   0.04213
   2925.0   0.03953
   2930.0   0.04089
   2935.0   0.04249
   2940.0   0.04088
   2945.0   0.04119
   2950.0   0.04218
   2955.0   0.04134
   2960.0   0.04155
   2965.0   0.04183
   2970.0   0.04204
   2975.0   0.04260
   2980.0   0.04077
   2985.0   0.04180
   2990.0   0.04473
   2995.0   0.04311
   3000.0   0.04558
   3005.0   0.04659
   3010.0   0.04668
   3015.0   0.04638
   3020.0   0.04738
   3025.0   0.04658
   3030.0   0.04894
   3035.0   0.04887
   3040.0   0.04831
   3045.0   0.05085
   3050.0   0.04841
   3055.0   0.05018
   3060.0   0.05248
   3065.0   0.05263
   3070.0   0.05238
   3075.0   0.05297
   3080.0   0.05199
   3085.0   0.05381
   3090.0   0.05318
   3095.0   0.05431
   3100.0   0.05481
   3105.0   0.05648
   3110.0   0.05778
   3115.0   0.05920
   3120.0   0.05810
   3125.0   0.05911
   3130.0   0.05988
   3135.0   0.06246
   3140.0   0.06319
   3145.0   0.06359
   3150.0   0.06480
   3155.0   0.06605
   3160.0   0.06703
   3165.0   0.06971
   3170.0   0.06999
   3175.0   0.07081
   3180.0   0.07192
   3185.0   0.07587
   3190.0   0.07581
   3195.0   0.07752
   3200.0   0.07848
   3205.0   0.08138
   3210.0   0.08262
   3215.0   0.08443
   3220.0   0.08609
   3225.0   0.08615
   3230.0   0.08954
   3235.0   0.08934
   3240.0   0.09258
   3245.0   0.09519
   3250.0   0.09592
   3255.0   0.09705
   3260.0   0.09890
   3265.0   0.09802
   3270.0   0.10177
   3275.0   0.10227
   3280.0   0.10610
   3285.0   0.10694
   3290.0   0.10732
   3295.0   0.10852
   3300.0   0.10844
   3305.0   0.10834
   3310.0   0.11173
   3315.0   0.10995
   3320.0   0.11260
   3325.0   0.11532
   3330.0   0.11743
   3335.0   0.11814
   3340.0   0.11879
   3345.0   0.12179
   3350.0   0.12145
   3355.0   0.12378
   3360.0   0.12334
   3365.0   0.12628
   3370.0   0.13001
   3375.0   0.12858
   3380.0   0.13124
   3385.0   0.13266
   3390.0   0.13380
   3395.0   0.13797
   3400.0   0.13871
   3405.0   0.13903
   3410.0   0.14035
   3415.0   0.14171
   3420.0   0.14220
   3425.0   0.14097
   3430.0   0.14388
   3435.0   0.14455
   3440.0   0.14696
   3445.0   0.14518
   3450.0   0.14671
   3455.0   0.14533
   3460.0   0.14672
   3465.0   0.15111
   3470.0   0.14994
   3475.0   0.14702
   3480.0   0.15182
   3485.0   0.15134
   3490.0   0.15290
   3495.0   0.15340
   3500.0   0.16381
   3505.0   0.15784
   3510.0   0.15905
   3515.0   0.16146
   3520.0   0.16459
   3525.0   0.16633
   3530.0   0.16719
   3535.0   0.17035
   3540.0   0.17066
   3545.0   0.18713
   3550.0   0.18440
   3555.0   0.18496
   3560.0   0.18318
   3565.0   0.18529
   3570.0   0.19402
   3575.0   0.19315
   3580.0   0.19463
   3585.0   0.19055
   3590.0   0.19110
   3595.0   0.19723
   3600.0   0.19005



 C1NV14      .ASC                        

 NV-RBS-014                                                              
 POWDER U-7  POWDERED BASALTIC MAAR TUFF FROM UBEHEBE CRATER, CA         
 RATIOS ADJUSTED USING NBS HALON CALIBRATION TABLE                       

 Source Ang: 30.00   Detect Ang:  0.00  Volt: 0.222
 Date: 19-MAY-89   Time: 16:35:21
