   641
    300.0   0.02626
    305.0   0.03095
    310.0   0.02803
    315.0   0.03044
    320.0   0.03147
    325.0   0.03285
    330.0   0.03493
    335.0   0.03729
    340.0   0.03930
    345.0   0.04151
    350.0   0.04351
    355.0   0.04529
    360.0   0.04751
    365.0   0.04950
    370.0   0.05200
    375.0   0.05542
    380.0   0.05908
    385.0   0.06266
    390.0   0.06654
    395.0   0.07041
    400.0   0.07338
    405.0   0.07630
    410.0   0.08020
    415.0   0.08310
    420.0   0.08670
    425.0   0.09093
    430.0   0.09559
    435.0   0.10053
    440.0   0.10533
    445.0   0.10929
    450.0   0.11317
    455.0   0.11656
    460.0   0.11914
    465.0   0.12085
    470.0   0.12255
    475.0   0.12427
    480.0   0.12659
    485.0   0.13013
    490.0   0.13369
    495.0   0.13797
    500.0   0.14262
    505.0   0.14710
    510.0   0.15192
    515.0   0.15652
    520.0   0.16144
    525.0   0.16628
    530.0   0.17034
    535.0   0.17465
    540.0   0.17962
    545.0   0.18406
    550.0   0.18906
    555.0   0.19413
    560.0   0.19929
    565.0   0.20450
    570.0   0.20948
    575.0   0.21393
    580.0   0.21879
    585.0   0.22258
    590.0   0.22636
    595.0   0.22982
    600.0   0.23302
    605.0   0.23544
    610.0   0.23783
    615.0   0.23994
    620.0   0.24201
    625.0   0.24408
    630.0   0.24618
    635.0   0.24737
    640.0   0.24868
    645.0   0.25033
    650.0   0.25243
    655.0   0.25360
    660.0   0.25575
    665.0   0.25739
    670.0   0.25895
    675.0   0.26015
    680.0   0.26177
    685.0   0.26340
    690.0   0.26493
    695.0   0.26621
    700.0   0.26779
    705.0   0.26877
    710.0   0.27021
    715.0   0.27132
    720.0   0.27259
    725.0   0.27390
    730.0   0.27442
    735.0   0.27586
    740.0   0.27708
    745.0   0.27739
    750.0   0.27833
    755.0   0.27928
    760.0   0.28026
    765.0   0.28051
    770.0   0.28110
    775.0   0.28132
    780.0   0.28198
    785.0   0.28265
    790.0   0.28261
    795.0   0.28283
    800.0   0.28334
    805.0   0.28321
    810.0   0.28345
    815.0   0.28325
    820.0   0.28320
    825.0   0.28335
    830.0   0.28339
    835.0   0.28328
    840.0   0.28363
    845.0   0.28360
    850.0   0.28301
    855.0   0.28364
    860.0   0.28481
    865.0   0.28334
    870.0   0.28294
    875.0   0.28255
    880.0   0.28339
    885.0   0.28330
    890.0   0.28311
    895.0   0.28241
    900.0   0.28253
    905.0   0.28413
    910.0   0.28325
    915.0   0.28277
    920.0   0.28367
    925.0   0.28353
    930.0   0.28495
    935.0   0.28374
    940.0   0.28375
    945.0   0.28441
    950.0   0.28447
    955.0   0.28348
    960.0   0.28393
    965.0   0.28397
    970.0   0.28434
    975.0   0.28424
    980.0   0.28403
    985.0   0.28357
    990.0   0.28359
    995.0   0.28403
   1000.0   0.28417
   1005.0   0.28432
   1010.0   0.28438
   1015.0   0.28431
   1020.0   0.28503
   1025.0   0.28434
   1030.0   0.28445
   1035.0   0.28542
   1040.0   0.28479
   1045.0   0.28585
   1050.0   0.28506
   1055.0   0.28599
   1060.0   0.28575
   1065.0   0.28675
   1070.0   0.28692
   1075.0   0.28667
   1080.0   0.28710
   1085.0   0.28771
   1090.0   0.28787
   1095.0   0.28806
   1100.0   0.28718
   1105.0   0.28857
   1110.0   0.28961
   1115.0   0.29019
   1120.0   0.28946
   1125.0   0.29044
   1130.0   0.29049
   1135.0   0.29022
   1140.0   0.29073
   1145.0   0.29081
   1150.0   0.29131
   1155.0   0.29165
   1160.0   0.29092
   1165.0   0.29132
   1170.0   0.29171
   1175.0   0.29258
   1180.0   0.29285
   1185.0   0.29352
   1190.0   0.29326
   1195.0   0.29322
   1200.0   0.29358
   1205.0   0.29432
   1210.0   0.29372
   1215.0   0.29466
   1220.0   0.29446
   1225.0   0.29453
   1230.0   0.29440
   1235.0   0.29457
   1240.0   0.29454
   1245.0   0.29474
   1250.0   0.29458
   1255.0   0.29570
   1260.0   0.29607
   1265.0   0.29615
   1270.0   0.29716
   1275.0   0.29690
   1280.0   0.29602
   1285.0   0.29753
   1290.0   0.29730
   1295.0   0.29692
   1300.0   0.29724
   1305.0   0.29846
   1310.0   0.29788
   1315.0   0.29785
   1320.0   0.29790
   1325.0   0.29836
   1330.0   0.29891
   1335.0   0.29919
   1340.0   0.29924
   1345.0   0.29943
   1350.0   0.29888
   1355.0   0.29940
   1360.0   0.29876
   1365.0   0.29955
   1370.0   0.29928
   1375.0   0.29980
   1380.0   0.29958
   1385.0   0.30066
   1390.0   0.29938
   1395.0   0.29705
   1400.0   0.29628
   1405.0   0.29527
   1410.0   0.29515
   1415.0   0.29440
   1420.0   0.29318
   1425.0   0.29484
   1430.0   0.29629
   1435.0   0.29657
   1440.0   0.29734
   1445.0   0.29729
   1450.0   0.29914
   1455.0   0.30060
   1460.0   0.30006
   1465.0   0.29981
   1470.0   0.30091
   1475.0   0.30133
   1480.0   0.30146
   1485.0   0.30236
   1490.0   0.30267
   1495.0   0.30493
   1500.0   0.30412
   1505.0   0.30458
   1510.0   0.30490
   1515.0   0.30614
   1520.0   0.30589
   1525.0   0.30578
   1530.0   0.30688
   1535.0   0.30648
   1540.0   0.30643
   1545.0   0.30709
   1550.0   0.30764
   1555.0   0.30816
   1560.0   0.30818
   1565.0   0.30758
   1570.0   0.30968
   1575.0   0.30874
   1580.0   0.30912
   1585.0   0.30955
   1590.0   0.30997
   1595.0   0.30957
   1600.0   0.30990
   1605.0   0.31054
   1610.0   0.31245
   1615.0   0.31217
   1620.0   0.31145
   1625.0   0.31155
   1630.0   0.31139
   1635.0   0.31089
   1640.0   0.31138
   1645.0   0.31254
   1650.0   0.31085
   1655.0   0.31331
   1660.0   0.31374
   1665.0   0.31230
   1670.0   0.31284
   1675.0   0.31513
   1680.0   0.31485
   1685.0   0.31450
   1690.0   0.31404
   1695.0   0.31413
   1700.0   0.31418
   1705.0   0.31448
   1710.0   0.31453
   1715.0   0.31368
   1720.0   0.31436
   1725.0   0.31400
   1730.0   0.31381
   1735.0   0.31467
   1740.0   0.31542
   1745.0   0.31415
   1750.0   0.31538
   1755.0   0.31622
   1760.0   0.31642
   1765.0   0.31632
   1770.0   0.31652
   1775.0   0.31585
   1780.0   0.31572
   1785.0   0.31596
   1790.0   0.31733
   1795.0   0.31631
   1800.0   0.31634
   1805.0   0.31612
   1810.0   0.31802
   1815.0   0.31753
   1820.0   0.31709
   1825.0   0.31837
   1830.0   0.31848
   1835.0   0.31797
   1840.0   0.31783
   1845.0   0.31702
   1850.0   0.31791
   1855.0   0.31853
   1860.0   0.31792
   1865.0   0.31773
   1870.0   0.31701
   1875.0   0.31556
   1880.0   0.31681
   1885.0   0.31618
   1890.0   0.31318
   1895.0   0.30854
   1900.0   0.30332
   1905.0   0.29766
   1910.0   0.29027
   1915.0   0.28682
   1920.0   0.28553
   1925.0   0.28617
   1930.0   0.28853
   1935.0   0.29129
   1940.0   0.29201
   1945.0   0.29379
   1950.0   0.29525
   1955.0   0.29738
   1960.0   0.29786
   1965.0   0.29902
   1970.0   0.30021
   1975.0   0.30037
   1980.0   0.30242
   1985.0   0.30369
   1990.0   0.30427
   1995.0   0.30653
   2000.0   0.30799
   2005.0   0.30863
   2010.0   0.31035
   2015.0   0.31013
   2020.0   0.31024
   2025.0   0.31219
   2030.0   0.31294
   2035.0   0.31233
   2040.0   0.31235
   2045.0   0.31295
   2050.0   0.31524
   2055.0   0.31569
   2060.0   0.31611
   2065.0   0.31753
   2070.0   0.31800
   2075.0   0.31812
   2080.0   0.31809
   2085.0   0.31885
   2090.0   0.31958
   2095.0   0.31928
   2100.0   0.32028
   2105.0   0.32077
   2110.0   0.31983
   2115.0   0.32090
   2120.0   0.31914
   2125.0   0.31982
   2130.0   0.32070
   2135.0   0.32154
   2140.0   0.32231
   2145.0   0.32220
   2150.0   0.32146
   2155.0   0.32096
   2160.0   0.32013
   2165.0   0.32047
   2170.0   0.32208
   2175.0   0.32165
   2180.0   0.32143
   2185.0   0.32133
   2190.0   0.32141
   2195.0   0.32084
   2200.0   0.31915
   2205.0   0.31727
   2210.0   0.31623
   2215.0   0.31683
   2220.0   0.31810
   2225.0   0.31812
   2230.0   0.31800
   2235.0   0.31699
   2240.0   0.31681
   2245.0   0.31630
   2250.0   0.31495
   2255.0   0.31603
   2260.0   0.31610
   2265.0   0.31627
   2270.0   0.31812
   2275.0   0.31811
   2280.0   0.31886
   2285.0   0.31879
   2290.0   0.31726
   2295.0   0.31515
   2300.0   0.31443
   2305.0   0.31329
   2310.0   0.31329
   2315.0   0.31527
   2320.0   0.31529
   2325.0   0.31568
   2330.0   0.31405
   2335.0   0.31344
   2340.0   0.31385
   2345.0   0.31432
   2350.0   0.31501
   2355.0   0.31427
   2360.0   0.31344
   2365.0   0.31283
   2370.0   0.31327
   2375.0   0.31303
   2380.0   0.31113
   2385.0   0.31009
   2390.0   0.30960
   2395.0   0.30944
   2400.0   0.30925
   2405.0   0.30916
   2410.0   0.30804
   2415.0   0.30792
   2420.0   0.30611
   2425.0   0.30562
   2430.0   0.30432
   2435.0   0.30284
   2440.0   0.30197
   2445.0   0.30011
   2450.0   0.29970
   2455.0   0.29939
   2460.0   0.29869
   2465.0   0.29662
   2470.0   0.29505
   2475.0   0.29480
   2480.0   0.29385
   2485.0   0.29560
   2490.0   0.29572
   2495.0   0.29287
   2500.0   0.29147
   2505.0   0.29016
   2510.0   0.28993
   2515.0   0.28959
   2520.0   0.28996
   2525.0   0.28815
   2530.0   0.28882
   2535.0   0.29017
   2540.0   0.29221
   2545.0   0.29005
   2550.0   0.28943
   2555.0   0.28956
   2560.0   0.28814
   2565.0   0.28530
   2570.0   0.28946
   2575.0   0.28784
   2580.0   0.28787
   2585.0   0.28889
   2590.0   0.28792
   2595.0   0.29010
   2600.0   0.28754
   2605.0   0.28737
   2610.0   0.28626
   2615.0   0.28744
   2620.0   0.28397
   2625.0   0.28388
   2630.0   0.28203
   2635.0   0.27992
   2640.0   0.28076
   2645.0   0.27867
   2650.0   0.27585
   2655.0   0.27471
   2660.0   0.27028
   2665.0   0.26844
   2670.0   0.26559
   2675.0   0.25951
   2680.0   0.25291
   2685.0   0.24556
   2690.0   0.23515
   2695.0   0.22468
   2700.0   0.21005
   2705.0   0.19229
   2710.0   0.17132
   2715.0   0.15344
   2720.0   0.13761
   2725.0   0.12639
   2730.0   0.11550
   2735.0   0.10175
   2740.0   0.08561
   2745.0   0.07481
   2750.0   0.07129
   2755.0   0.06368
   2760.0   0.05014
   2765.0   0.04680
   2770.0   0.03961
   2775.0   0.03261
   2780.0   0.02974
   2785.0   0.03273
   2790.0   0.03088
   2795.0   0.03892
   2800.0   0.03790
   2805.0   0.02994
   2810.0   0.03097
   2815.0   0.02901
   2820.0   0.03246
   2825.0   0.03513
   2830.0   0.03985
   2835.0   0.04247
   2840.0   0.04161
   2845.0   0.04007
   2850.0   0.03819
   2855.0   0.04111
   2860.0   0.04054
   2865.0   0.03908
   2870.0   0.04050
   2875.0   0.03801
   2880.0   0.03675
   2885.0   0.03890
   2890.0   0.03636
   2895.0   0.03558
   2900.0   0.03571
   2905.0   0.03493
   2910.0   0.03495
   2915.0   0.03430
   2920.0   0.03319
   2925.0   0.03536
   2930.0   0.03526
   2935.0   0.03451
   2940.0   0.03244
   2945.0   0.03365
   2950.0   0.03391
   2955.0   0.03207
   2960.0   0.03245
   2965.0   0.03252
   2970.0   0.03208
   2975.0   0.03447
   2980.0   0.03362
   2985.0   0.03548
   2990.0   0.03449
   2995.0   0.03429
   3000.0   0.03497
   3005.0   0.03471
   3010.0   0.03619
   3015.0   0.03696
   3020.0   0.03818
   3025.0   0.03715
   3030.0   0.03884
   3035.0   0.03930
   3040.0   0.03881
   3045.0   0.03979
   3050.0   0.03963
   3055.0   0.04152
   3060.0   0.04145
   3065.0   0.04183
   3070.0   0.04347
   3075.0   0.04274
   3080.0   0.04257
   3085.0   0.04319
   3090.0   0.04418
   3095.0   0.04447
   3100.0   0.04456
   3105.0   0.04586
   3110.0   0.04791
   3115.0   0.04694
   3120.0   0.04954
   3125.0   0.05010
   3130.0   0.04978
   3135.0   0.05151
   3140.0   0.05283
   3145.0   0.05410
   3150.0   0.05571
   3155.0   0.05608
   3160.0   0.05706
   3165.0   0.05949
   3170.0   0.06027
   3175.0   0.06280
   3180.0   0.06188
   3185.0   0.06423
   3190.0   0.06629
   3195.0   0.06891
   3200.0   0.06967
   3205.0   0.07177
   3210.0   0.07242
   3215.0   0.07718
   3220.0   0.07679
   3225.0   0.07739
   3230.0   0.08077
   3235.0   0.08307
   3240.0   0.08446
   3245.0   0.08670
   3250.0   0.08892
   3255.0   0.09080
   3260.0   0.09215
   3265.0   0.09571
   3270.0   0.09908
   3275.0   0.09985
   3280.0   0.10209
   3285.0   0.10369
   3290.0   0.10580
   3295.0   0.10893
   3300.0   0.11021
   3305.0   0.11348
   3310.0   0.11532
   3315.0   0.11656
   3320.0   0.11982
   3325.0   0.12247
   3330.0   0.12464
   3335.0   0.12806
   3340.0   0.12917
   3345.0   0.13337
   3350.0   0.13454
   3355.0   0.13936
   3360.0   0.14003
   3365.0   0.14273
   3370.0   0.14450
   3375.0   0.14528
   3380.0   0.14989
   3385.0   0.15395
   3390.0   0.15381
   3395.0   0.15556
   3400.0   0.15916
   3405.0   0.16231
   3410.0   0.16481
   3415.0   0.17130
   3420.0   0.17069
   3425.0   0.17216
   3430.0   0.17620
   3435.0   0.18246
   3440.0   0.18246
   3445.0   0.18116
   3450.0   0.18635
   3455.0   0.18603
   3460.0   0.18774
   3465.0   0.18603
   3470.0   0.19238
   3475.0   0.19139
   3480.0   0.19316
   3485.0   0.19835
   3490.0   0.19770
   3495.0   0.20317
   3500.0   0.20112



 C1NV30      .ASC                        

 NV-RBS-030                                                              
 EC-SP   ELEGANTE CRATER   PINACATES  SONORA, MEXICO  POWDER <2000 UM    
 RATIOS ADJUSTED USING NBS HALON CALIBRATION TABLE                       

 Source Ang: 30.00   Detect Ang:  0.00  Volt: 0.222
 Date: 07-JUL-89   Time: 14:13:11
