   651
    350.0   0.62829
    355.0   0.63363
    360.0   0.63875
    365.0   0.64129
    370.0   0.64321
    375.0   0.64657
    380.0   0.64886
    385.0   0.65176
    390.0   0.65477
    395.0   0.65906
    400.0   0.65472
    405.0   0.65846
    410.0   0.66076
    415.0   0.66150
    420.0   0.66299
    425.0   0.66702
    430.0   0.66825
    435.0   0.67032
    440.0   0.67419
    445.0   0.67609
    450.0   0.67894
    455.0   0.67871
    460.0   0.68234
    465.0   0.68278
    470.0   0.68411
    475.0   0.68645
    480.0   0.68774
    485.0   0.68982
    490.0   0.69021
    495.0   0.69170
    500.0   0.69381
    505.0   0.69677
    510.0   0.69778
    515.0   0.69950
    520.0   0.70218
    525.0   0.70198
    530.0   0.70626
    535.0   0.70762
    540.0   0.71192
    545.0   0.71533
    550.0   0.72128
    555.0   0.72697
    560.0   0.73696
    565.0   0.74605
    570.0   0.75701
    575.0   0.76868
    580.0   0.78104
    585.0   0.79191
    590.0   0.80331
    595.0   0.81238
    600.0   0.82029
    605.0   0.82605
    610.0   0.83108
    615.0   0.83573
    620.0   0.83968
    625.0   0.84343
    630.0   0.84507
    635.0   0.84850
    640.0   0.84973
    645.0   0.85198
    650.0   0.85262
    655.0   0.85584
    660.0   0.85621
    665.0   0.85892
    670.0   0.85902
    675.0   0.86112
    680.0   0.86512
    685.0   0.86368
    690.0   0.86489
    695.0   0.86869
    700.0   0.86884
    705.0   0.86984
    710.0   0.87143
    715.0   0.87317
    720.0   0.87399
    725.0   0.87461
    730.0   0.87702
    735.0   0.87721
    740.0   0.87644
    745.0   0.87800
    750.0   0.87852
    755.0   0.87879
    760.0   0.87824
    765.0   0.87810
    770.0   0.87805
    775.0   0.87697
    780.0   0.87841
    785.0   0.87834
    790.0   0.87740
    795.0   0.87855
    800.0   0.87903
    805.0   0.87710
    810.0   0.87631
    815.0   0.87608
    820.0   0.87533
    825.0   0.87497
    830.0   0.87496
    835.0   0.87434
    840.0   0.87627
    845.0   0.87466
    850.0   0.87484
    855.0   0.87533
    860.0   0.87468
    865.0   0.87645
    870.0   0.87616
    875.0   0.87645
    880.0   0.87550
    885.0   0.87227
    890.0   0.87509
    895.0   0.87546
    900.0   0.87788
    905.0   0.87652
    910.0   0.87850
    915.0   0.87865
    920.0   0.87889
    925.0   0.88083
    930.0   0.88113
    935.0   0.88258
    940.0   0.88550
    945.0   0.88488
    950.0   0.88443
    955.0   0.88626
    960.0   0.88365
    965.0   0.88617
    970.0   0.88857
    975.0   0.88691
    980.0   0.88701
    985.0   0.88873
    990.0   0.89064
    995.0   0.88986
   1000.0   0.89087
   1005.0   0.88997
   1010.0   0.89337
   1015.0   0.89144
   1020.0   0.89384
   1025.0   0.89273
   1030.0   0.89242
   1035.0   0.89297
   1040.0   0.89395
   1045.0   0.89421
   1050.0   0.89455
   1055.0   0.89298
   1060.0   0.89497
   1065.0   0.89623
   1070.0   0.89621
   1075.0   0.89768
   1080.0   0.90016
   1085.0   0.89665
   1090.0   0.89733
   1095.0   0.89731
   1100.0   0.89861
   1105.0   0.90047
   1110.0   0.89973
   1115.0   0.90301
   1120.0   0.89906
   1125.0   0.90024
   1130.0   0.90158
   1135.0   0.90240
   1140.0   0.90180
   1145.0   0.90177
   1150.0   0.90120
   1155.0   0.90165
   1160.0   0.90277
   1165.0   0.90214
   1170.0   0.90414
   1175.0   0.90351
   1180.0   0.90470
   1185.0   0.90305
   1190.0   0.90426
   1195.0   0.90407
   1200.0   0.90496
   1205.0   0.90762
   1210.0   0.90773
   1215.0   0.90714
   1220.0   0.90681
   1225.0   0.90907
   1230.0   0.90732
   1235.0   0.90837
   1240.0   0.90885
   1245.0   0.91083
   1250.0   0.90679
   1255.0   0.90732
   1260.0   0.90929
   1265.0   0.90911
   1270.0   0.90875
   1275.0   0.90832
   1280.0   0.90794
   1285.0   0.90711
   1290.0   0.90740
   1295.0   0.90886
   1300.0   0.90648
   1305.0   0.90805
   1310.0   0.90899
   1315.0   0.90969
   1320.0   0.90850
   1325.0   0.90738
   1330.0   0.90837
   1335.0   0.90874
   1340.0   0.90868
   1345.0   0.90799
   1350.0   0.90894
   1355.0   0.91004
   1360.0   0.90934
   1365.0   0.90426
   1370.0   0.90704
   1375.0   0.90564
   1380.0   0.91090
   1385.0   0.90331
   1390.0   0.90398
   1395.0   0.90654
   1400.0   0.90390
   1405.0   0.90347
   1410.0   0.90086
   1415.0   0.90263
   1420.0   0.90243
   1425.0   0.90308
   1430.0   0.90408
   1435.0   0.90364
   1440.0   0.90316
   1445.0   0.90629
   1450.0   0.90433
   1455.0   0.90338
   1460.0   0.90273
   1465.0   0.90547
   1470.0   0.90351
   1475.0   0.90603
   1480.0   0.90736
   1485.0   0.90480
   1490.0   0.90542
   1495.0   0.90487
   1500.0   0.90632
   1505.0   0.90621
   1510.0   0.90509
   1515.0   0.90937
   1520.0   0.90904
   1525.0   0.91034
   1530.0   0.90832
   1535.0   0.90573
   1540.0   0.90885
   1545.0   0.91013
   1550.0   0.90872
   1555.0   0.90885
   1560.0   0.90935
   1565.0   0.90703
   1570.0   0.90562
   1575.0   0.90791
   1580.0   0.91082
   1585.0   0.91099
   1590.0   0.90965
   1595.0   0.90989
   1600.0   0.91048
   1605.0   0.91124
   1610.0   0.91101
   1615.0   0.90823
   1620.0   0.91156
   1625.0   0.90906
   1630.0   0.90951
   1635.0   0.91042
   1640.0   0.90864
   1645.0   0.91026
   1650.0   0.90685
   1655.0   0.90718
   1660.0   0.91163
   1665.0   0.91027
   1670.0   0.90818
   1675.0   0.91074
   1680.0   0.90762
   1685.0   0.90863
   1690.0   0.90945
   1695.0   0.90884
   1700.0   0.91046
   1705.0   0.90828
   1710.0   0.90809
   1715.0   0.90616
   1720.0   0.90599
   1725.0   0.90459
   1730.0   0.90446
   1735.0   0.90552
   1740.0   0.90311
   1745.0   0.90424
   1750.0   0.90354
   1755.0   0.90352
   1760.0   0.90506
   1765.0   0.90556
   1770.0   0.90635
   1775.0   0.90691
   1780.0   0.91114
   1785.0   0.90894
   1790.0   0.90911
   1795.0   0.90782
   1800.0   0.90646
   1805.0   0.90808
   1810.0   0.90695
   1815.0   0.90401
   1820.0   0.90435
   1825.0   0.90263
   1830.0   0.90177
   1835.0   0.90000
   1840.0   0.89548
   1845.0   0.88805
   1850.0   0.88857
   1855.0   0.88565
   1860.0   0.88406
   1865.0   0.87817
   1870.0   0.87568
   1875.0   0.85745
   1880.0   0.85041
   1885.0   0.86296
   1890.0   0.87841
   1895.0   0.88491
   1900.0   0.88881
   1905.0   0.88870
   1910.0   0.88448
   1915.0   0.88599
   1920.0   0.88463
   1925.0   0.88318
   1930.0   0.88318
   1935.0   0.88427
   1940.0   0.88446
   1945.0   0.88131
   1950.0   0.88249
   1955.0   0.87943
   1960.0   0.87699
   1965.0   0.87411
   1970.0   0.87248
   1975.0   0.87064
   1980.0   0.86905
   1985.0   0.86786
   1990.0   0.86476
   1995.0   0.85616
   2000.0   0.85064
   2005.0   0.85411
   2010.0   0.86729
   2015.0   0.87496
   2020.0   0.88166
   2025.0   0.88731
   2030.0   0.89109
   2035.0   0.89351
   2040.0   0.89588
   2045.0   0.89726
   2050.0   0.89814
   2055.0   0.89926
   2060.0   0.89938
   2065.0   0.89999
   2070.0   0.89885
   2075.0   0.89887
   2080.0   0.90012
   2085.0   0.89868
   2090.0   0.89949
   2095.0   0.89718
   2100.0   0.89569
   2105.0   0.89362
   2110.0   0.89335
   2115.0   0.89037
   2120.0   0.88975
   2125.0   0.88797
   2130.0   0.88731
   2135.0   0.88369
   2140.0   0.88241
   2145.0   0.87610
   2150.0   0.86670
   2155.0   0.85973
   2160.0   0.86055
   2165.0   0.86090
   2170.0   0.86293
   2175.0   0.86686
   2180.0   0.87204
   2185.0   0.87710
   2190.0   0.88022
   2195.0   0.88184
   2200.0   0.87805
   2205.0   0.87382
   2210.0   0.87052
   2215.0   0.86722
   2220.0   0.86442
   2225.0   0.85944
   2230.0   0.85196
   2235.0   0.84593
   2240.0   0.83851
   2245.0   0.83122
   2250.0   0.82116
   2255.0   0.81468
   2260.0   0.80777
   2265.0   0.79772
   2270.0   0.78523
   2275.0   0.77210
   2280.0   0.75400
   2285.0   0.74066
   2290.0   0.72497
   2295.0   0.71430
   2300.0   0.70657
   2305.0   0.70209
   2310.0   0.69531
   2315.0   0.68930
   2320.0   0.68202
   2325.0   0.67184
   2330.0   0.65606
   2335.0   0.63668
   2340.0   0.62726
   2345.0   0.62507
   2350.0   0.63104
   2355.0   0.66033
   2360.0   0.69883
   2365.0   0.73479
   2370.0   0.77343
   2375.0   0.80339
   2380.0   0.81853
   2385.0   0.82804
   2390.0   0.83397
   2395.0   0.83480
   2400.0   0.82956
   2405.0   0.82694
   2410.0   0.82834
   2415.0   0.82146
   2420.0   0.82221
   2425.0   0.81324
   2430.0   0.80454
   2435.0   0.79692
   2440.0   0.78489
   2445.0   0.77277
   2450.0   0.76000
   2455.0   0.74531
   2460.0   0.72992
   2465.0   0.71180
   2470.0   0.69036
   2475.0   0.67058
   2480.0   0.64934
   2485.0   0.63444
   2490.0   0.61807
   2495.0   0.61088
   2500.0   0.60511
   2505.0   0.60213
   2510.0   0.59493
   2515.0   0.58891
   2520.0   0.57431
   2525.0   0.55678
   2530.0   0.53634
   2535.0   0.51435
   2540.0   0.50219
   2545.0   0.51886
   2550.0   0.55082
   2555.0   0.60198
   2560.0   0.65733
   2565.0   0.69974
   2570.0   0.72826
   2575.0   0.75538
   2580.0   0.76687
   2585.0   0.78320
   2590.0   0.78289
   2595.0   0.80597
   2600.0   0.80397
   2605.0   0.83021
   2610.0   0.81646
   2615.0   0.83473
   2620.0   0.83076
   2625.0   0.82968
   2630.0   0.85275
   2635.0   0.82347
   2640.0   0.83603
   2645.0   0.84584
   2650.0   0.84034
   2655.0   0.85261
   2660.0   0.84423
   2665.0   0.85792
   2670.0   0.84453
   2675.0   0.82087
   2680.0   0.80211
   2685.0   0.79609
   2690.0   0.78660
   2695.0   0.78220
   2700.0   0.75659
   2705.0   0.74799
   2710.0   0.72973
   2715.0   0.70928
   2720.0   0.67949
   2725.0   0.64497
   2730.0   0.62385
   2735.0   0.61288
   2740.0   0.61160
   2745.0   0.59541
   2750.0   0.58397
   2755.0   0.57419
   2760.0   0.57614
   2765.0   0.55387
   2770.0   0.52460
   2775.0   0.49206
   2780.0   0.47204
   2785.0   0.45893
   2790.0   0.44797
   2795.0   0.45865
   2800.0   0.46794
   2805.0   0.47681
   2810.0   0.49589
   2815.0   0.50991
   2820.0   0.52101
   2825.0   0.52418
   2830.0   0.52494
   2835.0   0.53384
   2840.0   0.52984
   2845.0   0.53289
   2850.0   0.53164
   2855.0   0.53488
   2860.0   0.53588
   2865.0   0.53294
   2870.0   0.53722
   2875.0   0.53834
   2880.0   0.53104
   2885.0   0.52990
   2890.0   0.53386
   2895.0   0.52626
   2900.0   0.52588
   2905.0   0.52571
   2910.0   0.52855
   2915.0   0.52654
   2920.0   0.52792
   2925.0   0.52585
   2930.0   0.52315
   2935.0   0.52161
   2940.0   0.52535
   2945.0   0.52538
   2950.0   0.52295
   2955.0   0.52524
   2960.0   0.52273
   2965.0   0.52557
   2970.0   0.52829
   2975.0   0.52711
   2980.0   0.52867
   2985.0   0.52936
   2990.0   0.52890
   2995.0   0.53271
   3000.0   0.52692
   3005.0   0.53269
   3010.0   0.53418
   3015.0   0.53361
   3020.0   0.52915
   3025.0   0.52945
   3030.0   0.52874
   3035.0   0.53075
   3040.0   0.52618
   3045.0   0.52510
   3050.0   0.51640
   3055.0   0.51704
   3060.0   0.51030
   3065.0   0.50623
   3070.0   0.50630
   3075.0   0.50397
   3080.0   0.50121
   3085.0   0.49484
   3090.0   0.48875
   3095.0   0.48315
   3100.0   0.47345
   3105.0   0.46255
   3110.0   0.46093
   3115.0   0.46340
   3120.0   0.47124
   3125.0   0.47955
   3130.0   0.48566
   3135.0   0.48590
   3140.0   0.48126
   3145.0   0.47672
   3150.0   0.47626
   3155.0   0.47468
   3160.0   0.48083
   3165.0   0.49014
   3170.0   0.50013
   3175.0   0.51340
   3180.0   0.52236
   3185.0   0.52641
   3190.0   0.52619
   3195.0   0.52615
   3200.0   0.52405
   3205.0   0.51847
   3210.0   0.51537
   3215.0   0.51278
   3220.0   0.50831
   3225.0   0.50315
   3230.0   0.49781
   3235.0   0.49500
   3240.0   0.49151
   3245.0   0.48769
   3250.0   0.47827
   3255.0   0.47376
   3260.0   0.46547
   3265.0   0.46097
   3270.0   0.45188
   3275.0   0.44451
   3280.0   0.43737
   3285.0   0.42718
   3290.0   0.41744
   3295.0   0.40725
   3300.0   0.39396
   3305.0   0.38418
   3310.0   0.36821
   3315.0   0.35442
   3320.0   0.33402
   3325.0   0.31342
   3330.0   0.28512
   3335.0   0.24130
   3340.0   0.19252
   3345.0   0.14906
   3350.0   0.12056
   3355.0   0.10715
   3360.0   0.10701
   3365.0   0.11316
   3370.0   0.11976
   3375.0   0.12321
   3380.0   0.12426
   3385.0   0.12571
   3390.0   0.12786
   3395.0   0.12961
   3400.0   0.13409
   3405.0   0.13551
   3410.0   0.13659
   3415.0   0.13872
   3420.0   0.14070
   3425.0   0.14029
   3430.0   0.14266
   3435.0   0.14150
   3440.0   0.13888
   3445.0   0.13882
   3450.0   0.13665
   3455.0   0.13376
   3460.0   0.12239
   3465.0   0.11455
   3470.0   0.09893
   3475.0   0.08860
   3480.0   0.08152
   3485.0   0.08167
   3490.0   0.08563
   3495.0   0.08682
   3500.0   0.09837
   3505.0   0.10536
   3510.0   0.11325
   3515.0   0.12169
   3520.0   0.14552
   3525.0   0.17126
   3530.0   0.20111
   3535.0   0.23993
   3540.0   0.27518
   3545.0   0.30159
   3550.0   0.32010
   3555.0   0.33645
   3560.0   0.34056
   3565.0   0.35224
   3570.0   0.35104
   3575.0   0.35875
   3580.0   0.36257
   3585.0   0.39977
   3590.0   0.42787
   3595.0   0.43938
   3600.0   0.43778



 C1PC55      .ASC                        

 PC-CMP-055                                                              
 RED CALCITE PURCHASED BY SFP IN GEM STORE AT BUSHKILL FALLS PA          
 <250 UM PARTICLES  REDNESS DUE TO HEMATITE? IN FRACTURES                
 RATIOS ADJUSTED USING NBS HALON CALIBRATION TABLE                       

 Source Ang: 30.00   Detect Ang:  0.00  Volt: 0.777
 Date: 25-OCT-88   Time: 11:43:30
