   661
    300.0   0.15326
    305.0   0.15611
    310.0   0.16791
    315.0   0.17981
    320.0   0.19542
    325.0   0.21423
    330.0   0.23502
    335.0   0.25710
    340.0   0.28278
    345.0   0.30747
    350.0   0.33165
    355.0   0.35566
    360.0   0.37941
    365.0   0.39967
    370.0   0.41944
    375.0   0.43539
    380.0   0.44864
    385.0   0.46104
    390.0   0.47145
    395.0   0.47992
    400.0   0.48980
    405.0   0.49389
    410.0   0.50878
    415.0   0.51746
    420.0   0.52350
    425.0   0.53106
    430.0   0.53653
    435.0   0.54266
    440.0   0.54673
    445.0   0.55049
    450.0   0.55151
    455.0   0.55460
    460.0   0.55940
    465.0   0.56664
    470.0   0.57045
    475.0   0.57588
    480.0   0.58473
    485.0   0.58941
    490.0   0.59133
    495.0   0.59484
    500.0   0.59970
    505.0   0.60688
    510.0   0.61325
    515.0   0.61554
    520.0   0.61935
    525.0   0.62231
    530.0   0.62443
    535.0   0.62780
    540.0   0.63171
    545.0   0.63587
    550.0   0.63778
    555.0   0.64309
    560.0   0.64403
    565.0   0.64803
    570.0   0.64938
    575.0   0.65099
    580.0   0.65231
    585.0   0.65254
    590.0   0.65387
    595.0   0.65521
    600.0   0.65461
    605.0   0.65776
    610.0   0.65687
    615.0   0.65775
    620.0   0.65674
    625.0   0.65598
    630.0   0.65600
    635.0   0.65642
    640.0   0.65715
    645.0   0.65874
    650.0   0.65987
    655.0   0.66208
    660.0   0.66240
    665.0   0.66355
    670.0   0.66317
    675.0   0.66370
    680.0   0.66367
    685.0   0.66351
    690.0   0.66232
    695.0   0.66119
    700.0   0.66060
    705.0   0.65933
    710.0   0.65754
    715.0   0.65570
    720.0   0.65343
    725.0   0.65123
    730.0   0.64796
    735.0   0.64509
    740.0   0.64233
    745.0   0.63951
    750.0   0.63639
    755.0   0.63261
    760.0   0.62897
    765.0   0.62362
    770.0   0.62005
    775.0   0.61630
    780.0   0.61256
    785.0   0.60873
    790.0   0.60391
    795.0   0.60059
    800.0   0.59581
    805.0   0.59267
    810.0   0.58752
    815.0   0.58522
    820.0   0.58149
    825.0   0.57764
    830.0   0.57508
    835.0   0.57328
    840.0   0.56928
    845.0   0.56644
    850.0   0.56355
    855.0   0.56139
    860.0   0.55899
    865.0   0.55712
    870.0   0.55480
    875.0   0.55301
    880.0   0.54998
    885.0   0.54851
    890.0   0.54737
    895.0   0.54640
    900.0   0.54351
    905.0   0.54092
    910.0   0.53707
    915.0   0.53590
    920.0   0.53195
    925.0   0.52697
    930.0   0.52466
    935.0   0.52178
    940.0   0.51830
    945.0   0.51291
    950.0   0.50825
    955.0   0.50355
    960.0   0.49730
    965.0   0.49273
    970.0   0.48831
    975.0   0.48318
    980.0   0.47853
    985.0   0.47482
    990.0   0.46898
    995.0   0.46353
   1000.0   0.46041
   1005.0   0.45656
   1010.0   0.45364
   1015.0   0.44837
   1020.0   0.44588
   1025.0   0.44390
   1030.0   0.44027
   1035.0   0.43914
   1040.0   0.43661
   1045.0   0.43535
   1050.0   0.43463
   1055.0   0.43344
   1060.0   0.43322
   1065.0   0.43285
   1070.0   0.43354
   1075.0   0.43497
   1080.0   0.43526
   1085.0   0.43778
   1090.0   0.43994
   1095.0   0.44259
   1100.0   0.44542
   1105.0   0.44785
   1110.0   0.45223
   1115.0   0.45631
   1120.0   0.45692
   1125.0   0.46229
   1130.0   0.46535
   1135.0   0.46916
   1140.0   0.47135
   1145.0   0.47350
   1150.0   0.47615
   1155.0   0.47761
   1160.0   0.48121
   1165.0   0.48234
   1170.0   0.48745
   1175.0   0.48919
   1180.0   0.49012
   1185.0   0.49167
   1190.0   0.49227
   1195.0   0.49297
   1200.0   0.49488
   1205.0   0.49599
   1210.0   0.49758
   1215.0   0.50005
   1220.0   0.50178
   1225.0   0.50267
   1230.0   0.50368
   1235.0   0.50500
   1240.0   0.50626
   1245.0   0.50791
   1250.0   0.51004
   1255.0   0.51116
   1260.0   0.51351
   1265.0   0.51546
   1270.0   0.51780
   1275.0   0.51933
   1280.0   0.52109
   1285.0   0.52364
   1290.0   0.52582
   1295.0   0.52807
   1300.0   0.53102
   1305.0   0.53358
   1310.0   0.53593
   1315.0   0.53862
   1320.0   0.54116
   1325.0   0.54419
   1330.0   0.54729
   1335.0   0.55042
   1340.0   0.55363
   1345.0   0.55657
   1350.0   0.55970
   1355.0   0.56287
   1360.0   0.56696
   1365.0   0.57024
   1370.0   0.57302
   1375.0   0.57651
   1380.0   0.58084
   1385.0   0.58419
   1390.0   0.58796
   1395.0   0.59203
   1400.0   0.59529
   1405.0   0.59968
   1410.0   0.60334
   1415.0   0.60735
   1420.0   0.61064
   1425.0   0.61440
   1430.0   0.61852
   1435.0   0.62232
   1440.0   0.62610
   1445.0   0.62968
   1450.0   0.63300
   1455.0   0.63737
   1460.0   0.64078
   1465.0   0.64402
   1470.0   0.64767
   1475.0   0.65207
   1480.0   0.65556
   1485.0   0.65931
   1490.0   0.66256
   1495.0   0.66588
   1500.0   0.66912
   1505.0   0.67277
   1510.0   0.67542
   1515.0   0.67817
   1520.0   0.68144
   1525.0   0.68432
   1530.0   0.68706
   1535.0   0.69028
   1540.0   0.69369
   1545.0   0.69531
   1550.0   0.69837
   1555.0   0.70076
   1560.0   0.70397
   1565.0   0.70625
   1570.0   0.70904
   1575.0   0.71016
   1580.0   0.71309
   1585.0   0.71563
   1590.0   0.71718
   1595.0   0.71914
   1600.0   0.72151
   1605.0   0.72328
   1610.0   0.72517
   1615.0   0.72650
   1620.0   0.72897
   1625.0   0.72938
   1630.0   0.73083
   1635.0   0.73235
   1640.0   0.73415
   1645.0   0.73545
   1650.0   0.73604
   1655.0   0.73751
   1660.0   0.73683
   1665.0   0.73813
   1670.0   0.73932
   1675.0   0.73974
   1680.0   0.74168
   1685.0   0.74261
   1690.0   0.74355
   1695.0   0.74408
   1700.0   0.74488
   1705.0   0.74555
   1710.0   0.74724
   1715.0   0.74748
   1720.0   0.74756
   1725.0   0.74796
   1730.0   0.74903
   1735.0   0.74939
   1740.0   0.74978
   1745.0   0.75000
   1750.0   0.75058
   1755.0   0.75148
   1760.0   0.75203
   1765.0   0.75169
   1770.0   0.75196
   1775.0   0.75335
   1780.0   0.75307
   1785.0   0.75392
   1790.0   0.75407
   1795.0   0.75439
   1800.0   0.75477
   1805.0   0.75544
   1810.0   0.75527
   1815.0   0.75503
   1820.0   0.75540
   1825.0   0.75649
   1830.0   0.75685
   1835.0   0.75651
   1840.0   0.75612
   1845.0   0.75849
   1850.0   0.75781
   1855.0   0.75777
   1860.0   0.75809
   1865.0   0.75814
   1870.0   0.75529
   1875.0   0.75908
   1880.0   0.76156
   1885.0   0.75906
   1890.0   0.75764
   1895.0   0.75787
   1900.0   0.75644
   1905.0   0.75762
   1910.0   0.75899
   1915.0   0.75829
   1920.0   0.75779
   1925.0   0.75825
   1930.0   0.75873
   1935.0   0.75806
   1940.0   0.75784
   1945.0   0.75794
   1950.0   0.75813
   1955.0   0.75777
   1960.0   0.75780
   1965.0   0.75802
   1970.0   0.75846
   1975.0   0.75819
   1980.0   0.75860
   1985.0   0.75923
   1990.0   0.76001
   1995.0   0.75938
   2000.0   0.75930
   2005.0   0.76055
   2010.0   0.76047
   2015.0   0.76081
   2020.0   0.76111
   2025.0   0.76159
   2030.0   0.76181
   2035.0   0.76201
   2040.0   0.76155
   2045.0   0.76154
   2050.0   0.76219
   2055.0   0.76308
   2060.0   0.76269
   2065.0   0.76280
   2070.0   0.76335
   2075.0   0.76332
   2080.0   0.76344
   2085.0   0.76371
   2090.0   0.76427
   2095.0   0.76386
   2100.0   0.76412
   2105.0   0.76442
   2110.0   0.76430
   2115.0   0.76470
   2120.0   0.76442
   2125.0   0.76494
   2130.0   0.76579
   2135.0   0.76556
   2140.0   0.76524
   2145.0   0.76505
   2150.0   0.76505
   2155.0   0.76525
   2160.0   0.76523
   2165.0   0.76500
   2170.0   0.76444
   2175.0   0.76399
   2180.0   0.76462
   2185.0   0.76497
   2190.0   0.76438
   2195.0   0.76421
   2200.0   0.76502
   2205.0   0.76496
   2210.0   0.76487
   2215.0   0.76509
   2220.0   0.76521
   2225.0   0.76564
   2230.0   0.76522
   2235.0   0.76644
   2240.0   0.76546
   2245.0   0.76561
   2250.0   0.76549
   2255.0   0.76574
   2260.0   0.76549
   2265.0   0.76589
   2270.0   0.76592
   2275.0   0.76585
   2280.0   0.76613
   2285.0   0.76590
   2290.0   0.76632
   2295.0   0.76630
   2300.0   0.76675
   2305.0   0.76716
   2310.0   0.76716
   2315.0   0.76707
   2320.0   0.76598
   2325.0   0.76552
   2330.0   0.76563
   2335.0   0.76563
   2340.0   0.76627
   2345.0   0.76718
   2350.0   0.76726
   2355.0   0.76784
   2360.0   0.76763
   2365.0   0.76812
   2370.0   0.76755
   2375.0   0.76694
   2380.0   0.76644
   2385.0   0.76671
   2390.0   0.76654
   2395.0   0.76622
   2400.0   0.76636
   2405.0   0.76602
   2410.0   0.76613
   2415.0   0.76617
   2420.0   0.76660
   2425.0   0.76689
   2430.0   0.76730
   2435.0   0.76613
   2440.0   0.76664
   2445.0   0.76638
   2450.0   0.76582
   2455.0   0.76633
   2460.0   0.76558
   2465.0   0.76510
   2470.0   0.76474
   2475.0   0.76768
   2480.0   0.76796
   2485.0   0.76742
   2490.0   0.76754
   2495.0   0.76737
   2500.0   0.76705
   2505.0   0.76648
   2510.0   0.76730
   2515.0   0.76698
   2520.0   0.76707
   2525.0   0.76625
   2530.0   0.76616
   2535.0   0.76734
   2540.0   0.77068
   2545.0   0.76741
   2550.0   0.77041
   2555.0   0.77715
   2560.0   0.76851
   2565.0   0.76826
   2570.0   0.77641
   2575.0   0.77067
   2580.0   0.77273
   2585.0   0.76909
   2590.0   0.77519
   2595.0   0.77200
   2600.0   0.77622
   2605.0   0.77412
   2610.0   0.77327
   2615.0   0.77365
   2620.0   0.77226
   2625.0   0.77147
   2630.0   0.77216
   2635.0   0.77429
   2640.0   0.77177
   2645.0   0.77127
   2650.0   0.77151
   2655.0   0.77343
   2660.0   0.77431
   2665.0   0.77082
   2670.0   0.76534
   2675.0   0.75891
   2680.0   0.75301
   2685.0   0.74694
   2690.0   0.74506
   2695.0   0.74403
   2700.0   0.74123
   2705.0   0.73617
   2710.0   0.72462
   2715.0   0.72003
   2720.0   0.71350
   2725.0   0.70545
   2730.0   0.69976
   2735.0   0.69544
   2740.0   0.68627
   2745.0   0.67654
   2750.0   0.66065
   2755.0   0.64558
   2760.0   0.62941
   2765.0   0.63086
   2770.0   0.62271
   2775.0   0.60231
   2780.0   0.59623
   2785.0   0.59795
   2790.0   0.58750
   2795.0   0.58026
   2800.0   0.58312
   2805.0   0.57852
   2810.0   0.57035
   2815.0   0.57122
   2820.0   0.56381
   2825.0   0.55472
   2830.0   0.55291
   2835.0   0.55344
   2840.0   0.54556
   2845.0   0.53721
   2850.0   0.53781
   2855.0   0.53307
   2860.0   0.52498
   2865.0   0.52673
   2870.0   0.52734
   2875.0   0.52242
   2880.0   0.52128
   2885.0   0.52230
   2890.0   0.51842
   2895.0   0.51631
   2900.0   0.52131
   2905.0   0.52733
   2910.0   0.52591
   2915.0   0.52380
   2920.0   0.52068
   2925.0   0.51194
   2930.0   0.51506
   2935.0   0.51432
   2940.0   0.51505
   2945.0   0.51301
   2950.0   0.51725
   2955.0   0.51570
   2960.0   0.51552
   2965.0   0.51685
   2970.0   0.51762
   2975.0   0.51654
   2980.0   0.51914
   2985.0   0.51937
   2990.0   0.52180
   2995.0   0.52267
   3000.0   0.52472
   3005.0   0.52501
   3010.0   0.52743
   3015.0   0.52889
   3020.0   0.53083
   3025.0   0.53556
   3030.0   0.53712
   3035.0   0.53602
   3040.0   0.53713
   3045.0   0.53945
   3050.0   0.54176
   3055.0   0.54150
   3060.0   0.54310
   3065.0   0.54454
   3070.0   0.54655
   3075.0   0.54727
   3080.0   0.55177
   3085.0   0.54866
   3090.0   0.54929
   3095.0   0.55141
   3100.0   0.55406
   3105.0   0.55409
   3110.0   0.55507
   3115.0   0.55652
   3120.0   0.55724
   3125.0   0.56128
   3130.0   0.56218
   3135.0   0.56432
   3140.0   0.56338
   3145.0   0.56825
   3150.0   0.56728
   3155.0   0.56890
   3160.0   0.57121
   3165.0   0.57169
   3170.0   0.57073
   3175.0   0.57343
   3180.0   0.57397
   3185.0   0.57724
   3190.0   0.57900
   3195.0   0.58039
   3200.0   0.58378
   3205.0   0.58455
   3210.0   0.58575
   3215.0   0.58967
   3220.0   0.59027
   3225.0   0.58983
   3230.0   0.59193
   3235.0   0.59451
   3240.0   0.59441
   3245.0   0.59452
   3250.0   0.59554
   3255.0   0.59609
   3260.0   0.59754
   3265.0   0.60048
   3270.0   0.60108
   3275.0   0.60559
   3280.0   0.60423
   3285.0   0.60632
   3290.0   0.60602
   3295.0   0.60782
   3300.0   0.60795
   3305.0   0.61092
   3310.0   0.61397
   3315.0   0.61474
   3320.0   0.61360
   3325.0   0.61363
   3330.0   0.61869
   3335.0   0.61581
   3340.0   0.61711
   3345.0   0.61965
   3350.0   0.62154
   3355.0   0.62195
   3360.0   0.62185
   3365.0   0.62575
   3370.0   0.62331
   3375.0   0.62128
   3380.0   0.61971
   3385.0   0.62189
   3390.0   0.62360
   3395.0   0.62653
   3400.0   0.62663
   3405.0   0.62841
   3410.0   0.62648
   3415.0   0.62269
   3420.0   0.62075
   3425.0   0.62156
   3430.0   0.62451
   3435.0   0.62601
   3440.0   0.62828
   3445.0   0.62957
   3450.0   0.62813
   3455.0   0.63514
   3460.0   0.63425
   3465.0   0.63532
   3470.0   0.63900
   3475.0   0.63890
   3480.0   0.64091
   3485.0   0.64475
   3490.0   0.64216
   3495.0   0.65150
   3500.0   0.64866
   3505.0   0.63888
   3510.0   0.64655
   3515.0   0.64700
   3520.0   0.64919
   3525.0   0.65368
   3530.0   0.65211
   3535.0   0.65419
   3540.0   0.66003
   3545.0   0.65960
   3550.0   0.65552
   3555.0   0.65310
   3560.0   0.65775
   3565.0   0.65611
   3570.0   0.67394
   3575.0   0.66899
   3580.0   0.66761
   3585.0   0.66064
   3590.0   0.67460
   3595.0   0.67268
   3600.0   0.65953



 C1PO31      .ASC                        

 PO-CMP-031                                                              
 OLIVINE FROM HAWAII  VOLCANIC BOMB THAT YIELDED CPX  <45 UM             
 RUN CHOPPED 200-1250 SPUN 1225-3600                                     
 RATIOS ADJUSTED USING NBS HALON CALIBRATION TABLE                       

 Source Ang: 30.00   Detect Ang:  0.00  Volt: 0.222
 Date: 23-FEB-89   Time: 11:32:00
