   661
    300.0   0.07121
    305.0   0.07277
    310.0   0.07610
    315.0   0.07887
    320.0   0.08476
    325.0   0.08961
    330.0   0.09705
    335.0   0.10465
    340.0   0.11281
    345.0   0.12159
    350.0   0.13068
    355.0   0.14060
    360.0   0.15069
    365.0   0.16058
    370.0   0.16833
    375.0   0.17522
    380.0   0.18226
    385.0   0.18920
    390.0   0.19679
    395.0   0.20451
    400.0   0.21152
    405.0   0.21846
    410.0   0.22631
    415.0   0.23314
    420.0   0.23831
    425.0   0.24225
    430.0   0.24480
    435.0   0.24956
    440.0   0.25257
    445.0   0.25207
    450.0   0.25233
    455.0   0.25610
    460.0   0.25978
    465.0   0.26167
    470.0   0.26330
    475.0   0.26458
    480.0   0.26523
    485.0   0.26701
    490.0   0.27001
    495.0   0.27288
    500.0   0.27468
    505.0   0.27613
    510.0   0.27741
    515.0   0.28149
    520.0   0.28337
    525.0   0.28605
    530.0   0.28800
    535.0   0.28977
    540.0   0.29105
    545.0   0.29191
    550.0   0.29373
    555.0   0.29628
    560.0   0.29972
    565.0   0.30238
    570.0   0.30475
    575.0   0.30774
    580.0   0.31000
    585.0   0.31231
    590.0   0.31547
    595.0   0.31803
    600.0   0.32127
    605.0   0.32423
    610.0   0.32705
    615.0   0.33036
    620.0   0.33388
    625.0   0.33686
    630.0   0.34066
    635.0   0.34408
    640.0   0.34727
    645.0   0.35153
    650.0   0.35476
    655.0   0.35884
    660.0   0.36295
    665.0   0.36717
    670.0   0.37118
    675.0   0.37514
    680.0   0.37946
    685.0   0.38437
    690.0   0.38911
    695.0   0.39299
    700.0   0.39737
    705.0   0.40263
    710.0   0.40672
    715.0   0.41003
    720.0   0.41421
    725.0   0.41691
    730.0   0.42006
    735.0   0.42302
    740.0   0.42455
    745.0   0.42593
    750.0   0.42639
    755.0   0.42602
    760.0   0.42489
    765.0   0.42216
    770.0   0.41899
    775.0   0.41430
    780.0   0.40922
    785.0   0.40259
    790.0   0.39510
    795.0   0.38761
    800.0   0.37782
    805.0   0.36712
    810.0   0.35659
    815.0   0.34514
    820.0   0.33489
    825.0   0.32373
    830.0   0.31291
    835.0   0.30252
    840.0   0.29295
    845.0   0.28250
    850.0   0.27467
    855.0   0.26536
    860.0   0.25746
    865.0   0.24980
    870.0   0.24298
    875.0   0.23676
    880.0   0.23168
    885.0   0.22610
    890.0   0.22233
    895.0   0.21826
    900.0   0.21645
    905.0   0.21301
    910.0   0.21161
    915.0   0.21140
    920.0   0.21135
    925.0   0.21169
    930.0   0.21300
    935.0   0.21470
    940.0   0.21760
    945.0   0.22074
    950.0   0.22478
    955.0   0.22949
    960.0   0.23474
    965.0   0.24096
    970.0   0.24735
    975.0   0.25422
    980.0   0.26286
    985.0   0.27173
    990.0   0.28087
    995.0   0.29065
   1000.0   0.30092
   1005.0   0.31151
   1010.0   0.32277
   1015.0   0.33436
   1020.0   0.34546
   1025.0   0.35685
   1030.0   0.36919
   1035.0   0.38028
   1040.0   0.39292
   1045.0   0.40316
   1050.0   0.41481
   1055.0   0.42623
   1060.0   0.43724
   1065.0   0.44738
   1070.0   0.45721
   1075.0   0.46634
   1080.0   0.47548
   1085.0   0.48429
   1090.0   0.49181
   1095.0   0.49924
   1100.0   0.50659
   1105.0   0.51313
   1110.0   0.51968
   1115.0   0.52465
   1120.0   0.53065
   1125.0   0.53517
   1130.0   0.53950
   1135.0   0.54397
   1140.0   0.54797
   1145.0   0.55133
   1150.0   0.55523
   1155.0   0.55792
   1160.0   0.56056
   1165.0   0.56360
   1170.0   0.56625
   1175.0   0.56806
   1180.0   0.57052
   1185.0   0.57276
   1190.0   0.57415
   1195.0   0.57599
   1200.0   0.57615
   1205.0   0.57639
   1210.0   0.57806
   1215.0   0.57925
   1220.0   0.58153
   1225.0   0.58252
   1230.0   0.58392
   1235.0   0.58440
   1240.0   0.58454
   1245.0   0.58567
   1250.0   0.58731
   1255.0   0.58831
   1260.0   0.58885
   1265.0   0.58939
   1270.0   0.58881
   1275.0   0.58900
   1280.0   0.58937
   1285.0   0.58944
   1290.0   0.59006
   1295.0   0.58925
   1300.0   0.58849
   1305.0   0.58792
   1310.0   0.58720
   1315.0   0.58710
   1320.0   0.58680
   1325.0   0.58559
   1330.0   0.58454
   1335.0   0.58296
   1340.0   0.58128
   1345.0   0.57975
   1350.0   0.57762
   1355.0   0.57545
   1360.0   0.57452
   1365.0   0.57290
   1370.0   0.57062
   1375.0   0.56734
   1380.0   0.56348
   1385.0   0.56245
   1390.0   0.55868
   1395.0   0.55521
   1400.0   0.55227
   1405.0   0.55031
   1410.0   0.54696
   1415.0   0.54299
   1420.0   0.54030
   1425.0   0.53770
   1430.0   0.53467
   1435.0   0.53147
   1440.0   0.52798
   1445.0   0.52401
   1450.0   0.52051
   1455.0   0.51658
   1460.0   0.51290
   1465.0   0.50862
   1470.0   0.50535
   1475.0   0.50182
   1480.0   0.49790
   1485.0   0.49449
   1490.0   0.49031
   1495.0   0.48603
   1500.0   0.48195
   1505.0   0.47788
   1510.0   0.47450
   1515.0   0.47103
   1520.0   0.46724
   1525.0   0.46394
   1530.0   0.45999
   1535.0   0.45595
   1540.0   0.45262
   1545.0   0.44844
   1550.0   0.44495
   1555.0   0.44119
   1560.0   0.43779
   1565.0   0.43481
   1570.0   0.43104
   1575.0   0.42818
   1580.0   0.42505
   1585.0   0.42151
   1590.0   0.41786
   1595.0   0.41481
   1600.0   0.41139
   1605.0   0.40824
   1610.0   0.40554
   1615.0   0.40298
   1620.0   0.39954
   1625.0   0.39710
   1630.0   0.39394
   1635.0   0.39141
   1640.0   0.38853
   1645.0   0.38554
   1650.0   0.38299
   1655.0   0.38005
   1660.0   0.37841
   1665.0   0.37649
   1670.0   0.37441
   1675.0   0.37231
   1680.0   0.36993
   1685.0   0.36756
   1690.0   0.36573
   1695.0   0.36376
   1700.0   0.36264
   1705.0   0.35995
   1710.0   0.35836
   1715.0   0.35651
   1720.0   0.35527
   1725.0   0.35373
   1730.0   0.35224
   1735.0   0.35052
   1740.0   0.34902
   1745.0   0.34804
   1750.0   0.34669
   1755.0   0.34529
   1760.0   0.34439
   1765.0   0.34367
   1770.0   0.34283
   1775.0   0.34208
   1780.0   0.34192
   1785.0   0.34120
   1790.0   0.34052
   1795.0   0.34024
   1800.0   0.33973
   1805.0   0.33915
   1810.0   0.33947
   1815.0   0.33881
   1820.0   0.33884
   1825.0   0.33891
   1830.0   0.33928
   1835.0   0.33956
   1840.0   0.33959
   1845.0   0.34056
   1850.0   0.34067
   1855.0   0.34107
   1860.0   0.34178
   1865.0   0.34323
   1870.0   0.34357
   1875.0   0.34446
   1880.0   0.34601
   1885.0   0.34690
   1890.0   0.34781
   1895.0   0.34861
   1900.0   0.34985
   1905.0   0.35046
   1910.0   0.35244
   1915.0   0.35435
   1920.0   0.35595
   1925.0   0.35759
   1930.0   0.35910
   1935.0   0.36130
   1940.0   0.36279
   1945.0   0.36578
   1950.0   0.36798
   1955.0   0.37071
   1960.0   0.37281
   1965.0   0.37572
   1970.0   0.37744
   1975.0   0.38039
   1980.0   0.38346
   1985.0   0.38551
   1990.0   0.38857
   1995.0   0.39154
   2000.0   0.39462
   2005.0   0.39808
   2010.0   0.40101
   2015.0   0.40477
   2020.0   0.40825
   2025.0   0.41103
   2030.0   0.41429
   2035.0   0.41837
   2040.0   0.42111
   2045.0   0.42473
   2050.0   0.42855
   2055.0   0.43250
   2060.0   0.43584
   2065.0   0.43985
   2070.0   0.44383
   2075.0   0.44747
   2080.0   0.45173
   2085.0   0.45547
   2090.0   0.45927
   2095.0   0.46452
   2100.0   0.46785
   2105.0   0.47190
   2110.0   0.47602
   2115.0   0.48027
   2120.0   0.48403
   2125.0   0.48785
   2130.0   0.49248
   2135.0   0.49620
   2140.0   0.50035
   2145.0   0.50361
   2150.0   0.50789
   2155.0   0.51291
   2160.0   0.51673
   2165.0   0.52010
   2170.0   0.52362
   2175.0   0.52744
   2180.0   0.53183
   2185.0   0.53513
   2190.0   0.53894
   2195.0   0.54210
   2200.0   0.54562
   2205.0   0.54890
   2210.0   0.55215
   2215.0   0.55562
   2220.0   0.55913
   2225.0   0.56204
   2230.0   0.56508
   2235.0   0.56796
   2240.0   0.57124
   2245.0   0.57405
   2250.0   0.57546
   2255.0   0.57831
   2260.0   0.58143
   2265.0   0.58478
   2270.0   0.58753
   2275.0   0.58988
   2280.0   0.59274
   2285.0   0.59456
   2290.0   0.59714
   2295.0   0.59804
   2300.0   0.59966
   2305.0   0.60160
   2310.0   0.60303
   2315.0   0.60438
   2320.0   0.60620
   2325.0   0.60712
   2330.0   0.60829
   2335.0   0.61073
   2340.0   0.61391
   2345.0   0.61637
   2350.0   0.61840
   2355.0   0.62052
   2360.0   0.62296
   2365.0   0.62353
   2370.0   0.62584
   2375.0   0.62681
   2380.0   0.62726
   2385.0   0.62812
   2390.0   0.62860
   2395.0   0.62955
   2400.0   0.63116
   2405.0   0.63290
   2410.0   0.63463
   2415.0   0.63503
   2420.0   0.63631
   2425.0   0.63765
   2430.0   0.63870
   2435.0   0.63973
   2440.0   0.63997
   2445.0   0.64035
   2450.0   0.64002
   2455.0   0.64043
   2460.0   0.64129
   2465.0   0.64168
   2470.0   0.64166
   2475.0   0.64438
   2480.0   0.64375
   2485.0   0.64525
   2490.0   0.64432
   2495.0   0.64394
   2500.0   0.64395
   2505.0   0.64351
   2510.0   0.64326
   2515.0   0.64309
   2520.0   0.64285
   2525.0   0.64338
   2530.0   0.64203
   2535.0   0.64187
   2540.0   0.64341
   2545.0   0.64264
   2550.0   0.64175
   2555.0   0.64489
   2560.0   0.64388
   2565.0   0.64166
   2570.0   0.64233
   2575.0   0.64138
   2580.0   0.64248
   2585.0   0.64053
   2590.0   0.64278
   2595.0   0.64061
   2600.0   0.64251
   2605.0   0.64046
   2610.0   0.63946
   2615.0   0.64098
   2620.0   0.63729
   2625.0   0.64077
   2630.0   0.63658
   2635.0   0.63827
   2640.0   0.63961
   2645.0   0.63574
   2650.0   0.63653
   2655.0   0.63605
   2660.0   0.63575
   2665.0   0.63318
   2670.0   0.63057
   2675.0   0.62746
   2680.0   0.62141
   2685.0   0.61147
   2690.0   0.59149
   2695.0   0.56854
   2700.0   0.54620
   2705.0   0.53023
   2710.0   0.51534
   2715.0   0.49691
   2720.0   0.47339
   2725.0   0.45033
   2730.0   0.43241
   2735.0   0.42395
   2740.0   0.41922
   2745.0   0.41796
   2750.0   0.41470
   2755.0   0.41060
   2760.0   0.41169
   2765.0   0.40819
   2770.0   0.40545
   2775.0   0.40070
   2780.0   0.40626
   2785.0   0.40129
   2790.0   0.40039
   2795.0   0.39729
   2800.0   0.40016
   2805.0   0.39271
   2810.0   0.39630
   2815.0   0.39642
   2820.0   0.39615
   2825.0   0.39483
   2830.0   0.39514
   2835.0   0.39507
   2840.0   0.39262
   2845.0   0.39072
   2850.0   0.39179
   2855.0   0.39034
   2860.0   0.39089
   2865.0   0.39388
   2870.0   0.39120
   2875.0   0.39190
   2880.0   0.39333
   2885.0   0.39198
   2890.0   0.39047
   2895.0   0.38812
   2900.0   0.39068
   2905.0   0.39288
   2910.0   0.39345
   2915.0   0.39660
   2920.0   0.39186
   2925.0   0.38822
   2930.0   0.39033
   2935.0   0.39023
   2940.0   0.39049
   2945.0   0.38915
   2950.0   0.38927
   2955.0   0.38981
   2960.0   0.39022
   2965.0   0.39206
   2970.0   0.39481
   2975.0   0.39757
   2980.0   0.39810
   2985.0   0.40172
   2990.0   0.40250
   2995.0   0.40485
   3000.0   0.40712
   3005.0   0.40812
   3010.0   0.40829
   3015.0   0.41121
   3020.0   0.41286
   3025.0   0.41439
   3030.0   0.41532
   3035.0   0.41584
   3040.0   0.41846
   3045.0   0.41774
   3050.0   0.41892
   3055.0   0.41930
   3060.0   0.42010
   3065.0   0.42027
   3070.0   0.42352
   3075.0   0.42451
   3080.0   0.42316
   3085.0   0.42649
   3090.0   0.43072
   3095.0   0.43183
   3100.0   0.43181
   3105.0   0.43356
   3110.0   0.43240
   3115.0   0.43395
   3120.0   0.43587
   3125.0   0.43790
   3130.0   0.43893
   3135.0   0.43988
   3140.0   0.44150
   3145.0   0.44447
   3150.0   0.44415
   3155.0   0.44495
   3160.0   0.44647
   3165.0   0.44704
   3170.0   0.44966
   3175.0   0.45375
   3180.0   0.45457
   3185.0   0.45507
   3190.0   0.45501
   3195.0   0.45702
   3200.0   0.45926
   3205.0   0.46051
   3210.0   0.46251
   3215.0   0.46567
   3220.0   0.46531
   3225.0   0.46558
   3230.0   0.46839
   3235.0   0.47044
   3240.0   0.47227
   3245.0   0.47374
   3250.0   0.47414
   3255.0   0.47648
   3260.0   0.47580
   3265.0   0.47531
   3270.0   0.47364
   3275.0   0.47237
   3280.0   0.47437
   3285.0   0.47688
   3290.0   0.47814
   3295.0   0.47856
   3300.0   0.48114
   3305.0   0.48067
   3310.0   0.48187
   3315.0   0.48515
   3320.0   0.48571
   3325.0   0.48366
   3330.0   0.48514
   3335.0   0.48426
   3340.0   0.48767
   3345.0   0.48874
   3350.0   0.49053
   3355.0   0.48903
   3360.0   0.48914
   3365.0   0.48719
   3370.0   0.48671
   3375.0   0.48772
   3380.0   0.48763
   3385.0   0.48731
   3390.0   0.48964
   3395.0   0.49065
   3400.0   0.48897
   3405.0   0.48823
   3410.0   0.48724
   3415.0   0.48806
   3420.0   0.48961
   3425.0   0.48589
   3430.0   0.49025
   3435.0   0.49496
   3440.0   0.49428
   3445.0   0.49624
   3450.0   0.49524
   3455.0   0.49637
   3460.0   0.49664
   3465.0   0.49855
   3470.0   0.49755
   3475.0   0.50006
   3480.0   0.49668
   3485.0   0.49474
   3490.0   0.50192
   3495.0   0.49804
   3500.0   0.49845
   3505.0   0.50065
   3510.0   0.49926
   3515.0   0.49734
   3520.0   0.49860
   3525.0   0.50574
   3530.0   0.50313
   3535.0   0.50476
   3540.0   0.49736
   3545.0   0.50563
   3550.0   0.50165
   3555.0   0.49639
   3560.0   0.50333
   3565.0   0.49907
   3570.0   0.50622
   3575.0   0.50453
   3580.0   0.50584
   3585.0   0.51304
   3590.0   0.51082
   3595.0   0.49603
   3600.0   0.51034



 C1PP40      .ASC                        

 PP-EAC-040                                                              
 ED CLOUTIS PYX003  <45 UM PARTICLES                                     
 RATIOS ADJUSTED USING NBS HALON CALIBRATION TABLE                       

 Source Ang: 30.00   Detect Ang:  0.00  Volt: 0.222
 Date: 16-DEC-88   Time: 16:49:55
