   661
    300.0   0.06688
    305.0   0.06817
    310.0   0.07012
    315.0   0.07386
    320.0   0.07711
    325.0   0.08223
    330.0   0.08754
    335.0   0.09400
    340.0   0.10027
    345.0   0.10750
    350.0   0.11498
    355.0   0.12330
    360.0   0.13164
    365.0   0.14039
    370.0   0.14916
    375.0   0.15661
    380.0   0.16509
    385.0   0.17375
    390.0   0.18200
    395.0   0.18994
    400.0   0.19786
    405.0   0.20534
    410.0   0.21312
    415.0   0.21919
    420.0   0.22514
    425.0   0.22956
    430.0   0.23414
    435.0   0.24043
    440.0   0.24549
    445.0   0.24804
    450.0   0.25064
    455.0   0.25564
    460.0   0.25975
    465.0   0.26256
    470.0   0.26477
    475.0   0.26676
    480.0   0.26846
    485.0   0.27119
    490.0   0.27467
    495.0   0.27774
    500.0   0.28063
    505.0   0.28313
    510.0   0.28564
    515.0   0.28974
    520.0   0.29345
    525.0   0.29622
    530.0   0.29898
    535.0   0.30107
    540.0   0.30322
    545.0   0.30398
    550.0   0.30592
    555.0   0.30816
    560.0   0.31099
    565.0   0.31341
    570.0   0.31532
    575.0   0.31745
    580.0   0.31910
    585.0   0.32194
    590.0   0.32346
    595.0   0.32532
    600.0   0.32790
    605.0   0.33023
    610.0   0.33154
    615.0   0.33387
    620.0   0.33708
    625.0   0.33931
    630.0   0.34245
    635.0   0.34470
    640.0   0.34734
    645.0   0.35022
    650.0   0.35308
    655.0   0.35566
    660.0   0.35930
    665.0   0.36245
    670.0   0.36530
    675.0   0.36866
    680.0   0.37203
    685.0   0.37585
    690.0   0.37895
    695.0   0.38270
    700.0   0.38646
    705.0   0.38963
    710.0   0.39270
    715.0   0.39703
    720.0   0.39931
    725.0   0.40223
    730.0   0.40528
    735.0   0.40803
    740.0   0.41059
    745.0   0.41198
    750.0   0.41369
    755.0   0.41372
    760.0   0.41522
    765.0   0.41363
    770.0   0.41266
    775.0   0.41031
    780.0   0.40732
    785.0   0.40339
    790.0   0.39893
    795.0   0.39361
    800.0   0.38640
    805.0   0.37935
    810.0   0.37134
    815.0   0.36269
    820.0   0.35364
    825.0   0.34478
    830.0   0.33612
    835.0   0.32686
    840.0   0.31888
    845.0   0.31005
    850.0   0.30272
    855.0   0.29422
    860.0   0.28711
    865.0   0.27999
    870.0   0.27384
    875.0   0.26870
    880.0   0.26357
    885.0   0.25869
    890.0   0.25463
    895.0   0.25113
    900.0   0.24927
    905.0   0.24650
    910.0   0.24538
    915.0   0.24407
    920.0   0.24400
    925.0   0.24457
    930.0   0.24490
    935.0   0.24745
    940.0   0.24994
    945.0   0.25266
    950.0   0.25639
    955.0   0.26070
    960.0   0.26580
    965.0   0.27179
    970.0   0.27761
    975.0   0.28451
    980.0   0.29252
    985.0   0.30023
    990.0   0.30947
    995.0   0.31772
   1000.0   0.32711
   1005.0   0.33645
   1010.0   0.34644
   1015.0   0.35651
   1020.0   0.36635
   1025.0   0.37580
   1030.0   0.38586
   1035.0   0.39567
   1040.0   0.40533
   1045.0   0.41414
   1050.0   0.42389
   1055.0   0.43198
   1060.0   0.44048
   1065.0   0.44789
   1070.0   0.45550
   1075.0   0.46240
   1080.0   0.46886
   1085.0   0.47517
   1090.0   0.48033
   1095.0   0.48566
   1100.0   0.49050
   1105.0   0.49500
   1110.0   0.49917
   1115.0   0.50298
   1120.0   0.50719
   1125.0   0.51038
   1130.0   0.51347
   1135.0   0.51647
   1140.0   0.51925
   1145.0   0.52124
   1150.0   0.52424
   1155.0   0.52642
   1160.0   0.52869
   1165.0   0.53068
   1170.0   0.53266
   1175.0   0.53463
   1180.0   0.53610
   1185.0   0.53806
   1190.0   0.53987
   1195.0   0.54180
   1200.0   0.54151
   1205.0   0.54275
   1210.0   0.54340
   1215.0   0.54538
   1220.0   0.54711
   1225.0   0.54852
   1230.0   0.54975
   1235.0   0.55032
   1240.0   0.55134
   1245.0   0.55297
   1250.0   0.55428
   1255.0   0.55575
   1260.0   0.55694
   1265.0   0.55774
   1270.0   0.55775
   1275.0   0.55871
   1280.0   0.55949
   1285.0   0.56021
   1290.0   0.56131
   1295.0   0.56158
   1300.0   0.56172
   1305.0   0.56202
   1310.0   0.56213
   1315.0   0.56242
   1320.0   0.56317
   1325.0   0.56329
   1330.0   0.56344
   1335.0   0.56252
   1340.0   0.56213
   1345.0   0.56164
   1350.0   0.56059
   1355.0   0.55963
   1360.0   0.55971
   1365.0   0.55936
   1370.0   0.55781
   1375.0   0.55586
   1380.0   0.55339
   1385.0   0.55329
   1390.0   0.54954
   1395.0   0.54430
   1400.0   0.54155
   1405.0   0.54115
   1410.0   0.54052
   1415.0   0.53841
   1420.0   0.53745
   1425.0   0.53602
   1430.0   0.53476
   1435.0   0.53377
   1440.0   0.53122
   1445.0   0.52977
   1450.0   0.52761
   1455.0   0.52456
   1460.0   0.52156
   1465.0   0.51925
   1470.0   0.51705
   1475.0   0.51483
   1480.0   0.51228
   1485.0   0.50988
   1490.0   0.50728
   1495.0   0.50407
   1500.0   0.50069
   1505.0   0.49778
   1510.0   0.49553
   1515.0   0.49281
   1520.0   0.49009
   1525.0   0.48741
   1530.0   0.48471
   1535.0   0.48119
   1540.0   0.47827
   1545.0   0.47538
   1550.0   0.47322
   1555.0   0.46988
   1560.0   0.46716
   1565.0   0.46395
   1570.0   0.46152
   1575.0   0.45845
   1580.0   0.45602
   1585.0   0.45331
   1590.0   0.45035
   1595.0   0.44778
   1600.0   0.44502
   1605.0   0.44194
   1610.0   0.44005
   1615.0   0.43710
   1620.0   0.43492
   1625.0   0.43217
   1630.0   0.42935
   1635.0   0.42681
   1640.0   0.42466
   1645.0   0.42177
   1650.0   0.41940
   1655.0   0.41781
   1660.0   0.41593
   1665.0   0.41384
   1670.0   0.41207
   1675.0   0.40976
   1680.0   0.40792
   1685.0   0.40611
   1690.0   0.40346
   1695.0   0.40208
   1700.0   0.40074
   1705.0   0.39840
   1710.0   0.39648
   1715.0   0.39511
   1720.0   0.39375
   1725.0   0.39228
   1730.0   0.39009
   1735.0   0.38882
   1740.0   0.38720
   1745.0   0.38605
   1750.0   0.38479
   1755.0   0.38408
   1760.0   0.38292
   1765.0   0.38122
   1770.0   0.38073
   1775.0   0.37970
   1780.0   0.37912
   1785.0   0.37839
   1790.0   0.37777
   1795.0   0.37735
   1800.0   0.37649
   1805.0   0.37588
   1810.0   0.37587
   1815.0   0.37502
   1820.0   0.37468
   1825.0   0.37483
   1830.0   0.37462
   1835.0   0.37425
   1840.0   0.37344
   1845.0   0.37471
   1850.0   0.37470
   1855.0   0.37528
   1860.0   0.37582
   1865.0   0.37717
   1870.0   0.37635
   1875.0   0.37561
   1880.0   0.37868
   1885.0   0.38009
   1890.0   0.37973
   1895.0   0.37968
   1900.0   0.37944
   1905.0   0.37826
   1910.0   0.37971
   1915.0   0.38142
   1920.0   0.38300
   1925.0   0.38439
   1930.0   0.38641
   1935.0   0.38877
   1940.0   0.39008
   1945.0   0.39230
   1950.0   0.39463
   1955.0   0.39667
   1960.0   0.39831
   1965.0   0.40114
   1970.0   0.40282
   1975.0   0.40520
   1980.0   0.40742
   1985.0   0.40949
   1990.0   0.41231
   1995.0   0.41482
   2000.0   0.41735
   2005.0   0.42103
   2010.0   0.42379
   2015.0   0.42664
   2020.0   0.42939
   2025.0   0.43215
   2030.0   0.43525
   2035.0   0.43810
   2040.0   0.44137
   2045.0   0.44425
   2050.0   0.44723
   2055.0   0.45057
   2060.0   0.45347
   2065.0   0.45674
   2070.0   0.46018
   2075.0   0.46385
   2080.0   0.46764
   2085.0   0.46993
   2090.0   0.47359
   2095.0   0.47710
   2100.0   0.48092
   2105.0   0.48405
   2110.0   0.48705
   2115.0   0.49119
   2120.0   0.49462
   2125.0   0.49755
   2130.0   0.50060
   2135.0   0.50428
   2140.0   0.50787
   2145.0   0.51118
   2150.0   0.51475
   2155.0   0.51862
   2160.0   0.52214
   2165.0   0.52536
   2170.0   0.52827
   2175.0   0.53091
   2180.0   0.53430
   2185.0   0.53676
   2190.0   0.53989
   2195.0   0.54239
   2200.0   0.54502
   2205.0   0.54813
   2210.0   0.55059
   2215.0   0.55374
   2220.0   0.55611
   2225.0   0.55784
   2230.0   0.56095
   2235.0   0.56226
   2240.0   0.56438
   2245.0   0.56598
   2250.0   0.56641
   2255.0   0.56828
   2260.0   0.57109
   2265.0   0.57341
   2270.0   0.57570
   2275.0   0.57771
   2280.0   0.57922
   2285.0   0.58029
   2290.0   0.58110
   2295.0   0.58046
   2300.0   0.58109
   2305.0   0.58140
   2310.0   0.58173
   2315.0   0.58178
   2320.0   0.58155
   2325.0   0.58252
   2330.0   0.58352
   2335.0   0.58550
   2340.0   0.58827
   2345.0   0.59157
   2350.0   0.59487
   2355.0   0.59794
   2360.0   0.60030
   2365.0   0.60180
   2370.0   0.60300
   2375.0   0.60363
   2380.0   0.60331
   2385.0   0.60378
   2390.0   0.60328
   2395.0   0.60422
   2400.0   0.60497
   2405.0   0.60635
   2410.0   0.60831
   2415.0   0.60928
   2420.0   0.61050
   2425.0   0.61153
   2430.0   0.61242
   2435.0   0.61222
   2440.0   0.61192
   2445.0   0.61201
   2450.0   0.61096
   2455.0   0.61043
   2460.0   0.61002
   2465.0   0.60982
   2470.0   0.60975
   2475.0   0.61292
   2480.0   0.61272
   2485.0   0.61291
   2490.0   0.61163
   2495.0   0.61133
   2500.0   0.61135
   2505.0   0.60947
   2510.0   0.60972
   2515.0   0.60824
   2520.0   0.60740
   2525.0   0.60769
   2530.0   0.60618
   2535.0   0.60575
   2540.0   0.60674
   2545.0   0.60575
   2550.0   0.60524
   2555.0   0.60931
   2560.0   0.60804
   2565.0   0.60220
   2570.0   0.60729
   2575.0   0.60256
   2580.0   0.60506
   2585.0   0.60041
   2590.0   0.60341
   2595.0   0.59992
   2600.0   0.60594
   2605.0   0.59924
   2610.0   0.60071
   2615.0   0.60187
   2620.0   0.59512
   2625.0   0.60488
   2630.0   0.59619
   2635.0   0.60010
   2640.0   0.60602
   2645.0   0.59830
   2650.0   0.59850
   2655.0   0.59463
   2660.0   0.59092
   2665.0   0.58228
   2670.0   0.57473
   2675.0   0.57431
   2680.0   0.56595
   2685.0   0.55555
   2690.0   0.53605
   2695.0   0.50712
   2700.0   0.47737
   2705.0   0.44741
   2710.0   0.41448
   2715.0   0.38290
   2720.0   0.34137
   2725.0   0.29826
   2730.0   0.26488
   2735.0   0.24350
   2740.0   0.22976
   2745.0   0.21651
   2750.0   0.21391
   2755.0   0.20818
   2760.0   0.20831
   2765.0   0.20246
   2770.0   0.19951
   2775.0   0.19585
   2780.0   0.19999
   2785.0   0.19958
   2790.0   0.20448
   2795.0   0.20272
   2800.0   0.19667
   2805.0   0.20758
   2810.0   0.20733
   2815.0   0.20731
   2820.0   0.20786
   2825.0   0.20798
   2830.0   0.20791
   2835.0   0.20567
   2840.0   0.21123
   2845.0   0.20887
   2850.0   0.20850
   2855.0   0.21043
   2860.0   0.20883
   2865.0   0.20909
   2870.0   0.20819
   2875.0   0.21131
   2880.0   0.20961
   2885.0   0.20994
   2890.0   0.20804
   2895.0   0.20667
   2900.0   0.20898
   2905.0   0.20977
   2910.0   0.20984
   2915.0   0.21013
   2920.0   0.20854
   2925.0   0.20964
   2930.0   0.21102
   2935.0   0.20907
   2940.0   0.21198
   2945.0   0.21355
   2950.0   0.21309
   2955.0   0.21656
   2960.0   0.21866
   2965.0   0.22156
   2970.0   0.22341
   2975.0   0.22545
   2980.0   0.22843
   2985.0   0.23089
   2990.0   0.23306
   2995.0   0.23379
   3000.0   0.23749
   3005.0   0.23859
   3010.0   0.24179
   3015.0   0.24476
   3020.0   0.24586
   3025.0   0.25158
   3030.0   0.25456
   3035.0   0.25683
   3040.0   0.25854
   3045.0   0.26000
   3050.0   0.26162
   3055.0   0.26464
   3060.0   0.26556
   3065.0   0.26814
   3070.0   0.26843
   3075.0   0.27043
   3080.0   0.27280
   3085.0   0.27105
   3090.0   0.27436
   3095.0   0.27645
   3100.0   0.27790
   3105.0   0.28105
   3110.0   0.28190
   3115.0   0.28604
   3120.0   0.28995
   3125.0   0.29277
   3130.0   0.29577
   3135.0   0.29881
   3140.0   0.30069
   3145.0   0.30580
   3150.0   0.30946
   3155.0   0.31146
   3160.0   0.31257
   3165.0   0.31449
   3170.0   0.31787
   3175.0   0.32401
   3180.0   0.32785
   3185.0   0.33221
   3190.0   0.33347
   3195.0   0.33560
   3200.0   0.33954
   3205.0   0.34171
   3210.0   0.34330
   3215.0   0.34827
   3220.0   0.34897
   3225.0   0.35132
   3230.0   0.35477
   3235.0   0.36030
   3240.0   0.36095
   3245.0   0.36529
   3250.0   0.36546
   3255.0   0.36891
   3260.0   0.37019
   3265.0   0.37136
   3270.0   0.37302
   3275.0   0.37096
   3280.0   0.37319
   3285.0   0.37998
   3290.0   0.38261
   3295.0   0.38513
   3300.0   0.39006
   3305.0   0.39004
   3310.0   0.39288
   3315.0   0.39666
   3320.0   0.39990
   3325.0   0.40018
   3330.0   0.40420
   3335.0   0.40674
   3340.0   0.40869
   3345.0   0.40867
   3350.0   0.40977
   3355.0   0.41346
   3360.0   0.41378
   3365.0   0.41267
   3370.0   0.41208
   3375.0   0.41390
   3380.0   0.41767
   3385.0   0.41840
   3390.0   0.41871
   3395.0   0.41630
   3400.0   0.41897
   3405.0   0.41721
   3410.0   0.41699
   3415.0   0.42065
   3420.0   0.42275
   3425.0   0.42510
   3430.0   0.42976
   3435.0   0.43705
   3440.0   0.43958
   3445.0   0.43918
   3450.0   0.44263
   3455.0   0.44482
   3460.0   0.44750
   3465.0   0.44719
   3470.0   0.44953
   3475.0   0.44880
   3480.0   0.44613
   3485.0   0.44868
   3490.0   0.45185
   3495.0   0.45369
   3500.0   0.45349
   3505.0   0.45798
   3510.0   0.45785
   3515.0   0.45918
   3520.0   0.45868
   3525.0   0.45658
   3530.0   0.46096
   3535.0   0.45989
   3540.0   0.47178
   3545.0   0.46495
   3550.0   0.47038
   3555.0   0.46727
   3560.0   0.47596
   3565.0   0.47542
   3570.0   0.47836
   3575.0   0.47738
   3580.0   0.47580
   3585.0   0.48129
   3590.0   0.46766
   3595.0   0.47167
   3600.0   0.47702



 C1PP42      .ASC                        

 PP-EAC-042                                                              
 ED CLOUTIS PYX112  <45 UM PARTICLES                                     
 RATIOS ADJUSTED USING NBS HALON CALIBRATION TABLE                       

 Source Ang: 30.00   Detect Ang:  0.00  Volt: 0.222
 Date: 16-DEC-88   Time: 17:41:44
