   661
    300.0   0.12142
    305.0   0.12583
    310.0   0.13225
    315.0   0.14079
    320.0   0.15159
    325.0   0.16388
    330.0   0.17816
    335.0   0.19348
    340.0   0.21193
    345.0   0.23062
    350.0   0.25004
    355.0   0.27004
    360.0   0.29016
    365.0   0.30899
    370.0   0.32536
    375.0   0.33815
    380.0   0.34983
    385.0   0.35964
    390.0   0.36919
    395.0   0.37909
    400.0   0.38696
    405.0   0.39480
    410.0   0.40280
    415.0   0.40877
    420.0   0.41489
    425.0   0.42054
    430.0   0.42485
    435.0   0.43089
    440.0   0.43487
    445.0   0.43723
    450.0   0.44024
    455.0   0.44412
    460.0   0.44840
    465.0   0.45325
    470.0   0.45816
    475.0   0.46269
    480.0   0.46817
    485.0   0.47366
    490.0   0.47913
    495.0   0.48621
    500.0   0.49236
    505.0   0.49873
    510.0   0.50352
    515.0   0.51159
    520.0   0.51759
    525.0   0.52239
    530.0   0.52755
    535.0   0.53117
    540.0   0.53264
    545.0   0.53195
    550.0   0.53364
    555.0   0.53492
    560.0   0.53697
    565.0   0.53858
    570.0   0.53854
    575.0   0.54000
    580.0   0.53988
    585.0   0.54039
    590.0   0.54047
    595.0   0.54149
    600.0   0.54108
    605.0   0.54071
    610.0   0.54003
    615.0   0.54102
    620.0   0.54102
    625.0   0.54126
    630.0   0.54289
    635.0   0.54323
    640.0   0.54332
    645.0   0.54481
    650.0   0.54530
    655.0   0.54735
    660.0   0.54841
    665.0   0.55021
    670.0   0.55167
    675.0   0.55313
    680.0   0.55578
    685.0   0.55727
    690.0   0.55831
    695.0   0.55924
    700.0   0.56117
    705.0   0.56354
    710.0   0.56483
    715.0   0.56762
    720.0   0.56874
    725.0   0.57023
    730.0   0.57109
    735.0   0.57211
    740.0   0.57188
    745.0   0.57103
    750.0   0.57009
    755.0   0.56853
    760.0   0.56707
    765.0   0.56443
    770.0   0.56065
    775.0   0.55706
    780.0   0.55275
    785.0   0.54727
    790.0   0.54332
    795.0   0.53609
    800.0   0.52905
    805.0   0.52260
    810.0   0.51516
    815.0   0.50637
    820.0   0.49933
    825.0   0.49081
    830.0   0.48260
    835.0   0.47359
    840.0   0.46600
    845.0   0.45757
    850.0   0.45072
    855.0   0.44234
    860.0   0.43563
    865.0   0.42845
    870.0   0.42255
    875.0   0.41679
    880.0   0.41174
    885.0   0.40689
    890.0   0.40364
    895.0   0.39868
    900.0   0.39706
    905.0   0.39554
    910.0   0.39458
    915.0   0.39389
    920.0   0.39448
    925.0   0.39567
    930.0   0.39700
    935.0   0.39967
    940.0   0.40313
    945.0   0.40690
    950.0   0.41135
    955.0   0.41626
    960.0   0.42150
    965.0   0.42826
    970.0   0.43495
    975.0   0.44179
    980.0   0.44948
    985.0   0.45711
    990.0   0.46517
    995.0   0.47295
   1000.0   0.48037
   1005.0   0.48831
   1010.0   0.49621
   1015.0   0.50371
   1020.0   0.51163
   1025.0   0.51898
   1030.0   0.52583
   1035.0   0.53234
   1040.0   0.53849
   1045.0   0.54423
   1050.0   0.55052
   1055.0   0.55590
   1060.0   0.56091
   1065.0   0.56571
   1070.0   0.57032
   1075.0   0.57413
   1080.0   0.57804
   1085.0   0.58176
   1090.0   0.58452
   1095.0   0.58698
   1100.0   0.58975
   1105.0   0.59292
   1110.0   0.59536
   1115.0   0.59708
   1120.0   0.59953
   1125.0   0.60163
   1130.0   0.60310
   1135.0   0.60482
   1140.0   0.60635
   1145.0   0.60736
   1150.0   0.60949
   1155.0   0.61128
   1160.0   0.61230
   1165.0   0.61343
   1170.0   0.61509
   1175.0   0.61616
   1180.0   0.61725
   1185.0   0.61834
   1190.0   0.61903
   1195.0   0.62071
   1200.0   0.62172
   1205.0   0.62269
   1210.0   0.62421
   1215.0   0.62488
   1220.0   0.62504
   1225.0   0.62622
   1230.0   0.62722
   1235.0   0.62887
   1240.0   0.62896
   1245.0   0.63011
   1250.0   0.63077
   1255.0   0.63106
   1260.0   0.63229
   1265.0   0.63317
   1270.0   0.63370
   1275.0   0.63429
   1280.0   0.63492
   1285.0   0.63480
   1290.0   0.63552
   1295.0   0.63600
   1300.0   0.63671
   1305.0   0.63768
   1310.0   0.63796
   1315.0   0.63862
   1320.0   0.63864
   1325.0   0.63776
   1330.0   0.63855
   1335.0   0.63877
   1340.0   0.63856
   1345.0   0.63803
   1350.0   0.63778
   1355.0   0.63669
   1360.0   0.63666
   1365.0   0.63591
   1370.0   0.63630
   1375.0   0.63564
   1380.0   0.63502
   1385.0   0.63531
   1390.0   0.63425
   1395.0   0.63286
   1400.0   0.63210
   1405.0   0.63205
   1410.0   0.63133
   1415.0   0.63057
   1420.0   0.62950
   1425.0   0.62850
   1430.0   0.62724
   1435.0   0.62630
   1440.0   0.62447
   1445.0   0.62365
   1450.0   0.62278
   1455.0   0.62163
   1460.0   0.62033
   1465.0   0.61884
   1470.0   0.61749
   1475.0   0.61613
   1480.0   0.61430
   1485.0   0.61323
   1490.0   0.61180
   1495.0   0.61041
   1500.0   0.60881
   1505.0   0.60709
   1510.0   0.60599
   1515.0   0.60355
   1520.0   0.60172
   1525.0   0.59984
   1530.0   0.59903
   1535.0   0.59692
   1540.0   0.59529
   1545.0   0.59372
   1550.0   0.59223
   1555.0   0.59052
   1560.0   0.58884
   1565.0   0.58613
   1570.0   0.58476
   1575.0   0.58322
   1580.0   0.58080
   1585.0   0.57952
   1590.0   0.57798
   1595.0   0.57615
   1600.0   0.57432
   1605.0   0.57355
   1610.0   0.57161
   1615.0   0.56951
   1620.0   0.56896
   1625.0   0.56644
   1630.0   0.56437
   1635.0   0.56275
   1640.0   0.56119
   1645.0   0.55999
   1650.0   0.55770
   1655.0   0.55697
   1660.0   0.55591
   1665.0   0.55444
   1670.0   0.55331
   1675.0   0.55209
   1680.0   0.55076
   1685.0   0.54953
   1690.0   0.54844
   1695.0   0.54755
   1700.0   0.54651
   1705.0   0.54529
   1710.0   0.54436
   1715.0   0.54360
   1720.0   0.54262
   1725.0   0.54175
   1730.0   0.54041
   1735.0   0.53960
   1740.0   0.53981
   1745.0   0.53866
   1750.0   0.53765
   1755.0   0.53687
   1760.0   0.53715
   1765.0   0.53653
   1770.0   0.53586
   1775.0   0.53627
   1780.0   0.53564
   1785.0   0.53587
   1790.0   0.53524
   1795.0   0.53506
   1800.0   0.53534
   1805.0   0.53593
   1810.0   0.53571
   1815.0   0.53559
   1820.0   0.53636
   1825.0   0.53690
   1830.0   0.53762
   1835.0   0.53743
   1840.0   0.53799
   1845.0   0.53924
   1850.0   0.53905
   1855.0   0.54016
   1860.0   0.54043
   1865.0   0.54154
   1870.0   0.54162
   1875.0   0.54323
   1880.0   0.54467
   1885.0   0.54467
   1890.0   0.54509
   1895.0   0.54573
   1900.0   0.54697
   1905.0   0.54758
   1910.0   0.55037
   1915.0   0.55121
   1920.0   0.55216
   1925.0   0.55285
   1930.0   0.55448
   1935.0   0.55540
   1940.0   0.55635
   1945.0   0.55842
   1950.0   0.56012
   1955.0   0.56181
   1960.0   0.56324
   1965.0   0.56481
   1970.0   0.56599
   1975.0   0.56856
   1980.0   0.56998
   1985.0   0.57305
   1990.0   0.57462
   1995.0   0.57655
   2000.0   0.57805
   2005.0   0.58031
   2010.0   0.58234
   2015.0   0.58438
   2020.0   0.58653
   2025.0   0.58774
   2030.0   0.59001
   2035.0   0.59207
   2040.0   0.59399
   2045.0   0.59562
   2050.0   0.59836
   2055.0   0.59995
   2060.0   0.60261
   2065.0   0.60312
   2070.0   0.60567
   2075.0   0.60842
   2080.0   0.61034
   2085.0   0.61160
   2090.0   0.61483
   2095.0   0.61638
   2100.0   0.61869
   2105.0   0.62034
   2110.0   0.62232
   2115.0   0.62409
   2120.0   0.62552
   2125.0   0.62785
   2130.0   0.63007
   2135.0   0.63213
   2140.0   0.63353
   2145.0   0.63499
   2150.0   0.63646
   2155.0   0.63855
   2160.0   0.64015
   2165.0   0.64237
   2170.0   0.64328
   2175.0   0.64488
   2180.0   0.64609
   2185.0   0.64734
   2190.0   0.64851
   2195.0   0.64952
   2200.0   0.65123
   2205.0   0.65166
   2210.0   0.65355
   2215.0   0.65514
   2220.0   0.65682
   2225.0   0.65715
   2230.0   0.65750
   2235.0   0.65875
   2240.0   0.66067
   2245.0   0.66127
   2250.0   0.66278
   2255.0   0.66377
   2260.0   0.66575
   2265.0   0.66694
   2270.0   0.66821
   2275.0   0.66893
   2280.0   0.67083
   2285.0   0.67149
   2290.0   0.67193
   2295.0   0.67348
   2300.0   0.67451
   2305.0   0.67502
   2310.0   0.67672
   2315.0   0.67742
   2320.0   0.67805
   2325.0   0.67846
   2330.0   0.67854
   2335.0   0.67968
   2340.0   0.68070
   2345.0   0.68078
   2350.0   0.68201
   2355.0   0.68359
   2360.0   0.68518
   2365.0   0.68483
   2370.0   0.68555
   2375.0   0.68548
   2380.0   0.68554
   2385.0   0.68562
   2390.0   0.68633
   2395.0   0.68710
   2400.0   0.68728
   2405.0   0.68769
   2410.0   0.68719
   2415.0   0.68726
   2420.0   0.68813
   2425.0   0.68919
   2430.0   0.68943
   2435.0   0.68956
   2440.0   0.68958
   2445.0   0.68977
   2450.0   0.68969
   2455.0   0.69002
   2460.0   0.69013
   2465.0   0.69037
   2470.0   0.69015
   2475.0   0.69303
   2480.0   0.69214
   2485.0   0.69157
   2490.0   0.69213
   2495.0   0.69231
   2500.0   0.69215
   2505.0   0.69218
   2510.0   0.69325
   2515.0   0.69068
   2520.0   0.69289
   2525.0   0.69204
   2530.0   0.69185
   2535.0   0.69396
   2540.0   0.69598
   2545.0   0.69571
   2550.0   0.69797
   2555.0   0.69945
   2560.0   0.69869
   2565.0   0.69912
   2570.0   0.70583
   2575.0   0.70023
   2580.0   0.70088
   2585.0   0.70036
   2590.0   0.70580
   2595.0   0.70220
   2600.0   0.70712
   2605.0   0.70146
   2610.0   0.70644
   2615.0   0.70205
   2620.0   0.70079
   2625.0   0.70461
   2630.0   0.69521
   2635.0   0.70384
   2640.0   0.70142
   2645.0   0.69671
   2650.0   0.70094
   2655.0   0.70029
   2660.0   0.70209
   2665.0   0.70224
   2670.0   0.70406
   2675.0   0.70657
   2680.0   0.70308
   2685.0   0.69963
   2690.0   0.69317
   2695.0   0.68700
   2700.0   0.68298
   2705.0   0.67654
   2710.0   0.67246
   2715.0   0.66811
   2720.0   0.66211
   2725.0   0.66104
   2730.0   0.65433
   2735.0   0.65075
   2740.0   0.64041
   2745.0   0.63187
   2750.0   0.61894
   2755.0   0.60678
   2760.0   0.59240
   2765.0   0.57585
   2770.0   0.55902
   2775.0   0.54290
   2780.0   0.53042
   2785.0   0.52987
   2790.0   0.52086
   2795.0   0.52364
   2800.0   0.51750
   2805.0   0.51242
   2810.0   0.51509
   2815.0   0.51697
   2820.0   0.51223
   2825.0   0.51180
   2830.0   0.51193
   2835.0   0.51157
   2840.0   0.50261
   2845.0   0.50290
   2850.0   0.49934
   2855.0   0.50008
   2860.0   0.49495
   2865.0   0.49385
   2870.0   0.49168
   2875.0   0.49630
   2880.0   0.49419
   2885.0   0.49220
   2890.0   0.49342
   2895.0   0.49459
   2900.0   0.49366
   2905.0   0.49091
   2910.0   0.49505
   2915.0   0.48980
   2920.0   0.48654
   2925.0   0.48858
   2930.0   0.48638
   2935.0   0.48560
   2940.0   0.48700
   2945.0   0.48727
   2950.0   0.48721
   2955.0   0.48684
   2960.0   0.48888
   2965.0   0.48918
   2970.0   0.49350
   2975.0   0.49236
   2980.0   0.49289
   2985.0   0.49481
   2990.0   0.49588
   2995.0   0.49664
   3000.0   0.49837
   3005.0   0.50086
   3010.0   0.50347
   3015.0   0.50663
   3020.0   0.50603
   3025.0   0.50941
   3030.0   0.51065
   3035.0   0.51050
   3040.0   0.51331
   3045.0   0.51446
   3050.0   0.51845
   3055.0   0.51873
   3060.0   0.51834
   3065.0   0.52018
   3070.0   0.52219
   3075.0   0.52274
   3080.0   0.52133
   3085.0   0.52250
   3090.0   0.52385
   3095.0   0.52706
   3100.0   0.52969
   3105.0   0.52740
   3110.0   0.52877
   3115.0   0.52810
   3120.0   0.53374
   3125.0   0.53509
   3130.0   0.53764
   3135.0   0.53958
   3140.0   0.54270
   3145.0   0.54493
   3150.0   0.54344
   3155.0   0.54438
   3160.0   0.54585
   3165.0   0.54368
   3170.0   0.54666
   3175.0   0.54806
   3180.0   0.54833
   3185.0   0.54925
   3190.0   0.54729
   3195.0   0.55192
   3200.0   0.55040
   3205.0   0.55291
   3210.0   0.55452
   3215.0   0.55556
   3220.0   0.55619
   3225.0   0.55784
   3230.0   0.55772
   3235.0   0.56142
   3240.0   0.56440
   3245.0   0.56705
   3250.0   0.56689
   3255.0   0.56869
   3260.0   0.56692
   3265.0   0.57102
   3270.0   0.57112
   3275.0   0.57247
   3280.0   0.57050
   3285.0   0.57178
   3290.0   0.57169
   3295.0   0.57062
   3300.0   0.57141
   3305.0   0.57207
   3310.0   0.57077
   3315.0   0.57530
   3320.0   0.57651
   3325.0   0.57986
   3330.0   0.57685
   3335.0   0.58072
   3340.0   0.58426
   3345.0   0.58177
   3350.0   0.58416
   3355.0   0.58279
   3360.0   0.58511
   3365.0   0.58475
   3370.0   0.58440
   3375.0   0.58154
   3380.0   0.58135
   3385.0   0.58010
   3390.0   0.58228
   3395.0   0.58407
   3400.0   0.58451
   3405.0   0.58595
   3410.0   0.58345
   3415.0   0.58001
   3420.0   0.58013
   3425.0   0.57968
   3430.0   0.58157
   3435.0   0.59062
   3440.0   0.59322
   3445.0   0.59884
   3450.0   0.59940
   3455.0   0.59536
   3460.0   0.60053
   3465.0   0.59909
   3470.0   0.60318
   3475.0   0.60361
   3480.0   0.60359
   3485.0   0.60419
   3490.0   0.60925
   3495.0   0.60879
   3500.0   0.60675
   3505.0   0.60548
   3510.0   0.60806
   3515.0   0.61118
   3520.0   0.61502
   3525.0   0.61952
   3530.0   0.62811
   3535.0   0.62510
   3540.0   0.63214
   3545.0   0.62363
   3550.0   0.62530
   3555.0   0.62954
   3560.0   0.62782
   3565.0   0.62932
   3570.0   0.63244
   3575.0   0.62741
   3580.0   0.61911
   3585.0   0.63894
   3590.0   0.63558
   3595.0   0.63918
   3600.0   0.62511



 C1PP46      .ASC                        

 PP-EAC-046                                                              
 ED CLOUTIS PYX015   <45 UM PARTICLES                                    
 RATIOS ADJUSTED USING NBS HALON CALIBRATION TABLE                       

 Source Ang: 30.00   Detect Ang:  0.00  Volt: 0.222
 Date: 16-DEC-88   Time: 18:27:30
