   661
    300.0   0.03770
    305.0   0.03746
    310.0   0.03734
    315.0   0.03810
    320.0   0.03966
    325.0   0.04069
    330.0   0.04204
    335.0   0.04310
    340.0   0.04455
    345.0   0.04534
    350.0   0.04667
    355.0   0.04741
    360.0   0.04853
    365.0   0.04954
    370.0   0.05025
    375.0   0.05078
    380.0   0.05188
    385.0   0.05252
    390.0   0.05342
    395.0   0.05391
    400.0   0.05448
    405.0   0.05489
    410.0   0.05787
    415.0   0.05807
    420.0   0.05832
    425.0   0.05877
    430.0   0.05949
    435.0   0.06014
    440.0   0.06079
    445.0   0.06144
    450.0   0.06201
    455.0   0.06262
    460.0   0.06315
    465.0   0.06351
    470.0   0.06378
    475.0   0.06423
    480.0   0.06466
    485.0   0.06493
    490.0   0.06541
    495.0   0.06596
    500.0   0.06655
    505.0   0.06745
    510.0   0.06784
    515.0   0.06839
    520.0   0.06901
    525.0   0.06975
    530.0   0.07068
    535.0   0.07137
    540.0   0.07191
    545.0   0.07254
    550.0   0.07356
    555.0   0.07446
    560.0   0.07524
    565.0   0.07620
    570.0   0.07714
    575.0   0.07826
    580.0   0.07949
    585.0   0.08050
    590.0   0.08139
    595.0   0.08208
    600.0   0.08300
    605.0   0.08390
    610.0   0.08487
    615.0   0.08513
    620.0   0.08548
    625.0   0.08549
    630.0   0.08589
    635.0   0.08627
    640.0   0.08666
    645.0   0.08700
    650.0   0.08724
    655.0   0.08793
    660.0   0.08820
    665.0   0.08889
    670.0   0.08937
    675.0   0.08949
    680.0   0.08994
    685.0   0.09046
    690.0   0.09076
    695.0   0.09071
    700.0   0.09158
    705.0   0.09200
    710.0   0.09239
    715.0   0.09241
    720.0   0.09297
    725.0   0.09369
    730.0   0.09363
    735.0   0.09392
    740.0   0.09402
    745.0   0.09403
    750.0   0.09456
    755.0   0.09475
    760.0   0.09587
    765.0   0.09543
    770.0   0.09573
    775.0   0.09603
    780.0   0.09584
    785.0   0.09607
    790.0   0.09565
    795.0   0.09575
    800.0   0.09551
    805.0   0.09558
    810.0   0.09522
    815.0   0.09495
    820.0   0.09445
    825.0   0.09420
    830.0   0.09398
    835.0   0.09361
    840.0   0.09347
    845.0   0.09279
    850.0   0.09218
    855.0   0.09181
    860.0   0.09198
    865.0   0.09179
    870.0   0.09113
    875.0   0.09159
    880.0   0.09138
    885.0   0.09049
    890.0   0.09083
    895.0   0.08990
    900.0   0.09019
    905.0   0.08922
    910.0   0.08875
    915.0   0.08851
    920.0   0.08810
    925.0   0.08762
    930.0   0.08743
    935.0   0.08722
    940.0   0.08707
    945.0   0.08651
    950.0   0.08607
    955.0   0.08571
    960.0   0.08508
    965.0   0.08509
    970.0   0.08522
    975.0   0.08509
    980.0   0.08459
    985.0   0.08447
    990.0   0.08406
    995.0   0.08369
   1000.0   0.08351
   1005.0   0.08316
   1010.0   0.08317
   1015.0   0.08293
   1020.0   0.08247
   1025.0   0.08240
   1030.0   0.08248
   1035.0   0.08226
   1040.0   0.08191
   1045.0   0.08165
   1050.0   0.08217
   1055.0   0.08208
   1060.0   0.08173
   1065.0   0.08152
   1070.0   0.08135
   1075.0   0.08115
   1080.0   0.08128
   1085.0   0.08138
   1090.0   0.08130
   1095.0   0.08119
   1100.0   0.08126
   1105.0   0.08115
   1110.0   0.08143
   1115.0   0.08076
   1120.0   0.08076
   1125.0   0.08072
   1130.0   0.08074
   1135.0   0.08061
   1140.0   0.08067
   1145.0   0.08069
   1150.0   0.08049
   1155.0   0.08038
   1160.0   0.07999
   1165.0   0.08003
   1170.0   0.08007
   1175.0   0.07954
   1180.0   0.07932
   1185.0   0.07913
   1190.0   0.07941
   1195.0   0.07873
   1200.0   0.07890
   1205.0   0.07894
   1210.0   0.07766
   1215.0   0.07846
   1220.0   0.07837
   1225.0   0.07814
   1230.0   0.07813
   1235.0   0.07781
   1240.0   0.07759
   1245.0   0.07742
   1250.0   0.07743
   1255.0   0.07726
   1260.0   0.07730
   1265.0   0.07710
   1270.0   0.07704
   1275.0   0.07683
   1280.0   0.07707
   1285.0   0.07687
   1290.0   0.07660
   1295.0   0.07737
   1300.0   0.07678
   1305.0   0.07697
   1310.0   0.07655
   1315.0   0.07663
   1320.0   0.07633
   1325.0   0.07624
   1330.0   0.07629
   1335.0   0.07640
   1340.0   0.07620
   1345.0   0.07607
   1350.0   0.07576
   1355.0   0.07595
   1360.0   0.07581
   1365.0   0.07595
   1370.0   0.07578
   1375.0   0.07602
   1380.0   0.07518
   1385.0   0.07513
   1390.0   0.07511
   1395.0   0.07521
   1400.0   0.07542
   1405.0   0.07525
   1410.0   0.07494
   1415.0   0.07514
   1420.0   0.07430
   1425.0   0.07457
   1430.0   0.07555
   1435.0   0.07532
   1440.0   0.07529
   1445.0   0.07487
   1450.0   0.07434
   1455.0   0.07455
   1460.0   0.07439
   1465.0   0.07437
   1470.0   0.07445
   1475.0   0.07437
   1480.0   0.07451
   1485.0   0.07452
   1490.0   0.07452
   1495.0   0.07393
   1500.0   0.07420
   1505.0   0.07405
   1510.0   0.07450
   1515.0   0.07425
   1520.0   0.07409
   1525.0   0.07375
   1530.0   0.07331
   1535.0   0.07318
   1540.0   0.07354
   1545.0   0.07388
   1550.0   0.07381
   1555.0   0.07368
   1560.0   0.07362
   1565.0   0.07360
   1570.0   0.07342
   1575.0   0.07369
   1580.0   0.07373
   1585.0   0.07369
   1590.0   0.07339
   1595.0   0.07340
   1600.0   0.07306
   1605.0   0.07309
   1610.0   0.07318
   1615.0   0.07307
   1620.0   0.07304
   1625.0   0.07329
   1630.0   0.07303
   1635.0   0.07362
   1640.0   0.07365
   1645.0   0.07381
   1650.0   0.07347
   1655.0   0.07362
   1660.0   0.07373
   1665.0   0.07348
   1670.0   0.07406
   1675.0   0.07384
   1680.0   0.07372
   1685.0   0.07401
   1690.0   0.07370
   1695.0   0.07318
   1700.0   0.07302
   1705.0   0.07287
   1710.0   0.07273
   1715.0   0.07293
   1720.0   0.07295
   1725.0   0.07291
   1730.0   0.07298
   1735.0   0.07271
   1740.0   0.07270
   1745.0   0.07272
   1750.0   0.07298
   1755.0   0.07275
   1760.0   0.07258
   1765.0   0.07269
   1770.0   0.07335
   1775.0   0.07332
   1780.0   0.07310
   1785.0   0.07323
   1790.0   0.07323
   1795.0   0.07334
   1800.0   0.07307
   1805.0   0.07336
   1810.0   0.07298
   1815.0   0.07313
   1820.0   0.07287
   1825.0   0.07304
   1830.0   0.07260
   1835.0   0.07311
   1840.0   0.07302
   1845.0   0.07297
   1850.0   0.07289
   1855.0   0.07289
   1860.0   0.07283
   1865.0   0.07220
   1870.0   0.07235
   1875.0   0.07234
   1880.0   0.07231
   1885.0   0.07211
   1890.0   0.07236
   1895.0   0.07273
   1900.0   0.07235
   1905.0   0.07171
   1910.0   0.07103
   1915.0   0.07046
   1920.0   0.07068
   1925.0   0.07069
   1930.0   0.07057
   1935.0   0.07103
   1940.0   0.07091
   1945.0   0.07077
   1950.0   0.07124
   1955.0   0.07140
   1960.0   0.07159
   1965.0   0.07133
   1970.0   0.07129
   1975.0   0.07144
   1980.0   0.07142
   1985.0   0.07160
   1990.0   0.07191
   1995.0   0.07221
   2000.0   0.07251
   2005.0   0.07249
   2010.0   0.07182
   2015.0   0.07233
   2020.0   0.07238
   2025.0   0.07249
   2030.0   0.07302
   2035.0   0.07279
   2040.0   0.07331
   2045.0   0.07327
   2050.0   0.07323
   2055.0   0.07362
   2060.0   0.07352
   2065.0   0.07345
   2070.0   0.07354
   2075.0   0.07382
   2080.0   0.07409
   2085.0   0.07426
   2090.0   0.07398
   2095.0   0.07430
   2100.0   0.07443
   2105.0   0.07433
   2110.0   0.07431
   2115.0   0.07410
   2120.0   0.07460
   2125.0   0.07466
   2130.0   0.07463
   2135.0   0.07504
   2140.0   0.07525
   2145.0   0.07562
   2150.0   0.07474
   2155.0   0.07455
   2160.0   0.07468
   2165.0   0.07489
   2170.0   0.07472
   2175.0   0.07451
   2180.0   0.07450
   2185.0   0.07475
   2190.0   0.07443
   2195.0   0.07482
   2200.0   0.07498
   2205.0   0.07461
   2210.0   0.07418
   2215.0   0.07416
   2220.0   0.07387
   2225.0   0.07461
   2230.0   0.07401
   2235.0   0.07429
   2240.0   0.07414
   2245.0   0.07408
   2250.0   0.07461
   2255.0   0.07475
   2260.0   0.07445
   2265.0   0.07442
   2270.0   0.07432
   2275.0   0.07394
   2280.0   0.07370
   2285.0   0.07349
   2290.0   0.07364
   2295.0   0.07373
   2300.0   0.07385
   2305.0   0.07457
   2310.0   0.07488
   2315.0   0.07513
   2320.0   0.07510
   2325.0   0.07532
   2330.0   0.07550
   2335.0   0.07571
   2340.0   0.07504
   2345.0   0.07499
   2350.0   0.07520
   2355.0   0.07525
   2360.0   0.07502
   2365.0   0.07493
   2370.0   0.07476
   2375.0   0.07524
   2380.0   0.07537
   2385.0   0.07566
   2390.0   0.07590
   2395.0   0.07559
   2400.0   0.07573
   2405.0   0.07570
   2410.0   0.07574
   2415.0   0.07599
   2420.0   0.07655
   2425.0   0.07656
   2430.0   0.07639
   2435.0   0.07670
   2440.0   0.07661
   2445.0   0.07632
   2450.0   0.07625
   2455.0   0.07587
   2460.0   0.07617
   2465.0   0.07622
   2470.0   0.07613
   2475.0   0.07610
   2480.0   0.07612
   2485.0   0.07651
   2490.0   0.07607
   2495.0   0.07609
   2500.0   0.07615
   2505.0   0.07600
   2510.0   0.07593
   2515.0   0.07650
   2520.0   0.07684
   2525.0   0.07649
   2530.0   0.07674
   2535.0   0.07701
   2540.0   0.07661
   2545.0   0.07669
   2550.0   0.07701
   2555.0   0.07639
   2560.0   0.07664
   2565.0   0.07689
   2570.0   0.07663
   2575.0   0.07776
   2580.0   0.07732
   2585.0   0.07803
   2590.0   0.07800
   2595.0   0.07900
   2600.0   0.07794
   2605.0   0.07890
   2610.0   0.07799
   2615.0   0.07792
   2620.0   0.07726
   2625.0   0.07699
   2630.0   0.07841
   2635.0   0.07754
   2640.0   0.07741
   2645.0   0.07771
   2650.0   0.08091
   2655.0   0.07712
   2660.0   0.07327
   2665.0   0.07170
   2670.0   0.07401
   2675.0   0.07739
   2680.0   0.08149
   2685.0   0.07700
   2690.0   0.07184
   2695.0   0.06543
   2700.0   0.05924
   2705.0   0.05045
   2710.0   0.04512
   2715.0   0.04118
   2720.0   0.03937
   2725.0   0.03970
   2730.0   0.03627
   2735.0   0.03248
   2740.0   0.02854
   2745.0   0.02765
   2750.0   0.02694
   2755.0   0.02142
   2760.0   0.02258
   2765.0   0.02645
   2770.0   0.03584
   2775.0   0.03989
   2780.0   0.03133
   2785.0   0.03408
   2790.0   0.02589
   2795.0   0.03314
   2800.0   0.03022
   2805.0   0.03306
   2810.0   0.02489
   2815.0   0.03094
   2820.0   0.02647
   2825.0   0.03058
   2830.0   0.03272
   2835.0   0.03347
   2840.0   0.02926
   2845.0   0.03274
   2850.0   0.03009
   2855.0   0.03293
   2860.0   0.03229
   2865.0   0.03512
   2870.0   0.03370
   2875.0   0.03401
   2880.0   0.03177
   2885.0   0.03273
   2890.0   0.03025
   2895.0   0.03253
   2900.0   0.03208
   2905.0   0.03305
   2910.0   0.03277
   2915.0   0.03199
   2920.0   0.02995
   2925.0   0.03083
   2930.0   0.03204
   2935.0   0.02988
   2940.0   0.03233
   2945.0   0.03130
   2950.0   0.03058
   2955.0   0.03262
   2960.0   0.03110
   2965.0   0.03176
   2970.0   0.03395
   2975.0   0.03371
   2980.0   0.02981
   2985.0   0.03609
   2990.0   0.03276
   2995.0   0.03101
   3000.0   0.03326
   3005.0   0.03550
   3010.0   0.03327
   3015.0   0.03390
   3020.0   0.03211
   3025.0   0.03517
   3030.0   0.03265
   3035.0   0.03318
   3040.0   0.03423
   3045.0   0.03449
   3050.0   0.03479
   3055.0   0.03498
   3060.0   0.03227
   3065.0   0.03475
   3070.0   0.03522
   3075.0   0.03436
   3080.0   0.03480
   3085.0   0.03438
   3090.0   0.03593
   3095.0   0.03762
   3100.0   0.03562
   3105.0   0.03589
   3110.0   0.03713
   3115.0   0.03895
   3120.0   0.04000
   3125.0   0.03813
   3130.0   0.03866
   3135.0   0.03889
   3140.0   0.03999
   3145.0   0.03996
   3150.0   0.04165
   3155.0   0.03776
   3160.0   0.04105
   3165.0   0.04180
   3170.0   0.04081
   3175.0   0.04239
   3180.0   0.04234
   3185.0   0.04109
   3190.0   0.04240
   3195.0   0.04378
   3200.0   0.04429
   3205.0   0.04525
   3210.0   0.04535
   3215.0   0.04524
   3220.0   0.04523
   3225.0   0.04711
   3230.0   0.04666
   3235.0   0.04792
   3240.0   0.04663
   3245.0   0.04800
   3250.0   0.04721
   3255.0   0.04820
   3260.0   0.04835
   3265.0   0.04996
   3270.0   0.04756
   3275.0   0.05138
   3280.0   0.04924
   3285.0   0.05094
   3290.0   0.05026
   3295.0   0.05118
   3300.0   0.05352
   3305.0   0.05159
   3310.0   0.05207
   3315.0   0.05100
   3320.0   0.05223
   3325.0   0.05191
   3330.0   0.05210
   3335.0   0.05140
   3340.0   0.05302
   3345.0   0.05114
   3350.0   0.05179
   3355.0   0.05033
   3360.0   0.05357
   3365.0   0.05228
   3370.0   0.05116
   3375.0   0.05089
   3380.0   0.05125
   3385.0   0.05250
   3390.0   0.05233
   3395.0   0.05220
   3400.0   0.05115
   3405.0   0.05301
   3410.0   0.05232
   3415.0   0.04862
   3420.0   0.05001
   3425.0   0.04816
   3430.0   0.05309
   3435.0   0.05758
   3440.0   0.05492
   3445.0   0.05971
   3450.0   0.05848
   3455.0   0.05812
   3460.0   0.06059
   3465.0   0.05804
   3470.0   0.06198
   3475.0   0.05946
   3480.0   0.05769
   3485.0   0.05330
   3490.0   0.05499
   3495.0   0.05831
   3500.0   0.05885
   3505.0   0.05673
   3510.0   0.05773
   3515.0   0.06237
   3520.0   0.06263
   3525.0   0.06562
   3530.0   0.05883
   3535.0   0.06062
   3540.0   0.06265
   3545.0   0.05988
   3550.0   0.06278
   3555.0   0.06992
   3560.0   0.05655
   3565.0   0.06494
   3570.0   0.06481
   3575.0   0.07031
   3580.0   0.06672
   3585.0   0.07087
   3590.0   0.06888
   3595.0   0.06177
   3600.0   0.06137



 C1RB30      .ASC                        

 RB-CMP-030                                                              
 INNER UNWEATHERED PORTION OF A PIECE OF TAOS BASALT (NEW MEXICO)        
 RATIOS ADJUSTED USING NBS HALON CALIBRATION TABLE                       

 Source Ang: 30.00   Detect Ang:  0.00  Volt: 0.777
 Date: 15-DEC-88   Time: 17:35:54
