   641
    300.0   0.03762
    305.0   0.03836
    310.0   0.03827
    315.0   0.03997
    320.0   0.03974
    325.0   0.04158
    330.0   0.04216
    335.0   0.04249
    340.0   0.04345
    345.0   0.04471
    350.0   0.04522
    355.0   0.04599
    360.0   0.04706
    365.0   0.04760
    370.0   0.04825
    375.0   0.04876
    380.0   0.04993
    385.0   0.05080
    390.0   0.05227
    395.0   0.05347
    400.0   0.05508
    405.0   0.05716
    410.0   0.05868
    415.0   0.06008
    420.0   0.06201
    425.0   0.06362
    430.0   0.06561
    435.0   0.06776
    440.0   0.06971
    445.0   0.07198
    450.0   0.07418
    455.0   0.07658
    460.0   0.07876
    465.0   0.08085
    470.0   0.08288
    475.0   0.08448
    480.0   0.08621
    485.0   0.08851
    490.0   0.09136
    495.0   0.09475
    500.0   0.09851
    505.0   0.10276
    510.0   0.10681
    515.0   0.11082
    520.0   0.11566
    525.0   0.12082
    530.0   0.12648
    535.0   0.13172
    540.0   0.13751
    545.0   0.14303
    550.0   0.14885
    555.0   0.15390
    560.0   0.15988
    565.0   0.16594
    570.0   0.17174
    575.0   0.17745
    580.0   0.18341
    585.0   0.18910
    590.0   0.19433
    595.0   0.19978
    600.0   0.20435
    605.0   0.20878
    610.0   0.21264
    615.0   0.21617
    620.0   0.21888
    625.0   0.22161
    630.0   0.22423
    635.0   0.22695
    640.0   0.22837
    645.0   0.23101
    650.0   0.23306
    655.0   0.23548
    660.0   0.23768
    665.0   0.23984
    670.0   0.24279
    675.0   0.24514
    680.0   0.24732
    685.0   0.24951
    690.0   0.25129
    695.0   0.25318
    700.0   0.25462
    705.0   0.25517
    710.0   0.25621
    715.0   0.25747
    720.0   0.25826
    725.0   0.25859
    730.0   0.25944
    735.0   0.25905
    740.0   0.25925
    745.0   0.25973
    750.0   0.25925
    755.0   0.25899
    760.0   0.25873
    765.0   0.25872
    770.0   0.25819
    775.0   0.25777
    780.0   0.25748
    785.0   0.25633
    790.0   0.25578
    795.0   0.25468
    800.0   0.25447
    805.0   0.25334
    810.0   0.25247
    815.0   0.25061
    820.0   0.25026
    825.0   0.24918
    830.0   0.24774
    835.0   0.24630
    840.0   0.24603
    845.0   0.24426
    850.0   0.24230
    855.0   0.24188
    860.0   0.23962
    865.0   0.23962
    870.0   0.23618
    875.0   0.23390
    880.0   0.23244
    885.0   0.23021
    890.0   0.22827
    895.0   0.22609
    900.0   0.22401
    905.0   0.22205
    910.0   0.21968
    915.0   0.21855
    920.0   0.21703
    925.0   0.21400
    930.0   0.21286
    935.0   0.21178
    940.0   0.20994
    945.0   0.20875
    950.0   0.20786
    955.0   0.20579
    960.0   0.20475
    965.0   0.20365
    970.0   0.20259
    975.0   0.20232
    980.0   0.20238
    985.0   0.20046
    990.0   0.20006
    995.0   0.19957
   1000.0   0.19797
   1005.0   0.19728
   1010.0   0.19719
   1015.0   0.19699
   1020.0   0.19591
   1025.0   0.19636
   1030.0   0.19694
   1035.0   0.19756
   1040.0   0.19618
   1045.0   0.19627
   1050.0   0.19597
   1055.0   0.19628
   1060.0   0.19590
   1065.0   0.19674
   1070.0   0.19703
   1075.0   0.19652
   1080.0   0.19731
   1085.0   0.19632
   1090.0   0.19657
   1095.0   0.19640
   1100.0   0.19664
   1105.0   0.19689
   1110.0   0.19674
   1115.0   0.19658
   1120.0   0.19631
   1125.0   0.19700
   1130.0   0.19778
   1135.0   0.19755
   1140.0   0.19743
   1145.0   0.19668
   1150.0   0.19675
   1155.0   0.19666
   1160.0   0.19560
   1165.0   0.19549
   1170.0   0.19507
   1175.0   0.19417
   1180.0   0.19392
   1185.0   0.19407
   1190.0   0.19315
   1195.0   0.19277
   1200.0   0.19224
   1205.0   0.19247
   1210.0   0.19226
   1215.0   0.19249
   1220.0   0.19217
   1225.0   0.19153
   1230.0   0.19071
   1235.0   0.19012
   1240.0   0.18950
   1245.0   0.18948
   1250.0   0.18998
   1255.0   0.18978
   1260.0   0.18932
   1265.0   0.18897
   1270.0   0.18864
   1275.0   0.18798
   1280.0   0.18800
   1285.0   0.18724
   1290.0   0.18701
   1295.0   0.18695
   1300.0   0.18747
   1305.0   0.18751
   1310.0   0.18668
   1315.0   0.18703
   1320.0   0.18677
   1325.0   0.18621
   1330.0   0.18697
   1335.0   0.18758
   1340.0   0.18736
   1345.0   0.18612
   1350.0   0.18618
   1355.0   0.18605
   1360.0   0.18559
   1365.0   0.18573
   1370.0   0.18524
   1375.0   0.18569
   1380.0   0.18496
   1385.0   0.18468
   1390.0   0.18369
   1395.0   0.18326
   1400.0   0.18334
   1405.0   0.18296
   1410.0   0.18162
   1415.0   0.18165
   1420.0   0.18135
   1425.0   0.18123
   1430.0   0.18101
   1435.0   0.18048
   1440.0   0.18142
   1445.0   0.18243
   1450.0   0.18339
   1455.0   0.18354
   1460.0   0.18308
   1465.0   0.18336
   1470.0   0.18368
   1475.0   0.18318
   1480.0   0.18260
   1485.0   0.18280
   1490.0   0.18346
   1495.0   0.18364
   1500.0   0.18422
   1505.0   0.18481
   1510.0   0.18440
   1515.0   0.18508
   1520.0   0.18444
   1525.0   0.18536
   1530.0   0.18547
   1535.0   0.18472
   1540.0   0.18600
   1545.0   0.18643
   1550.0   0.18722
   1555.0   0.18750
   1560.0   0.18652
   1565.0   0.18681
   1570.0   0.18676
   1575.0   0.18742
   1580.0   0.18783
   1585.0   0.18791
   1590.0   0.18783
   1595.0   0.18821
   1600.0   0.18840
   1605.0   0.18769
   1610.0   0.18643
   1615.0   0.18779
   1620.0   0.18840
   1625.0   0.18784
   1630.0   0.18860
   1635.0   0.18914
   1640.0   0.18903
   1645.0   0.18908
   1650.0   0.18958
   1655.0   0.18953
   1660.0   0.19009
   1665.0   0.19107
   1670.0   0.19122
   1675.0   0.19087
   1680.0   0.19152
   1685.0   0.19126
   1690.0   0.19041
   1695.0   0.19098
   1700.0   0.19149
   1705.0   0.19248
   1710.0   0.19281
   1715.0   0.19270
   1720.0   0.19283
   1725.0   0.19327
   1730.0   0.19364
   1735.0   0.19355
   1740.0   0.19289
   1745.0   0.19327
   1750.0   0.19403
   1755.0   0.19406
   1760.0   0.19401
   1765.0   0.19392
   1770.0   0.19453
   1775.0   0.19502
   1780.0   0.19578
   1785.0   0.19563
   1790.0   0.19536
   1795.0   0.19535
   1800.0   0.19477
   1805.0   0.19549
   1810.0   0.19552
   1815.0   0.19622
   1820.0   0.19656
   1825.0   0.19739
   1830.0   0.19710
   1835.0   0.19705
   1840.0   0.19677
   1845.0   0.19699
   1850.0   0.19769
   1855.0   0.19737
   1860.0   0.19728
   1865.0   0.19718
   1870.0   0.19700
   1875.0   0.19654
   1880.0   0.19605
   1885.0   0.19542
   1890.0   0.19405
   1895.0   0.19115
   1900.0   0.18767
   1905.0   0.18343
   1910.0   0.17779
   1915.0   0.17436
   1920.0   0.17377
   1925.0   0.17519
   1930.0   0.17709
   1935.0   0.17961
   1940.0   0.18124
   1945.0   0.18270
   1950.0   0.18458
   1955.0   0.18544
   1960.0   0.18535
   1965.0   0.18605
   1970.0   0.18627
   1975.0   0.18743
   1980.0   0.18838
   1985.0   0.18927
   1990.0   0.18988
   1995.0   0.19108
   2000.0   0.19296
   2005.0   0.19435
   2010.0   0.19474
   2015.0   0.19519
   2020.0   0.19551
   2025.0   0.19608
   2030.0   0.19681
   2035.0   0.19835
   2040.0   0.19833
   2045.0   0.19817
   2050.0   0.19863
   2055.0   0.19949
   2060.0   0.19976
   2065.0   0.19983
   2070.0   0.20036
   2075.0   0.20108
   2080.0   0.20156
   2085.0   0.20170
   2090.0   0.20236
   2095.0   0.20214
   2100.0   0.20216
   2105.0   0.20231
   2110.0   0.20349
   2115.0   0.20448
   2120.0   0.20435
   2125.0   0.20371
   2130.0   0.20427
   2135.0   0.20453
   2140.0   0.20512
   2145.0   0.20488
   2150.0   0.20514
   2155.0   0.20571
   2160.0   0.20639
   2165.0   0.20734
   2170.0   0.20825
   2175.0   0.20789
   2180.0   0.20785
   2185.0   0.20857
   2190.0   0.20912
   2195.0   0.20834
   2200.0   0.20840
   2205.0   0.20870
   2210.0   0.20984
   2215.0   0.20969
   2220.0   0.20968
   2225.0   0.21061
   2230.0   0.21146
   2235.0   0.21138
   2240.0   0.21082
   2245.0   0.20959
   2250.0   0.20913
   2255.0   0.20895
   2260.0   0.20888
   2265.0   0.20847
   2270.0   0.20824
   2275.0   0.20785
   2280.0   0.20644
   2285.0   0.20489
   2290.0   0.20343
   2295.0   0.20110
   2300.0   0.19939
   2305.0   0.19777
   2310.0   0.19931
   2315.0   0.20189
   2320.0   0.20432
   2325.0   0.20718
   2330.0   0.20879
   2335.0   0.20894
   2340.0   0.20869
   2345.0   0.20894
   2350.0   0.20894
   2355.0   0.20913
   2360.0   0.20754
   2365.0   0.20663
   2370.0   0.20572
   2375.0   0.20401
   2380.0   0.20311
   2385.0   0.20326
   2390.0   0.20369
   2395.0   0.20365
   2400.0   0.20388
   2405.0   0.20345
   2410.0   0.20274
   2415.0   0.20336
   2420.0   0.20388
   2425.0   0.20417
   2430.0   0.20333
   2435.0   0.20201
   2440.0   0.20091
   2445.0   0.20015
   2450.0   0.19931
   2455.0   0.19842
   2460.0   0.19688
   2465.0   0.19647
   2470.0   0.19581
   2475.0   0.19509
   2480.0   0.19525
   2485.0   0.19447
   2490.0   0.19396
   2495.0   0.19328
   2500.0   0.19270
   2505.0   0.19122
   2510.0   0.19052
   2515.0   0.18929
   2520.0   0.18875
   2525.0   0.18844
   2530.0   0.18897
   2535.0   0.18991
   2540.0   0.19080
   2545.0   0.19028
   2550.0   0.19019
   2555.0   0.18994
   2560.0   0.19035
   2565.0   0.18920
   2570.0   0.18935
   2575.0   0.19001
   2580.0   0.19073
   2585.0   0.19029
   2590.0   0.19025
   2595.0   0.18979
   2600.0   0.19002
   2605.0   0.18930
   2610.0   0.19050
   2615.0   0.18915
   2620.0   0.18856
   2625.0   0.18753
   2630.0   0.18665
   2635.0   0.18556
   2640.0   0.18268
   2645.0   0.18206
   2650.0   0.18032
   2655.0   0.17813
   2660.0   0.17512
   2665.0   0.17183
   2670.0   0.16914
   2675.0   0.16500
   2680.0   0.16108
   2685.0   0.15681
   2690.0   0.15123
   2695.0   0.14456
   2700.0   0.13642
   2705.0   0.12652
   2710.0   0.11608
   2715.0   0.10502
   2720.0   0.09718
   2725.0   0.08728
   2730.0   0.07818
   2735.0   0.06705
   2740.0   0.05624
   2745.0   0.04852
   2750.0   0.04474
   2755.0   0.03922
   2760.0   0.03049
   2765.0   0.03295
   2770.0   0.02511
   2775.0   0.02493
   2780.0   0.01476
   2785.0   0.02381
   2790.0   0.01564
   2795.0   0.02687
   2800.0   0.02459
   2805.0   0.02189
   2810.0   0.02278
   2815.0   0.01800
   2820.0   0.02162
   2825.0   0.01466
   2830.0   0.02187
   2835.0   0.02509
   2840.0   0.02122
   2845.0   0.03052
   2850.0   0.02878
   2855.0   0.02751
   2860.0   0.02783
   2865.0   0.02732
   2870.0   0.03151
   2875.0   0.02926
   2880.0   0.02798
   2885.0   0.02706
   2890.0   0.02563
   2895.0   0.02982
   2900.0   0.02572
   2905.0   0.02797
   2910.0   0.02625
   2915.0   0.02829
   2920.0   0.03123
   2925.0   0.02984
   2930.0   0.02886
   2935.0   0.02933
   2940.0   0.02774
   2945.0   0.02788
   2950.0   0.03013
   2955.0   0.03066
   2960.0   0.02927
   2965.0   0.02800
   2970.0   0.02658
   2975.0   0.03104
   2980.0   0.02924
   2985.0   0.03136
   2990.0   0.02936
   2995.0   0.02969
   3000.0   0.02891
   3005.0   0.02949
   3010.0   0.03051
   3015.0   0.02853
   3020.0   0.02929
   3025.0   0.03012
   3030.0   0.03186
   3035.0   0.02958
   3040.0   0.03139
   3045.0   0.03018
   3050.0   0.03095
   3055.0   0.03206
   3060.0   0.03069
   3065.0   0.03211
   3070.0   0.02989
   3075.0   0.03068
   3080.0   0.03215
   3085.0   0.03106
   3090.0   0.03216
   3095.0   0.03166
   3100.0   0.03238
   3105.0   0.03212
   3110.0   0.03283
   3115.0   0.03217
   3120.0   0.03320
   3125.0   0.03351
   3130.0   0.03374
   3135.0   0.03377
   3140.0   0.03406
   3145.0   0.03439
   3150.0   0.03439
   3155.0   0.03454
   3160.0   0.03588
   3165.0   0.03561
   3170.0   0.03662
   3175.0   0.03707
   3180.0   0.03752
   3185.0   0.03765
   3190.0   0.03871
   3195.0   0.03865
   3200.0   0.03828
   3205.0   0.03802
   3210.0   0.03982
   3215.0   0.04162
   3220.0   0.04156
   3225.0   0.04162
   3230.0   0.04247
   3235.0   0.04339
   3240.0   0.04153
   3245.0   0.04382
   3250.0   0.04481
   3255.0   0.04592
   3260.0   0.04528
   3265.0   0.04531
   3270.0   0.04795
   3275.0   0.04999
   3280.0   0.04770
   3285.0   0.04872
   3290.0   0.04981
   3295.0   0.05136
   3300.0   0.05002
   3305.0   0.05041
   3310.0   0.05204
   3315.0   0.05268
   3320.0   0.05171
   3325.0   0.05242
   3330.0   0.05657
   3335.0   0.05394
   3340.0   0.05579
   3345.0   0.05787
   3350.0   0.05745
   3355.0   0.05744
   3360.0   0.05922
   3365.0   0.05851
   3370.0   0.05825
   3375.0   0.05989
   3380.0   0.05897
   3385.0   0.06034
   3390.0   0.06131
   3395.0   0.06097
   3400.0   0.06231
   3405.0   0.06406
   3410.0   0.06273
   3415.0   0.06156
   3420.0   0.06271
   3425.0   0.06598
   3430.0   0.06554
   3435.0   0.06536
   3440.0   0.06661
   3445.0   0.06980
   3450.0   0.07295
   3455.0   0.07349
   3460.0   0.07522
   3465.0   0.07805
   3470.0   0.07487
   3475.0   0.07856
   3480.0   0.07895
   3485.0   0.07837
   3490.0   0.08283
   3495.0   0.08364
   3500.0   0.08460



 C1RS12      .ASC                        

 RS-CMP-012                                                              
 ORIGINAL CHIP OF WEATHERED TAOS BASALT USED IN VARIOUS PHASE ANGLE      
 AND OTHER EXPERIMENTS                                                   
 RATIOS ADJUSTED USING NBS HALON CALIBRATION TABLE                       

 Source Ang: 30.00   Detect Ang:  0.00  Volt: 0.222
 Date: 14-JUL-89   Time: 12:25:58
