   661
    300.0   0.09054
    305.0   0.11472
    310.0   0.11719
    315.0   0.12977
    320.0   0.14769
    325.0   0.16821
    330.0   0.19615
    335.0   0.22765
    340.0   0.26169
    345.0   0.29650
    350.0   0.33259
    355.0   0.36489
    360.0   0.39772
    365.0   0.42135
    370.0   0.44356
    375.0   0.45878
    380.0   0.46848
    385.0   0.47754
    390.0   0.48796
    395.0   0.49698
    400.0   0.51285
    405.0   0.51876
    410.0   0.53956
    415.0   0.54789
    420.0   0.55402
    425.0   0.55648
    430.0   0.55948
    435.0   0.56123
    440.0   0.56708
    445.0   0.56860
    450.0   0.56456
    455.0   0.56700
    460.0   0.57689
    465.0   0.58837
    470.0   0.59346
    475.0   0.60090
    480.0   0.61669
    485.0   0.61865
    490.0   0.61828
    495.0   0.62126
    500.0   0.63896
    505.0   0.65880
    510.0   0.66940
    515.0   0.67572
    520.0   0.68157
    525.0   0.68612
    530.0   0.69276
    535.0   0.70027
    540.0   0.71045
    545.0   0.71760
    550.0   0.72477
    555.0   0.72974
    560.0   0.73246
    565.0   0.73319
    570.0   0.73136
    575.0   0.72787
    580.0   0.72324
    585.0   0.71902
    590.0   0.71582
    595.0   0.71103
    600.0   0.70674
    605.0   0.70175
    610.0   0.69623
    615.0   0.68777
    620.0   0.67989
    625.0   0.67431
    630.0   0.66997
    635.0   0.66550
    640.0   0.66471
    645.0   0.66640
    650.0   0.66705
    655.0   0.66980
    660.0   0.67176
    665.0   0.67292
    670.0   0.67175
    675.0   0.67061
    680.0   0.66644
    685.0   0.66254
    690.0   0.65954
    695.0   0.65367
    700.0   0.64794
    705.0   0.64072
    710.0   0.63107
    715.0   0.62415
    720.0   0.61519
    725.0   0.60805
    730.0   0.59831
    735.0   0.58943
    740.0   0.58055
    745.0   0.56922
    750.0   0.55854
    755.0   0.55010
    760.0   0.53903
    765.0   0.52855
    770.0   0.51873
    775.0   0.50918
    780.0   0.50058
    785.0   0.49180
    790.0   0.48168
    795.0   0.47566
    800.0   0.46851
    805.0   0.46103
    810.0   0.45456
    815.0   0.44786
    820.0   0.44151
    825.0   0.43604
    830.0   0.43013
    835.0   0.42610
    840.0   0.42249
    845.0   0.41783
    850.0   0.41381
    855.0   0.41022
    860.0   0.40628
    865.0   0.40276
    870.0   0.39974
    875.0   0.39739
    880.0   0.39447
    885.0   0.39090
    890.0   0.38748
    895.0   0.38353
    900.0   0.38016
    905.0   0.37557
    910.0   0.37076
    915.0   0.36662
    920.0   0.36078
    925.0   0.35597
    930.0   0.35037
    935.0   0.34398
    940.0   0.33716
    945.0   0.33038
    950.0   0.32243
    955.0   0.31606
    960.0   0.30925
    965.0   0.30211
    970.0   0.29553
    975.0   0.28896
    980.0   0.28304
    985.0   0.27685
    990.0   0.27141
    995.0   0.26526
   1000.0   0.26044
   1005.0   0.25619
   1010.0   0.25149
   1015.0   0.24764
   1020.0   0.24361
   1025.0   0.24013
   1030.0   0.23783
   1035.0   0.23622
   1040.0   0.23387
   1045.0   0.23408
   1050.0   0.23283
   1055.0   0.23243
   1060.0   0.23297
   1065.0   0.23355
   1070.0   0.23454
   1075.0   0.23608
   1080.0   0.23859
   1085.0   0.24133
   1090.0   0.24340
   1095.0   0.24684
   1100.0   0.25061
   1105.0   0.25364
   1110.0   0.25819
   1115.0   0.26219
   1120.0   0.26487
   1125.0   0.26876
   1130.0   0.27231
   1135.0   0.27529
   1140.0   0.27904
   1145.0   0.28228
   1150.0   0.28679
   1155.0   0.28987
   1160.0   0.29157
   1165.0   0.29423
   1170.0   0.29700
   1175.0   0.29937
   1180.0   0.30122
   1185.0   0.30379
   1190.0   0.30619
   1195.0   0.30784
   1200.0   0.31039
   1205.0   0.31172
   1210.0   0.31406
   1215.0   0.31549
   1220.0   0.31796
   1225.0   0.32072
   1230.0   0.32255
   1235.0   0.32435
   1240.0   0.32594
   1245.0   0.32862
   1250.0   0.33129
   1255.0   0.33272
   1260.0   0.33543
   1265.0   0.33841
   1270.0   0.34061
   1275.0   0.34359
   1280.0   0.34639
   1285.0   0.34916
   1290.0   0.35259
   1295.0   0.35698
   1300.0   0.36103
   1305.0   0.36422
   1310.0   0.36748
   1315.0   0.37117
   1320.0   0.37568
   1325.0   0.37991
   1330.0   0.38481
   1335.0   0.38974
   1340.0   0.39355
   1345.0   0.39913
   1350.0   0.40410
   1355.0   0.40867
   1360.0   0.41259
   1365.0   0.41896
   1370.0   0.42489
   1375.0   0.42962
   1380.0   0.43657
   1385.0   0.44216
   1390.0   0.44717
   1395.0   0.45352
   1400.0   0.45952
   1405.0   0.46583
   1410.0   0.47124
   1415.0   0.47699
   1420.0   0.48451
   1425.0   0.49063
   1430.0   0.49803
   1435.0   0.50529
   1440.0   0.51057
   1445.0   0.51663
   1450.0   0.52432
   1455.0   0.53074
   1460.0   0.53777
   1465.0   0.54581
   1470.0   0.55343
   1475.0   0.55867
   1480.0   0.56632
   1485.0   0.57292
   1490.0   0.57875
   1495.0   0.58618
   1500.0   0.59135
   1505.0   0.59863
   1510.0   0.60628
   1515.0   0.61234
   1520.0   0.61909
   1525.0   0.62445
   1530.0   0.63352
   1535.0   0.64048
   1540.0   0.64487
   1545.0   0.65215
   1550.0   0.65861
   1555.0   0.66534
   1560.0   0.67202
   1565.0   0.67605
   1570.0   0.68170
   1575.0   0.68666
   1580.0   0.69195
   1585.0   0.69771
   1590.0   0.70383
   1595.0   0.70783
   1600.0   0.71315
   1605.0   0.71771
   1610.0   0.72300
   1615.0   0.72790
   1620.0   0.73266
   1625.0   0.73607
   1630.0   0.73976
   1635.0   0.74427
   1640.0   0.74831
   1645.0   0.75237
   1650.0   0.75684
   1655.0   0.76015
   1660.0   0.76094
   1665.0   0.76365
   1670.0   0.76620
   1675.0   0.76966
   1680.0   0.77269
   1685.0   0.77498
   1690.0   0.77690
   1695.0   0.77977
   1700.0   0.78182
   1705.0   0.78416
   1710.0   0.78726
   1715.0   0.78965
   1720.0   0.79134
   1725.0   0.79292
   1730.0   0.79503
   1735.0   0.79679
   1740.0   0.79791
   1745.0   0.79961
   1750.0   0.80088
   1755.0   0.80294
   1760.0   0.80424
   1765.0   0.80499
   1770.0   0.80611
   1775.0   0.80813
   1780.0   0.80896
   1785.0   0.80997
   1790.0   0.81137
   1795.0   0.81228
   1800.0   0.81388
   1805.0   0.81500
   1810.0   0.81695
   1815.0   0.81741
   1820.0   0.82005
   1825.0   0.82088
   1830.0   0.82187
   1835.0   0.82279
   1840.0   0.82469
   1845.0   0.82561
   1850.0   0.82560
   1855.0   0.82614
   1860.0   0.82684
   1865.0   0.82582
   1870.0   0.82685
   1875.0   0.83174
   1880.0   0.83110
   1885.0   0.82712
   1890.0   0.82750
   1895.0   0.82696
   1900.0   0.82589
   1905.0   0.82880
   1910.0   0.82935
   1915.0   0.82912
   1920.0   0.82880
   1925.0   0.82880
   1930.0   0.82786
   1935.0   0.82909
   1940.0   0.82898
   1945.0   0.82869
   1950.0   0.82897
   1955.0   0.82910
   1960.0   0.82870
   1965.0   0.82822
   1970.0   0.82867
   1975.0   0.82846
   1980.0   0.82914
   1985.0   0.83026
   1990.0   0.83146
   1995.0   0.83112
   2000.0   0.83109
   2005.0   0.83263
   2010.0   0.83249
   2015.0   0.83312
   2020.0   0.83463
   2025.0   0.83407
   2030.0   0.83448
   2035.0   0.83557
   2040.0   0.83541
   2045.0   0.83570
   2050.0   0.83637
   2055.0   0.83676
   2060.0   0.83723
   2065.0   0.83751
   2070.0   0.83800
   2075.0   0.83837
   2080.0   0.83825
   2085.0   0.83939
   2090.0   0.83993
   2095.0   0.83999
   2100.0   0.84025
   2105.0   0.84057
   2110.0   0.84118
   2115.0   0.84130
   2120.0   0.84399
   2125.0   0.84307
   2130.0   0.84391
   2135.0   0.84471
   2140.0   0.84430
   2145.0   0.84412
   2150.0   0.84438
   2155.0   0.84450
   2160.0   0.84504
   2165.0   0.84482
   2170.0   0.84350
   2175.0   0.84369
   2180.0   0.84315
   2185.0   0.84312
   2190.0   0.84223
   2195.0   0.84193
   2200.0   0.84234
   2205.0   0.84204
   2210.0   0.84222
   2215.0   0.84204
   2220.0   0.84256
   2225.0   0.84245
   2230.0   0.84208
   2235.0   0.84165
   2240.0   0.84222
   2245.0   0.84200
   2250.0   0.84167
   2255.0   0.84237
   2260.0   0.84227
   2265.0   0.84256
   2270.0   0.84231
   2275.0   0.84232
   2280.0   0.84210
   2285.0   0.84299
   2290.0   0.84244
   2295.0   0.84273
   2300.0   0.84272
   2305.0   0.84385
   2310.0   0.84386
   2315.0   0.84389
   2320.0   0.84389
   2325.0   0.84336
   2330.0   0.84262
   2335.0   0.84288
   2340.0   0.84307
   2345.0   0.84180
   2350.0   0.84080
   2355.0   0.84168
   2360.0   0.84203
   2365.0   0.84136
   2370.0   0.84068
   2375.0   0.84094
   2380.0   0.84006
   2385.0   0.84029
   2390.0   0.84115
   2395.0   0.83978
   2400.0   0.83894
   2405.0   0.83916
   2410.0   0.83718
   2415.0   0.83874
   2420.0   0.83794
   2425.0   0.83740
   2430.0   0.83750
   2435.0   0.83668
   2440.0   0.83626
   2445.0   0.83669
   2450.0   0.83714
   2455.0   0.83493
   2460.0   0.83411
   2465.0   0.83323
   2470.0   0.83304
   2475.0   0.83068
   2480.0   0.83070
   2485.0   0.83117
   2490.0   0.83124
   2495.0   0.83219
   2500.0   0.83327
   2505.0   0.83226
   2510.0   0.83141
   2515.0   0.82951
   2520.0   0.82893
   2525.0   0.82813
   2530.0   0.82889
   2535.0   0.82827
   2540.0   0.82874
   2545.0   0.82888
   2550.0   0.82638
   2555.0   0.82754
   2560.0   0.82508
   2565.0   0.82388
   2570.0   0.82174
   2575.0   0.82282
   2580.0   0.82319
   2585.0   0.81578
   2590.0   0.81618
   2595.0   0.81735
   2600.0   0.81765
   2605.0   0.81588
   2610.0   0.81590
   2615.0   0.81386
   2620.0   0.81609
   2625.0   0.81551
   2630.0   0.81470
   2635.0   0.81166
   2640.0   0.81261
   2645.0   0.81016
   2650.0   0.81147
   2655.0   0.80946
   2660.0   0.80823
   2665.0   0.79889
   2670.0   0.79458
   2675.0   0.79144
   2680.0   0.79052
   2685.0   0.79416
   2690.0   0.79224
   2695.0   0.79026
   2700.0   0.78529
   2705.0   0.76851
   2710.0   0.76205
   2715.0   0.75647
   2720.0   0.75044
   2725.0   0.74735
   2730.0   0.74224
   2735.0   0.73314
   2740.0   0.72549
   2745.0   0.71735
   2750.0   0.70637
   2755.0   0.70456
   2760.0   0.70266
   2765.0   0.68529
   2770.0   0.68329
   2775.0   0.67271
   2780.0   0.67076
   2785.0   0.66635
   2790.0   0.65321
   2795.0   0.64788
   2800.0   0.64818
   2805.0   0.64627
   2810.0   0.64382
   2815.0   0.64210
   2820.0   0.63558
   2825.0   0.62946
   2830.0   0.63121
   2835.0   0.63405
   2840.0   0.62758
   2845.0   0.62640
   2850.0   0.62102
   2855.0   0.61830
   2860.0   0.62002
   2865.0   0.61799
   2870.0   0.61843
   2875.0   0.61554
   2880.0   0.61720
   2885.0   0.61243
   2890.0   0.61182
   2895.0   0.61018
   2900.0   0.61122
   2905.0   0.61142
   2910.0   0.61453
   2915.0   0.61848
   2920.0   0.61199
   2925.0   0.60708
   2930.0   0.61097
   2935.0   0.60827
   2940.0   0.60898
   2945.0   0.60481
   2950.0   0.60692
   2955.0   0.60979
   2960.0   0.61033
   2965.0   0.61081
   2970.0   0.60837
   2975.0   0.60843
   2980.0   0.60936
   2985.0   0.60642
   2990.0   0.60990
   2995.0   0.61091
   3000.0   0.61006
   3005.0   0.61145
   3010.0   0.61350
   3015.0   0.61107
   3020.0   0.61469
   3025.0   0.61589
   3030.0   0.61488
   3035.0   0.61170
   3040.0   0.61588
   3045.0   0.61041
   3050.0   0.61209
   3055.0   0.61439
   3060.0   0.61617
   3065.0   0.61735
   3070.0   0.61761
   3075.0   0.61743
   3080.0   0.61816
   3085.0   0.62150
   3090.0   0.62262
   3095.0   0.62501
   3100.0   0.62577
   3105.0   0.62774
   3110.0   0.62438
   3115.0   0.62695
   3120.0   0.62607
   3125.0   0.62395
   3130.0   0.62694
   3135.0   0.63055
   3140.0   0.63224
   3145.0   0.62893
   3150.0   0.62988
   3155.0   0.62958
   3160.0   0.63049
   3165.0   0.63277
   3170.0   0.63222
   3175.0   0.63224
   3180.0   0.62995
   3185.0   0.63225
   3190.0   0.63100
   3195.0   0.63185
   3200.0   0.63367
   3205.0   0.63122
   3210.0   0.63100
   3215.0   0.63493
   3220.0   0.63451
   3225.0   0.63445
   3230.0   0.63249
   3235.0   0.63321
   3240.0   0.63313
   3245.0   0.63386
   3250.0   0.63386
   3255.0   0.63613
   3260.0   0.63444
   3265.0   0.63255
   3270.0   0.62905
   3275.0   0.62999
   3280.0   0.62888
   3285.0   0.62883
   3290.0   0.62839
   3295.0   0.62814
   3300.0   0.62805
   3305.0   0.62619
   3310.0   0.62524
   3315.0   0.62283
   3320.0   0.62207
   3325.0   0.61732
   3330.0   0.61779
   3335.0   0.61666
   3340.0   0.61256
   3345.0   0.61343
   3350.0   0.61041
   3355.0   0.60677
   3360.0   0.61122
   3365.0   0.61016
   3370.0   0.61469
   3375.0   0.61594
   3380.0   0.61782
   3385.0   0.61800
   3390.0   0.61706
   3395.0   0.61600
   3400.0   0.61348
   3405.0   0.61955
   3410.0   0.61937
   3415.0   0.62136
   3420.0   0.62394
   3425.0   0.62186
   3430.0   0.62196
   3435.0   0.62015
   3440.0   0.62554
   3445.0   0.62061
   3450.0   0.61891
   3455.0   0.61977
   3460.0   0.61581
   3465.0   0.61672
   3470.0   0.61524
   3475.0   0.61126
   3480.0   0.60767
   3485.0   0.60758
   3490.0   0.61393
   3495.0   0.61013
   3500.0   0.60546
   3505.0   0.60446
   3510.0   0.60730
   3515.0   0.60459
   3520.0   0.60192
   3525.0   0.60268
   3530.0   0.60229
   3535.0   0.60188
   3540.0   0.60022
   3545.0   0.60275
   3550.0   0.59450
   3555.0   0.58667
   3560.0   0.59924
   3565.0   0.58779
   3570.0   0.59128
   3575.0   0.58846
   3580.0   0.58110
   3585.0   0.58055
   3590.0   0.59587
   3595.0   0.58917
   3600.0   0.57660



 C1SC02      .ASC                        

 SC-EAC-002     ED CLOUTIS  OLV003  OLIVINE 45-90 UM                     
 RUN SPUN 1600-2600 CHOPPED ELSEWHERE                                    
 RATIOS ADJUSTED USING NBS HALON CALIBRATION TABLE                       

 Source Ang:  0.00   Detect Ang: 15.00  Volt: 0.777
 Date: 30-SEP-88   Time: 18:16:17
