   661
    300.0   0.03926
    305.0   0.04347
    310.0   0.04365
    315.0   0.04372
    320.0   0.04713
    325.0   0.04736
    330.0   0.05155
    335.0   0.05517
    340.0   0.06152
    345.0   0.06848
    350.0   0.07645
    355.0   0.08602
    360.0   0.09529
    365.0   0.10550
    370.0   0.10832
    375.0   0.11139
    380.0   0.11513
    385.0   0.12093
    390.0   0.12889
    395.0   0.13618
    400.0   0.14861
    405.0   0.15815
    410.0   0.16755
    415.0   0.17850
    420.0   0.18609
    425.0   0.18506
    430.0   0.18603
    435.0   0.19252
    440.0   0.19395
    445.0   0.18575
    450.0   0.18695
    455.0   0.19444
    460.0   0.20007
    465.0   0.20296
    470.0   0.20400
    475.0   0.20479
    480.0   0.20392
    485.0   0.20805
    490.0   0.21475
    495.0   0.21971
    500.0   0.22295
    505.0   0.22000
    510.0   0.22571
    515.0   0.23043
    520.0   0.23394
    525.0   0.23587
    530.0   0.23736
    535.0   0.23876
    540.0   0.23850
    545.0   0.23683
    550.0   0.23872
    555.0   0.24554
    560.0   0.25059
    565.0   0.25482
    570.0   0.25900
    575.0   0.26216
    580.0   0.26586
    585.0   0.26939
    590.0   0.27366
    595.0   0.27797
    600.0   0.28231
    605.0   0.28638
    610.0   0.28977
    615.0   0.29326
    620.0   0.29795
    625.0   0.30204
    630.0   0.30509
    635.0   0.31016
    640.0   0.31461
    645.0   0.31985
    650.0   0.32432
    655.0   0.32950
    660.0   0.33571
    665.0   0.34086
    670.0   0.35265
    675.0   0.35791
    680.0   0.36295
    685.0   0.36822
    690.0   0.37253
    695.0   0.37684
    700.0   0.37816
    705.0   0.38141
    710.0   0.38553
    715.0   0.38697
    720.0   0.38531
    725.0   0.38804
    730.0   0.38477
    735.0   0.38025
    740.0   0.37344
    745.0   0.36793
    750.0   0.35779
    755.0   0.34712
    760.0   0.33479
    765.0   0.31596
    770.0   0.30025
    775.0   0.28550
    780.0   0.27190
    785.0   0.25668
    790.0   0.24124
    795.0   0.22607
    800.0   0.21231
    805.0   0.19788
    810.0   0.18626
    815.0   0.17338
    820.0   0.16242
    825.0   0.15208
    830.0   0.14309
    835.0   0.13471
    840.0   0.12808
    845.0   0.12199
    850.0   0.11599
    855.0   0.11051
    860.0   0.10607
    865.0   0.10171
    870.0   0.09802
    875.0   0.09438
    880.0   0.09207
    885.0   0.08978
    890.0   0.08811
    895.0   0.08553
    900.0   0.08471
    905.0   0.08690
    910.0   0.08563
    915.0   0.08457
    920.0   0.08660
    925.0   0.08761
    930.0   0.08629
    935.0   0.08719
    940.0   0.09004
    945.0   0.09197
    950.0   0.09371
    955.0   0.09582
    960.0   0.09852
    965.0   0.10232
    970.0   0.10778
    975.0   0.11255
    980.0   0.11786
    985.0   0.12346
    990.0   0.13111
    995.0   0.13860
   1000.0   0.14715
   1005.0   0.15778
   1010.0   0.16853
   1015.0   0.18051
   1020.0   0.19094
   1025.0   0.20488
   1030.0   0.22078
   1035.0   0.23406
   1040.0   0.24963
   1045.0   0.26480
   1050.0   0.28103
   1055.0   0.29878
   1060.0   0.31744
   1065.0   0.33451
   1070.0   0.35000
   1075.0   0.36449
   1080.0   0.37936
   1085.0   0.39353
   1090.0   0.41022
   1095.0   0.42638
   1100.0   0.44244
   1105.0   0.45462
   1110.0   0.46744
   1115.0   0.47669
   1120.0   0.49011
   1125.0   0.49982
   1130.0   0.50459
   1135.0   0.51339
   1140.0   0.52006
   1145.0   0.52744
   1150.0   0.53460
   1155.0   0.53919
   1160.0   0.54909
   1165.0   0.55426
   1170.0   0.55513
   1175.0   0.55901
   1180.0   0.56369
   1185.0   0.56812
   1190.0   0.56785
   1195.0   0.56871
   1200.0   0.57676
   1205.0   0.58012
   1210.0   0.58236
   1215.0   0.58362
   1220.0   0.58517
   1225.0   0.58736
   1230.0   0.58737
   1235.0   0.58669
   1240.0   0.58614
   1245.0   0.58821
   1250.0   0.58766
   1255.0   0.58673
   1260.0   0.58805
   1265.0   0.58751
   1270.0   0.58638
   1275.0   0.58468
   1280.0   0.58476
   1285.0   0.58353
   1290.0   0.58126
   1295.0   0.58054
   1300.0   0.57613
   1305.0   0.57360
   1310.0   0.57024
   1315.0   0.56742
   1320.0   0.56327
   1325.0   0.55830
   1330.0   0.55323
   1335.0   0.54993
   1340.0   0.54232
   1345.0   0.53878
   1350.0   0.53589
   1355.0   0.53089
   1360.0   0.52275
   1365.0   0.51801
   1370.0   0.51103
   1375.0   0.50545
   1380.0   0.49760
   1385.0   0.49279
   1390.0   0.48506
   1395.0   0.47952
   1400.0   0.47275
   1405.0   0.46727
   1410.0   0.45921
   1415.0   0.45264
   1420.0   0.44621
   1425.0   0.43903
   1430.0   0.43265
   1435.0   0.42668
   1440.0   0.41889
   1445.0   0.41276
   1450.0   0.40453
   1455.0   0.39816
   1460.0   0.39043
   1465.0   0.38409
   1470.0   0.37865
   1475.0   0.37223
   1480.0   0.36666
   1485.0   0.35993
   1490.0   0.35275
   1495.0   0.34727
   1500.0   0.34071
   1505.0   0.33493
   1510.0   0.32912
   1515.0   0.32269
   1520.0   0.31798
   1525.0   0.31350
   1530.0   0.30636
   1535.0   0.30093
   1540.0   0.29670
   1545.0   0.29089
   1550.0   0.28579
   1555.0   0.28145
   1560.0   0.27648
   1565.0   0.27110
   1570.0   0.26714
   1575.0   0.26206
   1580.0   0.25702
   1585.0   0.25162
   1590.0   0.24796
   1595.0   0.24404
   1600.0   0.24201
   1605.0   0.23741
   1610.0   0.23343
   1615.0   0.22913
   1620.0   0.22509
   1625.0   0.22125
   1630.0   0.21694
   1635.0   0.21344
   1640.0   0.21067
   1645.0   0.20740
   1650.0   0.20401
   1655.0   0.20076
   1660.0   0.19735
   1665.0   0.19408
   1670.0   0.19116
   1675.0   0.18869
   1680.0   0.18632
   1685.0   0.18364
   1690.0   0.18093
   1695.0   0.17836
   1700.0   0.17601
   1705.0   0.17389
   1710.0   0.17158
   1715.0   0.16947
   1720.0   0.16793
   1725.0   0.16584
   1730.0   0.16383
   1735.0   0.16204
   1740.0   0.16024
   1745.0   0.15864
   1750.0   0.15701
   1755.0   0.15519
   1760.0   0.15419
   1765.0   0.15284
   1770.0   0.15145
   1775.0   0.15027
   1780.0   0.14881
   1785.0   0.14771
   1790.0   0.14695
   1795.0   0.14575
   1800.0   0.14504
   1805.0   0.14418
   1810.0   0.14336
   1815.0   0.14280
   1820.0   0.14213
   1825.0   0.14159
   1830.0   0.14066
   1835.0   0.14021
   1840.0   0.13975
   1845.0   0.13991
   1850.0   0.13929
   1855.0   0.13901
   1860.0   0.13922
   1865.0   0.13884
   1870.0   0.13829
   1875.0   0.13896
   1880.0   0.13984
   1885.0   0.13896
   1890.0   0.13930
   1895.0   0.13942
   1900.0   0.13931
   1905.0   0.14020
   1910.0   0.14072
   1915.0   0.14129
   1920.0   0.14230
   1925.0   0.14311
   1930.0   0.14367
   1935.0   0.14443
   1940.0   0.14524
   1945.0   0.14624
   1950.0   0.14712
   1955.0   0.14829
   1960.0   0.14991
   1965.0   0.15079
   1970.0   0.15210
   1975.0   0.15363
   1980.0   0.15489
   1985.0   0.15661
   1990.0   0.15824
   1995.0   0.16029
   2000.0   0.16175
   2005.0   0.16389
   2010.0   0.16572
   2015.0   0.16800
   2020.0   0.17050
   2025.0   0.17257
   2030.0   0.17471
   2035.0   0.17736
   2040.0   0.18000
   2045.0   0.18248
   2050.0   0.18547
   2055.0   0.18853
   2060.0   0.19144
   2065.0   0.19451
   2070.0   0.19779
   2075.0   0.20115
   2080.0   0.20469
   2085.0   0.20826
   2090.0   0.21157
   2095.0   0.21541
   2100.0   0.21919
   2105.0   0.22289
   2110.0   0.22683
   2115.0   0.23103
   2120.0   0.23555
   2125.0   0.23979
   2130.0   0.24404
   2135.0   0.24888
   2140.0   0.25324
   2145.0   0.25754
   2150.0   0.26244
   2155.0   0.26787
   2160.0   0.27230
   2165.0   0.27711
   2170.0   0.28144
   2175.0   0.28689
   2180.0   0.29142
   2185.0   0.29584
   2190.0   0.30116
   2195.0   0.30633
   2200.0   0.31172
   2205.0   0.31675
   2210.0   0.32230
   2215.0   0.32748
   2220.0   0.33363
   2225.0   0.33805
   2230.0   0.34355
   2235.0   0.34856
   2240.0   0.35436
   2245.0   0.35908
   2250.0   0.36403
   2255.0   0.36969
   2260.0   0.37535
   2265.0   0.38086
   2270.0   0.38685
   2275.0   0.39216
   2280.0   0.39723
   2285.0   0.40235
   2290.0   0.40799
   2295.0   0.41345
   2300.0   0.42059
   2305.0   0.42431
   2310.0   0.42870
   2315.0   0.43408
   2320.0   0.43900
   2325.0   0.44305
   2330.0   0.44691
   2335.0   0.45219
   2340.0   0.45680
   2345.0   0.46070
   2350.0   0.46428
   2355.0   0.46961
   2360.0   0.47423
   2365.0   0.47795
   2370.0   0.48158
   2375.0   0.48578
   2380.0   0.48909
   2385.0   0.49275
   2390.0   0.49626
   2395.0   0.49937
   2400.0   0.50272
   2405.0   0.50493
   2410.0   0.50733
   2415.0   0.51109
   2420.0   0.51385
   2425.0   0.51617
   2430.0   0.51842
   2435.0   0.52036
   2440.0   0.52235
   2445.0   0.52464
   2450.0   0.52686
   2455.0   0.52862
   2460.0   0.52913
   2465.0   0.53082
   2470.0   0.53236
   2475.0   0.53156
   2480.0   0.53310
   2485.0   0.53571
   2490.0   0.53775
   2495.0   0.53936
   2500.0   0.54049
   2505.0   0.54141
   2510.0   0.54271
   2515.0   0.54180
   2520.0   0.54193
   2525.0   0.54266
   2530.0   0.54454
   2535.0   0.54612
   2540.0   0.54603
   2545.0   0.54666
   2550.0   0.54689
   2555.0   0.54645
   2560.0   0.54495
   2565.0   0.54796
   2570.0   0.54715
   2575.0   0.54684
   2580.0   0.54724
   2585.0   0.54385
   2590.0   0.54410
   2595.0   0.54388
   2600.0   0.54390
   2605.0   0.54209
   2610.0   0.54415
   2615.0   0.54095
   2620.0   0.54050
   2625.0   0.53719
   2630.0   0.53298
   2635.0   0.53414
   2640.0   0.53199
   2645.0   0.52997
   2650.0   0.52859
   2655.0   0.52614
   2660.0   0.52434
   2665.0   0.52330
   2670.0   0.52125
   2675.0   0.52133
   2680.0   0.52285
   2685.0   0.52178
   2690.0   0.51844
   2695.0   0.51524
   2700.0   0.51375
   2705.0   0.50577
   2710.0   0.50239
   2715.0   0.49928
   2720.0   0.49669
   2725.0   0.49648
   2730.0   0.49208
   2735.0   0.48670
   2740.0   0.48131
   2745.0   0.47509
   2750.0   0.46881
   2755.0   0.46862
   2760.0   0.46724
   2765.0   0.46363
   2770.0   0.45943
   2775.0   0.44371
   2780.0   0.43149
   2785.0   0.42024
   2790.0   0.41182
   2795.0   0.40422
   2800.0   0.38556
   2805.0   0.36534
   2810.0   0.35185
   2815.0   0.34994
   2820.0   0.35284
   2825.0   0.35697
   2830.0   0.35092
   2835.0   0.33830
   2840.0   0.31348
   2845.0   0.29574
   2850.0   0.29187
   2855.0   0.30155
   2860.0   0.32557
   2865.0   0.34807
   2870.0   0.36169
   2875.0   0.37588
   2880.0   0.38349
   2885.0   0.37983
   2890.0   0.38026
   2895.0   0.37705
   2900.0   0.37695
   2905.0   0.36826
   2910.0   0.35993
   2915.0   0.35237
   2920.0   0.34420
   2925.0   0.33560
   2930.0   0.33247
   2935.0   0.33213
   2940.0   0.33516
   2945.0   0.34266
   2950.0   0.34716
   2955.0   0.35251
   2960.0   0.35611
   2965.0   0.35761
   2970.0   0.35707
   2975.0   0.35758
   2980.0   0.35936
   2985.0   0.36078
   2990.0   0.35831
   2995.0   0.35954
   3000.0   0.35486
   3005.0   0.35481
   3010.0   0.35161
   3015.0   0.34943
   3020.0   0.34826
   3025.0   0.34917
   3030.0   0.35046
   3035.0   0.34800
   3040.0   0.35047
   3045.0   0.34859
   3050.0   0.34756
   3055.0   0.34578
   3060.0   0.34586
   3065.0   0.34261
   3070.0   0.34274
   3075.0   0.34158
   3080.0   0.33875
   3085.0   0.33671
   3090.0   0.33743
   3095.0   0.33346
   3100.0   0.33277
   3105.0   0.33231
   3110.0   0.33323
   3115.0   0.33036
   3120.0   0.32800
   3125.0   0.32992
   3130.0   0.33007
   3135.0   0.33116
   3140.0   0.33331
   3145.0   0.33377
   3150.0   0.33153
   3155.0   0.33158
   3160.0   0.33171
   3165.0   0.33261
   3170.0   0.33207
   3175.0   0.33143
   3180.0   0.32966
   3185.0   0.33187
   3190.0   0.33356
   3195.0   0.32865
   3200.0   0.33005
   3205.0   0.32492
   3210.0   0.32403
   3215.0   0.32742
   3220.0   0.32540
   3225.0   0.32329
   3230.0   0.32186
   3235.0   0.32115
   3240.0   0.32176
   3245.0   0.32199
   3250.0   0.31959
   3255.0   0.31876
   3260.0   0.31716
   3265.0   0.31637
   3270.0   0.31654
   3275.0   0.31815
   3280.0   0.31679
   3285.0   0.31678
   3290.0   0.31551
   3295.0   0.31694
   3300.0   0.31624
   3305.0   0.31670
   3310.0   0.31494
   3315.0   0.31770
   3320.0   0.31599
   3325.0   0.31630
   3330.0   0.31685
   3335.0   0.31514
   3340.0   0.31454
   3345.0   0.31454
   3350.0   0.31501
   3355.0   0.31661
   3360.0   0.31570
   3365.0   0.31785
   3370.0   0.31753
   3375.0   0.31963
   3380.0   0.32118
   3385.0   0.31861
   3390.0   0.31654
   3395.0   0.31674
   3400.0   0.31551
   3405.0   0.31851
   3410.0   0.32031
   3415.0   0.31884
   3420.0   0.32081
   3425.0   0.32065
   3430.0   0.31761
   3435.0   0.31524
   3440.0   0.31898
   3445.0   0.32015
   3450.0   0.31717
   3455.0   0.31748
   3460.0   0.31543
   3465.0   0.31354
   3470.0   0.31385
   3475.0   0.31828
   3480.0   0.31479
   3485.0   0.31602
   3490.0   0.31085
   3495.0   0.31301
   3500.0   0.31240
   3505.0   0.31293
   3510.0   0.31071
   3515.0   0.30466
   3520.0   0.31580
   3525.0   0.30597
   3530.0   0.31205
   3535.0   0.30520
   3540.0   0.31277
   3545.0   0.30319
   3550.0   0.30016
   3555.0   0.29969
   3560.0   0.30433
   3565.0   0.30215
   3570.0   0.30244
   3575.0   0.29440
   3580.0   0.29417
   3585.0   0.29955
   3590.0   0.30969
   3595.0   0.30879
   3600.0   0.28353



 C1SC09      .ASC                        

 SC-EAC-009      ED CLOUTIS PYX117 LOW CALCIUM PYROXENE  45-90 MICRONS   
 SPUN FROM 1600-2600 CHOPPED OTHERWISE                                   
 RATIOS ADJUSTED USING NBS HALON CALIBRATION TABLE                       

 Source Ang:  0.00   Detect Ang: 15.00  Volt: 0.777
 Date: 29-SEP-88   Time: 17:46:32
