   615
    330.0   0.94984
    335.0   0.95153
    340.0   0.95737
    345.0   0.95916
    350.0   0.95722
    355.0   0.96136
    360.0   0.96513
    365.0   0.96657
    370.0   0.96750
    375.0   0.96762
    380.0   0.96984
    385.0   0.96995
    390.0   0.97220
    395.0   0.97286
    400.0   0.97840
    405.0   0.97509
    410.0   0.97601
    415.0   0.97696
    420.0   0.97773
    425.0   0.97719
    430.0   0.97876
    435.0   0.97916
    440.0   0.97810
    445.0   0.97936
    450.0   0.97898
    455.0   0.98017
    460.0   0.97960
    465.0   0.98229
    470.0   0.98162
    475.0   0.98314
    480.0   0.98367
    485.0   0.98275
    490.0   0.98301
    495.0   0.98226
    500.0   0.98141
    505.0   0.98156
    510.0   0.98266
    515.0   0.98440
    520.0   0.98195
    525.0   0.98419
    530.0   0.98245
    535.0   0.98496
    540.0   0.98263
    545.0   0.98420
    550.0   0.98383
    555.0   0.98432
    560.0   0.98327
    565.0   0.98420
    570.0   0.98326
    575.0   0.98327
    580.0   0.98262
    585.0   0.98273
    590.0   0.98358
    595.0   0.98207
    600.0   0.98291
    605.0   0.98207
    610.0   0.98286
    615.0   0.98158
    620.0   0.98234
    625.0   0.98149
    630.0   0.98138
    635.0   0.98193
    640.0   0.98250
    645.0   0.98212
    650.0   0.98257
    655.0   0.98134
    660.0   0.98151
    665.0   0.98052
    670.0   0.98188
    675.0   0.97916
    680.0   0.98024
    685.0   0.97978
    690.0   0.97879
    695.0   0.97875
    700.0   0.97910
    705.0   0.97819
    710.0   0.97777
    715.0   0.97812
    720.0   0.97638
    725.0   0.97828
    730.0   0.97818
    735.0   0.97991
    740.0   0.97817
    745.0   0.97683
    750.0   0.97692
    755.0   0.97722
    760.0   0.97745
    765.0   0.97577
    770.0   0.97741
    775.0   0.97636
    780.0   0.97733
    785.0   0.97589
    790.0   0.97661
    795.0   0.97544
    800.0   0.97706
    805.0   0.97538
    810.0   0.97708
    815.0   0.97584
    820.0   0.97599
    825.0   0.97749
    830.0   0.97621
    835.0   0.97570
    840.0   0.97652
    845.0   0.97383
    850.0   0.97469
    855.0   0.97549
    860.0   0.97257
    865.0   0.97590
    870.0   0.97503
    875.0   0.97420
    880.0   0.97364
    885.0   0.97260
    890.0   0.97518
    895.0   0.97321
    900.0   0.97197
    905.0   0.97263
    910.0   0.97275
    915.0   0.97286
    920.0   0.97133
    925.0   0.97215
    930.0   0.97092
    935.0   0.97070
    940.0   0.96938
    945.0   0.96993
    950.0   0.97031
    955.0   0.97216
    960.0   0.96984
    965.0   0.96962
    970.0   0.96900
    975.0   0.96863
    980.0   0.96805
    985.0   0.96783
    990.0   0.96753
    995.0   0.96702
   1000.0   0.96656
   1005.0   0.96729
   1010.0   0.96620
   1015.0   0.96548
   1020.0   0.96526
   1025.0   0.96619
   1030.0   0.96769
   1035.0   0.96707
   1040.0   0.96583
   1045.0   0.96629
   1050.0   0.96607
   1055.0   0.96680
   1060.0   0.96757
   1065.0   0.96620
   1070.0   0.96518
   1075.0   0.96598
   1080.0   0.96627
   1085.0   0.96599
   1090.0   0.96673
   1095.0   0.96605
   1100.0   0.96444
   1105.0   0.96404
   1110.0   0.96419
   1115.0   0.96353
   1120.0   0.96244
   1125.0   0.96288
   1130.0   0.96162
   1135.0   0.96346
   1140.0   0.96248
   1145.0   0.96236
   1150.0   0.96160
   1155.0   0.96381
   1160.0   0.96148
   1165.0   0.96223
   1170.0   0.96222
   1175.0   0.96240
   1180.0   0.96095
   1185.0   0.95973
   1190.0   0.96082
   1195.0   0.96106
   1200.0   0.96190
   1205.0   0.96481
   1210.0   0.96390
   1215.0   0.96090
   1220.0   0.96132
   1225.0   0.96199
   1230.0   0.96246
   1235.0   0.96195
   1240.0   0.96139
   1245.0   0.96135
   1250.0   0.95994
   1255.0   0.96032
   1260.0   0.96047
   1265.0   0.96053
   1270.0   0.95967
   1275.0   0.95903
   1280.0   0.95672
   1285.0   0.95601
   1290.0   0.95679
   1295.0   0.95477
   1300.0   0.95450
   1305.0   0.95370
   1310.0   0.95337
   1315.0   0.95147
   1320.0   0.95070
   1325.0   0.94982
   1330.0   0.95051
   1335.0   0.95098
   1340.0   0.95167
   1345.0   0.94961
   1350.0   0.94801
   1355.0   0.94660
   1360.0   0.94457
   1365.0   0.94324
   1370.0   0.94329
   1375.0   0.94029
   1380.0   0.93647
   1385.0   0.93250
   1390.0   0.93278
   1395.0   0.92848
   1400.0   0.92188
   1405.0   0.91489
   1410.0   0.91190
   1415.0   0.90691
   1420.0   0.90248
   1425.0   0.89702
   1430.0   0.89489
   1435.0   0.89266
   1440.0   0.89270
   1445.0   0.89167
   1450.0   0.89066
   1455.0   0.89048
   1460.0   0.88982
   1465.0   0.88743
   1470.0   0.88589
   1475.0   0.88366
   1480.0   0.88323
   1485.0   0.88060
   1490.0   0.87785
   1495.0   0.87723
   1500.0   0.87674
   1505.0   0.87634
   1510.0   0.87782
   1515.0   0.87900
   1520.0   0.88075
   1525.0   0.88087
   1530.0   0.88030
   1535.0   0.88136
   1540.0   0.88382
   1545.0   0.88489
   1550.0   0.88626
   1555.0   0.88537
   1560.0   0.88668
   1565.0   0.88729
   1570.0   0.88720
   1575.0   0.88566
   1580.0   0.88487
   1585.0   0.88422
   1590.0   0.88449
   1595.0   0.88391
   1600.0   0.88410
   1605.0   0.88377
   1610.0   0.88545
   1615.0   0.88599
   1620.0   0.88589
   1625.0   0.88335
   1630.0   0.88163
   1635.0   0.88160
   1640.0   0.88112
   1645.0   0.88138
   1650.0   0.88180
   1655.0   0.88189
   1660.0   0.88220
   1665.0   0.88247
   1670.0   0.88212
   1675.0   0.88096
   1680.0   0.88038
   1685.0   0.87950
   1690.0   0.87974
   1695.0   0.88002
   1700.0   0.87878
   1705.0   0.87757
   1710.0   0.87781
   1715.0   0.87594
   1720.0   0.87546
   1725.0   0.87580
   1730.0   0.87703
   1735.0   0.87603
   1740.0   0.87765
   1745.0   0.87604
   1750.0   0.87460
   1755.0   0.87264
   1760.0   0.87367
   1765.0   0.87301
   1770.0   0.87288
   1775.0   0.87057
   1780.0   0.87085
   1785.0   0.87052
   1790.0   0.86907
   1795.0   0.86556
   1800.0   0.86314
   1805.0   0.86226
   1810.0   0.86257
   1815.0   0.86127
   1820.0   0.85978
   1825.0   0.85931
   1830.0   0.85650
   1835.0   0.85175
   1840.0   0.84963
   1845.0   0.84786
   1850.0   0.84674
   1855.0   0.84410
   1860.0   0.84611
   1865.0   0.84372
   1870.0   0.84179
   1875.0   0.83762
   1880.0   0.83172
   1885.0   0.82922
   1890.0   0.82730
   1895.0   0.82406
   1900.0   0.81799
   1905.0   0.80997
   1910.0   0.80375
   1915.0   0.79796
   1920.0   0.79293
   1925.0   0.78593
   1930.0   0.78289
   1935.0   0.77897
   1940.0   0.77666
   1945.0   0.77223
   1950.0   0.76966
   1955.0   0.76521
   1960.0   0.76345
   1965.0   0.76290
   1970.0   0.76247
   1975.0   0.76239
   1980.0   0.76020
   1985.0   0.76077
   1990.0   0.76082
   1995.0   0.75787
   2000.0   0.75752
   2005.0   0.75821
   2010.0   0.75925
   2015.0   0.75745
   2020.0   0.75581
   2025.0   0.75531
   2030.0   0.75679
   2035.0   0.75826
   2040.0   0.76045
   2045.0   0.76160
   2050.0   0.76436
   2055.0   0.76727
   2060.0   0.77095
   2065.0   0.77285
   2070.0   0.77637
   2075.0   0.77961
   2080.0   0.78156
   2085.0   0.78047
   2090.0   0.78291
   2095.0   0.78370
   2100.0   0.78740
   2105.0   0.78909
   2110.0   0.79012
   2115.0   0.79433
   2120.0   0.79675
   2125.0   0.79905
   2130.0   0.80111
   2135.0   0.80160
   2140.0   0.79990
   2145.0   0.79965
   2150.0   0.80046
   2155.0   0.79831
   2160.0   0.79670
   2165.0   0.79456
   2170.0   0.79279
   2175.0   0.78921
   2180.0   0.78622
   2185.0   0.78031
   2190.0   0.77516
   2195.0   0.76987
   2200.0   0.76368
   2205.0   0.75441
   2210.0   0.74532
   2215.0   0.73494
   2220.0   0.72689
   2225.0   0.71846
   2230.0   0.70812
   2235.0   0.69670
   2240.0   0.68488
   2245.0   0.67337
   2250.0   0.66198
   2255.0   0.64942
   2260.0   0.63830
   2265.0   0.62713
   2270.0   0.61404
   2275.0   0.60198
   2280.0   0.59266
   2285.0   0.58381
   2290.0   0.57361
   2295.0   0.56989
   2300.0   0.56769
   2305.0   0.56942
   2310.0   0.57383
   2315.0   0.57693
   2320.0   0.58099
   2325.0   0.58431
   2330.0   0.58458
   2335.0   0.58403
   2340.0   0.58091
   2345.0   0.57753
   2350.0   0.57233
   2355.0   0.56564
   2360.0   0.56215
   2365.0   0.55640
   2370.0   0.55163
   2375.0   0.54628
   2380.0   0.53961
   2385.0   0.53482
   2390.0   0.53089
   2395.0   0.52737
   2400.0   0.52338
   2405.0   0.52189
   2410.0   0.52211
   2415.0   0.52447
   2420.0   0.52886
   2425.0   0.53342
   2430.0   0.53927
   2435.0   0.54834
   2440.0   0.55685
   2445.0   0.56684
   2450.0   0.57677
   2455.0   0.58366
   2460.0   0.58997
   2465.0   0.59822
   2470.0   0.60648
   2475.0   0.61209
   2480.0   0.61635
   2485.0   0.62153
   2490.0   0.62492
   2495.0   0.62794
   2500.0   0.63085
   2505.0   0.63063
   2510.0   0.62973
   2515.0   0.62877
   2520.0   0.62964
   2525.0   0.62954
   2530.0   0.62938
   2535.0   0.62652
   2540.0   0.62465
   2545.0   0.62330
   2550.0   0.62218
   2555.0   0.62002
   2560.0   0.62145
   2565.0   0.61946
   2570.0   0.61925
   2575.0   0.61634
   2580.0   0.61196
   2585.0   0.60762
   2590.0   0.60283
   2595.0   0.59612
   2600.0   0.59268
   2605.0   0.58801
   2610.0   0.57547
   2615.0   0.57216
   2620.0   0.56168
   2625.0   0.55661
   2630.0   0.54989
   2635.0   0.54005
   2640.0   0.53415
   2645.0   0.52804
   2650.0   0.52180
   2655.0   0.51239
   2660.0   0.50456
   2665.0   0.49961
   2670.0   0.48860
   2675.0   0.48066
   2680.0   0.47065
   2685.0   0.45879
   2690.0   0.44633
   2695.0   0.42711
   2700.0   0.40566
   2705.0   0.38854
   2710.0   0.37997
   2715.0   0.37391
   2720.0   0.36842
   2725.0   0.35032
   2730.0   0.32449
   2735.0   0.30828
   2740.0   0.28456
   2745.0   0.25208
   2750.0   0.23705
   2755.0   0.21939
   2760.0   0.19908
   2765.0   0.18107
   2770.0   0.15420
   2775.0   0.12644
   2780.0   0.11793
   2785.0   0.11410
   2790.0   0.11337
   2795.0   0.08218
   2800.0   0.07322
   2805.0   0.07162
   2810.0   0.06448
   2815.0   0.05654
   2820.0   0.06372
   2825.0   0.05140
   2830.0   0.04631
   2835.0   0.04773
   2840.0   0.03540
   2845.0   0.03595
   2850.0   0.03852
   2855.0   0.03673
   2860.0   0.02476
   2865.0   0.02238
   2870.0   0.02054
   2875.0   0.02018
   2880.0   0.01836
   2885.0   0.01519
   2890.0   0.01327
   2895.0   0.01811
   2900.0   0.01558
   2905.0   0.01752
   2910.0   0.01021
   2915.0   0.00933
   2920.0   0.00565
   2925.0   0.00692
   2930.0   0.00948
   2935.0   0.00946
   2940.0   0.01129
   2945.0   0.00893
   2950.0   0.00963
   2955.0   0.00525
   2960.0   0.00962
   2965.0   0.01059
   2970.0   0.01044
   2975.0   0.00765
   2980.0   0.01082
   2985.0   0.01213
   2990.0   0.00804
   2995.0   0.00781
   3000.0   0.00725
   3005.0   0.00302
   3010.0   0.00977
   3015.0   0.01053
   3020.0   0.00720
   3025.0   0.00882
   3030.0   0.00596
   3035.0   0.00823
   3040.0   0.00940
   3045.0   0.01162
   3050.0   0.01081
   3055.0   0.00771
   3060.0   0.00951
   3065.0   0.00817
   3070.0   0.00708
   3075.0   0.01307
   3080.0   0.01130
   3085.0   0.01493
   3090.0   0.01474
   3095.0   0.01166
   3100.0   0.01518
   3105.0   0.01512
   3110.0   0.01924
   3115.0   0.01726
   3120.0   0.01414
   3125.0   0.01883
   3130.0   0.01965
   3135.0   0.02251
   3140.0   0.01815
   3145.0   0.01918
   3150.0   0.02618
   3155.0   0.02262
   3160.0   0.03026
   3165.0   0.02606
   3170.0   0.02693
   3175.0   0.03056
   3180.0   0.02884
   3185.0   0.02679
   3190.0   0.03408
   3195.0   0.03252
   3200.0   0.03314
   3205.0   0.03606
   3210.0   0.04261
   3215.0   0.03375
   3220.0   0.04093
   3225.0   0.04303
   3230.0   0.04302
   3235.0   0.04312
   3240.0   0.04482
   3245.0   0.04339
   3250.0   0.05377
   3255.0   0.05278
   3260.0   0.04878
   3265.0   0.05569
   3270.0   0.05668
   3275.0   0.05018
   3280.0   0.05919
   3285.0   0.05679
   3290.0   0.05527
   3295.0   0.05887
   3300.0   0.06012
   3305.0   0.05779
   3310.0   0.05955
   3315.0   0.06114
   3320.0   0.06149
   3325.0   0.06898
   3330.0   0.07226
   3335.0   0.06679
   3340.0   0.06689
   3345.0   0.06691
   3350.0   0.07308
   3355.0   0.07349
   3360.0   0.07615
   3365.0   0.08091
   3370.0   0.08232
   3375.0   0.08028
   3380.0   0.09285
   3385.0   0.09195
   3390.0   0.08991
   3395.0   0.08772
   3400.0   0.10000



 C1SG50      .ASC                        

 SG-SJG-050                                                              
 4503 ZnCO3                                                              
 RATIOS ADJUSTED USING NBS HALON CALIBRATION TABLE                       

 Source Ang: 30.00   Detect Ang:  0.00  Volt: 0.777
 Date: 26-APR-88   Time: 15:46:55
