   661
    300.0   0.68188
    305.0   0.69142
    310.0   0.69383
    315.0   0.70541
    320.0   0.71103
    325.0   0.71976
    330.0   0.72830
    335.0   0.73714
    340.0   0.74175
    345.0   0.74780
    350.0   0.75470
    355.0   0.76074
    360.0   0.76868
    365.0   0.77625
    370.0   0.78104
    375.0   0.78599
    380.0   0.79002
    385.0   0.79755
    390.0   0.79850
    395.0   0.80646
    400.0   0.80863
    405.0   0.81334
    410.0   0.81764
    415.0   0.82108
    420.0   0.82316
    425.0   0.82802
    430.0   0.83261
    435.0   0.83573
    440.0   0.83999
    445.0   0.84117
    450.0   0.84533
    455.0   0.84798
    460.0   0.85064
    465.0   0.85442
    470.0   0.85750
    475.0   0.85922
    480.0   0.86200
    485.0   0.86520
    490.0   0.86820
    495.0   0.87074
    500.0   0.87140
    505.0   0.87384
    510.0   0.87613
    515.0   0.87821
    520.0   0.88008
    525.0   0.88216
    530.0   0.88358
    535.0   0.88455
    540.0   0.88667
    545.0   0.88836
    550.0   0.89043
    555.0   0.89147
    560.0   0.89359
    565.0   0.89431
    570.0   0.89596
    575.0   0.89666
    580.0   0.89767
    585.0   0.89873
    590.0   0.89960
    595.0   0.90008
    600.0   0.90138
    605.0   0.90194
    610.0   0.90371
    615.0   0.90276
    620.0   0.90428
    625.0   0.90425
    630.0   0.90569
    635.0   0.90596
    640.0   0.90647
    645.0   0.90779
    650.0   0.90590
    655.0   0.90847
    660.0   0.90779
    665.0   0.90848
    670.0   0.90930
    675.0   0.90982
    680.0   0.91001
    685.0   0.91013
    690.0   0.90942
    695.0   0.91047
    700.0   0.91166
    705.0   0.91343
    710.0   0.91041
    715.0   0.91267
    720.0   0.91203
    725.0   0.91347
    730.0   0.91319
    735.0   0.91308
    740.0   0.91335
    745.0   0.91435
    750.0   0.91267
    755.0   0.91389
    760.0   0.91333
    765.0   0.91473
    770.0   0.91575
    775.0   0.91542
    780.0   0.91573
    785.0   0.91559
    790.0   0.91469
    795.0   0.91542
    800.0   0.91543
    805.0   0.91600
    810.0   0.91575
    815.0   0.91711
    820.0   0.91605
    825.0   0.91748
    830.0   0.91705
    835.0   0.91704
    840.0   0.91730
    845.0   0.91696
    850.0   0.91744
    855.0   0.91716
    860.0   0.91850
    865.0   0.91939
    870.0   0.91908
    875.0   0.91869
    880.0   0.91883
    885.0   0.92013
    890.0   0.91915
    895.0   0.91695
    900.0   0.91777
    905.0   0.91931
    910.0   0.91854
    915.0   0.91963
    920.0   0.91835
    925.0   0.91877
    930.0   0.91866
    935.0   0.91850
    940.0   0.91870
    945.0   0.91993
    950.0   0.91890
    955.0   0.91917
    960.0   0.91856
    965.0   0.91839
    970.0   0.91929
    975.0   0.91890
    980.0   0.91920
    985.0   0.92021
    990.0   0.91973
    995.0   0.91920
   1000.0   0.91915
   1005.0   0.91766
   1010.0   0.91887
   1015.0   0.92084
   1020.0   0.91894
   1025.0   0.91908
   1030.0   0.91962
   1035.0   0.91993
   1040.0   0.91910
   1045.0   0.92062
   1050.0   0.92084
   1055.0   0.92143
   1060.0   0.91943
   1065.0   0.92056
   1070.0   0.92253
   1075.0   0.92058
   1080.0   0.91975
   1085.0   0.92044
   1090.0   0.92117
   1095.0   0.92168
   1100.0   0.91982
   1105.0   0.92030
   1110.0   0.92216
   1115.0   0.92122
   1120.0   0.92081
   1125.0   0.92066
   1130.0   0.91977
   1135.0   0.91990
   1140.0   0.91895
   1145.0   0.91886
   1150.0   0.91920
   1155.0   0.91703
   1160.0   0.91606
   1165.0   0.91796
   1170.0   0.91699
   1175.0   0.91579
   1180.0   0.91580
   1185.0   0.91584
   1190.0   0.91547
   1195.0   0.91702
   1200.0   0.91376
   1205.0   0.91279
   1210.0   0.91198
   1215.0   0.91214
   1220.0   0.91251
   1225.0   0.91024
   1230.0   0.91445
   1235.0   0.91415
   1240.0   0.91436
   1245.0   0.91454
   1250.0   0.91314
   1255.0   0.91235
   1260.0   0.91341
   1265.0   0.91198
   1270.0   0.91242
   1275.0   0.91267
   1280.0   0.91303
   1285.0   0.91235
   1290.0   0.91189
   1295.0   0.91260
   1300.0   0.91104
   1305.0   0.90984
   1310.0   0.90985
   1315.0   0.90994
   1320.0   0.90911
   1325.0   0.90697
   1330.0   0.90689
   1335.0   0.90477
   1340.0   0.90493
   1345.0   0.90410
   1350.0   0.90318
   1355.0   0.90006
   1360.0   0.89852
   1365.0   0.89767
   1370.0   0.89487
   1375.0   0.89549
   1380.0   0.89277
   1385.0   0.88869
   1390.0   0.88494
   1395.0   0.88029
   1400.0   0.87178
   1405.0   0.86615
   1410.0   0.85882
   1415.0   0.85223
   1420.0   0.84579
   1425.0   0.84093
   1430.0   0.83708
   1435.0   0.83548
   1440.0   0.83271
   1445.0   0.83000
   1450.0   0.82885
   1455.0   0.82817
   1460.0   0.82797
   1465.0   0.82815
   1470.0   0.82879
   1475.0   0.82966
   1480.0   0.83097
   1485.0   0.83270
   1490.0   0.83719
   1495.0   0.83661
   1500.0   0.83817
   1505.0   0.84001
   1510.0   0.84405
   1515.0   0.84562
   1520.0   0.85022
   1525.0   0.85190
   1530.0   0.85283
   1535.0   0.85436
   1540.0   0.85623
   1545.0   0.85885
   1550.0   0.85755
   1555.0   0.86068
   1560.0   0.86275
   1565.0   0.86312
   1570.0   0.86407
   1575.0   0.86463
   1580.0   0.86540
   1585.0   0.86921
   1590.0   0.86890
   1595.0   0.87148
   1600.0   0.87139
   1605.0   0.87281
   1610.0   0.87151
   1615.0   0.87094
   1620.0   0.87125
   1625.0   0.87186
   1630.0   0.87069
   1635.0   0.87232
   1640.0   0.87136
   1645.0   0.87191
   1650.0   0.87399
   1655.0   0.87075
   1660.0   0.87300
   1665.0   0.87381
   1670.0   0.87394
   1675.0   0.87343
   1680.0   0.87379
   1685.0   0.87341
   1690.0   0.87191
   1695.0   0.87234
   1700.0   0.87282
   1705.0   0.87254
   1710.0   0.87222
   1715.0   0.87113
   1720.0   0.87055
   1725.0   0.86905
   1730.0   0.86929
   1735.0   0.86811
   1740.0   0.86617
   1745.0   0.86493
   1750.0   0.86443
   1755.0   0.86461
   1760.0   0.86420
   1765.0   0.86254
   1770.0   0.86181
   1775.0   0.86185
   1780.0   0.86038
   1785.0   0.85824
   1790.0   0.85813
   1795.0   0.85730
   1800.0   0.85643
   1805.0   0.85795
   1810.0   0.85832
   1815.0   0.85803
   1820.0   0.85639
   1825.0   0.85619
   1830.0   0.85493
   1835.0   0.85372
   1840.0   0.85096
   1845.0   0.84936
   1850.0   0.84813
   1855.0   0.84287
   1860.0   0.84094
   1865.0   0.84070
   1870.0   0.83318
   1875.0   0.82747
   1880.0   0.82162
   1885.0   0.81383
   1890.0   0.79993
   1895.0   0.78597
   1900.0   0.77139
   1905.0   0.75711
   1910.0   0.74068
   1915.0   0.72613
   1920.0   0.71631
   1925.0   0.70933
   1930.0   0.70429
   1935.0   0.69979
   1940.0   0.69792
   1945.0   0.69715
   1950.0   0.69876
   1955.0   0.70199
   1960.0   0.70336
   1965.0   0.70423
   1970.0   0.70745
   1975.0   0.70902
   1980.0   0.71059
   1985.0   0.71443
   1990.0   0.71886
   1995.0   0.72445
   2000.0   0.72861
   2005.0   0.73261
   2010.0   0.73607
   2015.0   0.73959
   2020.0   0.74326
   2025.0   0.74581
   2030.0   0.74939
   2035.0   0.75350
   2040.0   0.75709
   2045.0   0.76070
   2050.0   0.76267
   2055.0   0.76353
   2060.0   0.76662
   2065.0   0.76828
   2070.0   0.77128
   2075.0   0.77666
   2080.0   0.77892
   2085.0   0.78028
   2090.0   0.78300
   2095.0   0.78465
   2100.0   0.78672
   2105.0   0.78834
   2110.0   0.79320
   2115.0   0.79754
   2120.0   0.79943
   2125.0   0.80032
   2130.0   0.80155
   2135.0   0.80170
   2140.0   0.80332
   2145.0   0.80453
   2150.0   0.80380
   2155.0   0.80562
   2160.0   0.80781
   2165.0   0.80888
   2170.0   0.80933
   2175.0   0.80931
   2180.0   0.81075
   2185.0   0.80969
   2190.0   0.80778
   2195.0   0.80484
   2200.0   0.80429
   2205.0   0.80675
   2210.0   0.80678
   2215.0   0.80171
   2220.0   0.80352
   2225.0   0.80295
   2230.0   0.79774
   2235.0   0.79469
   2240.0   0.79271
   2245.0   0.79093
   2250.0   0.78730
   2255.0   0.78508
   2260.0   0.78285
   2265.0   0.77920
   2270.0   0.77579
   2275.0   0.77135
   2280.0   0.76574
   2285.0   0.75932
   2290.0   0.75531
   2295.0   0.75136
   2300.0   0.74847
   2305.0   0.74755
   2310.0   0.74674
   2315.0   0.74177
   2320.0   0.73462
   2325.0   0.73306
   2330.0   0.73486
   2335.0   0.73559
   2340.0   0.73663
   2345.0   0.73848
   2350.0   0.73743
   2355.0   0.73915
   2360.0   0.74268
   2365.0   0.74957
   2370.0   0.75247
   2375.0   0.75643
   2380.0   0.75470
   2385.0   0.75284
   2390.0   0.75151
   2395.0   0.75016
   2400.0   0.74486
   2405.0   0.73842
   2410.0   0.73096
   2415.0   0.72941
   2420.0   0.72699
   2425.0   0.72290
   2430.0   0.71659
   2435.0   0.70922
   2440.0   0.69970
   2445.0   0.69328
   2450.0   0.68815
   2455.0   0.68111
   2460.0   0.67402
   2465.0   0.66789
   2470.0   0.66254
   2475.0   0.65537
   2480.0   0.65207
   2485.0   0.64898
   2490.0   0.64512
   2495.0   0.63761
   2500.0   0.63495
   2505.0   0.62755
   2510.0   0.61690
   2515.0   0.61218
   2520.0   0.61144
   2525.0   0.60651
   2530.0   0.60781
   2535.0   0.61693
   2540.0   0.61562
   2545.0   0.61794
   2550.0   0.62284
   2555.0   0.63021
   2560.0   0.63815
   2565.0   0.64360
   2570.0   0.64907
   2575.0   0.64784
   2580.0   0.65257
   2585.0   0.66007
   2590.0   0.66185
   2595.0   0.66276
   2600.0   0.66306
   2605.0   0.66201
   2610.0   0.66213
   2615.0   0.66025
   2620.0   0.65495
   2625.0   0.65098
   2630.0   0.64411
   2635.0   0.64382
   2640.0   0.63779
   2645.0   0.63721
   2650.0   0.63379
   2655.0   0.62898
   2660.0   0.62381
   2665.0   0.61800
   2670.0   0.61072
   2675.0   0.59893
   2680.0   0.58888
   2685.0   0.57575
   2690.0   0.56202
   2695.0   0.54702
   2700.0   0.53154
   2705.0   0.51392
   2710.0   0.50005
   2715.0   0.48220
   2720.0   0.46189
   2725.0   0.43500
   2730.0   0.40431
   2735.0   0.37646
   2740.0   0.35176
   2745.0   0.32744
   2750.0   0.30130
   2755.0   0.27576
   2760.0   0.25996
   2765.0   0.23678
   2770.0   0.22524
   2775.0   0.20403
   2780.0   0.19121
   2785.0   0.17869
   2790.0   0.17281
   2795.0   0.15930
   2800.0   0.15298
   2805.0   0.14300
   2810.0   0.14274
   2815.0   0.13498
   2820.0   0.13399
   2825.0   0.12419
   2830.0   0.12109
   2835.0   0.11663
   2840.0   0.11656
   2845.0   0.11142
   2850.0   0.10574
   2855.0   0.10637
   2860.0   0.09817
   2865.0   0.09912
   2870.0   0.09495
   2875.0   0.09675
   2880.0   0.09407
   2885.0   0.09298
   2890.0   0.09253
   2895.0   0.09016
   2900.0   0.08712
   2905.0   0.08723
   2910.0   0.08450
   2915.0   0.08679
   2920.0   0.08575
   2925.0   0.08148
   2930.0   0.08031
   2935.0   0.08050
   2940.0   0.07964
   2945.0   0.07814
   2950.0   0.07847
   2955.0   0.07861
   2960.0   0.07893
   2965.0   0.07902
   2970.0   0.07629
   2975.0   0.07778
   2980.0   0.07913
   2985.0   0.07924
   2990.0   0.07832
   2995.0   0.08052
   3000.0   0.07975
   3005.0   0.08107
   3010.0   0.08252
   3015.0   0.08343
   3020.0   0.08482
   3025.0   0.08467
   3030.0   0.08356
   3035.0   0.08484
   3040.0   0.08635
   3045.0   0.08739
   3050.0   0.08592
   3055.0   0.08860
   3060.0   0.08873
   3065.0   0.08930
   3070.0   0.09092
   3075.0   0.09071
   3080.0   0.09195
   3085.0   0.09452
   3090.0   0.09477
   3095.0   0.09768
   3100.0   0.09775
   3105.0   0.09876
   3110.0   0.09943
   3115.0   0.10070
   3120.0   0.10231
   3125.0   0.10350
   3130.0   0.10503
   3135.0   0.10824
   3140.0   0.10936
   3145.0   0.11286
   3150.0   0.11319
   3155.0   0.11492
   3160.0   0.11813
   3165.0   0.11839
   3170.0   0.12099
   3175.0   0.12296
   3180.0   0.12659
   3185.0   0.12929
   3190.0   0.13052
   3195.0   0.13571
   3200.0   0.13670
   3205.0   0.13881
   3210.0   0.14143
   3215.0   0.14481
   3220.0   0.14543
   3225.0   0.14863
   3230.0   0.15170
   3235.0   0.15367
   3240.0   0.15465
   3245.0   0.15866
   3250.0   0.16056
   3255.0   0.16416
   3260.0   0.16724
   3265.0   0.16910
   3270.0   0.17035
   3275.0   0.17218
   3280.0   0.17219
   3285.0   0.17308
   3290.0   0.17397
   3295.0   0.17389
   3300.0   0.17241
   3305.0   0.17386
   3310.0   0.17362
   3315.0   0.17354
   3320.0   0.17130
   3325.0   0.16930
   3330.0   0.16455
   3335.0   0.16097
   3340.0   0.15223
   3345.0   0.14596
   3350.0   0.14259
   3355.0   0.13981
   3360.0   0.14043
   3365.0   0.14483
   3370.0   0.14446
   3375.0   0.14589
   3380.0   0.14995
   3385.0   0.15043
   3390.0   0.14804
   3395.0   0.14720
   3400.0   0.14652
   3405.0   0.14513
   3410.0   0.14180
   3415.0   0.13486
   3420.0   0.13130
   3425.0   0.12812
   3430.0   0.12959
   3435.0   0.13254
   3440.0   0.14503
   3445.0   0.15484
   3450.0   0.16733
   3455.0   0.17816
   3460.0   0.18777
   3465.0   0.20101
   3470.0   0.21578
   3475.0   0.22007
   3480.0   0.22424
   3485.0   0.22922
   3490.0   0.22995
   3495.0   0.22586
   3500.0   0.22207
   3505.0   0.21015
   3510.0   0.20776
   3515.0   0.22518
   3520.0   0.23425
   3525.0   0.26415
   3530.0   0.28601
   3535.0   0.30451
   3540.0   0.32220
   3545.0   0.32827
   3550.0   0.33382
   3555.0   0.34519
   3560.0   0.34507
   3565.0   0.34884
   3570.0   0.36171
   3575.0   0.34788
   3580.0   0.36713
   3585.0   0.36278
   3590.0   0.37149
   3595.0   0.37700
   3600.0   0.38098



 C1SG66      .ASC                        

 SG-SJG-066-P1                                                           
 10529A ARAGONITE <90 UM PARTICLE FRACTION                               
 RATIOS ADJUSTED USING NBS HALON CALIBRATION TABLE                       

 Source Ang: 30.00   Detect Ang:  0.00  Volt: 0.222
 Date: 06-DEC-88   Time: 10:47:19
