   615
    330.0   0.92037
    335.0   0.93099
    340.0   0.92927
    345.0   0.92963
    350.0   0.93111
    355.0   0.93517
    360.0   0.93812
    365.0   0.93942
    370.0   0.94277
    375.0   0.94674
    380.0   0.94695
    385.0   0.94811
    390.0   0.94961
    395.0   0.95481
    400.0   0.95426
    405.0   0.95510
    410.0   0.95802
    415.0   0.95760
    420.0   0.95776
    425.0   0.95835
    430.0   0.96183
    435.0   0.96336
    440.0   0.96428
    445.0   0.96629
    450.0   0.96715
    455.0   0.96978
    460.0   0.96783
    465.0   0.97285
    470.0   0.97387
    475.0   0.97500
    480.0   0.97585
    485.0   0.97624
    490.0   0.97812
    495.0   0.97781
    500.0   0.97811
    505.0   0.97836
    510.0   0.98004
    515.0   0.98121
    520.0   0.98107
    525.0   0.98306
    530.0   0.98235
    535.0   0.98435
    540.0   0.98403
    545.0   0.98573
    550.0   0.98506
    555.0   0.98716
    560.0   0.98683
    565.0   0.98582
    570.0   0.98722
    575.0   0.98620
    580.0   0.98638
    585.0   0.98621
    590.0   0.98773
    595.0   0.98651
    600.0   0.98762
    605.0   0.98737
    610.0   0.98763
    615.0   0.98727
    620.0   0.98901
    625.0   0.98722
    630.0   0.98851
    635.0   0.98640
    640.0   0.98778
    645.0   0.98762
    650.0   0.98879
    655.0   0.98693
    660.0   0.98774
    665.0   0.98766
    670.0   0.98599
    675.0   0.98548
    680.0   0.98603
    685.0   0.98726
    690.0   0.98780
    695.0   0.98552
    700.0   0.98692
    705.0   0.98502
    710.0   0.98694
    715.0   0.98758
    720.0   0.98700
    725.0   0.98658
    730.0   0.98865
    735.0   0.98864
    740.0   0.98757
    745.0   0.98625
    750.0   0.98669
    755.0   0.98689
    760.0   0.98617
    765.0   0.98686
    770.0   0.98736
    775.0   0.98629
    780.0   0.98767
    785.0   0.98718
    790.0   0.98514
    795.0   0.98628
    800.0   0.98724
    805.0   0.98611
    810.0   0.98567
    815.0   0.98516
    820.0   0.98584
    825.0   0.98687
    830.0   0.98671
    835.0   0.98851
    840.0   0.98633
    845.0   0.98643
    850.0   0.98562
    855.0   0.98678
    860.0   0.98298
    865.0   0.98599
    870.0   0.98535
    875.0   0.98514
    880.0   0.98515
    885.0   0.98412
    890.0   0.98586
    895.0   0.98439
    900.0   0.98324
    905.0   0.98425
    910.0   0.98383
    915.0   0.98423
    920.0   0.98211
    925.0   0.98355
    930.0   0.98216
    935.0   0.98180
    940.0   0.98191
    945.0   0.98240
    950.0   0.98315
    955.0   0.98375
    960.0   0.98213
    965.0   0.98187
    970.0   0.98205
    975.0   0.98234
    980.0   0.98272
    985.0   0.98287
    990.0   0.98339
    995.0   0.98247
   1000.0   0.98174
   1005.0   0.98186
   1010.0   0.98180
   1015.0   0.98093
   1020.0   0.98131
   1025.0   0.98111
   1030.0   0.98105
   1035.0   0.98228
   1040.0   0.98104
   1045.0   0.98118
   1050.0   0.98011
   1055.0   0.98187
   1060.0   0.98144
   1065.0   0.98097
   1070.0   0.98157
   1075.0   0.98162
   1080.0   0.98004
   1085.0   0.98203
   1090.0   0.98169
   1095.0   0.98131
   1100.0   0.97995
   1105.0   0.97948
   1110.0   0.97997
   1115.0   0.97950
   1120.0   0.97789
   1125.0   0.97758
   1130.0   0.97848
   1135.0   0.98016
   1140.0   0.97889
   1145.0   0.97778
   1150.0   0.97684
   1155.0   0.98076
   1160.0   0.97808
   1165.0   0.97770
   1170.0   0.97805
   1175.0   0.97853
   1180.0   0.97760
   1185.0   0.97799
   1190.0   0.97814
   1195.0   0.97787
   1200.0   0.98085
   1205.0   0.98143
   1210.0   0.98027
   1215.0   0.97668
   1220.0   0.97907
   1225.0   0.97849
   1230.0   0.97972
   1235.0   0.97906
   1240.0   0.97822
   1245.0   0.97876
   1250.0   0.97815
   1255.0   0.97903
   1260.0   0.97861
   1265.0   0.97882
   1270.0   0.97801
   1275.0   0.97699
   1280.0   0.97750
   1285.0   0.97636
   1290.0   0.97559
   1295.0   0.97348
   1300.0   0.97355
   1305.0   0.97309
   1310.0   0.97376
   1315.0   0.97211
   1320.0   0.97323
   1325.0   0.97303
   1330.0   0.97311
   1335.0   0.97332
   1340.0   0.97548
   1345.0   0.97457
   1350.0   0.97274
   1355.0   0.97107
   1360.0   0.97042
   1365.0   0.96980
   1370.0   0.96718
   1375.0   0.96589
   1380.0   0.96273
   1385.0   0.96099
   1390.0   0.96139
   1395.0   0.95912
   1400.0   0.95703
   1405.0   0.95266
   1410.0   0.95149
   1415.0   0.95027
   1420.0   0.95085
   1425.0   0.95079
   1430.0   0.95219
   1435.0   0.95159
   1440.0   0.95322
   1445.0   0.95245
   1450.0   0.95178
   1455.0   0.95144
   1460.0   0.95351
   1465.0   0.95430
   1470.0   0.95507
   1475.0   0.95415
   1480.0   0.95396
   1485.0   0.95451
   1490.0   0.95389
   1495.0   0.95398
   1500.0   0.95386
   1505.0   0.95376
   1510.0   0.95526
   1515.0   0.95515
   1520.0   0.95661
   1525.0   0.95597
   1530.0   0.95409
   1535.0   0.95460
   1540.0   0.95455
   1545.0   0.95525
   1550.0   0.95616
   1555.0   0.95653
   1560.0   0.95732
   1565.0   0.95735
   1570.0   0.95653
   1575.0   0.95563
   1580.0   0.95522
   1585.0   0.95468
   1590.0   0.95479
   1595.0   0.95585
   1600.0   0.95710
   1605.0   0.95607
   1610.0   0.95783
   1615.0   0.95954
   1620.0   0.95956
   1625.0   0.95509
   1630.0   0.95379
   1635.0   0.95352
   1640.0   0.95254
   1645.0   0.95303
   1650.0   0.95404
   1655.0   0.95324
   1660.0   0.95353
   1665.0   0.95303
   1670.0   0.95381
   1675.0   0.95432
   1680.0   0.95296
   1685.0   0.95017
   1690.0   0.94941
   1695.0   0.94960
   1700.0   0.94869
   1705.0   0.94789
   1710.0   0.94818
   1715.0   0.94711
   1720.0   0.94432
   1725.0   0.94391
   1730.0   0.94566
   1735.0   0.94481
   1740.0   0.94567
   1745.0   0.94480
   1750.0   0.94432
   1755.0   0.94340
   1760.0   0.94319
   1765.0   0.94100
   1770.0   0.94253
   1775.0   0.93932
   1780.0   0.93917
   1785.0   0.94041
   1790.0   0.94100
   1795.0   0.93802
   1800.0   0.93554
   1805.0   0.93531
   1810.0   0.93565
   1815.0   0.93437
   1820.0   0.93357
   1825.0   0.93454
   1830.0   0.93228
   1835.0   0.92964
   1840.0   0.92955
   1845.0   0.92921
   1850.0   0.92900
   1855.0   0.92518
   1860.0   0.92432
   1865.0   0.91919
   1870.0   0.91395
   1875.0   0.90898
   1880.0   0.90161
   1885.0   0.89679
   1890.0   0.89401
   1895.0   0.89226
   1900.0   0.88782
   1905.0   0.88605
   1910.0   0.88536
   1915.0   0.88223
   1920.0   0.88056
   1925.0   0.87862
   1930.0   0.87840
   1935.0   0.87726
   1940.0   0.87835
   1945.0   0.87835
   1950.0   0.87708
   1955.0   0.87585
   1960.0   0.87646
   1965.0   0.87750
   1970.0   0.87939
   1975.0   0.87803
   1980.0   0.87863
   1985.0   0.87852
   1990.0   0.87965
   1995.0   0.87818
   2000.0   0.87968
   2005.0   0.88198
   2010.0   0.88360
   2015.0   0.88225
   2020.0   0.88073
   2025.0   0.88245
   2030.0   0.88773
   2035.0   0.88988
   2040.0   0.89270
   2045.0   0.89273
   2050.0   0.89418
   2055.0   0.89406
   2060.0   0.89521
   2065.0   0.89436
   2070.0   0.89405
   2075.0   0.89386
   2080.0   0.89394
   2085.0   0.89226
   2090.0   0.89351
   2095.0   0.89255
   2100.0   0.89444
   2105.0   0.89534
   2110.0   0.89607
   2115.0   0.89794
   2120.0   0.89860
   2125.0   0.89722
   2130.0   0.89897
   2135.0   0.89759
   2140.0   0.89748
   2145.0   0.89670
   2150.0   0.89625
   2155.0   0.89348
   2160.0   0.89217
   2165.0   0.88909
   2170.0   0.88739
   2175.0   0.88522
   2180.0   0.88467
   2185.0   0.88520
   2190.0   0.88554
   2195.0   0.88800
   2200.0   0.88964
   2205.0   0.88961
   2210.0   0.88653
   2215.0   0.88357
   2220.0   0.88524
   2225.0   0.88521
   2230.0   0.88184
   2235.0   0.88087
   2240.0   0.87933
   2245.0   0.87629
   2250.0   0.87254
   2255.0   0.87028
   2260.0   0.86848
   2265.0   0.86668
   2270.0   0.86203
   2275.0   0.85820
   2280.0   0.85450
   2285.0   0.84927
   2290.0   0.84299
   2295.0   0.84236
   2300.0   0.84018
   2305.0   0.83721
   2310.0   0.83453
   2315.0   0.82878
   2320.0   0.82521
   2325.0   0.82035
   2330.0   0.81597
   2335.0   0.81040
   2340.0   0.80125
   2345.0   0.78956
   2350.0   0.78123
   2355.0   0.78187
   2360.0   0.79003
   2365.0   0.80108
   2370.0   0.81061
   2375.0   0.82041
   2380.0   0.83045
   2385.0   0.83774
   2390.0   0.84148
   2395.0   0.84187
   2400.0   0.83905
   2405.0   0.83517
   2410.0   0.83273
   2415.0   0.83396
   2420.0   0.83318
   2425.0   0.83026
   2430.0   0.82717
   2435.0   0.82418
   2440.0   0.82318
   2445.0   0.81934
   2450.0   0.81842
   2455.0   0.81462
   2460.0   0.81108
   2465.0   0.80866
   2470.0   0.80532
   2475.0   0.79921
   2480.0   0.79275
   2485.0   0.78560
   2490.0   0.78117
   2495.0   0.77722
   2500.0   0.77427
   2505.0   0.77172
   2510.0   0.76778
   2515.0   0.76440
   2520.0   0.76133
   2525.0   0.75783
   2530.0   0.75009
   2535.0   0.73943
   2540.0   0.72833
   2545.0   0.71475
   2550.0   0.70454
   2555.0   0.69702
   2560.0   0.69215
   2565.0   0.69975
   2570.0   0.71496
   2575.0   0.73189
   2580.0   0.74662
   2585.0   0.75707
   2590.0   0.77121
   2595.0   0.77861
   2600.0   0.78035
   2605.0   0.78117
   2610.0   0.78125
   2615.0   0.78141
   2620.0   0.77643
   2625.0   0.77420
   2630.0   0.77333
   2635.0   0.77298
   2640.0   0.77018
   2645.0   0.76604
   2650.0   0.76254
   2655.0   0.75591
   2660.0   0.74779
   2665.0   0.74449
   2670.0   0.73911
   2675.0   0.73316
   2680.0   0.72407
   2685.0   0.71161
   2690.0   0.68931
   2695.0   0.66178
   2700.0   0.62756
   2705.0   0.61028
   2710.0   0.60640
   2715.0   0.60249
   2720.0   0.60003
   2725.0   0.57859
   2730.0   0.56182
   2735.0   0.54811
   2740.0   0.51896
   2745.0   0.50685
   2750.0   0.45721
   2755.0   0.43772
   2760.0   0.39983
   2765.0   0.36517
   2770.0   0.37047
   2775.0   0.33635
   2780.0   0.32494
   2785.0   0.32169
   2790.0   0.31738
   2795.0   0.30759
   2800.0   0.30431
   2805.0   0.30736
   2810.0   0.30388
   2815.0   0.30335
   2820.0   0.29741
   2825.0   0.29490
   2830.0   0.29763
   2835.0   0.27713
   2840.0   0.28021
   2845.0   0.28655
   2850.0   0.28966
   2855.0   0.28482
   2860.0   0.27814
   2865.0   0.27849
   2870.0   0.27488
   2875.0   0.27647
   2880.0   0.27327
   2885.0   0.27127
   2890.0   0.26634
   2895.0   0.26295
   2900.0   0.26220
   2905.0   0.26602
   2910.0   0.25994
   2915.0   0.26643
   2920.0   0.25999
   2925.0   0.25857
   2930.0   0.25845
   2935.0   0.25104
   2940.0   0.25274
   2945.0   0.25547
   2950.0   0.25108
   2955.0   0.25176
   2960.0   0.24606
   2965.0   0.24812
   2970.0   0.24976
   2975.0   0.24532
   2980.0   0.24962
   2985.0   0.25634
   2990.0   0.24944
   2995.0   0.25024
   3000.0   0.24870
   3005.0   0.25451
   3010.0   0.25274
   3015.0   0.24922
   3020.0   0.25284
   3025.0   0.25235
   3030.0   0.25434
   3035.0   0.25896
   3040.0   0.25943
   3045.0   0.25515
   3050.0   0.25830
   3055.0   0.25920
   3060.0   0.26238
   3065.0   0.25867
   3070.0   0.26167
   3075.0   0.25860
   3080.0   0.25806
   3085.0   0.25775
   3090.0   0.26467
   3095.0   0.26174
   3100.0   0.26345
   3105.0   0.26373
   3110.0   0.25942
   3115.0   0.26298
   3120.0   0.25982
   3125.0   0.26476
   3130.0   0.26130
   3135.0   0.25936
   3140.0   0.26321
   3145.0   0.26210
   3150.0   0.25817
   3155.0   0.26060
   3160.0   0.26077
   3165.0   0.25865
   3170.0   0.26642
   3175.0   0.26982
   3180.0   0.26680
   3185.0   0.26846
   3190.0   0.27175
   3195.0   0.27127
   3200.0   0.27581
   3205.0   0.27261
   3210.0   0.27504
   3215.0   0.27251
   3220.0   0.27619
   3225.0   0.27212
   3230.0   0.28212
   3235.0   0.27886
   3240.0   0.28047
   3245.0   0.28359
   3250.0   0.27996
   3255.0   0.27888
   3260.0   0.28088
   3265.0   0.28220
   3270.0   0.28552
   3275.0   0.28242
   3280.0   0.27654
   3285.0   0.28188
   3290.0   0.28022
   3295.0   0.27924
   3300.0   0.28783
   3305.0   0.27386
   3310.0   0.28196
   3315.0   0.27986
   3320.0   0.27584
   3325.0   0.27216
   3330.0   0.28052
   3335.0   0.27751
   3340.0   0.26650
   3345.0   0.26736
   3350.0   0.25561
   3355.0   0.24577
   3360.0   0.25072
   3365.0   0.23975
   3370.0   0.23048
   3375.0   0.22607
   3380.0   0.20313
   3385.0   0.18888
   3390.0   0.17634
   3395.0   0.17321
   3400.0   0.16193



 C1SG51      .ASC                        

 SG-SJG-051                                                              
 11501 SrCO3                                                             
 RATIOS ADJUSTED USING NBS HALON CALIBRATION TABLE                       

 Source Ang: 30.00   Detect Ang:  0.00  Volt: 0.777
 Date: 26-APR-88   Time: 16:38:53
