   661
    300.0   0.03901
    305.0   0.04038
    310.0   0.03834
    315.0   0.03831
    320.0   0.03937
    325.0   0.04064
    330.0   0.04217
    335.0   0.04367
    340.0   0.04513
    345.0   0.04772
    350.0   0.04945
    355.0   0.05173
    360.0   0.05446
    365.0   0.05650
    370.0   0.05977
    375.0   0.06261
    380.0   0.06592
    385.0   0.06933
    390.0   0.07248
    395.0   0.07577
    400.0   0.08088
    405.0   0.08404
    410.0   0.08774
    415.0   0.09155
    420.0   0.09584
    425.0   0.10105
    430.0   0.10480
    435.0   0.10980
    440.0   0.11385
    445.0   0.11757
    450.0   0.12253
    455.0   0.12643
    460.0   0.13009
    465.0   0.13490
    470.0   0.13886
    475.0   0.14356
    480.0   0.14776
    485.0   0.15232
    490.0   0.15737
    495.0   0.16136
    500.0   0.16620
    505.0   0.17057
    510.0   0.17486
    515.0   0.17913
    520.0   0.18350
    525.0   0.18747
    530.0   0.19205
    535.0   0.19649
    540.0   0.20041
    545.0   0.20456
    550.0   0.20887
    555.0   0.21277
    560.0   0.21720
    565.0   0.22111
    570.0   0.22535
    575.0   0.22943
    580.0   0.23431
    585.0   0.23802
    590.0   0.24259
    595.0   0.24622
    600.0   0.25090
    605.0   0.25454
    610.0   0.25899
    615.0   0.26306
    620.0   0.26711
    625.0   0.27106
    630.0   0.27485
    635.0   0.27962
    640.0   0.28324
    645.0   0.28895
    650.0   0.29282
    655.0   0.29864
    660.0   0.30295
    665.0   0.30913
    670.0   0.31315
    675.0   0.31866
    680.0   0.32304
    685.0   0.32870
    690.0   0.33278
    695.0   0.33913
    700.0   0.34317
    705.0   0.34955
    710.0   0.35408
    715.0   0.36032
    720.0   0.36555
    725.0   0.37171
    730.0   0.37742
    735.0   0.38273
    740.0   0.38959
    745.0   0.39492
    750.0   0.40237
    755.0   0.40750
    760.0   0.41553
    765.0   0.42167
    770.0   0.42964
    775.0   0.43533
    780.0   0.44127
    785.0   0.45021
    790.0   0.45618
    795.0   0.46500
    800.0   0.47155
    805.0   0.48138
    810.0   0.48659
    815.0   0.49614
    820.0   0.50244
    825.0   0.51073
    830.0   0.52042
    835.0   0.52736
    840.0   0.53711
    845.0   0.54292
    850.0   0.55177
    855.0   0.56168
    860.0   0.56752
    865.0   0.57674
    870.0   0.58350
    875.0   0.59168
    880.0   0.59795
    885.0   0.60683
    890.0   0.61363
    895.0   0.61881
    900.0   0.62743
    905.0   0.63318
    910.0   0.63991
    915.0   0.64686
    920.0   0.65361
    925.0   0.66108
    930.0   0.66810
    935.0   0.67394
    940.0   0.67951
    945.0   0.68494
    950.0   0.69121
    955.0   0.69606
    960.0   0.70098
    965.0   0.70597
    970.0   0.71137
    975.0   0.71456
    980.0   0.71866
    985.0   0.72268
    990.0   0.72570
    995.0   0.72874
   1000.0   0.73222
   1005.0   0.73436
   1010.0   0.73736
   1015.0   0.74058
   1020.0   0.74055
   1025.0   0.74365
   1030.0   0.74643
   1035.0   0.74917
   1040.0   0.75108
   1045.0   0.75446
   1050.0   0.75758
   1055.0   0.75899
   1060.0   0.76233
   1065.0   0.76469
   1070.0   0.76828
   1075.0   0.77030
   1080.0   0.77253
   1085.0   0.77382
   1090.0   0.77589
   1095.0   0.77647
   1100.0   0.77718
   1105.0   0.77664
   1110.0   0.77610
   1115.0   0.77814
   1120.0   0.77791
   1125.0   0.77803
   1130.0   0.77808
   1135.0   0.77530
   1140.0   0.77009
   1145.0   0.76683
   1150.0   0.76214
   1155.0   0.75970
   1160.0   0.75680
   1165.0   0.75129
   1170.0   0.74579
   1175.0   0.73848
   1180.0   0.73246
   1185.0   0.72950
   1190.0   0.72909
   1195.0   0.73269
   1200.0   0.73620
   1205.0   0.74051
   1210.0   0.74651
   1215.0   0.74937
   1220.0   0.75290
   1225.0   0.75516
   1230.0   0.75904
   1235.0   0.75953
   1240.0   0.76234
   1245.0   0.76532
   1250.0   0.76503
   1255.0   0.76691
   1260.0   0.76873
   1265.0   0.76649
   1270.0   0.76429
   1275.0   0.76285
   1280.0   0.76094
   1285.0   0.76171
   1290.0   0.76280
   1295.0   0.76447
   1300.0   0.76541
   1305.0   0.76478
   1310.0   0.76371
   1315.0   0.76231
   1320.0   0.76186
   1325.0   0.75792
   1330.0   0.75613
   1335.0   0.75492
   1340.0   0.75066
   1345.0   0.74316
   1350.0   0.73776
   1355.0   0.72932
   1360.0   0.72212
   1365.0   0.71822
   1370.0   0.71052
   1375.0   0.70536
   1380.0   0.70083
   1385.0   0.69239
   1390.0   0.68355
   1395.0   0.67268
   1400.0   0.65809
   1405.0   0.64521
   1410.0   0.62997
   1415.0   0.61638
   1420.0   0.60442
   1425.0   0.59542
   1430.0   0.58618
   1435.0   0.58341
   1440.0   0.57848
   1445.0   0.57511
   1450.0   0.57107
   1455.0   0.56905
   1460.0   0.56393
   1465.0   0.55966
   1470.0   0.55452
   1475.0   0.54925
   1480.0   0.54224
   1485.0   0.53356
   1490.0   0.52311
   1495.0   0.51190
   1500.0   0.50626
   1505.0   0.50454
   1510.0   0.50670
   1515.0   0.51119
   1520.0   0.51398
   1525.0   0.51881
   1530.0   0.52338
   1535.0   0.52759
   1540.0   0.53313
   1545.0   0.53848
   1550.0   0.54282
   1555.0   0.54770
   1560.0   0.55209
   1565.0   0.55416
   1570.0   0.55419
   1575.0   0.55518
   1580.0   0.55611
   1585.0   0.55963
   1590.0   0.56210
   1595.0   0.56593
   1600.0   0.56929
   1605.0   0.57108
   1610.0   0.57162
   1615.0   0.56977
   1620.0   0.56348
   1625.0   0.55764
   1630.0   0.55803
   1635.0   0.56441
   1640.0   0.57287
   1645.0   0.57492
   1650.0   0.57638
   1655.0   0.57797
   1660.0   0.57773
   1665.0   0.57681
   1670.0   0.56980
   1675.0   0.56210
   1680.0   0.54965
   1685.0   0.54049
   1690.0   0.53078
   1695.0   0.52769
   1700.0   0.52742
   1705.0   0.52957
   1710.0   0.52941
   1715.0   0.52557
   1720.0   0.51889
   1725.0   0.51165
   1730.0   0.50701
   1735.0   0.50334
   1740.0   0.50122
   1745.0   0.49965
   1750.0   0.50280
   1755.0   0.50915
   1760.0   0.51575
   1765.0   0.52173
   1770.0   0.52662
   1775.0   0.53066
   1780.0   0.53295
   1785.0   0.53383
   1790.0   0.53432
   1795.0   0.53479
   1800.0   0.53450
   1805.0   0.53630
   1810.0   0.53739
   1815.0   0.53812
   1820.0   0.54000
   1825.0   0.54056
   1830.0   0.54238
   1835.0   0.54446
   1840.0   0.54606
   1845.0   0.54763
   1850.0   0.54834
   1855.0   0.54715
   1860.0   0.54589
   1865.0   0.54456
   1870.0   0.54205
   1875.0   0.53549
   1880.0   0.52540
   1885.0   0.51239
   1890.0   0.49396
   1895.0   0.46940
   1900.0   0.44215
   1905.0   0.41430
   1910.0   0.38537
   1915.0   0.36353
   1920.0   0.34907
   1925.0   0.33937
   1930.0   0.33127
   1935.0   0.32436
   1940.0   0.32125
   1945.0   0.32023
   1950.0   0.32215
   1955.0   0.32555
   1960.0   0.32880
   1965.0   0.33152
   1970.0   0.33512
   1975.0   0.33853
   1980.0   0.34176
   1985.0   0.34569
   1990.0   0.35003
   1995.0   0.35429
   2000.0   0.35602
   2005.0   0.35880
   2010.0   0.36108
   2015.0   0.36091
   2020.0   0.35872
   2025.0   0.35368
   2030.0   0.34640
   2035.0   0.33823
   2040.0   0.32960
   2045.0   0.32317
   2050.0   0.31755
   2055.0   0.31334
   2060.0   0.31312
   2065.0   0.31653
   2070.0   0.32409
   2075.0   0.33376
   2080.0   0.34116
   2085.0   0.34631
   2090.0   0.35104
   2095.0   0.35294
   2100.0   0.35349
   2105.0   0.35284
   2110.0   0.35154
   2115.0   0.35075
   2120.0   0.34766
   2125.0   0.34428
   2130.0   0.33878
   2135.0   0.33109
   2140.0   0.32437
   2145.0   0.31737
   2150.0   0.30824
   2155.0   0.29832
   2160.0   0.29050
   2165.0   0.28390
   2170.0   0.27914
   2175.0   0.27693
   2180.0   0.27722
   2185.0   0.27959
   2190.0   0.28139
   2195.0   0.28451
   2200.0   0.28889
   2205.0   0.29309
   2210.0   0.29660
   2215.0   0.30059
   2220.0   0.30506
   2225.0   0.30793
   2230.0   0.31041
   2235.0   0.31196
   2240.0   0.31251
   2245.0   0.31070
   2250.0   0.30617
   2255.0   0.30135
   2260.0   0.29508
   2265.0   0.28915
   2270.0   0.28420
   2275.0   0.28024
   2280.0   0.27492
   2285.0   0.26977
   2290.0   0.26446
   2295.0   0.26090
   2300.0   0.26234
   2305.0   0.26525
   2310.0   0.26967
   2315.0   0.27285
   2320.0   0.27447
   2325.0   0.27640
   2330.0   0.27712
   2335.0   0.27693
   2340.0   0.27464
   2345.0   0.27338
   2350.0   0.27335
   2355.0   0.27220
   2360.0   0.27276
   2365.0   0.27332
   2370.0   0.27520
   2375.0   0.27704
   2380.0   0.27867
   2385.0   0.28118
   2390.0   0.28199
   2395.0   0.28450
   2400.0   0.28567
   2405.0   0.28486
   2410.0   0.28274
   2415.0   0.28203
   2420.0   0.28144
   2425.0   0.27876
   2430.0   0.27727
   2435.0   0.27345
   2440.0   0.26887
   2445.0   0.26383
   2450.0   0.25865
   2455.0   0.25326
   2460.0   0.24812
   2465.0   0.24466
   2470.0   0.24228
   2475.0   0.24130
   2480.0   0.24161
   2485.0   0.24100
   2490.0   0.24050
   2495.0   0.24031
   2500.0   0.23866
   2505.0   0.23705
   2510.0   0.23640
   2515.0   0.23610
   2520.0   0.23563
   2525.0   0.23545
   2530.0   0.23548
   2535.0   0.23567
   2540.0   0.23587
   2545.0   0.23728
   2550.0   0.23831
   2555.0   0.24183
   2560.0   0.24613
   2565.0   0.24789
   2570.0   0.25059
   2575.0   0.25275
   2580.0   0.25580
   2585.0   0.25755
   2590.0   0.25999
   2595.0   0.26276
   2600.0   0.26387
   2605.0   0.26518
   2610.0   0.26607
   2615.0   0.26745
   2620.0   0.26699
   2625.0   0.26827
   2630.0   0.26751
   2635.0   0.26471
   2640.0   0.26256
   2645.0   0.26241
   2650.0   0.25951
   2655.0   0.25763
   2660.0   0.25498
   2665.0   0.25151
   2670.0   0.24823
   2675.0   0.24226
   2680.0   0.23636
   2685.0   0.23131
   2690.0   0.22576
   2695.0   0.21947
   2700.0   0.21221
   2705.0   0.20456
   2710.0   0.19500
   2715.0   0.18428
   2720.0   0.17105
   2725.0   0.15489
   2730.0   0.13704
   2735.0   0.11927
   2740.0   0.10540
   2745.0   0.09634
   2750.0   0.08517
   2755.0   0.07226
   2760.0   0.07173
   2765.0   0.06440
   2770.0   0.05807
   2775.0   0.05555
   2780.0   0.05408
   2785.0   0.05632
   2790.0   0.04309
   2795.0   0.04120
   2800.0   0.04121
   2805.0   0.03651
   2810.0   0.03790
   2815.0   0.03744
   2820.0   0.03408
   2825.0   0.03512
   2830.0   0.03086
   2835.0   0.03420
   2840.0   0.02954
   2845.0   0.02881
   2850.0   0.02903
   2855.0   0.02650
   2860.0   0.02821
   2865.0   0.02584
   2870.0   0.02670
   2875.0   0.02412
   2880.0   0.02599
   2885.0   0.02205
   2890.0   0.02363
   2895.0   0.02236
   2900.0   0.02111
   2905.0   0.02282
   2910.0   0.02250
   2915.0   0.02217
   2920.0   0.02179
   2925.0   0.02111
   2930.0   0.02089
   2935.0   0.01825
   2940.0   0.01941
   2945.0   0.01840
   2950.0   0.01952
   2955.0   0.01758
   2960.0   0.01635
   2965.0   0.01689
   2970.0   0.01807
   2975.0   0.01592
   2980.0   0.01636
   2985.0   0.01700
   2990.0   0.01512
   2995.0   0.01694
   3000.0   0.01656
   3005.0   0.01774
   3010.0   0.01591
   3015.0   0.01778
   3020.0   0.01570
   3025.0   0.01521
   3030.0   0.01629
   3035.0   0.01713
   3040.0   0.01615
   3045.0   0.01638
   3050.0   0.01512
   3055.0   0.01671
   3060.0   0.01722
   3065.0   0.01665
   3070.0   0.01882
   3075.0   0.01812
   3080.0   0.01938
   3085.0   0.01791
   3090.0   0.01920
   3095.0   0.02092
   3100.0   0.02005
   3105.0   0.02025
   3110.0   0.02013
   3115.0   0.01946
   3120.0   0.01985
   3125.0   0.01931
   3130.0   0.02133
   3135.0   0.02170
   3140.0   0.02225
   3145.0   0.02224
   3150.0   0.02378
   3155.0   0.02431
   3160.0   0.02440
   3165.0   0.02522
   3170.0   0.02573
   3175.0   0.02582
   3180.0   0.02612
   3185.0   0.02740
   3190.0   0.02595
   3195.0   0.02759
   3200.0   0.02677
   3205.0   0.02809
   3210.0   0.02727
   3215.0   0.02946
   3220.0   0.02861
   3225.0   0.02759
   3230.0   0.02941
   3235.0   0.02754
   3240.0   0.02833
   3245.0   0.02666
   3250.0   0.02967
   3255.0   0.02891
   3260.0   0.02932
   3265.0   0.02813
   3270.0   0.03076
   3275.0   0.02924
   3280.0   0.02886
   3285.0   0.03040
   3290.0   0.03027
   3295.0   0.03058
   3300.0   0.03167
   3305.0   0.03168
   3310.0   0.03189
   3315.0   0.03218
   3320.0   0.03374
   3325.0   0.03315
   3330.0   0.03208
   3335.0   0.03343
   3340.0   0.03345
   3345.0   0.03280
   3350.0   0.03372
   3355.0   0.03195
   3360.0   0.03198
   3365.0   0.02984
   3370.0   0.03078
   3375.0   0.03047
   3380.0   0.03102
   3385.0   0.02981
   3390.0   0.03237
   3395.0   0.03158
   3400.0   0.02927
   3405.0   0.03084
   3410.0   0.03227
   3415.0   0.03434
   3420.0   0.03647
   3425.0   0.03729
   3430.0   0.03756
   3435.0   0.03760
   3440.0   0.03857
   3445.0   0.03878
   3450.0   0.03904
   3455.0   0.04125
   3460.0   0.04012
   3465.0   0.04088
   3470.0   0.04410
   3475.0   0.04364
   3480.0   0.04086
   3485.0   0.03996
   3490.0   0.04421
   3495.0   0.04693
   3500.0   0.04665
   3505.0   0.05117
   3510.0   0.04954
   3515.0   0.04735
   3520.0   0.04408
   3525.0   0.05013
   3530.0   0.05211
   3535.0   0.04747
   3540.0   0.05345
   3545.0   0.05721
   3550.0   0.04829
   3555.0   0.05696
   3560.0   0.04794
   3565.0   0.05823
   3570.0   0.05596
   3575.0   0.05831
   3580.0   0.06401
   3585.0   0.06125
   3590.0   0.05238
   3595.0   0.06270
   3600.0   0.06063



 C1SG65      .ASC                        

 SG-SJG-065                                                              
 10518 BLACK CORAL FROM HAWAII                                           
 RATIOS ADJUSTED USING NBS HALON CALIBRATION TABLE                       

 Source Ang: 30.00   Detect Ang:  0.00  Volt: 0.222
 Date: 06-DEC-88   Time: 09:59:06
