   661
    300.0   0.64418
    305.0   0.65445
    310.0   0.65619
    315.0   0.66820
    320.0   0.67514
    325.0   0.68244
    330.0   0.68957
    335.0   0.69479
    340.0   0.70376
    345.0   0.71216
    350.0   0.72046
    355.0   0.72785
    360.0   0.73545
    365.0   0.74030
    370.0   0.74760
    375.0   0.75215
    380.0   0.75606
    385.0   0.76318
    390.0   0.77015
    395.0   0.77445
    400.0   0.78008
    405.0   0.78416
    410.0   0.78758
    415.0   0.79240
    420.0   0.79564
    425.0   0.80177
    430.0   0.80433
    435.0   0.80826
    440.0   0.81245
    445.0   0.81386
    450.0   0.81730
    455.0   0.82135
    460.0   0.82283
    465.0   0.82605
    470.0   0.82836
    475.0   0.82855
    480.0   0.83392
    485.0   0.83602
    490.0   0.83767
    495.0   0.83840
    500.0   0.83958
    505.0   0.84194
    510.0   0.84327
    515.0   0.84696
    520.0   0.84784
    525.0   0.84980
    530.0   0.85272
    535.0   0.85328
    540.0   0.85519
    545.0   0.85485
    550.0   0.85675
    555.0   0.85711
    560.0   0.85974
    565.0   0.86062
    570.0   0.86070
    575.0   0.86215
    580.0   0.86305
    585.0   0.86429
    590.0   0.86600
    595.0   0.86487
    600.0   0.86591
    605.0   0.86693
    610.0   0.86785
    615.0   0.86830
    620.0   0.86890
    625.0   0.86994
    630.0   0.87030
    635.0   0.87075
    640.0   0.87091
    645.0   0.87199
    650.0   0.87139
    655.0   0.87323
    660.0   0.87271
    665.0   0.87392
    670.0   0.87425
    675.0   0.87315
    680.0   0.87438
    685.0   0.87499
    690.0   0.87441
    695.0   0.87489
    700.0   0.87516
    705.0   0.87592
    710.0   0.87679
    715.0   0.87682
    720.0   0.87654
    725.0   0.87690
    730.0   0.87661
    735.0   0.87774
    740.0   0.87674
    745.0   0.87719
    750.0   0.87863
    755.0   0.87752
    760.0   0.87857
    765.0   0.87813
    770.0   0.87874
    775.0   0.87837
    780.0   0.87882
    785.0   0.87765
    790.0   0.87929
    795.0   0.87948
    800.0   0.88071
    805.0   0.88059
    810.0   0.88042
    815.0   0.88148
    820.0   0.88051
    825.0   0.87940
    830.0   0.87930
    835.0   0.88002
    840.0   0.87921
    845.0   0.87935
    850.0   0.88148
    855.0   0.88053
    860.0   0.88065
    865.0   0.88069
    870.0   0.88233
    875.0   0.88137
    880.0   0.88166
    885.0   0.88056
    890.0   0.88230
    895.0   0.88240
    900.0   0.88187
    905.0   0.88194
    910.0   0.88175
    915.0   0.88196
    920.0   0.88180
    925.0   0.88247
    930.0   0.88206
    935.0   0.88167
    940.0   0.88325
    945.0   0.88182
    950.0   0.88345
    955.0   0.88306
    960.0   0.88402
    965.0   0.88284
    970.0   0.88303
    975.0   0.88425
    980.0   0.88247
    985.0   0.88342
    990.0   0.88370
    995.0   0.88399
   1000.0   0.88398
   1005.0   0.88185
   1010.0   0.88236
   1015.0   0.88352
   1020.0   0.88195
   1025.0   0.88264
   1030.0   0.88292
   1035.0   0.88417
   1040.0   0.88427
   1045.0   0.88374
   1050.0   0.88253
   1055.0   0.88458
   1060.0   0.88328
   1065.0   0.88360
   1070.0   0.88411
   1075.0   0.88131
   1080.0   0.88392
   1085.0   0.88413
   1090.0   0.88497
   1095.0   0.88413
   1100.0   0.88333
   1105.0   0.88528
   1110.0   0.88447
   1115.0   0.88388
   1120.0   0.88474
   1125.0   0.88408
   1130.0   0.88548
   1135.0   0.88478
   1140.0   0.88520
   1145.0   0.88676
   1150.0   0.88566
   1155.0   0.88461
   1160.0   0.88510
   1165.0   0.88406
   1170.0   0.88378
   1175.0   0.88551
   1180.0   0.88513
   1185.0   0.88419
   1190.0   0.88593
   1195.0   0.88565
   1200.0   0.88482
   1205.0   0.88550
   1210.0   0.88744
   1215.0   0.88419
   1220.0   0.88498
   1225.0   0.88443
   1230.0   0.88527
   1235.0   0.88454
   1240.0   0.88627
   1245.0   0.88695
   1250.0   0.88488
   1255.0   0.88540
   1260.0   0.88601
   1265.0   0.88608
   1270.0   0.88689
   1275.0   0.88462
   1280.0   0.88506
   1285.0   0.88626
   1290.0   0.88712
   1295.0   0.88625
   1300.0   0.88472
   1305.0   0.88477
   1310.0   0.88645
   1315.0   0.88354
   1320.0   0.88479
   1325.0   0.88533
   1330.0   0.88482
   1335.0   0.88456
   1340.0   0.88569
   1345.0   0.88377
   1350.0   0.88404
   1355.0   0.88425
   1360.0   0.88454
   1365.0   0.88084
   1370.0   0.88346
   1375.0   0.88244
   1380.0   0.88401
   1385.0   0.88341
   1390.0   0.88284
   1395.0   0.88174
   1400.0   0.88098
   1405.0   0.88050
   1410.0   0.88149
   1415.0   0.88164
   1420.0   0.88356
   1425.0   0.88315
   1430.0   0.88048
   1435.0   0.88205
   1440.0   0.87910
   1445.0   0.88073
   1450.0   0.88298
   1455.0   0.88217
   1460.0   0.88351
   1465.0   0.88125
   1470.0   0.88072
   1475.0   0.88118
   1480.0   0.88129
   1485.0   0.88099
   1490.0   0.88024
   1495.0   0.88192
   1500.0   0.88114
   1505.0   0.88415
   1510.0   0.88524
   1515.0   0.88294
   1520.0   0.88206
   1525.0   0.88109
   1530.0   0.88279
   1535.0   0.88364
   1540.0   0.88297
   1545.0   0.88289
   1550.0   0.88340
   1555.0   0.88570
   1560.0   0.88342
   1565.0   0.88475
   1570.0   0.88522
   1575.0   0.88409
   1580.0   0.88664
   1585.0   0.88470
   1590.0   0.88348
   1595.0   0.88353
   1600.0   0.88756
   1605.0   0.88311
   1610.0   0.88405
   1615.0   0.88475
   1620.0   0.88547
   1625.0   0.88563
   1630.0   0.88254
   1635.0   0.88228
   1640.0   0.88331
   1645.0   0.88200
   1650.0   0.88298
   1655.0   0.88640
   1660.0   0.88133
   1665.0   0.88166
   1670.0   0.88370
   1675.0   0.88524
   1680.0   0.88264
   1685.0   0.88022
   1690.0   0.88028
   1695.0   0.87937
   1700.0   0.88197
   1705.0   0.88341
   1710.0   0.88208
   1715.0   0.88306
   1720.0   0.88245
   1725.0   0.88108
   1730.0   0.88222
   1735.0   0.88098
   1740.0   0.88112
   1745.0   0.88080
   1750.0   0.88075
   1755.0   0.88238
   1760.0   0.88168
   1765.0   0.88165
   1770.0   0.88166
   1775.0   0.88223
   1780.0   0.88058
   1785.0   0.88084
   1790.0   0.88113
   1795.0   0.87975
   1800.0   0.87945
   1805.0   0.87928
   1810.0   0.87947
   1815.0   0.87849
   1820.0   0.87997
   1825.0   0.87921
   1830.0   0.87664
   1835.0   0.87565
   1840.0   0.87366
   1845.0   0.87172
   1850.0   0.87025
   1855.0   0.86660
   1860.0   0.86619
   1865.0   0.86440
   1870.0   0.86473
   1875.0   0.86656
   1880.0   0.86770
   1885.0   0.86927
   1890.0   0.87019
   1895.0   0.87276
   1900.0   0.87356
   1905.0   0.87522
   1910.0   0.87311
   1915.0   0.87052
   1920.0   0.87050
   1925.0   0.86988
   1930.0   0.86705
   1935.0   0.86472
   1940.0   0.86440
   1945.0   0.86419
   1950.0   0.86391
   1955.0   0.86429
   1960.0   0.86393
   1965.0   0.86129
   1970.0   0.86151
   1975.0   0.85787
   1980.0   0.85631
   1985.0   0.85661
   1990.0   0.85559
   1995.0   0.85676
   2000.0   0.85637
   2005.0   0.85934
   2010.0   0.86159
   2015.0   0.86572
   2020.0   0.86760
   2025.0   0.86862
   2030.0   0.87174
   2035.0   0.87431
   2040.0   0.87541
   2045.0   0.87488
   2050.0   0.87478
   2055.0   0.87305
   2060.0   0.87296
   2065.0   0.87279
   2070.0   0.87343
   2075.0   0.87690
   2080.0   0.87434
   2085.0   0.87318
   2090.0   0.87632
   2095.0   0.87556
   2100.0   0.87353
   2105.0   0.87270
   2110.0   0.87212
   2115.0   0.87300
   2120.0   0.87264
   2125.0   0.87293
   2130.0   0.87040
   2135.0   0.86792
   2140.0   0.86495
   2145.0   0.86228
   2150.0   0.85876
   2155.0   0.85823
   2160.0   0.85921
   2165.0   0.85790
   2170.0   0.85611
   2175.0   0.85663
   2180.0   0.85328
   2185.0   0.85217
   2190.0   0.85417
   2195.0   0.85057
   2200.0   0.84789
   2205.0   0.84473
   2210.0   0.84165
   2215.0   0.83724
   2220.0   0.83437
   2225.0   0.82877
   2230.0   0.82306
   2235.0   0.81655
   2240.0   0.81119
   2245.0   0.80673
   2250.0   0.79982
   2255.0   0.79416
   2260.0   0.79068
   2265.0   0.78512
   2270.0   0.78053
   2275.0   0.77299
   2280.0   0.76591
   2285.0   0.75755
   2290.0   0.75086
   2295.0   0.74664
   2300.0   0.74059
   2305.0   0.73956
   2310.0   0.73743
   2315.0   0.73558
   2320.0   0.73108
   2325.0   0.73110
   2330.0   0.73126
   2335.0   0.73571
   2340.0   0.74156
   2345.0   0.74500
   2350.0   0.74671
   2355.0   0.75310
   2360.0   0.77038
   2365.0   0.79107
   2370.0   0.80782
   2375.0   0.82094
   2380.0   0.82938
   2385.0   0.83195
   2390.0   0.83524
   2395.0   0.83509
   2400.0   0.83237
   2405.0   0.82906
   2410.0   0.82333
   2415.0   0.81975
   2420.0   0.81583
   2425.0   0.80688
   2430.0   0.80025
   2435.0   0.79050
   2440.0   0.77701
   2445.0   0.76408
   2450.0   0.75278
   2455.0   0.73999
   2460.0   0.72792
   2465.0   0.72082
   2470.0   0.71606
   2475.0   0.70750
   2480.0   0.69957
   2485.0   0.69459
   2490.0   0.68628
   2495.0   0.67496
   2500.0   0.66307
   2505.0   0.65223
   2510.0   0.63696
   2515.0   0.62931
   2520.0   0.62300
   2525.0   0.61908
   2530.0   0.62625
   2535.0   0.64595
   2540.0   0.65371
   2545.0   0.66200
   2550.0   0.67374
   2555.0   0.69565
   2560.0   0.71636
   2565.0   0.72717
   2570.0   0.73896
   2575.0   0.75683
   2580.0   0.77958
   2585.0   0.80107
   2590.0   0.81391
   2595.0   0.82498
   2600.0   0.82608
   2605.0   0.83373
   2610.0   0.83238
   2615.0   0.83697
   2620.0   0.83840
   2625.0   0.83379
   2630.0   0.83640
   2635.0   0.83535
   2640.0   0.83629
   2645.0   0.83946
   2650.0   0.83728
   2655.0   0.83999
   2660.0   0.83982
   2665.0   0.84100
   2670.0   0.83795
   2675.0   0.82982
   2680.0   0.82357
   2685.0   0.81221
   2690.0   0.80387
   2695.0   0.79774
   2700.0   0.78918
   2705.0   0.78169
   2710.0   0.78003
   2715.0   0.77686
   2720.0   0.77469
   2725.0   0.76889
   2730.0   0.75773
   2735.0   0.75062
   2740.0   0.74286
   2745.0   0.73744
   2750.0   0.72153
   2755.0   0.70794
   2760.0   0.70086
   2765.0   0.66927
   2770.0   0.65541
   2775.0   0.62900
   2780.0   0.59821
   2785.0   0.57887
   2790.0   0.57367
   2795.0   0.57796
   2800.0   0.57570
   2805.0   0.56921
   2810.0   0.56453
   2815.0   0.57323
   2820.0   0.57888
   2825.0   0.59065
   2830.0   0.59825
   2835.0   0.60208
   2840.0   0.60636
   2845.0   0.59931
   2850.0   0.59858
   2855.0   0.59695
   2860.0   0.59932
   2865.0   0.59229
   2870.0   0.59207
   2875.0   0.59083
   2880.0   0.59212
   2885.0   0.58932
   2890.0   0.58193
   2895.0   0.58096
   2900.0   0.57565
   2905.0   0.57455
   2910.0   0.57591
   2915.0   0.57856
   2920.0   0.57409
   2925.0   0.57312
   2930.0   0.57489
   2935.0   0.57159
   2940.0   0.57322
   2945.0   0.57192
   2950.0   0.56725
   2955.0   0.56180
   2960.0   0.56211
   2965.0   0.56410
   2970.0   0.56120
   2975.0   0.55920
   2980.0   0.55571
   2985.0   0.55241
   2990.0   0.54779
   2995.0   0.54979
   3000.0   0.55154
   3005.0   0.54893
   3010.0   0.54911
   3015.0   0.54935
   3020.0   0.54993
   3025.0   0.54738
   3030.0   0.54794
   3035.0   0.54901
   3040.0   0.54648
   3045.0   0.54446
   3050.0   0.54556
   3055.0   0.54215
   3060.0   0.53874
   3065.0   0.53602
   3070.0   0.53603
   3075.0   0.53150
   3080.0   0.52739
   3085.0   0.52278
   3090.0   0.51830
   3095.0   0.51072
   3100.0   0.50696
   3105.0   0.50220
   3110.0   0.50346
   3115.0   0.50110
   3120.0   0.49843
   3125.0   0.49776
   3130.0   0.49726
   3135.0   0.49961
   3140.0   0.50299
   3145.0   0.50777
   3150.0   0.51216
   3155.0   0.51658
   3160.0   0.51812
   3165.0   0.52038
   3170.0   0.52132
   3175.0   0.52309
   3180.0   0.52258
   3185.0   0.52417
   3190.0   0.52531
   3195.0   0.51960
   3200.0   0.51888
   3205.0   0.51481
   3210.0   0.51224
   3215.0   0.51047
   3220.0   0.50725
   3225.0   0.50326
   3230.0   0.49927
   3235.0   0.49853
   3240.0   0.49441
   3245.0   0.48965
   3250.0   0.48454
   3255.0   0.47986
   3260.0   0.47224
   3265.0   0.46303
   3270.0   0.45167
   3275.0   0.43824
   3280.0   0.42124
   3285.0   0.39637
   3290.0   0.37264
   3295.0   0.34854
   3300.0   0.32675
   3305.0   0.30737
   3310.0   0.29519
   3315.0   0.27925
   3320.0   0.26437
   3325.0   0.24317
   3330.0   0.21922
   3335.0   0.19208
   3340.0   0.17200
   3345.0   0.15516
   3350.0   0.14300
   3355.0   0.13667
   3360.0   0.13642
   3365.0   0.14070
   3370.0   0.14012
   3375.0   0.14239
   3380.0   0.14242
   3385.0   0.14208
   3390.0   0.13897
   3395.0   0.13570
   3400.0   0.12877
   3405.0   0.12475
   3410.0   0.12015
   3415.0   0.11220
   3420.0   0.10206
   3425.0   0.09493
   3430.0   0.09671
   3435.0   0.10212
   3440.0   0.11620
   3445.0   0.12737
   3450.0   0.14611
   3455.0   0.15910
   3460.0   0.17580
   3465.0   0.19693
   3470.0   0.21678
   3475.0   0.22841
   3480.0   0.23574
   3485.0   0.23558
   3490.0   0.23710
   3495.0   0.22276
   3500.0   0.20558
   3505.0   0.19455
   3510.0   0.19160
   3515.0   0.20936
   3520.0   0.24129
   3525.0   0.28893
   3530.0   0.33986
   3535.0   0.38691
   3540.0   0.42385
   3545.0   0.45280
   3550.0   0.47796
   3555.0   0.49095
   3560.0   0.49401
   3565.0   0.50496
   3570.0   0.51846
   3575.0   0.52096
   3580.0   0.51082
   3585.0   0.52556
   3590.0   0.53755
   3595.0   0.54220
   3600.0   0.53514



 C1SG68      .ASC                        

 SG-SJG-068-P1                                                           
 ARAGONITE 10530  <90 UM PARTICLE FRACTION                               
 RATIOS ADJUSTED USING NBS HALON CALIBRATION TABLE                       

 Source Ang: 30.00   Detect Ang:  0.00  Volt: 0.222
 Date: 06-DEC-88   Time: 12:26:14
