   661
    300.0   0.56069
    305.0   0.55802
    310.0   0.55894
    315.0   0.56875
    320.0   0.57335
    325.0   0.58126
    330.0   0.58938
    335.0   0.59657
    340.0   0.60746
    345.0   0.61802
    350.0   0.62947
    355.0   0.64218
    360.0   0.65464
    365.0   0.66474
    370.0   0.67583
    375.0   0.68717
    380.0   0.69781
    385.0   0.70666
    390.0   0.71407
    395.0   0.72080
    400.0   0.72906
    405.0   0.73684
    410.0   0.74516
    415.0   0.75144
    420.0   0.75770
    425.0   0.76466
    430.0   0.77229
    435.0   0.78057
    440.0   0.78455
    445.0   0.79231
    450.0   0.79449
    455.0   0.80318
    460.0   0.80647
    465.0   0.81286
    470.0   0.81797
    475.0   0.82333
    480.0   0.82665
    485.0   0.83188
    490.0   0.83671
    495.0   0.83931
    500.0   0.84191
    505.0   0.84691
    510.0   0.84944
    515.0   0.85415
    520.0   0.85663
    525.0   0.86018
    530.0   0.86217
    535.0   0.86535
    540.0   0.86708
    545.0   0.86860
    550.0   0.86916
    555.0   0.87248
    560.0   0.87429
    565.0   0.87780
    570.0   0.87803
    575.0   0.87903
    580.0   0.88208
    585.0   0.88182
    590.0   0.88787
    595.0   0.88514
    600.0   0.88754
    605.0   0.88845
    610.0   0.89035
    615.0   0.89103
    620.0   0.89182
    625.0   0.89324
    630.0   0.89488
    635.0   0.89428
    640.0   0.89348
    645.0   0.89582
    650.0   0.89790
    655.0   0.89698
    660.0   0.89682
    665.0   0.89740
    670.0   0.89850
    675.0   0.90002
    680.0   0.90046
    685.0   0.90087
    690.0   0.90115
    695.0   0.90140
    700.0   0.90041
    705.0   0.90045
    710.0   0.90108
    715.0   0.90032
    720.0   0.90224
    725.0   0.90306
    730.0   0.90396
    735.0   0.90349
    740.0   0.90455
    745.0   0.90348
    750.0   0.90345
    755.0   0.90425
    760.0   0.90505
    765.0   0.90324
    770.0   0.90342
    775.0   0.90558
    780.0   0.90422
    785.0   0.90332
    790.0   0.90887
    795.0   0.90633
    800.0   0.90818
    805.0   0.90753
    810.0   0.90764
    815.0   0.90975
    820.0   0.90763
    825.0   0.90737
    830.0   0.90937
    835.0   0.90921
    840.0   0.91060
    845.0   0.90911
    850.0   0.90856
    855.0   0.90674
    860.0   0.90903
    865.0   0.90888
    870.0   0.90828
    875.0   0.90790
    880.0   0.90963
    885.0   0.90978
    890.0   0.90909
    895.0   0.90893
    900.0   0.91012
    905.0   0.90875
    910.0   0.90949
    915.0   0.91273
    920.0   0.91046
    925.0   0.91331
    930.0   0.91129
    935.0   0.91050
    940.0   0.91199
    945.0   0.91224
    950.0   0.91052
    955.0   0.91106
    960.0   0.90926
    965.0   0.90962
    970.0   0.90890
    975.0   0.91131
    980.0   0.90873
    985.0   0.91054
    990.0   0.91053
    995.0   0.91017
   1000.0   0.90759
   1005.0   0.90847
   1010.0   0.90936
   1015.0   0.90900
   1020.0   0.91205
   1025.0   0.91109
   1030.0   0.91078
   1035.0   0.91226
   1040.0   0.91365
   1045.0   0.91200
   1050.0   0.91502
   1055.0   0.91285
   1060.0   0.91354
   1065.0   0.91248
   1070.0   0.91489
   1075.0   0.91702
   1080.0   0.91675
   1085.0   0.91702
   1090.0   0.91449
   1095.0   0.91700
   1100.0   0.91744
   1105.0   0.91958
   1110.0   0.91566
   1115.0   0.91806
   1120.0   0.91911
   1125.0   0.91706
   1130.0   0.91483
   1135.0   0.91565
   1140.0   0.91657
   1145.0   0.91466
   1150.0   0.91345
   1155.0   0.91252
   1160.0   0.91333
   1165.0   0.90882
   1170.0   0.90934
   1175.0   0.90715
   1180.0   0.90646
   1185.0   0.90818
   1190.0   0.90586
   1195.0   0.90489
   1200.0   0.90195
   1205.0   0.90226
   1210.0   0.90223
   1215.0   0.90282
   1220.0   0.90221
   1225.0   0.90275
   1230.0   0.90555
   1235.0   0.90370
   1240.0   0.90472
   1245.0   0.90427
   1250.0   0.90558
   1255.0   0.90466
   1260.0   0.90514
   1265.0   0.90617
   1270.0   0.90603
   1275.0   0.90321
   1280.0   0.90517
   1285.0   0.90431
   1290.0   0.90406
   1295.0   0.90447
   1300.0   0.90469
   1305.0   0.90358
   1310.0   0.90349
   1315.0   0.90419
   1320.0   0.90241
   1325.0   0.89872
   1330.0   0.89851
   1335.0   0.89757
   1340.0   0.89672
   1345.0   0.89419
   1350.0   0.89287
   1355.0   0.89161
   1360.0   0.89027
   1365.0   0.88454
   1370.0   0.88682
   1375.0   0.88449
   1380.0   0.88154
   1385.0   0.87641
   1390.0   0.87112
   1395.0   0.86528
   1400.0   0.85118
   1405.0   0.83807
   1410.0   0.83939
   1415.0   0.83324
   1420.0   0.82653
   1425.0   0.81908
   1430.0   0.81503
   1435.0   0.80854
   1440.0   0.80602
   1445.0   0.80179
   1450.0   0.79874
   1455.0   0.79952
   1460.0   0.79803
   1465.0   0.79623
   1470.0   0.79756
   1475.0   0.79725
   1480.0   0.79773
   1485.0   0.79918
   1490.0   0.79849
   1495.0   0.80260
   1500.0   0.80352
   1505.0   0.80550
   1510.0   0.80853
   1515.0   0.80802
   1520.0   0.80835
   1525.0   0.81019
   1530.0   0.81191
   1535.0   0.81222
   1540.0   0.81426
   1545.0   0.81472
   1550.0   0.81591
   1555.0   0.81566
   1560.0   0.81764
   1565.0   0.81719
   1570.0   0.81843
   1575.0   0.81790
   1580.0   0.81845
   1585.0   0.81888
   1590.0   0.81839
   1595.0   0.82041
   1600.0   0.82191
   1605.0   0.82272
   1610.0   0.82229
   1615.0   0.82387
   1620.0   0.82438
   1625.0   0.82383
   1630.0   0.82315
   1635.0   0.82410
   1640.0   0.82562
   1645.0   0.82369
   1650.0   0.82331
   1655.0   0.82524
   1660.0   0.82553
   1665.0   0.82498
   1670.0   0.82450
   1675.0   0.82381
   1680.0   0.82359
   1685.0   0.82113
   1690.0   0.82022
   1695.0   0.81812
   1700.0   0.81831
   1705.0   0.81622
   1710.0   0.81465
   1715.0   0.81333
   1720.0   0.81209
   1725.0   0.80941
   1730.0   0.80954
   1735.0   0.80457
   1740.0   0.80575
   1745.0   0.80751
   1750.0   0.80539
   1755.0   0.80224
   1760.0   0.80196
   1765.0   0.79897
   1770.0   0.80058
   1775.0   0.80041
   1780.0   0.79966
   1785.0   0.79826
   1790.0   0.79810
   1795.0   0.79706
   1800.0   0.79457
   1805.0   0.79239
   1810.0   0.79552
   1815.0   0.79608
   1820.0   0.79562
   1825.0   0.79377
   1830.0   0.79258
   1835.0   0.79266
   1840.0   0.79003
   1845.0   0.78920
   1850.0   0.78900
   1855.0   0.78452
   1860.0   0.78174
   1865.0   0.78044
   1870.0   0.77430
   1875.0   0.77210
   1880.0   0.76779
   1885.0   0.75702
   1890.0   0.74411
   1895.0   0.73304
   1900.0   0.71867
   1905.0   0.70190
   1910.0   0.68542
   1915.0   0.66951
   1920.0   0.65984
   1925.0   0.65189
   1930.0   0.64762
   1935.0   0.64368
   1940.0   0.64333
   1945.0   0.64456
   1950.0   0.64351
   1955.0   0.64658
   1960.0   0.64619
   1965.0   0.64713
   1970.0   0.64833
   1975.0   0.65140
   1980.0   0.65220
   1985.0   0.65683
   1990.0   0.65968
   1995.0   0.66161
   2000.0   0.66309
   2005.0   0.66577
   2010.0   0.66825
   2015.0   0.67083
   2020.0   0.67170
   2025.0   0.67256
   2030.0   0.67614
   2035.0   0.67555
   2040.0   0.67767
   2045.0   0.67611
   2050.0   0.67705
   2055.0   0.67883
   2060.0   0.67798
   2065.0   0.67812
   2070.0   0.67756
   2075.0   0.67777
   2080.0   0.67934
   2085.0   0.67910
   2090.0   0.68119
   2095.0   0.68187
   2100.0   0.68367
   2105.0   0.68285
   2110.0   0.68530
   2115.0   0.68680
   2120.0   0.68987
   2125.0   0.69240
   2130.0   0.69259
   2135.0   0.69731
   2140.0   0.69847
   2145.0   0.69898
   2150.0   0.69870
   2155.0   0.70213
   2160.0   0.70369
   2165.0   0.70487
   2170.0   0.70483
   2175.0   0.70734
   2180.0   0.70828
   2185.0   0.70834
   2190.0   0.70996
   2195.0   0.70938
   2200.0   0.71012
   2205.0   0.71134
   2210.0   0.71089
   2215.0   0.70931
   2220.0   0.70958
   2225.0   0.70619
   2230.0   0.70489
   2235.0   0.70357
   2240.0   0.70313
   2245.0   0.69897
   2250.0   0.69460
   2255.0   0.69050
   2260.0   0.68722
   2265.0   0.68341
   2270.0   0.67832
   2275.0   0.67273
   2280.0   0.67225
   2285.0   0.66953
   2290.0   0.66668
   2295.0   0.66542
   2300.0   0.66196
   2305.0   0.65738
   2310.0   0.65617
   2315.0   0.65133
   2320.0   0.64690
   2325.0   0.64566
   2330.0   0.64197
   2335.0   0.64004
   2340.0   0.63799
   2345.0   0.63769
   2350.0   0.63841
   2355.0   0.63769
   2360.0   0.63866
   2365.0   0.63660
   2370.0   0.63499
   2375.0   0.63288
   2380.0   0.63330
   2385.0   0.63160
   2390.0   0.62756
   2395.0   0.62666
   2400.0   0.62302
   2405.0   0.61824
   2410.0   0.61265
   2415.0   0.61143
   2420.0   0.60722
   2425.0   0.60207
   2430.0   0.59820
   2435.0   0.59384
   2440.0   0.58811
   2445.0   0.58278
   2450.0   0.57673
   2455.0   0.56933
   2460.0   0.56250
   2465.0   0.55785
   2470.0   0.55114
   2475.0   0.54537
   2480.0   0.54080
   2485.0   0.53745
   2490.0   0.53708
   2495.0   0.53504
   2500.0   0.53308
   2505.0   0.53213
   2510.0   0.52979
   2515.0   0.52806
   2520.0   0.52831
   2525.0   0.53040
   2530.0   0.53305
   2535.0   0.53678
   2540.0   0.53916
   2545.0   0.54338
   2550.0   0.54620
   2555.0   0.55009
   2560.0   0.54962
   2565.0   0.55536
   2570.0   0.55778
   2575.0   0.56089
   2580.0   0.56117
   2585.0   0.56127
   2590.0   0.56057
   2595.0   0.55957
   2600.0   0.56190
   2605.0   0.55781
   2610.0   0.55809
   2615.0   0.55492
   2620.0   0.55382
   2625.0   0.55126
   2630.0   0.54746
   2635.0   0.54616
   2640.0   0.54561
   2645.0   0.54386
   2650.0   0.54008
   2655.0   0.53395
   2660.0   0.52519
   2665.0   0.51386
   2670.0   0.50249
   2675.0   0.49342
   2680.0   0.48607
   2685.0   0.47736
   2690.0   0.46154
   2695.0   0.43713
   2700.0   0.40951
   2705.0   0.38741
   2710.0   0.37420
   2715.0   0.36409
   2720.0   0.34993
   2725.0   0.32928
   2730.0   0.30562
   2735.0   0.28079
   2740.0   0.25267
   2745.0   0.22536
   2750.0   0.20430
   2755.0   0.18721
   2760.0   0.16951
   2765.0   0.15292
   2770.0   0.13963
   2775.0   0.12871
   2780.0   0.11986
   2785.0   0.11048
   2790.0   0.10177
   2795.0   0.09533
   2800.0   0.08880
   2805.0   0.08149
   2810.0   0.07633
   2815.0   0.07296
   2820.0   0.06827
   2825.0   0.06353
   2830.0   0.05995
   2835.0   0.05802
   2840.0   0.05639
   2845.0   0.05339
   2850.0   0.04911
   2855.0   0.04646
   2860.0   0.04604
   2865.0   0.04593
   2870.0   0.04524
   2875.0   0.04404
   2880.0   0.04236
   2885.0   0.04063
   2890.0   0.03972
   2895.0   0.03945
   2900.0   0.03941
   2905.0   0.03902
   2910.0   0.03805
   2915.0   0.03686
   2920.0   0.03563
   2925.0   0.03483
   2930.0   0.03430
   2935.0   0.03404
   2940.0   0.03437
   2945.0   0.03471
   2950.0   0.03446
   2955.0   0.03420
   2960.0   0.03474
   2965.0   0.03537
   2970.0   0.03542
   2975.0   0.03532
   2980.0   0.03541
   2985.0   0.03523
   2990.0   0.03503
   2995.0   0.03548
   3000.0   0.03665
   3005.0   0.03826
   3010.0   0.03993
   3015.0   0.04111
   3020.0   0.04169
   3025.0   0.04179
   3030.0   0.04178
   3035.0   0.04198
   3040.0   0.04237
   3045.0   0.04301
   3050.0   0.04387
   3055.0   0.04457
   3060.0   0.04506
   3065.0   0.04595
   3070.0   0.04751
   3075.0   0.04887
   3080.0   0.04944
   3085.0   0.05002
   3090.0   0.05103
   3095.0   0.05209
   3100.0   0.05299
   3105.0   0.05382
   3110.0   0.05479
   3115.0   0.05552
   3120.0   0.05584
   3125.0   0.05608
   3130.0   0.05658
   3135.0   0.05758
   3140.0   0.05891
   3145.0   0.06000
   3150.0   0.06082
   3155.0   0.06174
   3160.0   0.06258
   3165.0   0.06323
   3170.0   0.06428
   3175.0   0.06596
   3180.0   0.06734
   3185.0   0.06808
   3190.0   0.06883
   3195.0   0.06983
   3200.0   0.07089
   3205.0   0.07199
   3210.0   0.07320
   3215.0   0.07408
   3220.0   0.07466
   3225.0   0.07539
   3230.0   0.07594
   3235.0   0.07632
   3240.0   0.07691
   3245.0   0.07778
   3250.0   0.07875
   3255.0   0.07999
   3260.0   0.08120
   3265.0   0.08182
   3270.0   0.08209
   3275.0   0.08265
   3280.0   0.08351
   3285.0   0.08439
   3290.0   0.08497
   3295.0   0.08475
   3300.0   0.08413
   3305.0   0.08389
   3310.0   0.08395
   3315.0   0.08353
   3320.0   0.08263
   3325.0   0.08222
   3330.0   0.08243
   3335.0   0.08237
   3340.0   0.08227
   3345.0   0.08250
   3350.0   0.08265
   3355.0   0.08251
   3360.0   0.08248
   3365.0   0.08201
   3370.0   0.08145
   3375.0   0.08202
   3380.0   0.08280
   3385.0   0.08295
   3390.0   0.08280
   3395.0   0.08211
   3400.0   0.08172
   3405.0   0.08247
   3410.0   0.08271
   3415.0   0.08273
   3420.0   0.08266
   3425.0   0.08299
   3430.0   0.08257
   3435.0   0.08140
   3440.0   0.08083
   3445.0   0.08144
   3450.0   0.08299
   3455.0   0.08392
   3460.0   0.08457
   3465.0   0.08501
   3470.0   0.08608
   3475.0   0.08883
   3480.0   0.09225
   3485.0   0.09438
   3490.0   0.09640
   3495.0   0.09954
   3500.0   0.10203
   3505.0   0.10455
   3510.0   0.10694
   3515.0   0.10918
   3520.0   0.11305
   3525.0   0.11873
   3530.0   0.12350
   3535.0   0.12635
   3540.0   0.12973
   3545.0   0.13264
   3550.0   0.13515
   3555.0   0.13906
   3560.0   0.14285
   3565.0   0.14529
   3570.0   0.14766
   3575.0   0.14923
   3580.0   0.15080
   3585.0   0.15437
   3590.0   0.15765
   3595.0   0.16026
   3600.0   0.16355



 C1SG73      .ASC                        

 SG-SJG-073                                                              
 SS-7GL-2A  GONIOLITHON  SAN SALVADOR                                    
 RATIOS ADJUSTED USING NBS HALON CALIBRATION TABLE                       

 Source Ang: 30.00   Detect Ang:  0.00  Volt: 0.222
 Date: 13-DEC-88   Time: 16:21:28
