   661
    300.0   0.68326
    305.0   0.68395
    310.0   0.69467
    315.0   0.69816
    320.0   0.70780
    325.0   0.71250
    330.0   0.72066
    335.0   0.72694
    340.0   0.73213
    345.0   0.73889
    350.0   0.74517
    355.0   0.75162
    360.0   0.75610
    365.0   0.76347
    370.0   0.76796
    375.0   0.77173
    380.0   0.77596
    385.0   0.78203
    390.0   0.78475
    395.0   0.78877
    400.0   0.79421
    405.0   0.79804
    410.0   0.80097
    415.0   0.80405
    420.0   0.80831
    425.0   0.81049
    430.0   0.81442
    435.0   0.81966
    440.0   0.82205
    445.0   0.82358
    450.0   0.82731
    455.0   0.83020
    460.0   0.83372
    465.0   0.83799
    470.0   0.83987
    475.0   0.84211
    480.0   0.84614
    485.0   0.84843
    490.0   0.85122
    495.0   0.85463
    500.0   0.85575
    505.0   0.85902
    510.0   0.86013
    515.0   0.86310
    520.0   0.86412
    525.0   0.86684
    530.0   0.86892
    535.0   0.87110
    540.0   0.87248
    545.0   0.87415
    550.0   0.87611
    555.0   0.87710
    560.0   0.87936
    565.0   0.88001
    570.0   0.88152
    575.0   0.88176
    580.0   0.88382
    585.0   0.88461
    590.0   0.88614
    595.0   0.88562
    600.0   0.88715
    605.0   0.88819
    610.0   0.88818
    615.0   0.88919
    620.0   0.89000
    625.0   0.88984
    630.0   0.89124
    635.0   0.89190
    640.0   0.89269
    645.0   0.89387
    650.0   0.89393
    655.0   0.89337
    660.0   0.89476
    665.0   0.89464
    670.0   0.89509
    675.0   0.89490
    680.0   0.89701
    685.0   0.89695
    690.0   0.89651
    695.0   0.89792
    700.0   0.89662
    705.0   0.89816
    710.0   0.89833
    715.0   0.89924
    720.0   0.89963
    725.0   0.89995
    730.0   0.89968
    735.0   0.90026
    740.0   0.89885
    745.0   0.90046
    750.0   0.90035
    755.0   0.89978
    760.0   0.90022
    765.0   0.90127
    770.0   0.90069
    775.0   0.90079
    780.0   0.90168
    785.0   0.90084
    790.0   0.90022
    795.0   0.90225
    800.0   0.90235
    805.0   0.90239
    810.0   0.90249
    815.0   0.90252
    820.0   0.90316
    825.0   0.90343
    830.0   0.90275
    835.0   0.90171
    840.0   0.90253
    845.0   0.90037
    850.0   0.90360
    855.0   0.90375
    860.0   0.90322
    865.0   0.90329
    870.0   0.90451
    875.0   0.90435
    880.0   0.90367
    885.0   0.90265
    890.0   0.90381
    895.0   0.90441
    900.0   0.90339
    905.0   0.90249
    910.0   0.90231
    915.0   0.90391
    920.0   0.90376
    925.0   0.90362
    930.0   0.90447
    935.0   0.90405
    940.0   0.90403
    945.0   0.90387
    950.0   0.90409
    955.0   0.90587
    960.0   0.90397
    965.0   0.90419
    970.0   0.90511
    975.0   0.90348
    980.0   0.90461
    985.0   0.90323
    990.0   0.90472
    995.0   0.90465
   1000.0   0.90359
   1005.0   0.90398
   1010.0   0.90462
   1015.0   0.90616
   1020.0   0.90523
   1025.0   0.90413
   1030.0   0.90534
   1035.0   0.90534
   1040.0   0.90549
   1045.0   0.90422
   1050.0   0.90608
   1055.0   0.90422
   1060.0   0.90484
   1065.0   0.90451
   1070.0   0.90541
   1075.0   0.90364
   1080.0   0.90505
   1085.0   0.90558
   1090.0   0.90719
   1095.0   0.90688
   1100.0   0.90669
   1105.0   0.90695
   1110.0   0.90652
   1115.0   0.90572
   1120.0   0.90706
   1125.0   0.90534
   1130.0   0.90562
   1135.0   0.90535
   1140.0   0.90575
   1145.0   0.90574
   1150.0   0.90714
   1155.0   0.90431
   1160.0   0.90380
   1165.0   0.90412
   1170.0   0.90285
   1175.0   0.90484
   1180.0   0.90419
   1185.0   0.90309
   1190.0   0.90230
   1195.0   0.90244
   1200.0   0.90237
   1205.0   0.90240
   1210.0   0.90421
   1215.0   0.90223
   1220.0   0.90115
   1225.0   0.90198
   1230.0   0.90234
   1235.0   0.90092
   1240.0   0.90318
   1245.0   0.90241
   1250.0   0.90240
   1255.0   0.90261
   1260.0   0.90366
   1265.0   0.90364
   1270.0   0.90244
   1275.0   0.90422
   1280.0   0.90242
   1285.0   0.90063
   1290.0   0.90353
   1295.0   0.90256
   1300.0   0.90018
   1305.0   0.90123
   1310.0   0.90091
   1315.0   0.89744
   1320.0   0.89756
   1325.0   0.89884
   1330.0   0.89848
   1335.0   0.89787
   1340.0   0.89741
   1345.0   0.89520
   1350.0   0.89420
   1355.0   0.89371
   1360.0   0.89126
   1365.0   0.88976
   1370.0   0.89059
   1375.0   0.88941
   1380.0   0.88731
   1385.0   0.88494
   1390.0   0.88349
   1395.0   0.87719
   1400.0   0.87266
   1405.0   0.86592
   1410.0   0.86190
   1415.0   0.85730
   1420.0   0.85389
   1425.0   0.84801
   1430.0   0.84322
   1435.0   0.83959
   1440.0   0.83849
   1445.0   0.83672
   1450.0   0.83635
   1455.0   0.83543
   1460.0   0.83611
   1465.0   0.83364
   1470.0   0.83632
   1475.0   0.83525
   1480.0   0.83655
   1485.0   0.83652
   1490.0   0.83810
   1495.0   0.84109
   1500.0   0.84046
   1505.0   0.84419
   1510.0   0.84531
   1515.0   0.84564
   1520.0   0.84619
   1525.0   0.84842
   1530.0   0.85197
   1535.0   0.85146
   1540.0   0.85087
   1545.0   0.85360
   1550.0   0.85397
   1555.0   0.85673
   1560.0   0.85738
   1565.0   0.85805
   1570.0   0.86025
   1575.0   0.86058
   1580.0   0.86205
   1585.0   0.86102
   1590.0   0.86297
   1595.0   0.86319
   1600.0   0.86120
   1605.0   0.85991
   1610.0   0.86292
   1615.0   0.86303
   1620.0   0.86261
   1625.0   0.86400
   1630.0   0.86048
   1635.0   0.86104
   1640.0   0.86233
   1645.0   0.86028
   1650.0   0.85994
   1655.0   0.86198
   1660.0   0.86270
   1665.0   0.86642
   1670.0   0.86797
   1675.0   0.86797
   1680.0   0.86584
   1685.0   0.86316
   1690.0   0.86195
   1695.0   0.86177
   1700.0   0.86432
   1705.0   0.86238
   1710.0   0.86083
   1715.0   0.85983
   1720.0   0.86116
   1725.0   0.86023
   1730.0   0.85739
   1735.0   0.85677
   1740.0   0.85540
   1745.0   0.85447
   1750.0   0.85538
   1755.0   0.85333
   1760.0   0.85238
   1765.0   0.85107
   1770.0   0.85089
   1775.0   0.85230
   1780.0   0.85164
   1785.0   0.84945
   1790.0   0.84794
   1795.0   0.84745
   1800.0   0.84752
   1805.0   0.84857
   1810.0   0.84838
   1815.0   0.84872
   1820.0   0.84892
   1825.0   0.84578
   1830.0   0.84278
   1835.0   0.84319
   1840.0   0.84220
   1845.0   0.83909
   1850.0   0.83898
   1855.0   0.83535
   1860.0   0.83113
   1865.0   0.82993
   1870.0   0.82667
   1875.0   0.81995
   1880.0   0.81372
   1885.0   0.80873
   1890.0   0.79921
   1895.0   0.78857
   1900.0   0.77870
   1905.0   0.76671
   1910.0   0.75028
   1915.0   0.73768
   1920.0   0.72985
   1925.0   0.72415
   1930.0   0.71750
   1935.0   0.71227
   1940.0   0.71101
   1945.0   0.70995
   1950.0   0.71074
   1955.0   0.71248
   1960.0   0.71327
   1965.0   0.71335
   1970.0   0.71484
   1975.0   0.71647
   1980.0   0.71720
   1985.0   0.72096
   1990.0   0.72365
   1995.0   0.72590
   2000.0   0.72518
   2005.0   0.72882
   2010.0   0.73302
   2015.0   0.73756
   2020.0   0.74070
   2025.0   0.74077
   2030.0   0.74417
   2035.0   0.74831
   2040.0   0.74936
   2045.0   0.75105
   2050.0   0.75541
   2055.0   0.75629
   2060.0   0.75804
   2065.0   0.75727
   2070.0   0.75850
   2075.0   0.76288
   2080.0   0.76371
   2085.0   0.76608
   2090.0   0.77023
   2095.0   0.77250
   2100.0   0.77468
   2105.0   0.77600
   2110.0   0.77737
   2115.0   0.78078
   2120.0   0.78314
   2125.0   0.78525
   2130.0   0.78666
   2135.0   0.78728
   2140.0   0.78879
   2145.0   0.78884
   2150.0   0.78872
   2155.0   0.78969
   2160.0   0.79032
   2165.0   0.79154
   2170.0   0.79201
   2175.0   0.79187
   2180.0   0.79336
   2185.0   0.79470
   2190.0   0.79564
   2195.0   0.79529
   2200.0   0.79612
   2205.0   0.79706
   2210.0   0.79675
   2215.0   0.79466
   2220.0   0.79346
   2225.0   0.79267
   2230.0   0.79003
   2235.0   0.78966
   2240.0   0.78951
   2245.0   0.78674
   2250.0   0.78271
   2255.0   0.77938
   2260.0   0.77623
   2265.0   0.77193
   2270.0   0.76622
   2275.0   0.76004
   2280.0   0.75167
   2285.0   0.74367
   2290.0   0.73820
   2295.0   0.73338
   2300.0   0.72857
   2305.0   0.72749
   2310.0   0.72280
   2315.0   0.71876
   2320.0   0.71223
   2325.0   0.70665
   2330.0   0.70114
   2335.0   0.69638
   2340.0   0.69286
   2345.0   0.69248
   2350.0   0.69474
   2355.0   0.69968
   2360.0   0.70905
   2365.0   0.71626
   2370.0   0.72410
   2375.0   0.73076
   2380.0   0.73488
   2385.0   0.73738
   2390.0   0.73639
   2395.0   0.73677
   2400.0   0.73302
   2405.0   0.72690
   2410.0   0.72091
   2415.0   0.72112
   2420.0   0.71827
   2425.0   0.71227
   2430.0   0.70839
   2435.0   0.70427
   2440.0   0.69551
   2445.0   0.69063
   2450.0   0.68506
   2455.0   0.67792
   2460.0   0.66687
   2465.0   0.65940
   2470.0   0.65259
   2475.0   0.63959
   2480.0   0.63043
   2485.0   0.62364
   2490.0   0.61844
   2495.0   0.61280
   2500.0   0.61110
   2505.0   0.60651
   2510.0   0.60095
   2515.0   0.59492
   2520.0   0.58873
   2525.0   0.57780
   2530.0   0.56931
   2535.0   0.56650
   2540.0   0.56492
   2545.0   0.57004
   2550.0   0.58062
   2555.0   0.59757
   2560.0   0.61359
   2565.0   0.62326
   2570.0   0.63489
   2575.0   0.63990
   2580.0   0.64244
   2585.0   0.64862
   2590.0   0.65019
   2595.0   0.65364
   2600.0   0.65535
   2605.0   0.65612
   2610.0   0.65443
   2615.0   0.65419
   2620.0   0.65290
   2625.0   0.64867
   2630.0   0.64374
   2635.0   0.63897
   2640.0   0.63303
   2645.0   0.63244
   2650.0   0.63205
   2655.0   0.62806
   2660.0   0.62525
   2665.0   0.62147
   2670.0   0.61409
   2675.0   0.60673
   2680.0   0.59881
   2685.0   0.58924
   2690.0   0.57462
   2695.0   0.55997
   2700.0   0.54469
   2705.0   0.53149
   2710.0   0.51890
   2715.0   0.49972
   2720.0   0.47884
   2725.0   0.45153
   2730.0   0.42121
   2735.0   0.39124
   2740.0   0.36704
   2745.0   0.34160
   2750.0   0.31366
   2755.0   0.29105
   2760.0   0.27421
   2765.0   0.25426
   2770.0   0.23222
   2775.0   0.20821
   2780.0   0.19962
   2785.0   0.18398
   2790.0   0.17747
   2795.0   0.16388
   2800.0   0.16057
   2805.0   0.15079
   2810.0   0.15343
   2815.0   0.14336
   2820.0   0.13921
   2825.0   0.13348
   2830.0   0.13034
   2835.0   0.12119
   2840.0   0.11484
   2845.0   0.11371
   2850.0   0.11492
   2855.0   0.10931
   2860.0   0.10447
   2865.0   0.10800
   2870.0   0.10395
   2875.0   0.09762
   2880.0   0.09578
   2885.0   0.09746
   2890.0   0.09444
   2895.0   0.09260
   2900.0   0.09147
   2905.0   0.09379
   2910.0   0.09023
   2915.0   0.09139
   2920.0   0.08919
   2925.0   0.08885
   2930.0   0.08732
   2935.0   0.08625
   2940.0   0.08872
   2945.0   0.08997
   2950.0   0.08938
   2955.0   0.08701
   2960.0   0.08722
   2965.0   0.08730
   2970.0   0.08536
   2975.0   0.08470
   2980.0   0.08609
   2985.0   0.08565
   2990.0   0.08403
   2995.0   0.08500
   3000.0   0.08663
   3005.0   0.08527
   3010.0   0.08574
   3015.0   0.08867
   3020.0   0.08781
   3025.0   0.08801
   3030.0   0.08703
   3035.0   0.08743
   3040.0   0.08889
   3045.0   0.08908
   3050.0   0.09028
   3055.0   0.08957
   3060.0   0.08987
   3065.0   0.08863
   3070.0   0.09012
   3075.0   0.09149
   3080.0   0.09206
   3085.0   0.09242
   3090.0   0.09244
   3095.0   0.09237
   3100.0   0.09388
   3105.0   0.09443
   3110.0   0.09556
   3115.0   0.09539
   3120.0   0.09574
   3125.0   0.09698
   3130.0   0.09871
   3135.0   0.09852
   3140.0   0.10004
   3145.0   0.10153
   3150.0   0.10299
   3155.0   0.10410
   3160.0   0.10548
   3165.0   0.10752
   3170.0   0.10767
   3175.0   0.10864
   3180.0   0.11010
   3185.0   0.11198
   3190.0   0.11484
   3195.0   0.11427
   3200.0   0.11605
   3205.0   0.11673
   3210.0   0.11884
   3215.0   0.12003
   3220.0   0.12382
   3225.0   0.12453
   3230.0   0.12469
   3235.0   0.12525
   3240.0   0.12764
   3245.0   0.12868
   3250.0   0.12898
   3255.0   0.13028
   3260.0   0.13269
   3265.0   0.13417
   3270.0   0.13528
   3275.0   0.13669
   3280.0   0.13700
   3285.0   0.13810
   3290.0   0.13876
   3295.0   0.13861
   3300.0   0.13898
   3305.0   0.13834
   3310.0   0.13837
   3315.0   0.13762
   3320.0   0.13979
   3325.0   0.13605
   3330.0   0.13487
   3335.0   0.12792
   3340.0   0.12020
   3345.0   0.11307
   3350.0   0.10580
   3355.0   0.09902
   3360.0   0.09847
   3365.0   0.10308
   3370.0   0.10685
   3375.0   0.10699
   3380.0   0.10871
   3385.0   0.11058
   3390.0   0.11202
   3395.0   0.11394
   3400.0   0.11395
   3405.0   0.11572
   3410.0   0.11973
   3415.0   0.11868
   3420.0   0.12179
   3425.0   0.12035
   3430.0   0.12217
   3435.0   0.12493
   3440.0   0.12698
   3445.0   0.12295
   3450.0   0.12466
   3455.0   0.11841
   3460.0   0.11354
   3465.0   0.11468
   3470.0   0.10604
   3475.0   0.10195
   3480.0   0.10279
   3485.0   0.09612
   3490.0   0.10450
   3495.0   0.11474
   3500.0   0.11132
   3505.0   0.11817
   3510.0   0.12660
   3515.0   0.13184
   3520.0   0.14601
   3525.0   0.15789
   3530.0   0.17230
   3535.0   0.17984
   3540.0   0.19328
   3545.0   0.20402
   3550.0   0.21680
   3555.0   0.22093
   3560.0   0.22941
   3565.0   0.23630
   3570.0   0.24887
   3575.0   0.24295
   3580.0   0.25113
   3585.0   0.25943
   3590.0   0.27235
   3595.0   0.26764
   3600.0   0.28384



 C1SG67      .ASC                        

 SG-SJG-067                                                              
 10529B CALCITE FROM LEAD CAVES DUBUQUE, IOWA  FINE PARTICLES            
 RATIOS ADJUSTED USING NBS HALON CALIBRATION TABLE                       

 Source Ang: 30.00   Detect Ang:  0.00  Volt: 0.222
 Date: 06-DEC-88   Time: 11:42:39
