   615
    330.0   0.85413
    335.0   0.85333
    340.0   0.85833
    345.0   0.86088
    350.0   0.86462
    355.0   0.86878
    360.0   0.87337
    365.0   0.87556
    370.0   0.87995
    375.0   0.88273
    380.0   0.88711
    385.0   0.89210
    390.0   0.89519
    395.0   0.89611
    400.0   0.89344
    405.0   0.89716
    410.0   0.90214
    415.0   0.90420
    420.0   0.90528
    425.0   0.90693
    430.0   0.90921
    435.0   0.91104
    440.0   0.91005
    445.0   0.91421
    450.0   0.91248
    455.0   0.91510
    460.0   0.91530
    465.0   0.91768
    470.0   0.92021
    475.0   0.91956
    480.0   0.92107
    485.0   0.92094
    490.0   0.92269
    495.0   0.92373
    500.0   0.92531
    505.0   0.92585
    510.0   0.92552
    515.0   0.92713
    520.0   0.92583
    525.0   0.92740
    530.0   0.92750
    535.0   0.92954
    540.0   0.92942
    545.0   0.93072
    550.0   0.93151
    555.0   0.93114
    560.0   0.93144
    565.0   0.92937
    570.0   0.93133
    575.0   0.92822
    580.0   0.93047
    585.0   0.92990
    590.0   0.93141
    595.0   0.93016
    600.0   0.93076
    605.0   0.93086
    610.0   0.93122
    615.0   0.93187
    620.0   0.93287
    625.0   0.93270
    630.0   0.93242
    635.0   0.93206
    640.0   0.93262
    645.0   0.93209
    650.0   0.93292
    655.0   0.93225
    660.0   0.93259
    665.0   0.93174
    670.0   0.93220
    675.0   0.93198
    680.0   0.93161
    685.0   0.93375
    690.0   0.93229
    695.0   0.93356
    700.0   0.93193
    705.0   0.93157
    710.0   0.93327
    715.0   0.93402
    720.0   0.93251
    725.0   0.93264
    730.0   0.93166
    735.0   0.93370
    740.0   0.93286
    745.0   0.93311
    750.0   0.93215
    755.0   0.93132
    760.0   0.93231
    765.0   0.93097
    770.0   0.93334
    775.0   0.93234
    780.0   0.93190
    785.0   0.93188
    790.0   0.93259
    795.0   0.93370
    800.0   0.93280
    805.0   0.93212
    810.0   0.93510
    815.0   0.93130
    820.0   0.93213
    825.0   0.93522
    830.0   0.93319
    835.0   0.93360
    840.0   0.93246
    845.0   0.93244
    850.0   0.93335
    855.0   0.93188
    860.0   0.93134
    865.0   0.93312
    870.0   0.93288
    875.0   0.93293
    880.0   0.93270
    885.0   0.93175
    890.0   0.93440
    895.0   0.93203
    900.0   0.93149
    905.0   0.93111
    910.0   0.93209
    915.0   0.93268
    920.0   0.93252
    925.0   0.93361
    930.0   0.93242
    935.0   0.93121
    940.0   0.93222
    945.0   0.93318
    950.0   0.93246
    955.0   0.93429
    960.0   0.93343
    965.0   0.93323
    970.0   0.93463
    975.0   0.93369
    980.0   0.93404
    985.0   0.93435
    990.0   0.93431
    995.0   0.93377
   1000.0   0.93343
   1005.0   0.93368
   1010.0   0.93357
   1015.0   0.93292
   1020.0   0.93266
   1025.0   0.93325
   1030.0   0.93398
   1035.0   0.93435
   1040.0   0.93398
   1045.0   0.93352
   1050.0   0.93304
   1055.0   0.93416
   1060.0   0.93417
   1065.0   0.93249
   1070.0   0.93412
   1075.0   0.93518
   1080.0   0.93440
   1085.0   0.93472
   1090.0   0.93466
   1095.0   0.93560
   1100.0   0.93334
   1105.0   0.93364
   1110.0   0.93318
   1115.0   0.93357
   1120.0   0.93335
   1125.0   0.93308
   1130.0   0.93268
   1135.0   0.93564
   1140.0   0.93418
   1145.0   0.93383
   1150.0   0.93210
   1155.0   0.93441
   1160.0   0.93298
   1165.0   0.93398
   1170.0   0.93455
   1175.0   0.93497
   1180.0   0.93339
   1185.0   0.93422
   1190.0   0.93411
   1195.0   0.93383
   1200.0   0.93624
   1205.0   0.93718
   1210.0   0.93805
   1215.0   0.93451
   1220.0   0.93575
   1225.0   0.93734
   1230.0   0.93764
   1235.0   0.93676
   1240.0   0.93698
   1245.0   0.93717
   1250.0   0.93626
   1255.0   0.93610
   1260.0   0.93581
   1265.0   0.93598
   1270.0   0.93630
   1275.0   0.93389
   1280.0   0.93565
   1285.0   0.93416
   1290.0   0.93466
   1295.0   0.93418
   1300.0   0.93386
   1305.0   0.93341
   1310.0   0.93462
   1315.0   0.93460
   1320.0   0.93307
   1325.0   0.93379
   1330.0   0.93394
   1335.0   0.93174
   1340.0   0.93211
   1345.0   0.93178
   1350.0   0.93167
   1355.0   0.93090
   1360.0   0.93034
   1365.0   0.92931
   1370.0   0.92900
   1375.0   0.92760
   1380.0   0.92902
   1385.0   0.92690
   1390.0   0.92723
   1395.0   0.92413
   1400.0   0.92181
   1405.0   0.91900
   1410.0   0.91714
   1415.0   0.91334
   1420.0   0.91198
   1425.0   0.91137
   1430.0   0.90995
   1435.0   0.90900
   1440.0   0.90910
   1445.0   0.90821
   1450.0   0.90844
   1455.0   0.90638
   1460.0   0.90679
   1465.0   0.90758
   1470.0   0.90766
   1475.0   0.90811
   1480.0   0.90918
   1485.0   0.90842
   1490.0   0.90912
   1495.0   0.90903
   1500.0   0.91078
   1505.0   0.91038
   1510.0   0.91045
   1515.0   0.91130
   1520.0   0.91157
   1525.0   0.91170
   1530.0   0.91110
   1535.0   0.91084
   1540.0   0.91217
   1545.0   0.91079
   1550.0   0.91126
   1555.0   0.91127
   1560.0   0.91124
   1565.0   0.91121
   1570.0   0.91370
   1575.0   0.91339
   1580.0   0.91500
   1585.0   0.91527
   1590.0   0.91568
   1595.0   0.91546
   1600.0   0.91541
   1605.0   0.91683
   1610.0   0.91713
   1615.0   0.91614
   1620.0   0.91743
   1625.0   0.91626
   1630.0   0.91729
   1635.0   0.91751
   1640.0   0.91716
   1645.0   0.91478
   1650.0   0.91307
   1655.0   0.91382
   1660.0   0.91619
   1665.0   0.91545
   1670.0   0.91557
   1675.0   0.91450
   1680.0   0.91545
   1685.0   0.91445
   1690.0   0.91381
   1695.0   0.91344
   1700.0   0.91250
   1705.0   0.91156
   1710.0   0.91140
   1715.0   0.90971
   1720.0   0.90994
   1725.0   0.90837
   1730.0   0.90578
   1735.0   0.90665
   1740.0   0.90655
   1745.0   0.90785
   1750.0   0.90498
   1755.0   0.90472
   1760.0   0.90544
   1765.0   0.90412
   1770.0   0.90549
   1775.0   0.90672
   1780.0   0.90768
   1785.0   0.90770
   1790.0   0.90620
   1795.0   0.90689
   1800.0   0.90693
   1805.0   0.90522
   1810.0   0.90419
   1815.0   0.90342
   1820.0   0.90209
   1825.0   0.89982
   1830.0   0.89808
   1835.0   0.89582
   1840.0   0.89308
   1845.0   0.88961
   1850.0   0.88863
   1855.0   0.88736
   1860.0   0.88406
   1865.0   0.87839
   1870.0   0.87220
   1875.0   0.86206
   1880.0   0.86009
   1885.0   0.86516
   1890.0   0.86882
   1895.0   0.86896
   1900.0   0.86271
   1905.0   0.85449
   1910.0   0.84619
   1915.0   0.84193
   1920.0   0.83856
   1925.0   0.83511
   1930.0   0.83264
   1935.0   0.83196
   1940.0   0.83351
   1945.0   0.83373
   1950.0   0.83321
   1955.0   0.83314
   1960.0   0.83292
   1965.0   0.83233
   1970.0   0.83422
   1975.0   0.83311
   1980.0   0.83300
   1985.0   0.83187
   1990.0   0.83139
   1995.0   0.82681
   2000.0   0.82547
   2005.0   0.82951
   2010.0   0.83501
   2015.0   0.84080
   2020.0   0.84307
   2025.0   0.84419
   2030.0   0.84517
   2035.0   0.84798
   2040.0   0.85123
   2045.0   0.85088
   2050.0   0.85174
   2055.0   0.85266
   2060.0   0.85392
   2065.0   0.85257
   2070.0   0.85184
   2075.0   0.85138
   2080.0   0.85142
   2085.0   0.84946
   2090.0   0.85000
   2095.0   0.85275
   2100.0   0.85217
   2105.0   0.84969
   2110.0   0.84909
   2115.0   0.85189
   2120.0   0.84960
   2125.0   0.84930
   2130.0   0.84944
   2135.0   0.84824
   2140.0   0.84616
   2145.0   0.84204
   2150.0   0.83894
   2155.0   0.83617
   2160.0   0.83695
   2165.0   0.83514
   2170.0   0.83802
   2175.0   0.84134
   2180.0   0.84486
   2185.0   0.84762
   2190.0   0.84634
   2195.0   0.84413
   2200.0   0.84405
   2205.0   0.84511
   2210.0   0.84479
   2215.0   0.84290
   2220.0   0.84021
   2225.0   0.83871
   2230.0   0.83422
   2235.0   0.82822
   2240.0   0.82658
   2245.0   0.82326
   2250.0   0.81901
   2255.0   0.81263
   2260.0   0.80670
   2265.0   0.79821
   2270.0   0.79022
   2275.0   0.78044
   2280.0   0.76811
   2285.0   0.75722
   2290.0   0.74311
   2295.0   0.73469
   2300.0   0.72834
   2305.0   0.72487
   2310.0   0.72255
   2315.0   0.71688
   2320.0   0.70725
   2325.0   0.69760
   2330.0   0.68484
   2335.0   0.66948
   2340.0   0.66115
   2345.0   0.66243
   2350.0   0.67501
   2355.0   0.69926
   2360.0   0.72932
   2365.0   0.76214
   2370.0   0.79077
   2375.0   0.80624
   2380.0   0.81456
   2385.0   0.81942
   2390.0   0.82227
   2395.0   0.81986
   2400.0   0.81730
   2405.0   0.81612
   2410.0   0.81366
   2415.0   0.81046
   2420.0   0.80751
   2425.0   0.80069
   2430.0   0.79196
   2435.0   0.78239
   2440.0   0.77296
   2445.0   0.76815
   2450.0   0.75880
   2455.0   0.74676
   2460.0   0.73524
   2465.0   0.72121
   2470.0   0.70352
   2475.0   0.68269
   2480.0   0.66679
   2485.0   0.65073
   2490.0   0.64222
   2495.0   0.63648
   2500.0   0.62978
   2505.0   0.62706
   2510.0   0.62345
   2515.0   0.61825
   2520.0   0.60962
   2525.0   0.59147
   2530.0   0.57021
   2535.0   0.54909
   2540.0   0.54526
   2545.0   0.56496
   2550.0   0.60216
   2555.0   0.65178
   2560.0   0.68659
   2565.0   0.72027
   2570.0   0.74141
   2575.0   0.75291
   2580.0   0.76112
   2585.0   0.76480
   2590.0   0.77218
   2595.0   0.78079
   2600.0   0.78347
   2605.0   0.78805
   2610.0   0.78447
   2615.0   0.78894
   2620.0   0.78642
   2625.0   0.79010
   2630.0   0.78963
   2635.0   0.78189
   2640.0   0.78542
   2645.0   0.78695
   2650.0   0.78607
   2655.0   0.78461
   2660.0   0.78319
   2665.0   0.78187
   2670.0   0.76551
   2675.0   0.76165
   2680.0   0.75363
   2685.0   0.74757
   2690.0   0.74333
   2695.0   0.73626
   2700.0   0.71604
   2705.0   0.70790
   2710.0   0.69319
   2715.0   0.66234
   2720.0   0.65918
   2725.0   0.62497
   2730.0   0.59993
   2735.0   0.59599
   2740.0   0.57315
   2745.0   0.54366
   2750.0   0.52670
   2755.0   0.50055
   2760.0   0.47916
   2765.0   0.47169
   2770.0   0.44297
   2775.0   0.41477
   2780.0   0.38802
   2785.0   0.38865
   2790.0   0.35932
   2795.0   0.35296
   2800.0   0.35938
   2805.0   0.37881
   2810.0   0.35592
   2815.0   0.35738
   2820.0   0.35769
   2825.0   0.34999
   2830.0   0.34957
   2835.0   0.34435
   2840.0   0.34177
   2845.0   0.33440
   2850.0   0.34004
   2855.0   0.33010
   2860.0   0.32637
   2865.0   0.32318
   2870.0   0.32168
   2875.0   0.31953
   2880.0   0.31468
   2885.0   0.31445
   2890.0   0.30982
   2895.0   0.30257
   2900.0   0.30147
   2905.0   0.30537
   2910.0   0.30482
   2915.0   0.30608
   2920.0   0.29570
   2925.0   0.29520
   2930.0   0.29050
   2935.0   0.29638
   2940.0   0.29486
   2945.0   0.29153
   2950.0   0.29174
   2955.0   0.29044
   2960.0   0.29163
   2965.0   0.29123
   2970.0   0.28813
   2975.0   0.28523
   2980.0   0.28773
   2985.0   0.28531
   2990.0   0.28915
   2995.0   0.29151
   3000.0   0.29101
   3005.0   0.29319
   3010.0   0.29005
   3015.0   0.29876
   3020.0   0.29364
   3025.0   0.29203
   3030.0   0.29822
   3035.0   0.29172
   3040.0   0.29141
   3045.0   0.28874
   3050.0   0.29220
   3055.0   0.29459
   3060.0   0.29297
   3065.0   0.29393
   3070.0   0.29546
   3075.0   0.29467
   3080.0   0.29599
   3085.0   0.29175
   3090.0   0.29843
   3095.0   0.29191
   3100.0   0.29363
   3105.0   0.29039
   3110.0   0.28782
   3115.0   0.29049
   3120.0   0.29490
   3125.0   0.30164
   3130.0   0.30697
   3135.0   0.30934
   3140.0   0.30870
   3145.0   0.30909
   3150.0   0.30627
   3155.0   0.30862
   3160.0   0.31414
   3165.0   0.31813
   3170.0   0.32779
   3175.0   0.33341
   3180.0   0.33713
   3185.0   0.33422
   3190.0   0.33635
   3195.0   0.33663
   3200.0   0.34157
   3205.0   0.33286
   3210.0   0.34061
   3215.0   0.34219
   3220.0   0.34105
   3225.0   0.33433
   3230.0   0.33798
   3235.0   0.33302
   3240.0   0.33493
   3245.0   0.34119
   3250.0   0.33508
   3255.0   0.33228
   3260.0   0.33182
   3265.0   0.33218
   3270.0   0.32789
   3275.0   0.32529
   3280.0   0.31743
   3285.0   0.32416
   3290.0   0.32104
   3295.0   0.31653
   3300.0   0.30674
   3305.0   0.30352
   3310.0   0.29511
   3315.0   0.28667
   3320.0   0.28623
   3325.0   0.26693
   3330.0   0.25159
   3335.0   0.21786
   3340.0   0.17015
   3345.0   0.11958
   3350.0   0.08758
   3355.0   0.08891
   3360.0   0.09374
   3365.0   0.10737
   3370.0   0.11575
   3375.0   0.11859
   3380.0   0.11812
   3385.0   0.12490
   3390.0   0.12444
   3395.0   0.13086
   3400.0   0.13527



 C1SG48      .ASC                        

 SG-SJG-048                                                              
 1517 REAGENT GRADE CALCIUM CARBONATE                                    
 RATIOS ADJUSTED USING NBS HALON CALIBRATION TABLE                       

 Source Ang: 30.00   Detect Ang:  0.00  Volt: 0.777
 Date: 26-APR-88   Time: 14:02:24
