   615
    330.0   0.89089
    335.0   0.90354
    340.0   0.90361
    345.0   0.90803
    350.0   0.90960
    355.0   0.91122
    360.0   0.91601
    365.0   0.91680
    370.0   0.91857
    375.0   0.92275
    380.0   0.92595
    385.0   0.92658
    390.0   0.92918
    395.0   0.92708
    400.0   0.93340
    405.0   0.93191
    410.0   0.93387
    415.0   0.93440
    420.0   0.93369
    425.0   0.93540
    430.0   0.93820
    435.0   0.93600
    440.0   0.93853
    445.0   0.93913
    450.0   0.93902
    455.0   0.94123
    460.0   0.94052
    465.0   0.94249
    470.0   0.94445
    475.0   0.94443
    480.0   0.94474
    485.0   0.94574
    490.0   0.94833
    495.0   0.94742
    500.0   0.94804
    505.0   0.94891
    510.0   0.94986
    515.0   0.95160
    520.0   0.95214
    525.0   0.95280
    530.0   0.95254
    535.0   0.95583
    540.0   0.95388
    545.0   0.95644
    550.0   0.95640
    555.0   0.95835
    560.0   0.95700
    565.0   0.95675
    570.0   0.95763
    575.0   0.95736
    580.0   0.95992
    585.0   0.95868
    590.0   0.95911
    595.0   0.95854
    600.0   0.95845
    605.0   0.95801
    610.0   0.95779
    615.0   0.95830
    620.0   0.95837
    625.0   0.95613
    630.0   0.95665
    635.0   0.95733
    640.0   0.95804
    645.0   0.95731
    650.0   0.95839
    655.0   0.95776
    660.0   0.95656
    665.0   0.95746
    670.0   0.95826
    675.0   0.95590
    680.0   0.95561
    685.0   0.95575
    690.0   0.95566
    695.0   0.95705
    700.0   0.95584
    705.0   0.95594
    710.0   0.95716
    715.0   0.95590
    720.0   0.95603
    725.0   0.95824
    730.0   0.95694
    735.0   0.95821
    740.0   0.95895
    745.0   0.95551
    750.0   0.95489
    755.0   0.95500
    760.0   0.95699
    765.0   0.95572
    770.0   0.95726
    775.0   0.95734
    780.0   0.95787
    785.0   0.95631
    790.0   0.95641
    795.0   0.95658
    800.0   0.95849
    805.0   0.95659
    810.0   0.95651
    815.0   0.95641
    820.0   0.95778
    825.0   0.95794
    830.0   0.95904
    835.0   0.95828
    840.0   0.95788
    845.0   0.95760
    850.0   0.95831
    855.0   0.95868
    860.0   0.95633
    865.0   0.95761
    870.0   0.95781
    875.0   0.95858
    880.0   0.95602
    885.0   0.95625
    890.0   0.95805
    895.0   0.95510
    900.0   0.95572
    905.0   0.95591
    910.0   0.95626
    915.0   0.95700
    920.0   0.95636
    925.0   0.95707
    930.0   0.95573
    935.0   0.95599
    940.0   0.95594
    945.0   0.95730
    950.0   0.95708
    955.0   0.95691
    960.0   0.95639
    965.0   0.95704
    970.0   0.95621
    975.0   0.95621
    980.0   0.95504
    985.0   0.95658
    990.0   0.95684
    995.0   0.95621
   1000.0   0.95602
   1005.0   0.95530
   1010.0   0.95502
   1015.0   0.95602
   1020.0   0.95566
   1025.0   0.95593
   1030.0   0.95551
   1035.0   0.95664
   1040.0   0.95546
   1045.0   0.95329
   1050.0   0.95268
   1055.0   0.95536
   1060.0   0.95635
   1065.0   0.95546
   1070.0   0.95636
   1075.0   0.95659
   1080.0   0.95512
   1085.0   0.95600
   1090.0   0.95588
   1095.0   0.95641
   1100.0   0.95546
   1105.0   0.95400
   1110.0   0.95458
   1115.0   0.95529
   1120.0   0.95333
   1125.0   0.95378
   1130.0   0.95410
   1135.0   0.95510
   1140.0   0.95352
   1145.0   0.95229
   1150.0   0.95202
   1155.0   0.95568
   1160.0   0.95210
   1165.0   0.95468
   1170.0   0.95295
   1175.0   0.95214
   1180.0   0.95213
   1185.0   0.95084
   1190.0   0.95079
   1195.0   0.95296
   1200.0   0.95313
   1205.0   0.95552
   1210.0   0.95694
   1215.0   0.95356
   1220.0   0.95276
   1225.0   0.95372
   1230.0   0.95515
   1235.0   0.95480
   1240.0   0.95434
   1245.0   0.95465
   1250.0   0.95450
   1255.0   0.95572
   1260.0   0.95481
   1265.0   0.95453
   1270.0   0.95365
   1275.0   0.95368
   1280.0   0.95479
   1285.0   0.95403
   1290.0   0.95357
   1295.0   0.95198
   1300.0   0.95275
   1305.0   0.95198
   1310.0   0.95286
   1315.0   0.95157
   1320.0   0.95198
   1325.0   0.95075
   1330.0   0.94981
   1335.0   0.95009
   1340.0   0.95038
   1345.0   0.94947
   1350.0   0.94782
   1355.0   0.94553
   1360.0   0.94577
   1365.0   0.94528
   1370.0   0.94401
   1375.0   0.94302
   1380.0   0.94077
   1385.0   0.93787
   1390.0   0.93848
   1395.0   0.93706
   1400.0   0.93378
   1405.0   0.93090
   1410.0   0.92978
   1415.0   0.92701
   1420.0   0.92681
   1425.0   0.92626
   1430.0   0.92754
   1435.0   0.92825
   1440.0   0.92870
   1445.0   0.92729
   1450.0   0.92789
   1455.0   0.92701
   1460.0   0.92689
   1465.0   0.92676
   1470.0   0.92758
   1475.0   0.92821
   1480.0   0.92809
   1485.0   0.92713
   1490.0   0.92664
   1495.0   0.92731
   1500.0   0.92778
   1505.0   0.92806
   1510.0   0.92936
   1515.0   0.92909
   1520.0   0.93070
   1525.0   0.92952
   1530.0   0.92982
   1535.0   0.92913
   1540.0   0.92987
   1545.0   0.93059
   1550.0   0.93246
   1555.0   0.93314
   1560.0   0.93192
   1565.0   0.93113
   1570.0   0.93154
   1575.0   0.93063
   1580.0   0.93022
   1585.0   0.92896
   1590.0   0.92916
   1595.0   0.92822
   1600.0   0.93069
   1605.0   0.93065
   1610.0   0.93230
   1615.0   0.93457
   1620.0   0.93440
   1625.0   0.93167
   1630.0   0.93034
   1635.0   0.93023
   1640.0   0.92846
   1645.0   0.93043
   1650.0   0.93144
   1655.0   0.92881
   1660.0   0.92777
   1665.0   0.92804
   1670.0   0.92887
   1675.0   0.92886
   1680.0   0.92833
   1685.0   0.92696
   1690.0   0.92566
   1695.0   0.92686
   1700.0   0.92606
   1705.0   0.92537
   1710.0   0.92552
   1715.0   0.92349
   1720.0   0.92172
   1725.0   0.92155
   1730.0   0.92344
   1735.0   0.92217
   1740.0   0.92329
   1745.0   0.92266
   1750.0   0.92126
   1755.0   0.91986
   1760.0   0.91924
   1765.0   0.91824
   1770.0   0.91887
   1775.0   0.91708
   1780.0   0.91758
   1785.0   0.92012
   1790.0   0.92077
   1795.0   0.91728
   1800.0   0.91339
   1805.0   0.91361
   1810.0   0.91507
   1815.0   0.91604
   1820.0   0.91580
   1825.0   0.91526
   1830.0   0.91507
   1835.0   0.91190
   1840.0   0.90939
   1845.0   0.90839
   1850.0   0.90786
   1855.0   0.90676
   1860.0   0.90662
   1865.0   0.90158
   1870.0   0.89720
   1875.0   0.89261
   1880.0   0.88847
   1885.0   0.88536
   1890.0   0.88204
   1895.0   0.87761
   1900.0   0.87296
   1905.0   0.87021
   1910.0   0.86515
   1915.0   0.85964
   1920.0   0.85702
   1925.0   0.85792
   1930.0   0.85916
   1935.0   0.85770
   1940.0   0.85927
   1945.0   0.85942
   1950.0   0.85885
   1955.0   0.85842
   1960.0   0.85837
   1965.0   0.86029
   1970.0   0.86258
   1975.0   0.86290
   1980.0   0.86400
   1985.0   0.86474
   1990.0   0.86543
   1995.0   0.86390
   2000.0   0.86476
   2005.0   0.86611
   2010.0   0.86775
   2015.0   0.86825
   2020.0   0.86669
   2025.0   0.86755
   2030.0   0.86771
   2035.0   0.86815
   2040.0   0.86954
   2045.0   0.86551
   2050.0   0.86734
   2055.0   0.87174
   2060.0   0.87522
   2065.0   0.87596
   2070.0   0.87781
   2075.0   0.88086
   2080.0   0.88035
   2085.0   0.87913
   2090.0   0.87995
   2095.0   0.87927
   2100.0   0.88008
   2105.0   0.88107
   2110.0   0.87929
   2115.0   0.88168
   2120.0   0.88382
   2125.0   0.88401
   2130.0   0.88548
   2135.0   0.88432
   2140.0   0.88421
   2145.0   0.88260
   2150.0   0.88071
   2155.0   0.87989
   2160.0   0.87939
   2165.0   0.87802
   2170.0   0.87786
   2175.0   0.87838
   2180.0   0.87996
   2185.0   0.88147
   2190.0   0.88000
   2195.0   0.87839
   2200.0   0.87498
   2205.0   0.86839
   2210.0   0.86733
   2215.0   0.86749
   2220.0   0.87292
   2225.0   0.87467
   2230.0   0.87267
   2235.0   0.87302
   2240.0   0.87217
   2245.0   0.87267
   2250.0   0.86981
   2255.0   0.86776
   2260.0   0.86898
   2265.0   0.86699
   2270.0   0.86647
   2275.0   0.86242
   2280.0   0.86371
   2285.0   0.86156
   2290.0   0.85707
   2295.0   0.85613
   2300.0   0.85422
   2305.0   0.85452
   2310.0   0.84963
   2315.0   0.84655
   2320.0   0.84196
   2325.0   0.83794
   2330.0   0.83426
   2335.0   0.83130
   2340.0   0.82910
   2345.0   0.82729
   2350.0   0.82505
   2355.0   0.82162
   2360.0   0.81990
   2365.0   0.81727
   2370.0   0.81558
   2375.0   0.80705
   2380.0   0.79496
   2385.0   0.77806
   2390.0   0.76521
   2395.0   0.77018
   2400.0   0.78510
   2405.0   0.80033
   2410.0   0.81150
   2415.0   0.82128
   2420.0   0.82781
   2425.0   0.82804
   2430.0   0.82807
   2435.0   0.82656
   2440.0   0.82585
   2445.0   0.82425
   2450.0   0.82259
   2455.0   0.82055
   2460.0   0.81703
   2465.0   0.81491
   2470.0   0.81593
   2475.0   0.81551
   2480.0   0.81512
   2485.0   0.81406
   2490.0   0.81285
   2495.0   0.81146
   2500.0   0.80996
   2505.0   0.80555
   2510.0   0.80070
   2515.0   0.79624
   2520.0   0.78894
   2525.0   0.78228
   2530.0   0.77603
   2535.0   0.77196
   2540.0   0.76991
   2545.0   0.76821
   2550.0   0.76822
   2555.0   0.76667
   2560.0   0.76491
   2565.0   0.75875
   2570.0   0.75162
   2575.0   0.73951
   2580.0   0.72744
   2585.0   0.71138
   2590.0   0.69589
   2595.0   0.68221
   2600.0   0.67405
   2605.0   0.68652
   2610.0   0.73156
   2615.0   0.75268
   2620.0   0.77155
   2625.0   0.77713
   2630.0   0.77619
   2635.0   0.78208
   2640.0   0.77725
   2645.0   0.77580
   2650.0   0.77408
   2655.0   0.76633
   2660.0   0.76091
   2665.0   0.75704
   2670.0   0.75152
   2675.0   0.74931
   2680.0   0.73891
   2685.0   0.73133
   2690.0   0.71644
   2695.0   0.69263
   2700.0   0.66496
   2705.0   0.65051
   2710.0   0.64457
   2715.0   0.64062
   2720.0   0.63348
   2725.0   0.62100
   2730.0   0.60515
   2735.0   0.59573
   2740.0   0.57246
   2745.0   0.53404
   2750.0   0.53336
   2755.0   0.49674
   2760.0   0.48491
   2765.0   0.46247
   2770.0   0.43241
   2775.0   0.42393
   2780.0   0.39525
   2785.0   0.39888
   2790.0   0.39432
   2795.0   0.37431
   2800.0   0.37168
   2805.0   0.37176
   2810.0   0.37853
   2815.0   0.36204
   2820.0   0.34933
   2825.0   0.35962
   2830.0   0.34152
   2835.0   0.33595
   2840.0   0.32501
   2845.0   0.31825
   2850.0   0.31518
   2855.0   0.31096
   2860.0   0.30333
   2865.0   0.30092
   2870.0   0.29859
   2875.0   0.30075
   2880.0   0.30498
   2885.0   0.29457
   2890.0   0.30059
   2895.0   0.28783
   2900.0   0.29398
   2905.0   0.29599
   2910.0   0.29374
   2915.0   0.28386
   2920.0   0.27877
   2925.0   0.28289
   2930.0   0.27957
   2935.0   0.27509
   2940.0   0.27990
   2945.0   0.28046
   2950.0   0.27612
   2955.0   0.27606
   2960.0   0.27652
   2965.0   0.27855
   2970.0   0.27492
   2975.0   0.27843
   2980.0   0.27235
   2985.0   0.26868
   2990.0   0.27321
   2995.0   0.27094
   3000.0   0.27457
   3005.0   0.27890
   3010.0   0.28033
   3015.0   0.27447
   3020.0   0.27622
   3025.0   0.28074
   3030.0   0.28182
   3035.0   0.28131
   3040.0   0.27507
   3045.0   0.27780
   3050.0   0.28086
   3055.0   0.27642
   3060.0   0.28090
   3065.0   0.28585
   3070.0   0.27824
   3075.0   0.27842
   3080.0   0.28170
   3085.0   0.28360
   3090.0   0.28681
   3095.0   0.27594
   3100.0   0.28068
   3105.0   0.28700
   3110.0   0.28127
   3115.0   0.28726
   3120.0   0.28320
   3125.0   0.28536
   3130.0   0.28779
   3135.0   0.28803
   3140.0   0.28790
   3145.0   0.29704
   3150.0   0.29090
   3155.0   0.29141
   3160.0   0.28905
   3165.0   0.28577
   3170.0   0.29472
   3175.0   0.29228
   3180.0   0.28846
   3185.0   0.28130
   3190.0   0.28566
   3195.0   0.29359
   3200.0   0.29502
   3205.0   0.29747
   3210.0   0.29510
   3215.0   0.29561
   3220.0   0.30007
   3225.0   0.30350
   3230.0   0.30064
   3235.0   0.30958
   3240.0   0.30350
   3245.0   0.30391
   3250.0   0.30804
   3255.0   0.30718
   3260.0   0.31388
   3265.0   0.31134
   3270.0   0.30678
   3275.0   0.31184
   3280.0   0.31480
   3285.0   0.31357
   3290.0   0.31165
   3295.0   0.31638
   3300.0   0.31376
   3305.0   0.30554
   3310.0   0.32032
   3315.0   0.31330
   3320.0   0.31119
   3325.0   0.30950
   3330.0   0.31240
   3335.0   0.31574
   3340.0   0.32191
   3345.0   0.30977
   3350.0   0.31255
   3355.0   0.30792
   3360.0   0.30841
   3365.0   0.31408
   3370.0   0.32516
   3375.0   0.32257
   3380.0   0.30539
   3385.0   0.32282
   3390.0   0.31410
   3395.0   0.30353
   3400.0   0.31385



 C1SG53      .ASC                        

 SG-SJG-053                                                              
 13501 BaCO3                                                             
 RATIOS ADJUSTED USING NBS HALON CALIBRATION TABLE                       

 Source Ang: 30.00   Detect Ang:  0.00  Volt: 0.777
 Date: 27-APR-88   Time: 11:22:47
