   661
    300.0   0.13464
    305.0   0.12814
    310.0   0.12449
    315.0   0.11889
    320.0   0.11835
    325.0   0.11721
    330.0   0.11722
    335.0   0.11761
    340.0   0.11795
    345.0   0.11968
    350.0   0.12147
    355.0   0.12340
    360.0   0.12497
    365.0   0.12673
    370.0   0.12790
    375.0   0.12950
    380.0   0.13137
    385.0   0.13237
    390.0   0.13438
    395.0   0.13678
    400.0   0.13879
    405.0   0.14181
    410.0   0.14599
    415.0   0.14935
    420.0   0.15441
    425.0   0.15983
    430.0   0.16617
    435.0   0.17323
    440.0   0.18129
    445.0   0.19062
    450.0   0.20031
    455.0   0.21050
    460.0   0.21941
    465.0   0.22772
    470.0   0.23618
    475.0   0.24411
    480.0   0.25192
    485.0   0.25970
    490.0   0.26728
    495.0   0.27422
    500.0   0.28090
    505.0   0.28731
    510.0   0.29205
    515.0   0.29664
    520.0   0.30128
    525.0   0.30491
    530.0   0.30908
    535.0   0.31193
    540.0   0.31556
    545.0   0.31929
    550.0   0.32240
    555.0   0.32554
    560.0   0.32867
    565.0   0.33175
    570.0   0.33324
    575.0   0.33523
    580.0   0.33748
    585.0   0.33987
    590.0   0.34153
    595.0   0.34541
    600.0   0.34700
    605.0   0.35076
    610.0   0.35195
    615.0   0.35416
    620.0   0.35545
    625.0   0.35727
    630.0   0.35801
    635.0   0.35593
    640.0   0.35250
    645.0   0.34688
    650.0   0.34238
    655.0   0.33885
    660.0   0.33648
    665.0   0.33322
    670.0   0.33480
    675.0   0.34159
    680.0   0.35520
    685.0   0.37673
    690.0   0.40271
    695.0   0.42598
    700.0   0.44504
    705.0   0.46063
    710.0   0.47603
    715.0   0.48819
    720.0   0.49959
    725.0   0.51005
    730.0   0.51997
    735.0   0.52819
    740.0   0.53701
    745.0   0.54410
    750.0   0.54908
    755.0   0.55637
    760.0   0.56217
    765.0   0.56986
    770.0   0.57616
    775.0   0.58180
    780.0   0.58824
    785.0   0.59390
    790.0   0.60002
    795.0   0.60504
    800.0   0.61038
    805.0   0.61610
    810.0   0.62224
    815.0   0.62632
    820.0   0.63319
    825.0   0.63839
    830.0   0.64378
    835.0   0.64862
    840.0   0.65326
    845.0   0.65733
    850.0   0.66100
    855.0   0.66727
    860.0   0.67276
    865.0   0.67685
    870.0   0.68049
    875.0   0.68535
    880.0   0.68913
    885.0   0.69422
    890.0   0.69849
    895.0   0.70199
    900.0   0.70680
    905.0   0.70974
    910.0   0.71566
    915.0   0.72082
    920.0   0.72357
    925.0   0.72860
    930.0   0.73234
    935.0   0.73676
    940.0   0.74093
    945.0   0.74332
    950.0   0.74525
    955.0   0.75019
    960.0   0.75330
    965.0   0.75571
    970.0   0.76078
    975.0   0.76384
    980.0   0.76404
    985.0   0.77100
    990.0   0.77324
    995.0   0.77483
   1000.0   0.77666
   1005.0   0.78018
   1010.0   0.78416
   1015.0   0.78661
   1020.0   0.78894
   1025.0   0.79194
   1030.0   0.79409
   1035.0   0.79686
   1040.0   0.79954
   1045.0   0.80091
   1050.0   0.80552
   1055.0   0.80699
   1060.0   0.80972
   1065.0   0.81055
   1070.0   0.81416
   1075.0   0.81788
   1080.0   0.81998
   1085.0   0.82327
   1090.0   0.82273
   1095.0   0.82569
   1100.0   0.82769
   1105.0   0.82939
   1110.0   0.83080
   1115.0   0.83315
   1120.0   0.83415
   1125.0   0.83553
   1130.0   0.83492
   1135.0   0.83565
   1140.0   0.83703
   1145.0   0.83601
   1150.0   0.83563
   1155.0   0.83467
   1160.0   0.83649
   1165.0   0.83177
   1170.0   0.83296
   1175.0   0.83286
   1180.0   0.83360
   1185.0   0.83315
   1190.0   0.83288
   1195.0   0.83347
   1200.0   0.83194
   1205.0   0.83385
   1210.0   0.83472
   1215.0   0.83590
   1220.0   0.83594
   1225.0   0.83883
   1230.0   0.84185
   1235.0   0.84359
   1240.0   0.84448
   1245.0   0.84449
   1250.0   0.84715
   1255.0   0.84837
   1260.0   0.84795
   1265.0   0.84880
   1270.0   0.85026
   1275.0   0.84925
   1280.0   0.84960
   1285.0   0.85028
   1290.0   0.85276
   1295.0   0.85248
   1300.0   0.85221
   1305.0   0.85225
   1310.0   0.85286
   1315.0   0.85473
   1320.0   0.85323
   1325.0   0.85150
   1330.0   0.85016
   1335.0   0.85024
   1340.0   0.84972
   1345.0   0.84929
   1350.0   0.84424
   1355.0   0.84253
   1360.0   0.84010
   1365.0   0.84010
   1370.0   0.83672
   1375.0   0.83509
   1380.0   0.83117
   1385.0   0.83102
   1390.0   0.82470
   1395.0   0.81849
   1400.0   0.81336
   1405.0   0.80562
   1410.0   0.79675
   1415.0   0.78715
   1420.0   0.77965
   1425.0   0.77014
   1430.0   0.76632
   1435.0   0.75928
   1440.0   0.75579
   1445.0   0.75249
   1450.0   0.75132
   1455.0   0.75149
   1460.0   0.74923
   1465.0   0.74771
   1470.0   0.74773
   1475.0   0.74996
   1480.0   0.74936
   1485.0   0.75045
   1490.0   0.75073
   1495.0   0.75428
   1500.0   0.75526
   1505.0   0.75775
   1510.0   0.76075
   1515.0   0.76175
   1520.0   0.76161
   1525.0   0.76459
   1530.0   0.76679
   1535.0   0.76792
   1540.0   0.77067
   1545.0   0.77166
   1550.0   0.77238
   1555.0   0.77250
   1560.0   0.77455
   1565.0   0.77407
   1570.0   0.77512
   1575.0   0.77563
   1580.0   0.77592
   1585.0   0.77755
   1590.0   0.77848
   1595.0   0.78069
   1600.0   0.78147
   1605.0   0.78478
   1610.0   0.78506
   1615.0   0.78614
   1620.0   0.78631
   1625.0   0.78643
   1630.0   0.78592
   1635.0   0.78683
   1640.0   0.78884
   1645.0   0.78689
   1650.0   0.78628
   1655.0   0.78905
   1660.0   0.78873
   1665.0   0.78607
   1670.0   0.78245
   1675.0   0.78007
   1680.0   0.77517
   1685.0   0.76698
   1690.0   0.76139
   1695.0   0.75599
   1700.0   0.75376
   1705.0   0.74996
   1710.0   0.74844
   1715.0   0.74789
   1720.0   0.74590
   1725.0   0.74325
   1730.0   0.74523
   1735.0   0.74413
   1740.0   0.74621
   1745.0   0.74935
   1750.0   0.74791
   1755.0   0.74852
   1760.0   0.75145
   1765.0   0.75054
   1770.0   0.75308
   1775.0   0.75409
   1780.0   0.75554
   1785.0   0.75398
   1790.0   0.75763
   1795.0   0.75892
   1800.0   0.75724
   1805.0   0.75731
   1810.0   0.76098
   1815.0   0.76243
   1820.0   0.76416
   1825.0   0.76321
   1830.0   0.76226
   1835.0   0.76374
   1840.0   0.76319
   1845.0   0.76553
   1850.0   0.76578
   1855.0   0.76429
   1860.0   0.76166
   1865.0   0.76137
   1870.0   0.75428
   1875.0   0.75498
   1880.0   0.74630
   1885.0   0.73633
   1890.0   0.71833
   1895.0   0.69881
   1900.0   0.67553
   1905.0   0.65092
   1910.0   0.62508
   1915.0   0.60351
   1920.0   0.59033
   1925.0   0.58261
   1930.0   0.57754
   1935.0   0.57532
   1940.0   0.57863
   1945.0   0.58331
   1950.0   0.58662
   1955.0   0.59345
   1960.0   0.59966
   1965.0   0.60245
   1970.0   0.60812
   1975.0   0.61353
   1980.0   0.61664
   1985.0   0.62341
   1990.0   0.62921
   1995.0   0.63333
   2000.0   0.63644
   2005.0   0.64046
   2010.0   0.64320
   2015.0   0.64503
   2020.0   0.64589
   2025.0   0.64222
   2030.0   0.64214
   2035.0   0.63662
   2040.0   0.63205
   2045.0   0.62609
   2050.0   0.62435
   2055.0   0.62102
   2060.0   0.61887
   2065.0   0.61870
   2070.0   0.62188
   2075.0   0.62458
   2080.0   0.62582
   2085.0   0.62580
   2090.0   0.62824
   2095.0   0.62668
   2100.0   0.62738
   2105.0   0.62657
   2110.0   0.62761
   2115.0   0.62573
   2120.0   0.62769
   2125.0   0.62872
   2130.0   0.62722
   2135.0   0.62642
   2140.0   0.62288
   2145.0   0.62050
   2150.0   0.61816
   2155.0   0.61720
   2160.0   0.61507
   2165.0   0.61310
   2170.0   0.61141
   2175.0   0.61360
   2180.0   0.61389
   2185.0   0.61466
   2190.0   0.61532
   2195.0   0.61652
   2200.0   0.61828
   2205.0   0.61918
   2210.0   0.61821
   2215.0   0.61910
   2220.0   0.62145
   2225.0   0.61936
   2230.0   0.61719
   2235.0   0.61240
   2240.0   0.60682
   2245.0   0.59836
   2250.0   0.58754
   2255.0   0.58016
   2260.0   0.57329
   2265.0   0.56922
   2270.0   0.56315
   2275.0   0.55817
   2280.0   0.55312
   2285.0   0.54855
   2290.0   0.54505
   2295.0   0.54050
   2300.0   0.53691
   2305.0   0.53187
   2310.0   0.53187
   2315.0   0.53098
   2320.0   0.53108
   2325.0   0.53393
   2330.0   0.53140
   2335.0   0.53378
   2340.0   0.53357
   2345.0   0.53317
   2350.0   0.53422
   2355.0   0.53837
   2360.0   0.54081
   2365.0   0.54165
   2370.0   0.54249
   2375.0   0.54224
   2380.0   0.54261
   2385.0   0.54270
   2390.0   0.53919
   2395.0   0.53756
   2400.0   0.53472
   2405.0   0.53118
   2410.0   0.52895
   2415.0   0.52854
   2420.0   0.52609
   2425.0   0.52345
   2430.0   0.51872
   2435.0   0.51349
   2440.0   0.50861
   2445.0   0.50207
   2450.0   0.49540
   2455.0   0.48858
   2460.0   0.48221
   2465.0   0.47823
   2470.0   0.47385
   2475.0   0.47047
   2480.0   0.46510
   2485.0   0.46495
   2490.0   0.46289
   2495.0   0.46066
   2500.0   0.45945
   2505.0   0.45839
   2510.0   0.45658
   2515.0   0.45763
   2520.0   0.45844
   2525.0   0.46048
   2530.0   0.46346
   2535.0   0.46428
   2540.0   0.46596
   2545.0   0.46888
   2550.0   0.47050
   2555.0   0.47760
   2560.0   0.47610
   2565.0   0.48117
   2570.0   0.48697
   2575.0   0.48995
   2580.0   0.49066
   2585.0   0.49457
   2590.0   0.49783
   2595.0   0.50040
   2600.0   0.50499
   2605.0   0.50175
   2610.0   0.50429
   2615.0   0.50140
   2620.0   0.50516
   2625.0   0.50204
   2630.0   0.50553
   2635.0   0.50371
   2640.0   0.50197
   2645.0   0.49612
   2650.0   0.48993
   2655.0   0.48227
   2660.0   0.47168
   2665.0   0.46268
   2670.0   0.46005
   2675.0   0.46148
   2680.0   0.45739
   2685.0   0.45080
   2690.0   0.43521
   2695.0   0.42047
   2700.0   0.40205
   2705.0   0.38240
   2710.0   0.35819
   2715.0   0.32917
   2720.0   0.29846
   2725.0   0.26201
   2730.0   0.23446
   2735.0   0.20995
   2740.0   0.17965
   2745.0   0.15599
   2750.0   0.14059
   2755.0   0.12009
   2760.0   0.11214
   2765.0   0.09411
   2770.0   0.08723
   2775.0   0.07921
   2780.0   0.07366
   2785.0   0.06329
   2790.0   0.06022
   2795.0   0.05836
   2800.0   0.05294
   2805.0   0.05496
   2810.0   0.05044
   2815.0   0.04468
   2820.0   0.04138
   2825.0   0.04119
   2830.0   0.03858
   2835.0   0.03721
   2840.0   0.03712
   2845.0   0.03711
   2850.0   0.03254
   2855.0   0.03391
   2860.0   0.03301
   2865.0   0.03397
   2870.0   0.03280
   2875.0   0.03386
   2880.0   0.03303
   2885.0   0.03054
   2890.0   0.03052
   2895.0   0.03028
   2900.0   0.02941
   2905.0   0.03007
   2910.0   0.03048
   2915.0   0.02939
   2920.0   0.02877
   2925.0   0.02859
   2930.0   0.02892
   2935.0   0.02928
   2940.0   0.02903
   2945.0   0.02874
   2950.0   0.02965
   2955.0   0.02862
   2960.0   0.02870
   2965.0   0.02908
   2970.0   0.02979
   2975.0   0.02905
   2980.0   0.02827
   2985.0   0.02845
   2990.0   0.02927
   2995.0   0.02896
   3000.0   0.02790
   3005.0   0.03020
   3010.0   0.03054
   3015.0   0.02937
   3020.0   0.02959
   3025.0   0.03096
   3030.0   0.03037
   3035.0   0.03054
   3040.0   0.03174
   3045.0   0.03189
   3050.0   0.03200
   3055.0   0.03262
   3060.0   0.03230
   3065.0   0.03324
   3070.0   0.03383
   3075.0   0.03375
   3080.0   0.03456
   3085.0   0.03572
   3090.0   0.03516
   3095.0   0.03730
   3100.0   0.03752
   3105.0   0.03780
   3110.0   0.03841
   3115.0   0.03996
   3120.0   0.04101
   3125.0   0.04069
   3130.0   0.04301
   3135.0   0.04393
   3140.0   0.04487
   3145.0   0.04603
   3150.0   0.04704
   3155.0   0.04822
   3160.0   0.04955
   3165.0   0.05010
   3170.0   0.05093
   3175.0   0.05331
   3180.0   0.05445
   3185.0   0.05500
   3190.0   0.05648
   3195.0   0.05837
   3200.0   0.05992
   3205.0   0.05947
   3210.0   0.06096
   3215.0   0.06216
   3220.0   0.06345
   3225.0   0.06315
   3230.0   0.06284
   3235.0   0.06472
   3240.0   0.06561
   3245.0   0.06629
   3250.0   0.06731
   3255.0   0.06733
   3260.0   0.07017
   3265.0   0.06900
   3270.0   0.07174
   3275.0   0.07266
   3280.0   0.07363
   3285.0   0.07524
   3290.0   0.07636
   3295.0   0.07710
   3300.0   0.07761
   3305.0   0.07864
   3310.0   0.07950
   3315.0   0.07974
   3320.0   0.07746
   3325.0   0.07750
   3330.0   0.07722
   3335.0   0.07496
   3340.0   0.07236
   3345.0   0.07046
   3350.0   0.06806
   3355.0   0.06412
   3360.0   0.06323
   3365.0   0.06072
   3370.0   0.05857
   3375.0   0.05876
   3380.0   0.05747
   3385.0   0.05900
   3390.0   0.05682
   3395.0   0.05491
   3400.0   0.05150
   3405.0   0.04955
   3410.0   0.04998
   3415.0   0.04724
   3420.0   0.04893
   3425.0   0.05132
   3430.0   0.05509
   3435.0   0.05818
   3440.0   0.06314
   3445.0   0.06412
   3450.0   0.06749
   3455.0   0.07017
   3460.0   0.07111
   3465.0   0.07725
   3470.0   0.07519
   3475.0   0.07507
   3480.0   0.07938
   3485.0   0.07627
   3490.0   0.07712
   3495.0   0.07737
   3500.0   0.07928
   3505.0   0.08162
   3510.0   0.08875
   3515.0   0.09638
   3520.0   0.10366
   3525.0   0.11407
   3530.0   0.11453
   3535.0   0.12534
   3540.0   0.12492
   3545.0   0.12643
   3550.0   0.12207
   3555.0   0.13180
   3560.0   0.13498
   3565.0   0.13562
   3570.0   0.14200
   3575.0   0.14862
   3580.0   0.14184
   3585.0   0.16138
   3590.0   0.14465
   3595.0   0.15132
   3600.0   0.15857



 C1SG71      .ASC                        

 SG-SJG-071                                                              
 SS-5HL-24  H. OPUNTIA UNBLEACHED PLATES  SAN SALVADOR                   
 RATIOS ADJUSTED USING NBS HALON CALIBRATION TABLE                       

 Source Ang: 30.00   Detect Ang:  0.00  Volt: 0.222
 Date: 11-DEC-88   Time: 15:34:13
