   661
    300.0   0.12095
    305.0   0.11584
    310.0   0.11671
    315.0   0.11577
    320.0   0.11514
    325.0   0.11552
    330.0   0.11455
    335.0   0.11419
    340.0   0.11469
    345.0   0.11640
    350.0   0.11881
    355.0   0.12173
    360.0   0.12373
    365.0   0.12499
    370.0   0.12699
    375.0   0.12846
    380.0   0.12970
    385.0   0.13058
    390.0   0.13113
    395.0   0.13197
    400.0   0.13205
    405.0   0.13039
    410.0   0.12809
    415.0   0.12621
    420.0   0.12519
    425.0   0.12445
    430.0   0.12411
    435.0   0.12356
    440.0   0.12393
    445.0   0.12797
    450.0   0.13329
    455.0   0.13653
    460.0   0.13840
    465.0   0.13918
    470.0   0.14234
    475.0   0.14975
    480.0   0.16075
    485.0   0.17485
    490.0   0.19055
    495.0   0.20575
    500.0   0.21991
    505.0   0.23112
    510.0   0.24150
    515.0   0.24994
    520.0   0.25767
    525.0   0.26293
    530.0   0.26616
    535.0   0.26830
    540.0   0.26967
    545.0   0.27178
    550.0   0.27447
    555.0   0.27766
    560.0   0.27824
    565.0   0.27806
    570.0   0.27524
    575.0   0.27230
    580.0   0.26849
    585.0   0.26714
    590.0   0.26531
    595.0   0.26351
    600.0   0.26221
    605.0   0.25873
    610.0   0.25509
    615.0   0.25202
    620.0   0.25014
    625.0   0.24879
    630.0   0.24700
    635.0   0.24358
    640.0   0.23563
    645.0   0.22285
    650.0   0.20731
    655.0   0.19518
    660.0   0.18381
    665.0   0.17452
    670.0   0.17096
    675.0   0.17701
    680.0   0.19639
    685.0   0.23050
    690.0   0.27513
    695.0   0.31963
    700.0   0.35566
    705.0   0.38602
    710.0   0.41305
    715.0   0.43574
    720.0   0.45645
    725.0   0.47550
    730.0   0.49195
    735.0   0.50604
    740.0   0.51810
    745.0   0.52725
    750.0   0.53708
    755.0   0.54455
    760.0   0.55230
    765.0   0.55865
    770.0   0.56827
    775.0   0.57565
    780.0   0.58469
    785.0   0.59234
    790.0   0.59963
    795.0   0.60506
    800.0   0.61064
    805.0   0.61468
    810.0   0.62217
    815.0   0.62557
    820.0   0.63156
    825.0   0.63548
    830.0   0.64155
    835.0   0.64578
    840.0   0.65078
    845.0   0.65557
    850.0   0.65899
    855.0   0.66318
    860.0   0.66726
    865.0   0.67205
    870.0   0.67707
    875.0   0.68073
    880.0   0.68530
    885.0   0.68899
    890.0   0.69284
    895.0   0.69636
    900.0   0.70175
    905.0   0.70374
    910.0   0.70775
    915.0   0.71488
    920.0   0.71646
    925.0   0.72216
    930.0   0.72529
    935.0   0.72972
    940.0   0.73464
    945.0   0.73974
    950.0   0.74190
    955.0   0.74783
    960.0   0.75071
    965.0   0.75458
    970.0   0.75938
    975.0   0.76411
    980.0   0.76657
    985.0   0.77354
    990.0   0.77617
    995.0   0.78009
   1000.0   0.78331
   1005.0   0.78736
   1010.0   0.79193
   1015.0   0.79592
   1020.0   0.79973
   1025.0   0.80453
   1030.0   0.80809
   1035.0   0.81131
   1040.0   0.81582
   1045.0   0.81854
   1050.0   0.82262
   1055.0   0.82658
   1060.0   0.83002
   1065.0   0.83306
   1070.0   0.83730
   1075.0   0.84204
   1080.0   0.84484
   1085.0   0.84965
   1090.0   0.85038
   1095.0   0.85313
   1100.0   0.85762
   1105.0   0.85968
   1110.0   0.86274
   1115.0   0.86582
   1120.0   0.86739
   1125.0   0.86971
   1130.0   0.86924
   1135.0   0.87176
   1140.0   0.87370
   1145.0   0.87165
   1150.0   0.87305
   1155.0   0.87239
   1160.0   0.87203
   1165.0   0.87020
   1170.0   0.87053
   1175.0   0.86945
   1180.0   0.86997
   1185.0   0.87065
   1190.0   0.86949
   1195.0   0.87080
   1200.0   0.86823
   1205.0   0.87001
   1210.0   0.86902
   1215.0   0.87180
   1220.0   0.87309
   1225.0   0.87644
   1230.0   0.87924
   1235.0   0.87993
   1240.0   0.88272
   1245.0   0.88537
   1250.0   0.88837
   1255.0   0.88937
   1260.0   0.89101
   1265.0   0.89226
   1270.0   0.89349
   1275.0   0.89240
   1280.0   0.89360
   1285.0   0.89612
   1290.0   0.89724
   1295.0   0.89826
   1300.0   0.89887
   1305.0   0.89858
   1310.0   0.90083
   1315.0   0.90200
   1320.0   0.90073
   1325.0   0.89833
   1330.0   0.89919
   1335.0   0.89642
   1340.0   0.89693
   1345.0   0.89498
   1350.0   0.89035
   1355.0   0.88574
   1360.0   0.88273
   1365.0   0.88020
   1370.0   0.87708
   1375.0   0.87618
   1380.0   0.87177
   1385.0   0.87042
   1390.0   0.86537
   1395.0   0.85814
   1400.0   0.85015
   1405.0   0.84279
   1410.0   0.83276
   1415.0   0.82005
   1420.0   0.81026
   1425.0   0.79777
   1430.0   0.78789
   1435.0   0.77896
   1440.0   0.77414
   1445.0   0.76827
   1450.0   0.76532
   1455.0   0.76611
   1460.0   0.76311
   1465.0   0.76241
   1470.0   0.76430
   1475.0   0.76537
   1480.0   0.76735
   1485.0   0.76959
   1490.0   0.76934
   1495.0   0.77309
   1500.0   0.77556
   1505.0   0.77691
   1510.0   0.78069
   1515.0   0.78310
   1520.0   0.78573
   1525.0   0.78767
   1530.0   0.79189
   1535.0   0.79219
   1540.0   0.79551
   1545.0   0.79545
   1550.0   0.79689
   1555.0   0.79824
   1560.0   0.79950
   1565.0   0.79846
   1570.0   0.79943
   1575.0   0.80044
   1580.0   0.80202
   1585.0   0.80312
   1590.0   0.80526
   1595.0   0.80751
   1600.0   0.81022
   1605.0   0.81308
   1610.0   0.81479
   1615.0   0.81682
   1620.0   0.81834
   1625.0   0.81986
   1630.0   0.81961
   1635.0   0.82292
   1640.0   0.82474
   1645.0   0.82331
   1650.0   0.82567
   1655.0   0.82751
   1660.0   0.82768
   1665.0   0.82707
   1670.0   0.82439
   1675.0   0.82059
   1680.0   0.81667
   1685.0   0.80798
   1690.0   0.79936
   1695.0   0.79184
   1700.0   0.78718
   1705.0   0.78334
   1710.0   0.78215
   1715.0   0.78156
   1720.0   0.77989
   1725.0   0.77608
   1730.0   0.77801
   1735.0   0.77934
   1740.0   0.77950
   1745.0   0.78233
   1750.0   0.78059
   1755.0   0.78034
   1760.0   0.78154
   1765.0   0.78097
   1770.0   0.78122
   1775.0   0.78558
   1780.0   0.78844
   1785.0   0.78805
   1790.0   0.78924
   1795.0   0.78948
   1800.0   0.78744
   1805.0   0.79042
   1810.0   0.79357
   1815.0   0.79452
   1820.0   0.79519
   1825.0   0.79713
   1830.0   0.79719
   1835.0   0.79932
   1840.0   0.80024
   1845.0   0.80232
   1850.0   0.80337
   1855.0   0.80264
   1860.0   0.80182
   1865.0   0.80145
   1870.0   0.79443
   1875.0   0.79431
   1880.0   0.78875
   1885.0   0.77743
   1890.0   0.75890
   1895.0   0.73775
   1900.0   0.71350
   1905.0   0.69095
   1910.0   0.66504
   1915.0   0.64325
   1920.0   0.63077
   1925.0   0.62202
   1930.0   0.61714
   1935.0   0.61771
   1940.0   0.62290
   1945.0   0.62942
   1950.0   0.63478
   1955.0   0.64211
   1960.0   0.64791
   1965.0   0.65447
   1970.0   0.65846
   1975.0   0.66480
   1980.0   0.66972
   1985.0   0.67435
   1990.0   0.68134
   1995.0   0.68471
   2000.0   0.68722
   2005.0   0.68924
   2010.0   0.69054
   2015.0   0.68907
   2020.0   0.68633
   2025.0   0.68001
   2030.0   0.67416
   2035.0   0.66703
   2040.0   0.65954
   2045.0   0.65103
   2050.0   0.64459
   2055.0   0.63972
   2060.0   0.63640
   2065.0   0.63378
   2070.0   0.63453
   2075.0   0.63481
   2080.0   0.63610
   2085.0   0.63412
   2090.0   0.63562
   2095.0   0.63452
   2100.0   0.63553
   2105.0   0.63496
   2110.0   0.63837
   2115.0   0.63826
   2120.0   0.64137
   2125.0   0.64311
   2130.0   0.64269
   2135.0   0.64494
   2140.0   0.64345
   2145.0   0.64291
   2150.0   0.63992
   2155.0   0.64028
   2160.0   0.63806
   2165.0   0.63822
   2170.0   0.63488
   2175.0   0.63722
   2180.0   0.63706
   2185.0   0.63831
   2190.0   0.63918
   2195.0   0.64314
   2200.0   0.64509
   2205.0   0.64740
   2210.0   0.64876
   2215.0   0.65064
   2220.0   0.65182
   2225.0   0.65151
   2230.0   0.65237
   2235.0   0.64677
   2240.0   0.64186
   2245.0   0.63294
   2250.0   0.62309
   2255.0   0.61629
   2260.0   0.60977
   2265.0   0.60501
   2270.0   0.59727
   2275.0   0.59032
   2280.0   0.58377
   2285.0   0.57626
   2290.0   0.57206
   2295.0   0.56772
   2300.0   0.56183
   2305.0   0.55672
   2310.0   0.55314
   2315.0   0.55281
   2320.0   0.55271
   2325.0   0.55367
   2330.0   0.55319
   2335.0   0.55391
   2340.0   0.55436
   2345.0   0.55467
   2350.0   0.55619
   2355.0   0.56092
   2360.0   0.56425
   2365.0   0.56552
   2370.0   0.56723
   2375.0   0.56676
   2380.0   0.56712
   2385.0   0.56623
   2390.0   0.56380
   2395.0   0.56138
   2400.0   0.55771
   2405.0   0.55294
   2410.0   0.55028
   2415.0   0.54963
   2420.0   0.54675
   2425.0   0.54231
   2430.0   0.53945
   2435.0   0.53457
   2440.0   0.52885
   2445.0   0.52279
   2450.0   0.51579
   2455.0   0.50773
   2460.0   0.50022
   2465.0   0.49453
   2470.0   0.48706
   2475.0   0.48332
   2480.0   0.47688
   2485.0   0.47561
   2490.0   0.47198
   2495.0   0.47110
   2500.0   0.46933
   2505.0   0.46928
   2510.0   0.47008
   2515.0   0.46900
   2520.0   0.46830
   2525.0   0.46979
   2530.0   0.47320
   2535.0   0.47382
   2540.0   0.47476
   2545.0   0.47585
   2550.0   0.47921
   2555.0   0.48530
   2560.0   0.48632
   2565.0   0.49490
   2570.0   0.49666
   2575.0   0.50230
   2580.0   0.50554
   2585.0   0.50928
   2590.0   0.51383
   2595.0   0.51516
   2600.0   0.51948
   2605.0   0.51905
   2610.0   0.52185
   2615.0   0.52055
   2620.0   0.52366
   2625.0   0.52231
   2630.0   0.52451
   2635.0   0.52552
   2640.0   0.52404
   2645.0   0.51987
   2650.0   0.51398
   2655.0   0.50636
   2660.0   0.49811
   2665.0   0.49081
   2670.0   0.48582
   2675.0   0.48288
   2680.0   0.47957
   2685.0   0.47385
   2690.0   0.46412
   2695.0   0.45111
   2700.0   0.43522
   2705.0   0.41551
   2710.0   0.39103
   2715.0   0.36169
   2720.0   0.32926
   2725.0   0.29582
   2730.0   0.26424
   2735.0   0.23483
   2740.0   0.20602
   2745.0   0.18015
   2750.0   0.15894
   2755.0   0.14097
   2760.0   0.12447
   2765.0   0.11001
   2770.0   0.09818
   2775.0   0.08855
   2780.0   0.08103
   2785.0   0.07286
   2790.0   0.06389
   2795.0   0.05745
   2800.0   0.05477
   2805.0   0.05278
   2810.0   0.04901
   2815.0   0.04432
   2820.0   0.04018
   2825.0   0.03780
   2830.0   0.03689
   2835.0   0.03683
   2840.0   0.03548
   2845.0   0.03246
   2850.0   0.03002
   2855.0   0.02949
   2860.0   0.02981
   2865.0   0.02993
   2870.0   0.02907
   2875.0   0.02739
   2880.0   0.02600
   2885.0   0.02526
   2890.0   0.02545
   2895.0   0.02645
   2900.0   0.02731
   2905.0   0.02718
   2910.0   0.02654
   2915.0   0.02594
   2920.0   0.02482
   2925.0   0.02323
   2930.0   0.02210
   2935.0   0.02238
   2940.0   0.02353
   2945.0   0.02414
   2950.0   0.02401
   2955.0   0.02368
   2960.0   0.02341
   2965.0   0.02322
   2970.0   0.02328
   2975.0   0.02342
   2980.0   0.02382
   2985.0   0.02478
   2990.0   0.02566
   2995.0   0.02543
   3000.0   0.02432
   3005.0   0.02332
   3010.0   0.02293
   3015.0   0.02304
   3020.0   0.02336
   3025.0   0.02371
   3030.0   0.02401
   3035.0   0.02429
   3040.0   0.02456
   3045.0   0.02449
   3050.0   0.02462
   3055.0   0.02576
   3060.0   0.02724
   3065.0   0.02810
   3070.0   0.02858
   3075.0   0.02937
   3080.0   0.03027
   3085.0   0.03086
   3090.0   0.03156
   3095.0   0.03284
   3100.0   0.03408
   3105.0   0.03457
   3110.0   0.03502
   3115.0   0.03623
   3120.0   0.03784
   3125.0   0.03914
   3130.0   0.04022
   3135.0   0.04153
   3140.0   0.04313
   3145.0   0.04460
   3150.0   0.04579
   3155.0   0.04703
   3160.0   0.04835
   3165.0   0.04968
   3170.0   0.05117
   3175.0   0.05303
   3180.0   0.05504
   3185.0   0.05675
   3190.0   0.05811
   3195.0   0.05929
   3200.0   0.06054
   3205.0   0.06214
   3210.0   0.06407
   3215.0   0.06593
   3220.0   0.06737
   3225.0   0.06824
   3230.0   0.06889
   3235.0   0.07000
   3240.0   0.07108
   3245.0   0.07168
   3250.0   0.07231
   3255.0   0.07362
   3260.0   0.07550
   3265.0   0.07746
   3270.0   0.07923
   3275.0   0.08088
   3280.0   0.08259
   3285.0   0.08418
   3290.0   0.08545
   3295.0   0.08666
   3300.0   0.08799
   3305.0   0.08872
   3310.0   0.08868
   3315.0   0.08852
   3320.0   0.08826
   3325.0   0.08757
   3330.0   0.08649
   3335.0   0.08470
   3340.0   0.08186
   3345.0   0.07822
   3350.0   0.07450
   3355.0   0.07084
   3360.0   0.06736
   3365.0   0.06412
   3370.0   0.06159
   3375.0   0.06037
   3380.0   0.05941
   3385.0   0.05782
   3390.0   0.05547
   3395.0   0.05226
   3400.0   0.04889
   3405.0   0.04615
   3410.0   0.04461
   3415.0   0.04509
   3420.0   0.04605
   3425.0   0.04703
   3430.0   0.04848
   3435.0   0.05106
   3440.0   0.05494
   3445.0   0.05868
   3450.0   0.06141
   3455.0   0.06284
   3460.0   0.06394
   3465.0   0.06526
   3470.0   0.06683
   3475.0   0.06838
   3480.0   0.06977
   3485.0   0.06989
   3490.0   0.06882
   3495.0   0.06854
   3500.0   0.07026
   3505.0   0.07516
   3510.0   0.08267
   3515.0   0.09112
   3520.0   0.09901
   3525.0   0.10677
   3530.0   0.11463
   3535.0   0.11980
   3540.0   0.12232
   3545.0   0.12432
   3550.0   0.12752
   3555.0   0.13217
   3560.0   0.13702
   3565.0   0.14014
   3570.0   0.14028
   3575.0   0.13888
   3580.0   0.14214
   3585.0   0.15125
   3590.0   0.15943
   3595.0   0.16434
   3600.0   0.16792



 C1SG72      .ASC                        

 SG-SJG-072                                                              
 UDOTEA FLABELLUM SS-5UL-25  UNBLEACHED PLANT  SAN SALVADOR  FINE POWDER 
 RATIOS ADJUSTED USING NBS HALON CALIBRATION TABLE                       

 Source Ang: 30.00   Detect Ang:  0.00  Volt: 0.222
 Date: 13-DEC-88   Time: 15:58:05
