   661
    300.0   0.65264
    305.0   0.66878
    310.0   0.69109
    315.0   0.72094
    320.0   0.74275
    325.0   0.76856
    330.0   0.78764
    335.0   0.80653
    340.0   0.82152
    345.0   0.83288
    350.0   0.84264
    355.0   0.85280
    360.0   0.86055
    365.0   0.86694
    370.0   0.87185
    375.0   0.87747
    380.0   0.88109
    385.0   0.88402
    390.0   0.88772
    395.0   0.89180
    400.0   0.89322
    405.0   0.89415
    410.0   0.89722
    415.0   0.89778
    420.0   0.89931
    425.0   0.90302
    430.0   0.90431
    435.0   0.90574
    440.0   0.90670
    445.0   0.90831
    450.0   0.90966
    455.0   0.91123
    460.0   0.91006
    465.0   0.90892
    470.0   0.90793
    475.0   0.90378
    480.0   0.89997
    485.0   0.89594
    490.0   0.89526
    495.0   0.89293
    500.0   0.88967
    505.0   0.88734
    510.0   0.88313
    515.0   0.88022
    520.0   0.87587
    525.0   0.87320
    530.0   0.86996
    535.0   0.86903
    540.0   0.86805
    545.0   0.86689
    550.0   0.86838
    555.0   0.86856
    560.0   0.87120
    565.0   0.87495
    570.0   0.87795
    575.0   0.88153
    580.0   0.88693
    585.0   0.89157
    590.0   0.89847
    595.0   0.90383
    600.0   0.91063
    605.0   0.91594
    610.0   0.92038
    615.0   0.92465
    620.0   0.92856
    625.0   0.93122
    630.0   0.93454
    635.0   0.93668
    640.0   0.93882
    645.0   0.94333
    650.0   0.94448
    655.0   0.94702
    660.0   0.94486
    665.0   0.94810
    670.0   0.94969
    675.0   0.94884
    680.0   0.94465
    685.0   0.94683
    690.0   0.95115
    695.0   0.94800
    700.0   0.95039
    705.0   0.94979
    710.0   0.94734
    715.0   0.94999
    720.0   0.94918
    725.0   0.95003
    730.0   0.94752
    735.0   0.94830
    740.0   0.94863
    745.0   0.94578
    750.0   0.94876
    755.0   0.94794
    760.0   0.94686
    765.0   0.94712
    770.0   0.94832
    775.0   0.94812
    780.0   0.94737
    785.0   0.94771
    790.0   0.94681
    795.0   0.94776
    800.0   0.94807
    805.0   0.94696
    810.0   0.94884
    815.0   0.94870
    820.0   0.94803
    825.0   0.94841
    830.0   0.94863
    835.0   0.94864
    840.0   0.94843
    845.0   0.94791
    850.0   0.94888
    855.0   0.94895
    860.0   0.94983
    865.0   0.95104
    870.0   0.95006
    875.0   0.95202
    880.0   0.94962
    885.0   0.94992
    890.0   0.95179
    895.0   0.95198
    900.0   0.95099
    905.0   0.95067
    910.0   0.94996
    915.0   0.95205
    920.0   0.95009
    925.0   0.95127
    930.0   0.95096
    935.0   0.95240
    940.0   0.95226
    945.0   0.95022
    950.0   0.95291
    955.0   0.95111
    960.0   0.95285
    965.0   0.95263
    970.0   0.95088
    975.0   0.95342
    980.0   0.95338
    985.0   0.95342
    990.0   0.95516
    995.0   0.95195
   1000.0   0.95273
   1005.0   0.95089
   1010.0   0.95278
   1015.0   0.95235
   1020.0   0.95397
   1025.0   0.95266
   1030.0   0.95290
   1035.0   0.95322
   1040.0   0.95336
   1045.0   0.95336
   1050.0   0.95321
   1055.0   0.95348
   1060.0   0.95331
   1065.0   0.95267
   1070.0   0.95137
   1075.0   0.95347
   1080.0   0.95223
   1085.0   0.95193
   1090.0   0.95386
   1095.0   0.95503
   1100.0   0.95273
   1105.0   0.95242
   1110.0   0.95137
   1115.0   0.95066
   1120.0   0.95388
   1125.0   0.95131
   1130.0   0.95329
   1135.0   0.95268
   1140.0   0.95178
   1145.0   0.95059
   1150.0   0.95028
   1155.0   0.94966
   1160.0   0.94912
   1165.0   0.94972
   1170.0   0.95016
   1175.0   0.94992
   1180.0   0.94866
   1185.0   0.94904
   1190.0   0.94876
   1195.0   0.94659
   1200.0   0.94945
   1205.0   0.94798
   1210.0   0.94883
   1215.0   0.94902
   1220.0   0.94955
   1225.0   0.94757
   1230.0   0.94723
   1235.0   0.94347
   1240.0   0.94277
   1245.0   0.94447
   1250.0   0.94275
   1255.0   0.94435
   1260.0   0.94223
   1265.0   0.94372
   1270.0   0.94469
   1275.0   0.94290
   1280.0   0.94191
   1285.0   0.94186
   1290.0   0.94095
   1295.0   0.94198
   1300.0   0.93842
   1305.0   0.93732
   1310.0   0.93671
   1315.0   0.93816
   1320.0   0.93768
   1325.0   0.93712
   1330.0   0.93605
   1335.0   0.93606
   1340.0   0.93306
   1345.0   0.93354
   1350.0   0.93237
   1355.0   0.93056
   1360.0   0.92937
   1365.0   0.92844
   1370.0   0.92975
   1375.0   0.92925
   1380.0   0.92806
   1385.0   0.92874
   1390.0   0.92693
   1395.0   0.92382
   1400.0   0.92139
   1405.0   0.92072
   1410.0   0.91900
   1415.0   0.91741
   1420.0   0.91610
   1425.0   0.91325
   1430.0   0.91438
   1435.0   0.91142
   1440.0   0.91104
   1445.0   0.91186
   1450.0   0.91116
   1455.0   0.91061
   1460.0   0.90968
   1465.0   0.90898
   1470.0   0.90806
   1475.0   0.91024
   1480.0   0.91051
   1485.0   0.90990
   1490.0   0.91075
   1495.0   0.91070
   1500.0   0.91168
   1505.0   0.91298
   1510.0   0.91370
   1515.0   0.91308
   1520.0   0.91433
   1525.0   0.91505
   1530.0   0.91695
   1535.0   0.91728
   1540.0   0.91648
   1545.0   0.91759
   1550.0   0.91879
   1555.0   0.91664
   1560.0   0.91584
   1565.0   0.91819
   1570.0   0.91926
   1575.0   0.91788
   1580.0   0.92154
   1585.0   0.92101
   1590.0   0.92284
   1595.0   0.92189
   1600.0   0.92189
   1605.0   0.92128
   1610.0   0.92196
   1615.0   0.92251
   1620.0   0.92215
   1625.0   0.92416
   1630.0   0.92428
   1635.0   0.92327
   1640.0   0.92782
   1645.0   0.92497
   1650.0   0.92256
   1655.0   0.92338
   1660.0   0.92314
   1665.0   0.92267
   1670.0   0.92478
   1675.0   0.92530
   1680.0   0.92694
   1685.0   0.92555
   1690.0   0.92387
   1695.0   0.92607
   1700.0   0.92271
   1705.0   0.92220
   1710.0   0.92083
   1715.0   0.92098
   1720.0   0.92003
   1725.0   0.91955
   1730.0   0.91970
   1735.0   0.91976
   1740.0   0.92016
   1745.0   0.91895
   1750.0   0.91752
   1755.0   0.91592
   1760.0   0.91658
   1765.0   0.91691
   1770.0   0.91804
   1775.0   0.91590
   1780.0   0.91639
   1785.0   0.91833
   1790.0   0.91980
   1795.0   0.91963
   1800.0   0.91877
   1805.0   0.91739
   1810.0   0.91848
   1815.0   0.92018
   1820.0   0.91720
   1825.0   0.91717
   1830.0   0.91553
   1835.0   0.91502
   1840.0   0.91425
   1845.0   0.91314
   1850.0   0.91266
   1855.0   0.91358
   1860.0   0.91255
   1865.0   0.90909
   1870.0   0.90352
   1875.0   0.89866
   1880.0   0.89378
   1885.0   0.89255
   1890.0   0.89270
   1895.0   0.88828
   1900.0   0.88197
   1905.0   0.87367
   1910.0   0.86789
   1915.0   0.86258
   1920.0   0.85762
   1925.0   0.85442
   1930.0   0.85188
   1935.0   0.84993
   1940.0   0.84780
   1945.0   0.84571
   1950.0   0.84740
   1955.0   0.84867
   1960.0   0.84767
   1965.0   0.84713
   1970.0   0.84808
   1975.0   0.84928
   1980.0   0.85029
   1985.0   0.85067
   1990.0   0.84930
   1995.0   0.84975
   2000.0   0.84990
   2005.0   0.85285
   2010.0   0.85779
   2015.0   0.86206
   2020.0   0.86387
   2025.0   0.86200
   2030.0   0.86396
   2035.0   0.86543
   2040.0   0.86875
   2045.0   0.86754
   2050.0   0.86938
   2055.0   0.87435
   2060.0   0.87444
   2065.0   0.87295
   2070.0   0.87222
   2075.0   0.87333
   2080.0   0.87574
   2085.0   0.87695
   2090.0   0.87838
   2095.0   0.88072
   2100.0   0.88179
   2105.0   0.87876
   2110.0   0.87515
   2115.0   0.87487
   2120.0   0.87707
   2125.0   0.87742
   2130.0   0.87774
   2135.0   0.87875
   2140.0   0.87823
   2145.0   0.87960
   2150.0   0.87887
   2155.0   0.87834
   2160.0   0.87745
   2165.0   0.87670
   2170.0   0.87669
   2175.0   0.88030
   2180.0   0.88339
   2185.0   0.88546
   2190.0   0.88756
   2195.0   0.88939
   2200.0   0.88725
   2205.0   0.88466
   2210.0   0.88419
   2215.0   0.88459
   2220.0   0.88154
   2225.0   0.88118
   2230.0   0.87724
   2235.0   0.87528
   2240.0   0.87371
   2245.0   0.87269
   2250.0   0.87131
   2255.0   0.86493
   2260.0   0.85672
   2265.0   0.85426
   2270.0   0.84857
   2275.0   0.84147
   2280.0   0.83402
   2285.0   0.82360
   2290.0   0.81616
   2295.0   0.81129
   2300.0   0.80433
   2305.0   0.79865
   2310.0   0.79633
   2315.0   0.79425
   2320.0   0.78685
   2325.0   0.77982
   2330.0   0.76690
   2335.0   0.75901
   2340.0   0.75667
   2345.0   0.75912
   2350.0   0.76661
   2355.0   0.77984
   2360.0   0.79457
   2365.0   0.80673
   2370.0   0.81974
   2375.0   0.82697
   2380.0   0.83317
   2385.0   0.83657
   2390.0   0.83767
   2395.0   0.83565
   2400.0   0.83214
   2405.0   0.82963
   2410.0   0.83037
   2415.0   0.82649
   2420.0   0.82583
   2425.0   0.82448
   2430.0   0.81917
   2435.0   0.81132
   2440.0   0.80302
   2445.0   0.79972
   2450.0   0.79389
   2455.0   0.78427
   2460.0   0.77407
   2465.0   0.76750
   2470.0   0.75815
   2475.0   0.74549
   2480.0   0.73511
   2485.0   0.72420
   2490.0   0.71609
   2495.0   0.70999
   2500.0   0.70752
   2505.0   0.70334
   2510.0   0.70040
   2515.0   0.69467
   2520.0   0.68732
   2525.0   0.67444
   2530.0   0.66047
   2535.0   0.65031
   2540.0   0.65125
   2545.0   0.66133
   2550.0   0.68370
   2555.0   0.71259
   2560.0   0.72779
   2565.0   0.74852
   2570.0   0.76903
   2575.0   0.77229
   2580.0   0.77621
   2585.0   0.78132
   2590.0   0.78723
   2595.0   0.78577
   2600.0   0.79503
   2605.0   0.79057
   2610.0   0.79649
   2615.0   0.78982
   2620.0   0.79455
   2625.0   0.79361
   2630.0   0.79001
   2635.0   0.79103
   2640.0   0.78782
   2645.0   0.78395
   2650.0   0.78079
   2655.0   0.77734
   2660.0   0.77299
   2665.0   0.76796
   2670.0   0.76221
   2675.0   0.75696
   2680.0   0.75164
   2685.0   0.74616
   2690.0   0.73546
   2695.0   0.72498
   2700.0   0.71328
   2705.0   0.69875
   2710.0   0.68797
   2715.0   0.67514
   2720.0   0.66057
   2725.0   0.64186
   2730.0   0.61617
   2735.0   0.59510
   2740.0   0.57656
   2745.0   0.56312
   2750.0   0.53163
   2755.0   0.51620
   2760.0   0.49760
   2765.0   0.48249
   2770.0   0.46350
   2775.0   0.42625
   2780.0   0.41134
   2785.0   0.40185
   2790.0   0.38130
   2795.0   0.38244
   2800.0   0.37102
   2805.0   0.36142
   2810.0   0.34995
   2815.0   0.34861
   2820.0   0.33596
   2825.0   0.32811
   2830.0   0.32519
   2835.0   0.31860
   2840.0   0.31673
   2845.0   0.31002
   2850.0   0.29854
   2855.0   0.29206
   2860.0   0.29251
   2865.0   0.28272
   2870.0   0.27661
   2875.0   0.27376
   2880.0   0.27438
   2885.0   0.27037
   2890.0   0.26623
   2895.0   0.26497
   2900.0   0.26067
   2905.0   0.26082
   2910.0   0.25861
   2915.0   0.25774
   2920.0   0.25690
   2925.0   0.25599
   2930.0   0.25229
   2935.0   0.25036
   2940.0   0.24841
   2945.0   0.24852
   2950.0   0.24704
   2955.0   0.24715
   2960.0   0.24826
   2965.0   0.24759
   2970.0   0.24643
   2975.0   0.24689
   2980.0   0.24501
   2985.0   0.24977
   2990.0   0.24730
   2995.0   0.24906
   3000.0   0.24914
   3005.0   0.24868
   3010.0   0.24980
   3015.0   0.25040
   3020.0   0.25238
   3025.0   0.25166
   3030.0   0.25252
   3035.0   0.25025
   3040.0   0.25314
   3045.0   0.25474
   3050.0   0.25435
   3055.0   0.25470
   3060.0   0.25578
   3065.0   0.25781
   3070.0   0.25635
   3075.0   0.25785
   3080.0   0.25718
   3085.0   0.25829
   3090.0   0.25903
   3095.0   0.25995
   3100.0   0.25734
   3105.0   0.25990
   3110.0   0.25949
   3115.0   0.25771
   3120.0   0.25870
   3125.0   0.26034
   3130.0   0.25951
   3135.0   0.26068
   3140.0   0.26385
   3145.0   0.26180
   3150.0   0.26057
   3155.0   0.26171
   3160.0   0.26581
   3165.0   0.26688
   3170.0   0.27160
   3175.0   0.27393
   3180.0   0.27707
   3185.0   0.27662
   3190.0   0.27584
   3195.0   0.27711
   3200.0   0.27677
   3205.0   0.27938
   3210.0   0.28030
   3215.0   0.28289
   3220.0   0.28444
   3225.0   0.28745
   3230.0   0.28703
   3235.0   0.28893
   3240.0   0.29159
   3245.0   0.28938
   3250.0   0.29121
   3255.0   0.28888
   3260.0   0.29262
   3265.0   0.29469
   3270.0   0.29532
   3275.0   0.29765
   3280.0   0.30016
   3285.0   0.29689
   3290.0   0.29784
   3295.0   0.29699
   3300.0   0.29680
   3305.0   0.29698
   3310.0   0.29179
   3315.0   0.29571
   3320.0   0.28998
   3325.0   0.28717
   3330.0   0.27579
   3335.0   0.26030
   3340.0   0.23596
   3345.0   0.20876
   3350.0   0.18713
   3355.0   0.17897
   3360.0   0.17708
   3365.0   0.18395
   3370.0   0.18700
   3375.0   0.19328
   3380.0   0.19673
   3385.0   0.19820
   3390.0   0.20051
   3395.0   0.20310
   3400.0   0.20766
   3405.0   0.21247
   3410.0   0.21581
   3415.0   0.21526
   3420.0   0.21562
   3425.0   0.21534
   3430.0   0.21328
   3435.0   0.21560
   3440.0   0.21261
   3445.0   0.21404
   3450.0   0.21284
   3455.0   0.20429
   3460.0   0.19790
   3465.0   0.18708
   3470.0   0.17156
   3475.0   0.16122
   3480.0   0.15679
   3485.0   0.15213
   3490.0   0.15904
   3495.0   0.16426
   3500.0   0.17964
   3505.0   0.17993
   3510.0   0.19775
   3515.0   0.20705
   3520.0   0.22576
   3525.0   0.24230
   3530.0   0.27406
   3535.0   0.30433
   3540.0   0.31652
   3545.0   0.33902
   3550.0   0.34491
   3555.0   0.36373
   3560.0   0.37119
   3565.0   0.38588
   3570.0   0.38163
   3575.0   0.39936
   3580.0   0.40570
   3585.0   0.42606
   3590.0   0.42648
   3595.0   0.43564
   3600.0   0.44244



 C1SH17      .ASC                        

 SH-SJG-017                                                              
 1505  CALCITE RICHELSDORF, GERMANY  FINE POWDER                         
 RATIOS ADJUSTED USING NBS HALON CALIBRATION TABLE                       

 Source Ang: 30.00   Detect Ang:  0.00  Volt: 0.222
 Date: 12-MAY-89   Time: 11:26:13
