   661
    300.0   0.48519
    305.0   0.50513
    310.0   0.53510
    315.0   0.57240
    320.0   0.60813
    325.0   0.64785
    330.0   0.68288
    335.0   0.71589
    340.0   0.74069
    345.0   0.76629
    350.0   0.78578
    355.0   0.80294
    360.0   0.81520
    365.0   0.82506
    370.0   0.83244
    375.0   0.83894
    380.0   0.84463
    385.0   0.84516
    390.0   0.84677
    395.0   0.84646
    400.0   0.84340
    405.0   0.83897
    410.0   0.83290
    415.0   0.82701
    420.0   0.82553
    425.0   0.82291
    430.0   0.82301
    435.0   0.82462
    440.0   0.82494
    445.0   0.82813
    450.0   0.82878
    455.0   0.83166
    460.0   0.83086
    465.0   0.82676
    470.0   0.82061
    475.0   0.81059
    480.0   0.79909
    485.0   0.79238
    490.0   0.78537
    495.0   0.78048
    500.0   0.77298
    505.0   0.76662
    510.0   0.76006
    515.0   0.75151
    520.0   0.74403
    525.0   0.73759
    530.0   0.73238
    535.0   0.72761
    540.0   0.72539
    545.0   0.72401
    550.0   0.72575
    555.0   0.72828
    560.0   0.73328
    565.0   0.73941
    570.0   0.74644
    575.0   0.75463
    580.0   0.76469
    585.0   0.77601
    590.0   0.78927
    595.0   0.80120
    600.0   0.81524
    605.0   0.82674
    610.0   0.83720
    615.0   0.84590
    620.0   0.85395
    625.0   0.86029
    630.0   0.86733
    635.0   0.87340
    640.0   0.87942
    645.0   0.88444
    650.0   0.88828
    655.0   0.89155
    660.0   0.89444
    665.0   0.89483
    670.0   0.89490
    675.0   0.89609
    680.0   0.89458
    685.0   0.89308
    690.0   0.89200
    695.0   0.89201
    700.0   0.89168
    705.0   0.88958
    710.0   0.88796
    715.0   0.88625
    720.0   0.88375
    725.0   0.88173
    730.0   0.88051
    735.0   0.87832
    740.0   0.87656
    745.0   0.87592
    750.0   0.87400
    755.0   0.87125
    760.0   0.86999
    765.0   0.86946
    770.0   0.86845
    775.0   0.86700
    780.0   0.86500
    785.0   0.86549
    790.0   0.86486
    795.0   0.86353
    800.0   0.86470
    805.0   0.86291
    810.0   0.86138
    815.0   0.86280
    820.0   0.86278
    825.0   0.86342
    830.0   0.86411
    835.0   0.86450
    840.0   0.86445
    845.0   0.86551
    850.0   0.86717
    855.0   0.86527
    860.0   0.86928
    865.0   0.86874
    870.0   0.86980
    875.0   0.86917
    880.0   0.87160
    885.0   0.87344
    890.0   0.87404
    895.0   0.87542
    900.0   0.87581
    905.0   0.87712
    910.0   0.87704
    915.0   0.87897
    920.0   0.87938
    925.0   0.88133
    930.0   0.88077
    935.0   0.88253
    940.0   0.88338
    945.0   0.88321
    950.0   0.88405
    955.0   0.88517
    960.0   0.88675
    965.0   0.88598
    970.0   0.88609
    975.0   0.88807
    980.0   0.88914
    985.0   0.88910
    990.0   0.88974
    995.0   0.88940
   1000.0   0.88927
   1005.0   0.88998
   1010.0   0.88994
   1015.0   0.89003
   1020.0   0.89131
   1025.0   0.89088
   1030.0   0.89108
   1035.0   0.89102
   1040.0   0.88982
   1045.0   0.88960
   1050.0   0.88962
   1055.0   0.89142
   1060.0   0.89150
   1065.0   0.89085
   1070.0   0.88904
   1075.0   0.88971
   1080.0   0.88758
   1085.0   0.88756
   1090.0   0.88867
   1095.0   0.88873
   1100.0   0.88776
   1105.0   0.88643
   1110.0   0.88438
   1115.0   0.88276
   1120.0   0.88360
   1125.0   0.88281
   1130.0   0.88298
   1135.0   0.88184
   1140.0   0.88038
   1145.0   0.87838
   1150.0   0.87629
   1155.0   0.87718
   1160.0   0.87593
   1165.0   0.87509
   1170.0   0.87516
   1175.0   0.87303
   1180.0   0.87167
   1185.0   0.87133
   1190.0   0.87022
   1195.0   0.86837
   1200.0   0.86879
   1205.0   0.86799
   1210.0   0.86792
   1215.0   0.86475
   1220.0   0.86365
   1225.0   0.86219
   1230.0   0.86311
   1235.0   0.85942
   1240.0   0.85832
   1245.0   0.85770
   1250.0   0.85623
   1255.0   0.85732
   1260.0   0.85523
   1265.0   0.85558
   1270.0   0.85147
   1275.0   0.85116
   1280.0   0.84944
   1285.0   0.84831
   1290.0   0.84731
   1295.0   0.84691
   1300.0   0.84569
   1305.0   0.84271
   1310.0   0.84313
   1315.0   0.84206
   1320.0   0.84092
   1325.0   0.83855
   1330.0   0.83946
   1335.0   0.83825
   1340.0   0.83723
   1345.0   0.83562
   1350.0   0.83420
   1355.0   0.83449
   1360.0   0.83163
   1365.0   0.83070
   1370.0   0.83036
   1375.0   0.83006
   1380.0   0.82924
   1385.0   0.82968
   1390.0   0.82683
   1395.0   0.82507
   1400.0   0.82260
   1405.0   0.81973
   1410.0   0.81945
   1415.0   0.81662
   1420.0   0.81430
   1425.0   0.80985
   1430.0   0.81060
   1435.0   0.80790
   1440.0   0.80831
   1445.0   0.80827
   1450.0   0.80816
   1455.0   0.80821
   1460.0   0.80773
   1465.0   0.80745
   1470.0   0.80615
   1475.0   0.80958
   1480.0   0.80892
   1485.0   0.80953
   1490.0   0.81136
   1495.0   0.81189
   1500.0   0.81257
   1505.0   0.81186
   1510.0   0.81346
   1515.0   0.81518
   1520.0   0.81673
   1525.0   0.81874
   1530.0   0.81924
   1535.0   0.82012
   1540.0   0.82031
   1545.0   0.81958
   1550.0   0.82233
   1555.0   0.82152
   1560.0   0.82372
   1565.0   0.82447
   1570.0   0.82394
   1575.0   0.82443
   1580.0   0.82719
   1585.0   0.82971
   1590.0   0.83253
   1595.0   0.83165
   1600.0   0.83172
   1605.0   0.83328
   1610.0   0.83261
   1615.0   0.83272
   1620.0   0.83418
   1625.0   0.83614
   1630.0   0.83571
   1635.0   0.83680
   1640.0   0.83779
   1645.0   0.83799
   1650.0   0.83677
   1655.0   0.84094
   1660.0   0.83800
   1665.0   0.84006
   1670.0   0.83945
   1675.0   0.84196
   1680.0   0.84043
   1685.0   0.84353
   1690.0   0.84333
   1695.0   0.84589
   1700.0   0.84454
   1705.0   0.84499
   1710.0   0.84542
   1715.0   0.84573
   1720.0   0.84494
   1725.0   0.84444
   1730.0   0.84603
   1735.0   0.84682
   1740.0   0.84710
   1745.0   0.84848
   1750.0   0.84825
   1755.0   0.84714
   1760.0   0.84739
   1765.0   0.84801
   1770.0   0.84774
   1775.0   0.84767
   1780.0   0.84898
   1785.0   0.85024
   1790.0   0.85051
   1795.0   0.84977
   1800.0   0.84843
   1805.0   0.84869
   1810.0   0.84868
   1815.0   0.85031
   1820.0   0.85015
   1825.0   0.85102
   1830.0   0.85128
   1835.0   0.84911
   1840.0   0.84829
   1845.0   0.84915
   1850.0   0.84917
   1855.0   0.84987
   1860.0   0.84854
   1865.0   0.84562
   1870.0   0.83942
   1875.0   0.83324
   1880.0   0.83165
   1885.0   0.82720
   1890.0   0.82165
   1895.0   0.81456
   1900.0   0.80464
   1905.0   0.79243
   1910.0   0.78298
   1915.0   0.77295
   1920.0   0.76549
   1925.0   0.76010
   1930.0   0.75608
   1935.0   0.75132
   1940.0   0.75062
   1945.0   0.75068
   1950.0   0.75021
   1955.0   0.74997
   1960.0   0.75201
   1965.0   0.75436
   1970.0   0.75749
   1975.0   0.75929
   1980.0   0.76013
   1985.0   0.76255
   1990.0   0.76520
   1995.0   0.76801
   2000.0   0.76857
   2005.0   0.77095
   2010.0   0.77307
   2015.0   0.77759
   2020.0   0.78254
   2025.0   0.78294
   2030.0   0.78338
   2035.0   0.78670
   2040.0   0.78969
   2045.0   0.79034
   2050.0   0.79310
   2055.0   0.79652
   2060.0   0.79893
   2065.0   0.79897
   2070.0   0.79924
   2075.0   0.80230
   2080.0   0.80481
   2085.0   0.80574
   2090.0   0.80649
   2095.0   0.80887
   2100.0   0.81036
   2105.0   0.80868
   2110.0   0.80586
   2115.0   0.80610
   2120.0   0.80962
   2125.0   0.81265
   2130.0   0.81442
   2135.0   0.81338
   2140.0   0.81427
   2145.0   0.81657
   2150.0   0.81481
   2155.0   0.81589
   2160.0   0.81546
   2165.0   0.81455
   2170.0   0.81554
   2175.0   0.81978
   2180.0   0.82204
   2185.0   0.82431
   2190.0   0.82370
   2195.0   0.82791
   2200.0   0.82849
   2205.0   0.82764
   2210.0   0.82449
   2215.0   0.82302
   2220.0   0.82060
   2225.0   0.81755
   2230.0   0.81461
   2235.0   0.81332
   2240.0   0.81020
   2245.0   0.80932
   2250.0   0.80691
   2255.0   0.80456
   2260.0   0.79984
   2265.0   0.79512
   2270.0   0.79032
   2275.0   0.78421
   2280.0   0.77780
   2285.0   0.76939
   2290.0   0.76293
   2295.0   0.75429
   2300.0   0.74940
   2305.0   0.74678
   2310.0   0.74358
   2315.0   0.73978
   2320.0   0.73580
   2325.0   0.72537
   2330.0   0.71418
   2335.0   0.70651
   2340.0   0.70333
   2345.0   0.70278
   2350.0   0.70795
   2355.0   0.71998
   2360.0   0.73394
   2365.0   0.74412
   2370.0   0.75296
   2375.0   0.75778
   2380.0   0.76132
   2385.0   0.76218
   2390.0   0.76180
   2395.0   0.76021
   2400.0   0.75776
   2405.0   0.75449
   2410.0   0.75417
   2415.0   0.75088
   2420.0   0.74692
   2425.0   0.74143
   2430.0   0.73616
   2435.0   0.72822
   2440.0   0.72250
   2445.0   0.71715
   2450.0   0.71077
   2455.0   0.70232
   2460.0   0.69318
   2465.0   0.68658
   2470.0   0.67925
   2475.0   0.66723
   2480.0   0.65460
   2485.0   0.64464
   2490.0   0.63739
   2495.0   0.63314
   2500.0   0.62957
   2505.0   0.62607
   2510.0   0.62241
   2515.0   0.61759
   2520.0   0.60996
   2525.0   0.60049
   2530.0   0.59100
   2535.0   0.58368
   2540.0   0.58453
   2545.0   0.59424
   2550.0   0.60950
   2555.0   0.63131
   2560.0   0.63973
   2565.0   0.65835
   2570.0   0.67632
   2575.0   0.67994
   2580.0   0.68514
   2585.0   0.68895
   2590.0   0.69226
   2595.0   0.69018
   2600.0   0.69790
   2605.0   0.69044
   2610.0   0.69878
   2615.0   0.69721
   2620.0   0.69481
   2625.0   0.69255
   2630.0   0.68879
   2635.0   0.68909
   2640.0   0.68552
   2645.0   0.68184
   2650.0   0.67947
   2655.0   0.67318
   2660.0   0.66877
   2665.0   0.66196
   2670.0   0.65430
   2675.0   0.64958
   2680.0   0.64162
   2685.0   0.62943
   2690.0   0.61785
   2695.0   0.60559
   2700.0   0.59290
   2705.0   0.58157
   2710.0   0.56723
   2715.0   0.55479
   2720.0   0.53841
   2725.0   0.51298
   2730.0   0.48348
   2735.0   0.46053
   2740.0   0.43834
   2745.0   0.42535
   2750.0   0.39651
   2755.0   0.37545
   2760.0   0.36097
   2765.0   0.34014
   2770.0   0.31954
   2775.0   0.29623
   2780.0   0.28505
   2785.0   0.27735
   2790.0   0.25770
   2795.0   0.25238
   2800.0   0.24683
   2805.0   0.24096
   2810.0   0.23061
   2815.0   0.22043
   2820.0   0.21380
   2825.0   0.20579
   2830.0   0.20241
   2835.0   0.19349
   2840.0   0.19246
   2845.0   0.19017
   2850.0   0.18466
   2855.0   0.18128
   2860.0   0.17832
   2865.0   0.17462
   2870.0   0.17141
   2875.0   0.16794
   2880.0   0.16822
   2885.0   0.16583
   2890.0   0.16220
   2895.0   0.15916
   2900.0   0.15627
   2905.0   0.15321
   2910.0   0.15578
   2915.0   0.15211
   2920.0   0.15146
   2925.0   0.15101
   2930.0   0.14900
   2935.0   0.14962
   2940.0   0.14757
   2945.0   0.14985
   2950.0   0.14624
   2955.0   0.14876
   2960.0   0.14726
   2965.0   0.14735
   2970.0   0.14750
   2975.0   0.14700
   2980.0   0.14966
   2985.0   0.14949
   2990.0   0.15001
   2995.0   0.15031
   3000.0   0.15001
   3005.0   0.15161
   3010.0   0.15208
   3015.0   0.15314
   3020.0   0.15320
   3025.0   0.15379
   3030.0   0.15353
   3035.0   0.15416
   3040.0   0.15474
   3045.0   0.15549
   3050.0   0.15662
   3055.0   0.15696
   3060.0   0.15742
   3065.0   0.15758
   3070.0   0.15954
   3075.0   0.15808
   3080.0   0.15786
   3085.0   0.15636
   3090.0   0.16020
   3095.0   0.15922
   3100.0   0.16081
   3105.0   0.16103
   3110.0   0.16143
   3115.0   0.16465
   3120.0   0.16532
   3125.0   0.16545
   3130.0   0.16663
   3135.0   0.16658
   3140.0   0.16996
   3145.0   0.16976
   3150.0   0.16959
   3155.0   0.17198
   3160.0   0.17230
   3165.0   0.17399
   3170.0   0.17647
   3175.0   0.17695
   3180.0   0.17813
   3185.0   0.17932
   3190.0   0.18167
   3195.0   0.18240
   3200.0   0.18340
   3205.0   0.18494
   3210.0   0.18814
   3215.0   0.18751
   3220.0   0.18946
   3225.0   0.19144
   3230.0   0.19218
   3235.0   0.19335
   3240.0   0.19420
   3245.0   0.19483
   3250.0   0.19617
   3255.0   0.19866
   3260.0   0.19926
   3265.0   0.20077
   3270.0   0.19978
   3275.0   0.20155
   3280.0   0.20380
   3285.0   0.20361
   3290.0   0.20520
   3295.0   0.20409
   3300.0   0.20495
   3305.0   0.20674
   3310.0   0.20707
   3315.0   0.20534
   3320.0   0.20373
   3325.0   0.20248
   3330.0   0.19787
   3335.0   0.18909
   3340.0   0.17721
   3345.0   0.16611
   3350.0   0.15277
   3355.0   0.14702
   3360.0   0.14489
   3365.0   0.14705
   3370.0   0.15024
   3375.0   0.15048
   3380.0   0.15418
   3385.0   0.15571
   3390.0   0.15720
   3395.0   0.16126
   3400.0   0.16298
   3405.0   0.16372
   3410.0   0.16761
   3415.0   0.16950
   3420.0   0.16851
   3425.0   0.16682
   3430.0   0.16933
   3435.0   0.16746
   3440.0   0.16879
   3445.0   0.16870
   3450.0   0.16324
   3455.0   0.16409
   3460.0   0.16229
   3465.0   0.15452
   3470.0   0.15012
   3475.0   0.14169
   3480.0   0.13474
   3485.0   0.13325
   3490.0   0.14096
   3495.0   0.14570
   3500.0   0.15214
   3505.0   0.16071
   3510.0   0.17265
   3515.0   0.17668
   3520.0   0.18570
   3525.0   0.19640
   3530.0   0.21371
   3535.0   0.22642
   3540.0   0.24163
   3545.0   0.26210
   3550.0   0.25983
   3555.0   0.27226
   3560.0   0.28435
   3565.0   0.27968
   3570.0   0.29538
   3575.0   0.30085
   3580.0   0.29809
   3585.0   0.31183
   3590.0   0.32451
   3595.0   0.31612
   3600.0   0.34035



 C1SH16      .ASC                        

 SH-SJG-016                                                              
 1503  CALCITE PERAMEA, SPAIN                                            
 RATIOS ADJUSTED USING NBS HALON CALIBRATION TABLE                       

 Source Ang: 30.00   Detect Ang:  0.00  Volt: 0.222
 Date: 12-MAY-89   Time: 10:45:44
