   661
    300.0   0.08462
    305.0   0.08873
    310.0   0.10049
    315.0   0.11703
    320.0   0.13751
    325.0   0.15726
    330.0   0.17535
    335.0   0.19169
    340.0   0.20428
    345.0   0.21271
    350.0   0.22134
    355.0   0.22887
    360.0   0.23623
    365.0   0.24372
    370.0   0.25311
    375.0   0.26177
    380.0   0.27048
    385.0   0.28023
    390.0   0.28632
    395.0   0.28717
    400.0   0.29903
    405.0   0.32348
    410.0   0.33666
    415.0   0.35165
    420.0   0.36167
    425.0   0.37188
    430.0   0.38200
    435.0   0.38980
    440.0   0.39518
    445.0   0.40129
    450.0   0.40997
    455.0   0.42129
    460.0   0.42988
    465.0   0.43768
    470.0   0.44323
    475.0   0.45124
    480.0   0.45553
    485.0   0.45994
    490.0   0.47246
    495.0   0.49196
    500.0   0.50153
    505.0   0.50629
    510.0   0.51092
    515.0   0.51834
    520.0   0.52757
    525.0   0.54010
    530.0   0.55535
    535.0   0.57115
    540.0   0.58857
    545.0   0.60272
    550.0   0.61763
    555.0   0.63018
    560.0   0.64082
    565.0   0.64989
    570.0   0.65803
    575.0   0.66614
    580.0   0.67290
    585.0   0.67762
    590.0   0.68161
    595.0   0.68440
    600.0   0.68800
    605.0   0.68978
    610.0   0.69076
    615.0   0.69270
    620.0   0.69340
    625.0   0.69647
    630.0   0.69793
    635.0   0.70071
    640.0   0.70372
    645.0   0.70798
    650.0   0.71269
    655.0   0.71780
    660.0   0.72338
    665.0   0.72966
    670.0   0.73719
    675.0   0.74289
    680.0   0.75083
    685.0   0.75847
    690.0   0.76206
    695.0   0.76661
    700.0   0.76892
    705.0   0.77023
    710.0   0.77101
    715.0   0.76753
    720.0   0.76503
    725.0   0.76086
    730.0   0.75580
    735.0   0.74922
    740.0   0.74076
    745.0   0.73305
    750.0   0.72459
    755.0   0.71215
    760.0   0.69893
    765.0   0.68806
    770.0   0.67627
    775.0   0.66135
    780.0   0.64781
    785.0   0.63346
    790.0   0.61983
    795.0   0.60681
    800.0   0.59252
    805.0   0.57739
    810.0   0.56115
    815.0   0.54612
    820.0   0.53212
    825.0   0.51873
    830.0   0.50248
    835.0   0.48867
    840.0   0.47646
    845.0   0.46231
    850.0   0.45051
    855.0   0.43694
    860.0   0.42471
    865.0   0.41466
    870.0   0.40183
    875.0   0.39136
    880.0   0.38057
    885.0   0.37019
    890.0   0.36119
    895.0   0.35082
    900.0   0.34220
    905.0   0.33310
    910.0   0.32469
    915.0   0.31715
    920.0   0.30890
    925.0   0.30165
    930.0   0.29479
    935.0   0.28847
    940.0   0.28067
    945.0   0.27538
    950.0   0.27028
    955.0   0.26578
    960.0   0.26077
    965.0   0.25663
    970.0   0.25237
    975.0   0.24897
    980.0   0.24521
    985.0   0.24243
    990.0   0.23934
    995.0   0.23735
   1000.0   0.23448
   1005.0   0.23276
   1010.0   0.23125
   1015.0   0.23004
   1020.0   0.22855
   1025.0   0.22799
   1030.0   0.22742
   1035.0   0.22690
   1040.0   0.22629
   1045.0   0.22638
   1050.0   0.22638
   1055.0   0.22665
   1060.0   0.22711
   1065.0   0.22803
   1070.0   0.22821
   1075.0   0.22867
   1080.0   0.22956
   1085.0   0.23064
   1090.0   0.23079
   1095.0   0.23126
   1100.0   0.23228
   1105.0   0.23318
   1110.0   0.23415
   1115.0   0.23405
   1120.0   0.23493
   1125.0   0.23557
   1130.0   0.23563
   1135.0   0.23624
   1140.0   0.23652
   1145.0   0.23703
   1150.0   0.23696
   1155.0   0.23756
   1160.0   0.23777
   1165.0   0.23807
   1170.0   0.23772
   1175.0   0.23809
   1180.0   0.23807
   1185.0   0.23800
   1190.0   0.23812
   1195.0   0.23831
   1200.0   0.23845
   1205.0   0.24006
   1210.0   0.24097
   1215.0   0.24080
   1220.0   0.24204
   1225.0   0.24175
   1230.0   0.24324
   1235.0   0.24370
   1240.0   0.24507
   1245.0   0.24600
   1250.0   0.24716
   1255.0   0.24850
   1260.0   0.24975
   1265.0   0.25218
   1270.0   0.25450
   1275.0   0.25664
   1280.0   0.25869
   1285.0   0.26128
   1290.0   0.26488
   1295.0   0.26709
   1300.0   0.26989
   1305.0   0.27307
   1310.0   0.27733
   1315.0   0.28112
   1320.0   0.28444
   1325.0   0.28831
   1330.0   0.29346
   1335.0   0.29787
   1340.0   0.30316
   1345.0   0.30748
   1350.0   0.31219
   1355.0   0.31734
   1360.0   0.32243
   1365.0   0.32882
   1370.0   0.33437
   1375.0   0.34197
   1380.0   0.34921
   1385.0   0.35560
   1390.0   0.36269
   1395.0   0.36891
   1400.0   0.37671
   1405.0   0.38580
   1410.0   0.39331
   1415.0   0.40261
   1420.0   0.41027
   1425.0   0.41776
   1430.0   0.42674
   1435.0   0.43551
   1440.0   0.44538
   1445.0   0.45372
   1450.0   0.46440
   1455.0   0.47380
   1460.0   0.48328
   1465.0   0.49422
   1470.0   0.50158
   1475.0   0.51110
   1480.0   0.52092
   1485.0   0.53168
   1490.0   0.54282
   1495.0   0.55300
   1500.0   0.56341
   1505.0   0.57320
   1510.0   0.58147
   1515.0   0.59161
   1520.0   0.60152
   1525.0   0.61235
   1530.0   0.62213
   1535.0   0.63382
   1540.0   0.64222
   1545.0   0.64900
   1550.0   0.65994
   1555.0   0.67029
   1560.0   0.67857
   1565.0   0.68611
   1570.0   0.69563
   1575.0   0.70481
   1580.0   0.71316
   1585.0   0.72177
   1590.0   0.72850
   1595.0   0.73780
   1600.0   0.74629
   1605.0   0.75377
   1610.0   0.76080
   1615.0   0.76844
   1620.0   0.77619
   1625.0   0.78260
   1630.0   0.78493
   1635.0   0.79351
   1640.0   0.79884
   1645.0   0.80435
   1650.0   0.80934
   1655.0   0.81522
   1660.0   0.81806
   1665.0   0.82311
   1670.0   0.82764
   1675.0   0.82797
   1680.0   0.83347
   1685.0   0.83603
   1690.0   0.84291
   1695.0   0.84632
   1700.0   0.85101
   1705.0   0.85275
   1710.0   0.85509
   1715.0   0.85971
   1720.0   0.86130
   1725.0   0.86299
   1730.0   0.86403
   1735.0   0.86493
   1740.0   0.86795
   1745.0   0.87124
   1750.0   0.87265
   1755.0   0.87548
   1760.0   0.87761
   1765.0   0.87908
   1770.0   0.88185
   1775.0   0.88370
   1780.0   0.88468
   1785.0   0.88375
   1790.0   0.88326
   1795.0   0.88403
   1800.0   0.88356
   1805.0   0.88185
   1810.0   0.88278
   1815.0   0.88215
   1820.0   0.88157
   1825.0   0.88108
   1830.0   0.87890
   1835.0   0.87690
   1840.0   0.87953
   1845.0   0.87707
   1850.0   0.87415
   1855.0   0.87187
   1860.0   0.86934
   1865.0   0.86932
   1870.0   0.86775
   1875.0   0.87266
   1880.0   0.87438
   1885.0   0.87408
   1890.0   0.87517
   1895.0   0.87505
   1900.0   0.87594
   1905.0   0.87707
   1910.0   0.87526
   1915.0   0.87447
   1920.0   0.87340
   1925.0   0.87143
   1930.0   0.87002
   1935.0   0.86904
   1940.0   0.86674
   1945.0   0.86688
   1950.0   0.86842
   1955.0   0.86611
   1960.0   0.86322
   1965.0   0.86221
   1970.0   0.86180
   1975.0   0.86129
   1980.0   0.85896
   1985.0   0.85674
   1990.0   0.85598
   1995.0   0.85661
   2000.0   0.86012
   2005.0   0.86483
   2010.0   0.87007
   2015.0   0.87106
   2020.0   0.87506
   2025.0   0.87640
   2030.0   0.87765
   2035.0   0.87757
   2040.0   0.87812
   2045.0   0.87773
   2050.0   0.87786
   2055.0   0.87774
   2060.0   0.87673
   2065.0   0.87557
   2070.0   0.87477
   2075.0   0.87337
   2080.0   0.87048
   2085.0   0.87059
   2090.0   0.87038
   2095.0   0.86787
   2100.0   0.86441
   2105.0   0.85918
   2110.0   0.85644
   2115.0   0.85517
   2120.0   0.85175
   2125.0   0.84951
   2130.0   0.84714
   2135.0   0.84200
   2140.0   0.84036
   2145.0   0.83548
   2150.0   0.83266
   2155.0   0.83269
   2160.0   0.83260
   2165.0   0.83380
   2170.0   0.83482
   2175.0   0.83218
   2180.0   0.82986
   2185.0   0.82882
   2190.0   0.82728
   2195.0   0.82435
   2200.0   0.81925
   2205.0   0.81473
   2210.0   0.80799
   2215.0   0.80195
   2220.0   0.79470
   2225.0   0.78658
   2230.0   0.77839
   2235.0   0.76827
   2240.0   0.75766
   2245.0   0.74950
   2250.0   0.74165
   2255.0   0.73111
   2260.0   0.72213
   2265.0   0.71201
   2270.0   0.70340
   2275.0   0.69813
   2280.0   0.69038
   2285.0   0.68323
   2290.0   0.67818
   2295.0   0.67254
   2300.0   0.66683
   2305.0   0.66350
   2310.0   0.66070
   2315.0   0.65778
   2320.0   0.65593
   2325.0   0.65401
   2330.0   0.65496
   2335.0   0.65920
   2340.0   0.66593
   2345.0   0.67628
   2350.0   0.68960
   2355.0   0.70245
   2360.0   0.71483
   2365.0   0.72110
   2370.0   0.72844
   2375.0   0.73565
   2380.0   0.73991
   2385.0   0.74301
   2390.0   0.74245
   2395.0   0.74073
   2400.0   0.73906
   2405.0   0.73279
   2410.0   0.72845
   2415.0   0.72244
   2420.0   0.71735
   2425.0   0.70877
   2430.0   0.69835
   2435.0   0.68539
   2440.0   0.67364
   2445.0   0.66291
   2450.0   0.64962
   2455.0   0.63402
   2460.0   0.61899
   2465.0   0.60793
   2470.0   0.59880
   2475.0   0.59312
   2480.0   0.58080
   2485.0   0.57303
   2490.0   0.56619
   2495.0   0.56316
   2500.0   0.55728
   2505.0   0.55013
   2510.0   0.54600
   2515.0   0.54122
   2520.0   0.53700
   2525.0   0.53819
   2530.0   0.54070
   2535.0   0.55173
   2540.0   0.56932
   2545.0   0.58248
   2550.0   0.60231
   2555.0   0.62560
   2560.0   0.63228
   2565.0   0.65858
   2570.0   0.67831
   2575.0   0.68606
   2580.0   0.70037
   2585.0   0.70990
   2590.0   0.72232
   2595.0   0.72878
   2600.0   0.73784
   2605.0   0.74354
   2610.0   0.74889
   2615.0   0.75050
   2620.0   0.75165
   2625.0   0.75344
   2630.0   0.75440
   2635.0   0.75196
   2640.0   0.75005
   2645.0   0.75349
   2650.0   0.75263
   2655.0   0.75563
   2660.0   0.75824
   2665.0   0.75640
   2670.0   0.75932
   2675.0   0.76059
   2680.0   0.74859
   2685.0   0.73672
   2690.0   0.72632
   2695.0   0.71981
   2700.0   0.71356
   2705.0   0.70382
   2710.0   0.69681
   2715.0   0.69842
   2720.0   0.69309
   2725.0   0.67318
   2730.0   0.66347
   2735.0   0.65402
   2740.0   0.64692
   2745.0   0.63169
   2750.0   0.62191
   2755.0   0.61199
   2760.0   0.59732
   2765.0   0.58307
   2770.0   0.56678
   2775.0   0.54114
   2780.0   0.53905
   2785.0   0.52566
   2790.0   0.53277
   2795.0   0.52836
   2800.0   0.53305
   2805.0   0.53687
   2810.0   0.55895
   2815.0   0.55589
   2820.0   0.56309
   2825.0   0.56100
   2830.0   0.57122
   2835.0   0.57531
   2840.0   0.57184
   2845.0   0.57002
   2850.0   0.56609
   2855.0   0.56904
   2860.0   0.56735
   2865.0   0.56289
   2870.0   0.55997
   2875.0   0.56036
   2880.0   0.55424
   2885.0   0.54884
   2890.0   0.55391
   2895.0   0.54494
   2900.0   0.54534
   2905.0   0.54892
   2910.0   0.54242
   2915.0   0.55580
   2920.0   0.55028
   2925.0   0.54284
   2930.0   0.53591
   2935.0   0.53967
   2940.0   0.53493
   2945.0   0.53903
   2950.0   0.53437
   2955.0   0.53994
   2960.0   0.53370
   2965.0   0.53417
   2970.0   0.53088
   2975.0   0.52852
   2980.0   0.52486
   2985.0   0.52442
   2990.0   0.52672
   2995.0   0.52820
   3000.0   0.52367
   3005.0   0.52293
   3010.0   0.51947
   3015.0   0.51666
   3020.0   0.51633
   3025.0   0.50867
   3030.0   0.51035
   3035.0   0.50513
   3040.0   0.50409
   3045.0   0.49865
   3050.0   0.49421
   3055.0   0.49116
   3060.0   0.48463
   3065.0   0.47415
   3070.0   0.47531
   3075.0   0.47180
   3080.0   0.46890
   3085.0   0.46829
   3090.0   0.46676
   3095.0   0.46764
   3100.0   0.46742
   3105.0   0.46782
   3110.0   0.47072
   3115.0   0.47052
   3120.0   0.47271
   3125.0   0.47164
   3130.0   0.47144
   3135.0   0.47044
   3140.0   0.46956
   3145.0   0.46969
   3150.0   0.46864
   3155.0   0.46818
   3160.0   0.46655
   3165.0   0.46214
   3170.0   0.46260
   3175.0   0.45948
   3180.0   0.46010
   3185.0   0.45945
   3190.0   0.46125
   3195.0   0.45643
   3200.0   0.45302
   3205.0   0.45164
   3210.0   0.44514
   3215.0   0.44180
   3220.0   0.43112
   3225.0   0.42127
   3230.0   0.41113
   3235.0   0.40587
   3240.0   0.39618
   3245.0   0.38569
   3250.0   0.37157
   3255.0   0.35713
   3260.0   0.34636
   3265.0   0.33088
   3270.0   0.31457
   3275.0   0.29303
   3280.0   0.27413
   3285.0   0.25498
   3290.0   0.23226
   3295.0   0.21488
   3300.0   0.19451
   3305.0   0.17599
   3310.0   0.16318
   3315.0   0.15482
   3320.0   0.15086
   3325.0   0.14576
   3330.0   0.14640
   3335.0   0.14301
   3340.0   0.14147
   3345.0   0.14442
   3350.0   0.14434
   3355.0   0.13952
   3360.0   0.14115
   3365.0   0.14296
   3370.0   0.14364
   3375.0   0.14298
   3380.0   0.14141
   3385.0   0.14177
   3390.0   0.14222
   3395.0   0.14075
   3400.0   0.14166
   3405.0   0.14380
   3410.0   0.14321
   3415.0   0.13896
   3420.0   0.13917
   3425.0   0.13946
   3430.0   0.13389
   3435.0   0.13166
   3440.0   0.13116
   3445.0   0.12511
   3450.0   0.12530
   3455.0   0.12535
   3460.0   0.11777
   3465.0   0.12161
   3470.0   0.12653
   3475.0   0.12417
   3480.0   0.12477
   3485.0   0.12939
   3490.0   0.14161
   3495.0   0.14371
   3500.0   0.14914
   3505.0   0.15059
   3510.0   0.16760
   3515.0   0.17523
   3520.0   0.17505
   3525.0   0.18479
   3530.0   0.19860
   3535.0   0.21275
   3540.0   0.21257
   3545.0   0.22972
   3550.0   0.22787
   3555.0   0.23616
   3560.0   0.25600
   3565.0   0.24802
   3570.0   0.26356
   3575.0   0.27066
   3580.0   0.27742
   3585.0   0.28126
   3590.0   0.28804
   3595.0   0.31203
   3600.0   0.29334



 C1SH05      .ASC                        

 SH-SJG-005                                                              
 6515B SIDERITE  MORRO VELHO, BRAZIL                                     
 RATIOS ADJUSTED USING NBS HALON CALIBRATION TABLE                       

 Source Ang: 30.00   Detect Ang:  0.00  Volt: 0.222
 Date: 03-MAY-89   Time: 11:15:06
