   661
    300.0   0.40314
    305.0   0.41022
    310.0   0.41644
    315.0   0.41538
    320.0   0.42339
    325.0   0.43397
    330.0   0.44610
    335.0   0.45883
    340.0   0.47847
    345.0   0.49920
    350.0   0.52319
    355.0   0.54690
    360.0   0.56948
    365.0   0.59102
    370.0   0.60975
    375.0   0.62488
    380.0   0.63621
    385.0   0.64651
    390.0   0.65334
    395.0   0.65932
    400.0   0.66233
    405.0   0.66688
    410.0   0.67331
    415.0   0.67747
    420.0   0.68159
    425.0   0.68516
    430.0   0.68955
    435.0   0.69264
    440.0   0.69595
    445.0   0.70040
    450.0   0.70322
    455.0   0.71045
    460.0   0.71078
    465.0   0.71458
    470.0   0.71563
    475.0   0.71723
    480.0   0.71918
    485.0   0.72178
    490.0   0.72343
    495.0   0.72584
    500.0   0.72592
    505.0   0.72760
    510.0   0.72905
    515.0   0.73111
    520.0   0.73215
    525.0   0.73379
    530.0   0.73410
    535.0   0.73578
    540.0   0.73739
    545.0   0.73760
    550.0   0.73803
    555.0   0.73961
    560.0   0.73997
    565.0   0.74006
    570.0   0.74155
    575.0   0.74264
    580.0   0.74406
    585.0   0.74416
    590.0   0.74457
    595.0   0.74456
    600.0   0.74646
    605.0   0.74671
    610.0   0.74630
    615.0   0.74662
    620.0   0.74642
    625.0   0.74723
    630.0   0.74630
    635.0   0.74719
    640.0   0.74784
    645.0   0.74828
    650.0   0.74892
    655.0   0.74903
    660.0   0.74955
    665.0   0.74970
    670.0   0.75019
    675.0   0.75027
    680.0   0.75142
    685.0   0.75216
    690.0   0.75159
    695.0   0.75156
    700.0   0.75146
    705.0   0.75211
    710.0   0.75248
    715.0   0.75207
    720.0   0.75208
    725.0   0.75350
    730.0   0.75374
    735.0   0.75392
    740.0   0.75441
    745.0   0.75496
    750.0   0.75503
    755.0   0.75475
    760.0   0.75393
    765.0   0.75538
    770.0   0.75574
    775.0   0.75351
    780.0   0.75439
    785.0   0.75451
    790.0   0.75546
    795.0   0.75693
    800.0   0.75632
    805.0   0.75571
    810.0   0.75503
    815.0   0.75558
    820.0   0.75609
    825.0   0.75684
    830.0   0.75561
    835.0   0.75491
    840.0   0.75560
    845.0   0.75553
    850.0   0.75450
    855.0   0.75332
    860.0   0.75241
    865.0   0.75295
    870.0   0.75285
    875.0   0.75231
    880.0   0.75218
    885.0   0.75127
    890.0   0.75272
    895.0   0.75115
    900.0   0.75117
    905.0   0.74973
    910.0   0.75003
    915.0   0.74892
    920.0   0.74851
    925.0   0.74710
    930.0   0.74652
    935.0   0.74746
    940.0   0.74515
    945.0   0.74429
    950.0   0.74480
    955.0   0.74418
    960.0   0.74388
    965.0   0.74342
    970.0   0.74286
    975.0   0.74301
    980.0   0.74141
    985.0   0.74176
    990.0   0.74128
    995.0   0.74056
   1000.0   0.73931
   1005.0   0.74051
   1010.0   0.73954
   1015.0   0.73985
   1020.0   0.73874
   1025.0   0.74027
   1030.0   0.73948
   1035.0   0.73921
   1040.0   0.73988
   1045.0   0.74018
   1050.0   0.73955
   1055.0   0.74033
   1060.0   0.73978
   1065.0   0.73965
   1070.0   0.73989
   1075.0   0.74067
   1080.0   0.74018
   1085.0   0.74116
   1090.0   0.74160
   1095.0   0.74127
   1100.0   0.74216
   1105.0   0.74213
   1110.0   0.74164
   1115.0   0.74215
   1120.0   0.74143
   1125.0   0.74261
   1130.0   0.74311
   1135.0   0.74250
   1140.0   0.74226
   1145.0   0.74266
   1150.0   0.74377
   1155.0   0.74361
   1160.0   0.74437
   1165.0   0.74341
   1170.0   0.74446
   1175.0   0.74462
   1180.0   0.74465
   1185.0   0.74473
   1190.0   0.74412
   1195.0   0.74361
   1200.0   0.74478
   1205.0   0.74511
   1210.0   0.74516
   1215.0   0.74548
   1220.0   0.74603
   1225.0   0.74370
   1230.0   0.74446
   1235.0   0.74460
   1240.0   0.74433
   1245.0   0.74676
   1250.0   0.74543
   1255.0   0.74564
   1260.0   0.74464
   1265.0   0.74564
   1270.0   0.74569
   1275.0   0.74608
   1280.0   0.74514
   1285.0   0.74593
   1290.0   0.74692
   1295.0   0.74676
   1300.0   0.74657
   1305.0   0.74824
   1310.0   0.74688
   1315.0   0.74878
   1320.0   0.74869
   1325.0   0.74844
   1330.0   0.74954
   1335.0   0.75044
   1340.0   0.74990
   1345.0   0.74902
   1350.0   0.74708
   1355.0   0.74582
   1360.0   0.74312
   1365.0   0.74641
   1370.0   0.74602
   1375.0   0.74747
   1380.0   0.74633
   1385.0   0.74761
   1390.0   0.74864
   1395.0   0.74450
   1400.0   0.74550
   1405.0   0.74577
   1410.0   0.74527
   1415.0   0.74726
   1420.0   0.74627
   1425.0   0.74738
   1430.0   0.74636
   1435.0   0.74653
   1440.0   0.74638
   1445.0   0.74634
   1450.0   0.74703
   1455.0   0.74798
   1460.0   0.74792
   1465.0   0.74989
   1470.0   0.74932
   1475.0   0.75063
   1480.0   0.75000
   1485.0   0.75158
   1490.0   0.75296
   1495.0   0.75304
   1500.0   0.75558
   1505.0   0.75511
   1510.0   0.75503
   1515.0   0.75620
   1520.0   0.75647
   1525.0   0.75723
   1530.0   0.75677
   1535.0   0.75652
   1540.0   0.75733
   1545.0   0.75607
   1550.0   0.75581
   1555.0   0.75625
   1560.0   0.75697
   1565.0   0.75735
   1570.0   0.75904
   1575.0   0.75929
   1580.0   0.75871
   1585.0   0.75949
   1590.0   0.76009
   1595.0   0.75966
   1600.0   0.76105
   1605.0   0.76124
   1610.0   0.76055
   1615.0   0.76167
   1620.0   0.76045
   1625.0   0.76150
   1630.0   0.75850
   1635.0   0.76022
   1640.0   0.75924
   1645.0   0.76019
   1650.0   0.75932
   1655.0   0.75983
   1660.0   0.76161
   1665.0   0.76231
   1670.0   0.76002
   1675.0   0.75815
   1680.0   0.75837
   1685.0   0.75709
   1690.0   0.75763
   1695.0   0.75807
   1700.0   0.75773
   1705.0   0.75514
   1710.0   0.75492
   1715.0   0.75539
   1720.0   0.75530
   1725.0   0.75442
   1730.0   0.75470
   1735.0   0.75300
   1740.0   0.75361
   1745.0   0.75445
   1750.0   0.75463
   1755.0   0.75732
   1760.0   0.75897
   1765.0   0.75874
   1770.0   0.75942
   1775.0   0.75980
   1780.0   0.75962
   1785.0   0.75784
   1790.0   0.75491
   1795.0   0.75445
   1800.0   0.75383
   1805.0   0.75098
   1810.0   0.74918
   1815.0   0.74695
   1820.0   0.74512
   1825.0   0.74355
   1830.0   0.74143
   1835.0   0.73922
   1840.0   0.74078
   1845.0   0.73613
   1850.0   0.72915
   1855.0   0.72266
   1860.0   0.71683
   1865.0   0.71811
   1870.0   0.72412
   1875.0   0.74450
   1880.0   0.74767
   1885.0   0.74694
   1890.0   0.74479
   1895.0   0.74011
   1900.0   0.73552
   1905.0   0.73372
   1910.0   0.73084
   1915.0   0.72842
   1920.0   0.72678
   1925.0   0.72340
   1930.0   0.71923
   1935.0   0.71759
   1940.0   0.71542
   1945.0   0.71311
   1950.0   0.71208
   1955.0   0.71051
   1960.0   0.70817
   1965.0   0.70461
   1970.0   0.70145
   1975.0   0.69885
   1980.0   0.69761
   1985.0   0.69817
   1990.0   0.70314
   1995.0   0.71299
   2000.0   0.72285
   2005.0   0.73100
   2010.0   0.73586
   2015.0   0.73898
   2020.0   0.74241
   2025.0   0.74282
   2030.0   0.74387
   2035.0   0.74479
   2040.0   0.74552
   2045.0   0.74596
   2050.0   0.74514
   2055.0   0.74531
   2060.0   0.74437
   2065.0   0.74299
   2070.0   0.74090
   2075.0   0.74034
   2080.0   0.73882
   2085.0   0.73759
   2090.0   0.73620
   2095.0   0.73446
   2100.0   0.73223
   2105.0   0.72831
   2110.0   0.72566
   2115.0   0.72171
   2120.0   0.71612
   2125.0   0.71069
   2130.0   0.70602
   2135.0   0.70042
   2140.0   0.69684
   2145.0   0.69508
   2150.0   0.69900
   2155.0   0.70432
   2160.0   0.70919
   2165.0   0.71047
   2170.0   0.71302
   2175.0   0.71157
   2180.0   0.70913
   2185.0   0.70770
   2190.0   0.70322
   2195.0   0.69750
   2200.0   0.69067
   2205.0   0.68329
   2210.0   0.67381
   2215.0   0.66393
   2220.0   0.65382
   2225.0   0.64590
   2230.0   0.63704
   2235.0   0.62568
   2240.0   0.61182
   2245.0   0.59648
   2250.0   0.57772
   2255.0   0.55550
   2260.0   0.53269
   2265.0   0.51461
   2270.0   0.50050
   2275.0   0.49373
   2280.0   0.48896
   2285.0   0.48382
   2290.0   0.47483
   2295.0   0.46393
   2300.0   0.45370
   2305.0   0.44441
   2310.0   0.43311
   2315.0   0.42430
   2320.0   0.41626
   2325.0   0.41427
   2330.0   0.42350
   2335.0   0.45006
   2340.0   0.48847
   2345.0   0.53339
   2350.0   0.58543
   2355.0   0.63142
   2360.0   0.65601
   2365.0   0.66472
   2370.0   0.66662
   2375.0   0.66236
   2380.0   0.65102
   2385.0   0.64127
   2390.0   0.63652
   2395.0   0.62888
   2400.0   0.61800
   2405.0   0.60772
   2410.0   0.60005
   2415.0   0.58903
   2420.0   0.57317
   2425.0   0.55091
   2430.0   0.52614
   2435.0   0.50406
   2440.0   0.48126
   2445.0   0.45721
   2450.0   0.43260
   2455.0   0.41309
   2460.0   0.39947
   2465.0   0.39157
   2470.0   0.38588
   2475.0   0.38749
   2480.0   0.37813
   2485.0   0.36428
   2490.0   0.34614
   2495.0   0.33103
   2500.0   0.31607
   2505.0   0.30508
   2510.0   0.29535
   2515.0   0.28995
   2520.0   0.29082
   2525.0   0.30123
   2530.0   0.32206
   2535.0   0.36340
   2540.0   0.41678
   2545.0   0.46899
   2550.0   0.52933
   2555.0   0.57604
   2560.0   0.58225
   2565.0   0.60924
   2570.0   0.62960
   2575.0   0.63787
   2580.0   0.65225
   2585.0   0.65970
   2590.0   0.67218
   2595.0   0.67644
   2600.0   0.68066
   2605.0   0.68385
   2610.0   0.68732
   2615.0   0.68405
   2620.0   0.68016
   2625.0   0.67512
   2630.0   0.67181
   2635.0   0.66260
   2640.0   0.65745
   2645.0   0.65406
   2650.0   0.65007
   2655.0   0.64954
   2660.0   0.64659
   2665.0   0.63561
   2670.0   0.63387
   2675.0   0.61963
   2680.0   0.58994
   2685.0   0.55695
   2690.0   0.53645
   2695.0   0.52417
   2700.0   0.51699
   2705.0   0.50982
   2710.0   0.50338
   2715.0   0.50108
   2720.0   0.49430
   2725.0   0.46224
   2730.0   0.44233
   2735.0   0.41907
   2740.0   0.40350
   2745.0   0.38046
   2750.0   0.36015
   2755.0   0.33368
   2760.0   0.31163
   2765.0   0.30619
   2770.0   0.28677
   2775.0   0.27226
   2780.0   0.28521
   2785.0   0.30013
   2790.0   0.31379
   2795.0   0.32222
   2800.0   0.32702
   2805.0   0.33222
   2810.0   0.34877
   2815.0   0.34969
   2820.0   0.34379
   2825.0   0.34988
   2830.0   0.35004
   2835.0   0.35103
   2840.0   0.34484
   2845.0   0.33713
   2850.0   0.33964
   2855.0   0.32752
   2860.0   0.32755
   2865.0   0.32358
   2870.0   0.31754
   2875.0   0.32154
   2880.0   0.31649
   2885.0   0.31035
   2890.0   0.30840
   2895.0   0.30324
   2900.0   0.30202
   2905.0   0.29894
   2910.0   0.29140
   2915.0   0.30141
   2920.0   0.29484
   2925.0   0.28816
   2930.0   0.28349
   2935.0   0.28278
   2940.0   0.28153
   2945.0   0.28018
   2950.0   0.27916
   2955.0   0.28142
   2960.0   0.28458
   2965.0   0.28660
   2970.0   0.28172
   2975.0   0.28054
   2980.0   0.27757
   2985.0   0.27652
   2990.0   0.27638
   2995.0   0.27748
   3000.0   0.27766
   3005.0   0.27802
   3010.0   0.27428
   3015.0   0.27302
   3020.0   0.26962
   3025.0   0.26597
   3030.0   0.26149
   3035.0   0.25571
   3040.0   0.25319
   3045.0   0.24816
   3050.0   0.24628
   3055.0   0.24447
   3060.0   0.24538
   3065.0   0.23918
   3070.0   0.23504
   3075.0   0.23255
   3080.0   0.22896
   3085.0   0.22834
   3090.0   0.22783
   3095.0   0.23038
   3100.0   0.23383
   3105.0   0.23788
   3110.0   0.24321
   3115.0   0.24166
   3120.0   0.24376
   3125.0   0.24475
   3130.0   0.24562
   3135.0   0.24608
   3140.0   0.24755
   3145.0   0.25195
   3150.0   0.26011
   3155.0   0.26864
   3160.0   0.27563
   3165.0   0.28272
   3170.0   0.28678
   3175.0   0.28728
   3180.0   0.28730
   3185.0   0.28336
   3190.0   0.28117
   3195.0   0.27908
   3200.0   0.27766
   3205.0   0.27489
   3210.0   0.27437
   3215.0   0.27218
   3220.0   0.26512
   3225.0   0.25960
   3230.0   0.25199
   3235.0   0.24493
   3240.0   0.23835
   3245.0   0.23267
   3250.0   0.22010
   3255.0   0.21377
   3260.0   0.20224
   3265.0   0.19218
   3270.0   0.18077
   3275.0   0.16647
   3280.0   0.14966
   3285.0   0.13089
   3290.0   0.10720
   3295.0   0.08060
   3300.0   0.05791
   3305.0   0.04003
   3310.0   0.03351
   3315.0   0.03193
   3320.0   0.03284
   3325.0   0.03138
   3330.0   0.03318
   3335.0   0.03113
   3340.0   0.03403
   3345.0   0.03682
   3350.0   0.03718
   3355.0   0.03771
   3360.0   0.04044
   3365.0   0.04231
   3370.0   0.04280
   3375.0   0.04667
   3380.0   0.04570
   3385.0   0.04480
   3390.0   0.04185
   3395.0   0.03843
   3400.0   0.04008
   3405.0   0.03715
   3410.0   0.03972
   3415.0   0.03569
   3420.0   0.03802
   3425.0   0.03383
   3430.0   0.03506
   3435.0   0.03238
   3440.0   0.03161
   3445.0   0.02946
   3450.0   0.03392
   3455.0   0.03255
   3460.0   0.03240
   3465.0   0.03347
   3470.0   0.03002
   3475.0   0.03725
   3480.0   0.03972
   3485.0   0.03665
   3490.0   0.03921
   3495.0   0.04509
   3500.0   0.05700
   3505.0   0.06661
   3510.0   0.08671
   3515.0   0.10195
   3520.0   0.13238
   3525.0   0.16307
   3530.0   0.17807
   3535.0   0.19676
   3540.0   0.20826
   3545.0   0.21408
   3550.0   0.21372
   3555.0   0.21635
   3560.0   0.22859
   3565.0   0.27622
   3570.0   0.29492
   3575.0   0.32361
   3580.0   0.32934
   3585.0   0.34324
   3590.0   0.32952
   3595.0   0.34103
   3600.0   0.34441



 C1SH06      .ASC                        

 SH-SJG-006                                                              
 6509   DOLOMITE  DEEP SPRINGS VALLEY CALIF                              
 RATIOS ADJUSTED USING NBS HALON CALIBRATION TABLE                       

 Source Ang: 30.00   Detect Ang:  0.00  Volt: 0.222
 Date: 03-MAY-89   Time: 11:38:48
