   661
    300.0   0.33070
    305.0   0.34242
    310.0   0.34620
    315.0   0.35532
    320.0   0.36366
    325.0   0.37511
    330.0   0.38710
    335.0   0.39785
    340.0   0.41085
    345.0   0.42457
    350.0   0.43816
    355.0   0.45404
    360.0   0.46882
    365.0   0.48364
    370.0   0.49946
    375.0   0.51456
    380.0   0.53002
    385.0   0.54418
    390.0   0.55728
    395.0   0.56941
    400.0   0.58157
    405.0   0.59350
    410.0   0.60702
    415.0   0.61768
    420.0   0.62784
    425.0   0.63831
    430.0   0.64764
    435.0   0.65649
    440.0   0.66554
    445.0   0.67415
    450.0   0.68247
    455.0   0.69537
    460.0   0.69963
    465.0   0.70850
    470.0   0.71412
    475.0   0.72023
    480.0   0.72611
    485.0   0.73282
    490.0   0.73930
    495.0   0.74711
    500.0   0.75156
    505.0   0.75676
    510.0   0.76271
    515.0   0.76957
    520.0   0.77584
    525.0   0.78153
    530.0   0.78815
    535.0   0.79466
    540.0   0.79953
    545.0   0.80396
    550.0   0.80923
    555.0   0.81402
    560.0   0.81807
    565.0   0.82193
    570.0   0.82472
    575.0   0.82908
    580.0   0.83289
    585.0   0.83492
    590.0   0.83742
    595.0   0.83835
    600.0   0.84140
    605.0   0.84318
    610.0   0.84376
    615.0   0.84527
    620.0   0.84624
    625.0   0.84801
    630.0   0.84781
    635.0   0.85008
    640.0   0.85117
    645.0   0.85256
    650.0   0.85424
    655.0   0.85499
    660.0   0.85781
    665.0   0.85917
    670.0   0.86015
    675.0   0.86175
    680.0   0.86293
    685.0   0.86485
    690.0   0.86562
    695.0   0.86541
    700.0   0.86675
    705.0   0.86670
    710.0   0.86694
    715.0   0.86641
    720.0   0.86516
    725.0   0.86668
    730.0   0.86594
    735.0   0.86494
    740.0   0.86405
    745.0   0.86280
    750.0   0.86053
    755.0   0.85851
    760.0   0.85666
    765.0   0.85507
    770.0   0.85162
    775.0   0.84507
    780.0   0.84210
    785.0   0.83888
    790.0   0.83347
    795.0   0.83008
    800.0   0.82466
    805.0   0.81804
    810.0   0.81190
    815.0   0.80588
    820.0   0.80113
    825.0   0.79408
    830.0   0.78712
    835.0   0.77850
    840.0   0.77321
    845.0   0.76514
    850.0   0.75704
    855.0   0.74967
    860.0   0.74199
    865.0   0.73380
    870.0   0.72767
    875.0   0.71945
    880.0   0.71113
    885.0   0.70332
    890.0   0.69660
    895.0   0.68858
    900.0   0.68120
    905.0   0.67324
    910.0   0.66563
    915.0   0.65851
    920.0   0.65233
    925.0   0.64456
    930.0   0.63776
    935.0   0.63209
    940.0   0.62443
    945.0   0.61766
    950.0   0.61295
    955.0   0.60761
    960.0   0.60117
    965.0   0.59630
    970.0   0.59125
    975.0   0.58746
    980.0   0.58248
    985.0   0.57873
    990.0   0.57479
    995.0   0.57048
   1000.0   0.56701
   1005.0   0.56588
   1010.0   0.56359
   1015.0   0.56111
   1020.0   0.55994
   1025.0   0.55965
   1030.0   0.55800
   1035.0   0.55706
   1040.0   0.55724
   1045.0   0.55719
   1050.0   0.55688
   1055.0   0.55746
   1060.0   0.55803
   1065.0   0.55931
   1070.0   0.56022
   1075.0   0.56212
   1080.0   0.56308
   1085.0   0.56480
   1090.0   0.56623
   1095.0   0.56746
   1100.0   0.56980
   1105.0   0.57148
   1110.0   0.57225
   1115.0   0.57398
   1120.0   0.57440
   1125.0   0.57678
   1130.0   0.57892
   1135.0   0.57819
   1140.0   0.57941
   1145.0   0.58079
   1150.0   0.58184
   1155.0   0.58227
   1160.0   0.58322
   1165.0   0.58406
   1170.0   0.58454
   1175.0   0.58518
   1180.0   0.58612
   1185.0   0.58580
   1190.0   0.58535
   1195.0   0.58545
   1200.0   0.58589
   1205.0   0.58675
   1210.0   0.58582
   1215.0   0.58557
   1220.0   0.58548
   1225.0   0.58523
   1230.0   0.58534
   1235.0   0.58520
   1240.0   0.58569
   1245.0   0.58714
   1250.0   0.58655
   1255.0   0.58736
   1260.0   0.58713
   1265.0   0.58859
   1270.0   0.58889
   1275.0   0.59014
   1280.0   0.59024
   1285.0   0.59176
   1290.0   0.59422
   1295.0   0.59448
   1300.0   0.59600
   1305.0   0.59847
   1310.0   0.59994
   1315.0   0.60329
   1320.0   0.60506
   1325.0   0.60602
   1330.0   0.60894
   1335.0   0.61319
   1340.0   0.61583
   1345.0   0.61727
   1350.0   0.61953
   1355.0   0.62117
   1360.0   0.62233
   1365.0   0.62780
   1370.0   0.63090
   1375.0   0.63652
   1380.0   0.63927
   1385.0   0.64469
   1390.0   0.64895
   1395.0   0.65069
   1400.0   0.65453
   1405.0   0.66027
   1410.0   0.66442
   1415.0   0.67012
   1420.0   0.67516
   1425.0   0.67920
   1430.0   0.68320
   1435.0   0.68738
   1440.0   0.69160
   1445.0   0.69641
   1450.0   0.70286
   1455.0   0.70834
   1460.0   0.71243
   1465.0   0.71824
   1470.0   0.72305
   1475.0   0.72874
   1480.0   0.73203
   1485.0   0.73721
   1490.0   0.74305
   1495.0   0.74739
   1500.0   0.75340
   1505.0   0.75785
   1510.0   0.76181
   1515.0   0.76592
   1520.0   0.77053
   1525.0   0.77603
   1530.0   0.77983
   1535.0   0.78366
   1540.0   0.78849
   1545.0   0.79091
   1550.0   0.79601
   1555.0   0.80051
   1560.0   0.80464
   1565.0   0.80655
   1570.0   0.81219
   1575.0   0.81683
   1580.0   0.81901
   1585.0   0.82352
   1590.0   0.82574
   1595.0   0.82983
   1600.0   0.83505
   1605.0   0.83864
   1610.0   0.84023
   1615.0   0.84416
   1620.0   0.84569
   1625.0   0.84959
   1630.0   0.85011
   1635.0   0.85390
   1640.0   0.85548
   1645.0   0.85912
   1650.0   0.85894
   1655.0   0.86309
   1660.0   0.86589
   1665.0   0.86885
   1670.0   0.86840
   1675.0   0.86655
   1680.0   0.87055
   1685.0   0.87078
   1690.0   0.87279
   1695.0   0.87437
   1700.0   0.87624
   1705.0   0.87626
   1710.0   0.87663
   1715.0   0.87839
   1720.0   0.87893
   1725.0   0.87879
   1730.0   0.87898
   1735.0   0.87905
   1740.0   0.88063
   1745.0   0.88290
   1750.0   0.88351
   1755.0   0.88706
   1760.0   0.88951
   1765.0   0.89047
   1770.0   0.89145
   1775.0   0.89280
   1780.0   0.89356
   1785.0   0.89276
   1790.0   0.89020
   1795.0   0.89074
   1800.0   0.89001
   1805.0   0.88719
   1810.0   0.88610
   1815.0   0.88467
   1820.0   0.88290
   1825.0   0.88074
   1830.0   0.87824
   1835.0   0.87648
   1840.0   0.87933
   1845.0   0.87599
   1850.0   0.87056
   1855.0   0.86354
   1860.0   0.85885
   1865.0   0.85765
   1870.0   0.86117
   1875.0   0.88193
   1880.0   0.88753
   1885.0   0.88746
   1890.0   0.88739
   1895.0   0.88406
   1900.0   0.88039
   1905.0   0.88191
   1910.0   0.87870
   1915.0   0.87673
   1920.0   0.87476
   1925.0   0.87143
   1930.0   0.86930
   1935.0   0.86767
   1940.0   0.86422
   1945.0   0.86225
   1950.0   0.86040
   1955.0   0.85955
   1960.0   0.85571
   1965.0   0.85193
   1970.0   0.84953
   1975.0   0.84657
   1980.0   0.84477
   1985.0   0.84342
   1990.0   0.84773
   1995.0   0.85487
   2000.0   0.86411
   2005.0   0.87361
   2010.0   0.87994
   2015.0   0.88128
   2020.0   0.88653
   2025.0   0.88800
   2030.0   0.88995
   2035.0   0.88998
   2040.0   0.89180
   2045.0   0.89128
   2050.0   0.89214
   2055.0   0.89137
   2060.0   0.89089
   2065.0   0.88905
   2070.0   0.88728
   2075.0   0.88624
   2080.0   0.88350
   2085.0   0.88140
   2090.0   0.88130
   2095.0   0.87917
   2100.0   0.87606
   2105.0   0.87214
   2110.0   0.86975
   2115.0   0.86654
   2120.0   0.86125
   2125.0   0.85603
   2130.0   0.85185
   2135.0   0.84454
   2140.0   0.84041
   2145.0   0.83789
   2150.0   0.83892
   2155.0   0.84223
   2160.0   0.84694
   2165.0   0.85067
   2170.0   0.85351
   2175.0   0.85094
   2180.0   0.84983
   2185.0   0.84786
   2190.0   0.84572
   2195.0   0.84130
   2200.0   0.83681
   2205.0   0.82959
   2210.0   0.82038
   2215.0   0.81227
   2220.0   0.80280
   2225.0   0.79599
   2230.0   0.78853
   2235.0   0.77808
   2240.0   0.76689
   2245.0   0.75314
   2250.0   0.73809
   2255.0   0.72080
   2260.0   0.70247
   2265.0   0.68549
   2270.0   0.67310
   2275.0   0.66607
   2280.0   0.65937
   2285.0   0.65433
   2290.0   0.64713
   2295.0   0.63881
   2300.0   0.63084
   2305.0   0.62251
   2310.0   0.61363
   2315.0   0.60654
   2320.0   0.59773
   2325.0   0.59595
   2330.0   0.60132
   2335.0   0.61552
   2340.0   0.63985
   2345.0   0.67199
   2350.0   0.70776
   2355.0   0.74729
   2360.0   0.77911
   2365.0   0.79641
   2370.0   0.80242
   2375.0   0.80246
   2380.0   0.79759
   2385.0   0.78993
   2390.0   0.78337
   2395.0   0.77659
   2400.0   0.76824
   2405.0   0.75938
   2410.0   0.75416
   2415.0   0.74559
   2420.0   0.73441
   2425.0   0.71639
   2430.0   0.69604
   2435.0   0.67531
   2440.0   0.65797
   2445.0   0.63725
   2450.0   0.61619
   2455.0   0.59708
   2460.0   0.58305
   2465.0   0.57390
   2470.0   0.56817
   2475.0   0.56644
   2480.0   0.55792
   2485.0   0.54775
   2490.0   0.53384
   2495.0   0.51820
   2500.0   0.50244
   2505.0   0.49131
   2510.0   0.48136
   2515.0   0.47294
   2520.0   0.47467
   2525.0   0.48058
   2530.0   0.49526
   2535.0   0.52677
   2540.0   0.56625
   2545.0   0.60404
   2550.0   0.65808
   2555.0   0.70647
   2560.0   0.71571
   2565.0   0.74700
   2570.0   0.76805
   2575.0   0.77464
   2580.0   0.78886
   2585.0   0.79578
   2590.0   0.81066
   2595.0   0.81779
   2600.0   0.82500
   2605.0   0.83054
   2610.0   0.83486
   2615.0   0.83565
   2620.0   0.82959
   2625.0   0.82325
   2630.0   0.81903
   2635.0   0.81262
   2640.0   0.80647
   2645.0   0.80007
   2650.0   0.79517
   2655.0   0.79641
   2660.0   0.79556
   2665.0   0.79539
   2670.0   0.79782
   2675.0   0.78850
   2680.0   0.77105
   2685.0   0.74002
   2690.0   0.71852
   2695.0   0.70338
   2700.0   0.69364
   2705.0   0.68857
   2710.0   0.68591
   2715.0   0.68276
   2720.0   0.67440
   2725.0   0.65323
   2730.0   0.63467
   2735.0   0.61384
   2740.0   0.59945
   2745.0   0.58748
   2750.0   0.56566
   2755.0   0.54430
   2760.0   0.52600
   2765.0   0.51078
   2770.0   0.48865
   2775.0   0.48113
   2780.0   0.46432
   2785.0   0.48530
   2790.0   0.50410
   2795.0   0.50426
   2800.0   0.51643
   2805.0   0.51545
   2810.0   0.52703
   2815.0   0.53234
   2820.0   0.53092
   2825.0   0.52724
   2830.0   0.52901
   2835.0   0.52640
   2840.0   0.52113
   2845.0   0.52308
   2850.0   0.51479
   2855.0   0.51172
   2860.0   0.50666
   2865.0   0.49908
   2870.0   0.50031
   2875.0   0.49169
   2880.0   0.49268
   2885.0   0.48299
   2890.0   0.48606
   2895.0   0.47759
   2900.0   0.48054
   2905.0   0.48294
   2910.0   0.47688
   2915.0   0.48187
   2920.0   0.48318
   2925.0   0.47346
   2930.0   0.47772
   2935.0   0.46610
   2940.0   0.47131
   2945.0   0.46373
   2950.0   0.46498
   2955.0   0.46906
   2960.0   0.46679
   2965.0   0.46767
   2970.0   0.46728
   2975.0   0.46870
   2980.0   0.46216
   2985.0   0.46012
   2990.0   0.46077
   2995.0   0.46331
   3000.0   0.46070
   3005.0   0.46578
   3010.0   0.46348
   3015.0   0.46014
   3020.0   0.45502
   3025.0   0.45468
   3030.0   0.45281
   3035.0   0.44660
   3040.0   0.44322
   3045.0   0.43778
   3050.0   0.43686
   3055.0   0.43678
   3060.0   0.43284
   3065.0   0.42715
   3070.0   0.42448
   3075.0   0.42044
   3080.0   0.41840
   3085.0   0.41500
   3090.0   0.41268
   3095.0   0.41561
   3100.0   0.41765
   3105.0   0.42125
   3110.0   0.42544
   3115.0   0.42455
   3120.0   0.42857
   3125.0   0.42665
   3130.0   0.42723
   3135.0   0.43083
   3140.0   0.42735
   3145.0   0.43295
   3150.0   0.43832
   3155.0   0.44402
   3160.0   0.44842
   3165.0   0.45645
   3170.0   0.46121
   3175.0   0.45975
   3180.0   0.45782
   3185.0   0.45924
   3190.0   0.45785
   3195.0   0.45751
   3200.0   0.45489
   3205.0   0.44865
   3210.0   0.45007
   3215.0   0.44588
   3220.0   0.43647
   3225.0   0.43301
   3230.0   0.42336
   3235.0   0.41960
   3240.0   0.41170
   3245.0   0.40538
   3250.0   0.39754
   3255.0   0.38573
   3260.0   0.37254
   3265.0   0.36179
   3270.0   0.34910
   3275.0   0.33174
   3280.0   0.30998
   3285.0   0.29125
   3290.0   0.25942
   3295.0   0.22349
   3300.0   0.18185
   3305.0   0.14209
   3310.0   0.11664
   3315.0   0.10708
   3320.0   0.10250
   3325.0   0.10534
   3330.0   0.11036
   3335.0   0.11237
   3340.0   0.11325
   3345.0   0.11382
   3350.0   0.11599
   3355.0   0.11900
   3360.0   0.12197
   3365.0   0.12908
   3370.0   0.13463
   3375.0   0.13874
   3380.0   0.14332
   3385.0   0.13988
   3390.0   0.13660
   3395.0   0.13392
   3400.0   0.13239
   3405.0   0.12964
   3410.0   0.12644
   3415.0   0.12141
   3420.0   0.11654
   3425.0   0.11413
   3430.0   0.11214
   3435.0   0.10792
   3440.0   0.09995
   3445.0   0.08988
   3450.0   0.08667
   3455.0   0.08393
   3460.0   0.08233
   3465.0   0.08475
   3470.0   0.08655
   3475.0   0.09209
   3480.0   0.09594
   3485.0   0.09835
   3490.0   0.11396
   3495.0   0.11178
   3500.0   0.12809
   3505.0   0.15742
   3510.0   0.16884
   3515.0   0.19680
   3520.0   0.21769
   3525.0   0.26213
   3530.0   0.29257
   3535.0   0.30341
   3540.0   0.33928
   3545.0   0.34380
   3550.0   0.34959
   3555.0   0.36272
   3560.0   0.37220
   3565.0   0.39002
   3570.0   0.42399
   3575.0   0.43452
   3580.0   0.44924
   3585.0   0.46456
   3590.0   0.47919
   3595.0   0.46019
   3600.0   0.47814



 C1SH07      .ASC                        

 SH-SJG-007                                                              
 6510B  DOLOMITE NORWAY                                                  
 RATIOS ADJUSTED USING NBS HALON CALIBRATION TABLE                       

 Source Ang: 30.00   Detect Ang:  0.00  Volt: 0.222
 Date: 03-MAY-89   Time: 12:01:03
