   661
    300.0   0.59310
    305.0   0.59365
    310.0   0.59895
    315.0   0.60311
    320.0   0.61530
    325.0   0.62581
    330.0   0.63281
    335.0   0.64163
    340.0   0.65602
    345.0   0.66960
    350.0   0.68424
    355.0   0.69742
    360.0   0.71152
    365.0   0.72478
    370.0   0.73827
    375.0   0.74972
    380.0   0.76063
    385.0   0.77266
    390.0   0.78267
    395.0   0.79269
    400.0   0.79983
    405.0   0.80733
    410.0   0.81729
    415.0   0.82507
    420.0   0.83216
    425.0   0.83711
    430.0   0.84480
    435.0   0.85109
    440.0   0.85663
    445.0   0.86302
    450.0   0.86941
    455.0   0.87873
    460.0   0.88142
    465.0   0.88535
    470.0   0.88695
    475.0   0.88981
    480.0   0.89276
    485.0   0.89599
    490.0   0.89862
    495.0   0.90042
    500.0   0.90247
    505.0   0.90340
    510.0   0.90518
    515.0   0.90719
    520.0   0.90922
    525.0   0.91081
    530.0   0.91115
    535.0   0.91221
    540.0   0.91447
    545.0   0.91688
    550.0   0.91738
    555.0   0.91801
    560.0   0.91861
    565.0   0.92022
    570.0   0.92078
    575.0   0.92185
    580.0   0.92201
    585.0   0.92384
    590.0   0.92421
    595.0   0.92451
    600.0   0.92515
    605.0   0.92575
    610.0   0.92551
    615.0   0.92628
    620.0   0.92674
    625.0   0.92758
    630.0   0.92731
    635.0   0.92723
    640.0   0.92837
    645.0   0.92892
    650.0   0.92868
    655.0   0.92955
    660.0   0.92968
    665.0   0.93115
    670.0   0.93215
    675.0   0.93145
    680.0   0.93202
    685.0   0.93248
    690.0   0.93358
    695.0   0.93430
    700.0   0.93460
    705.0   0.93473
    710.0   0.93634
    715.0   0.93576
    720.0   0.93530
    725.0   0.93625
    730.0   0.93743
    735.0   0.93779
    740.0   0.93785
    745.0   0.93863
    750.0   0.93786
    755.0   0.93774
    760.0   0.93676
    765.0   0.93685
    770.0   0.93646
    775.0   0.93669
    780.0   0.93333
    785.0   0.93405
    790.0   0.93390
    795.0   0.93362
    800.0   0.93376
    805.0   0.93087
    810.0   0.93068
    815.0   0.92897
    820.0   0.92826
    825.0   0.92771
    830.0   0.92552
    835.0   0.92389
    840.0   0.92178
    845.0   0.92114
    850.0   0.91974
    855.0   0.91472
    860.0   0.91442
    865.0   0.91179
    870.0   0.90822
    875.0   0.90624
    880.0   0.90330
    885.0   0.90407
    890.0   0.90011
    895.0   0.89774
    900.0   0.89518
    905.0   0.89258
    910.0   0.89012
    915.0   0.88716
    920.0   0.88496
    925.0   0.88381
    930.0   0.88036
    935.0   0.87879
    940.0   0.87637
    945.0   0.87411
    950.0   0.87262
    955.0   0.87135
    960.0   0.86944
    965.0   0.86750
    970.0   0.86746
    975.0   0.86625
    980.0   0.86675
    985.0   0.86317
    990.0   0.86325
    995.0   0.86163
   1000.0   0.86003
   1005.0   0.86015
   1010.0   0.85770
   1015.0   0.85813
   1020.0   0.85818
   1025.0   0.85863
   1030.0   0.85856
   1035.0   0.85734
   1040.0   0.85662
   1045.0   0.85704
   1050.0   0.85744
   1055.0   0.85707
   1060.0   0.85759
   1065.0   0.85723
   1070.0   0.85654
   1075.0   0.85796
   1080.0   0.85808
   1085.0   0.86109
   1090.0   0.86050
   1095.0   0.86184
   1100.0   0.86166
   1105.0   0.86136
   1110.0   0.86317
   1115.0   0.86258
   1120.0   0.86315
   1125.0   0.86445
   1130.0   0.86255
   1135.0   0.86355
   1140.0   0.86281
   1145.0   0.86472
   1150.0   0.86314
   1155.0   0.86252
   1160.0   0.86338
   1165.0   0.86428
   1170.0   0.86400
   1175.0   0.86639
   1180.0   0.86567
   1185.0   0.86697
   1190.0   0.86651
   1195.0   0.86622
   1200.0   0.86561
   1205.0   0.86606
   1210.0   0.86551
   1215.0   0.86713
   1220.0   0.86639
   1225.0   0.86853
   1230.0   0.86933
   1235.0   0.86909
   1240.0   0.87029
   1245.0   0.87301
   1250.0   0.87288
   1255.0   0.87532
   1260.0   0.87756
   1265.0   0.87723
   1270.0   0.87965
   1275.0   0.88083
   1280.0   0.88242
   1285.0   0.88479
   1290.0   0.88801
   1295.0   0.88688
   1300.0   0.89036
   1305.0   0.89324
   1310.0   0.89335
   1315.0   0.89558
   1320.0   0.89762
   1325.0   0.89756
   1330.0   0.90010
   1335.0   0.90133
   1340.0   0.90352
   1345.0   0.90549
   1350.0   0.90772
   1355.0   0.90671
   1360.0   0.90621
   1365.0   0.90791
   1370.0   0.90912
   1375.0   0.90933
   1380.0   0.90860
   1385.0   0.90875
   1390.0   0.91080
   1395.0   0.91098
   1400.0   0.91439
   1405.0   0.91798
   1410.0   0.91760
   1415.0   0.91956
   1420.0   0.92037
   1425.0   0.92220
   1430.0   0.92347
   1435.0   0.92452
   1440.0   0.92312
   1445.0   0.92191
   1450.0   0.92699
   1455.0   0.92517
   1460.0   0.92556
   1465.0   0.92727
   1470.0   0.92876
   1475.0   0.93080
   1480.0   0.93286
   1485.0   0.93315
   1490.0   0.93370
   1495.0   0.93385
   1500.0   0.93523
   1505.0   0.93599
   1510.0   0.93532
   1515.0   0.93816
   1520.0   0.93938
   1525.0   0.93866
   1530.0   0.93859
   1535.0   0.93703
   1540.0   0.93742
   1545.0   0.94026
   1550.0   0.94002
   1555.0   0.93769
   1560.0   0.94033
   1565.0   0.94252
   1570.0   0.94373
   1575.0   0.94380
   1580.0   0.94270
   1585.0   0.94328
   1590.0   0.94197
   1595.0   0.94311
   1600.0   0.94297
   1605.0   0.94201
   1610.0   0.94268
   1615.0   0.94520
   1620.0   0.94196
   1625.0   0.94261
   1630.0   0.94326
   1635.0   0.94136
   1640.0   0.94190
   1645.0   0.93892
   1650.0   0.93812
   1655.0   0.93963
   1660.0   0.94042
   1665.0   0.94062
   1670.0   0.93955
   1675.0   0.93926
   1680.0   0.93810
   1685.0   0.93666
   1690.0   0.93496
   1695.0   0.93583
   1700.0   0.93807
   1705.0   0.93842
   1710.0   0.93678
   1715.0   0.93718
   1720.0   0.93888
   1725.0   0.93477
   1730.0   0.93819
   1735.0   0.93646
   1740.0   0.93640
   1745.0   0.93798
   1750.0   0.93952
   1755.0   0.93959
   1760.0   0.93901
   1765.0   0.93994
   1770.0   0.93973
   1775.0   0.93685
   1780.0   0.93685
   1785.0   0.93728
   1790.0   0.93639
   1795.0   0.93392
   1800.0   0.93070
   1805.0   0.92983
   1810.0   0.92999
   1815.0   0.92772
   1820.0   0.92507
   1825.0   0.92435
   1830.0   0.92278
   1835.0   0.91957
   1840.0   0.91941
   1845.0   0.91800
   1850.0   0.91729
   1855.0   0.91777
   1860.0   0.92180
   1865.0   0.92828
   1870.0   0.93175
   1875.0   0.93445
   1880.0   0.93180
   1885.0   0.92761
   1890.0   0.92423
   1895.0   0.92195
   1900.0   0.91709
   1905.0   0.91280
   1910.0   0.91291
   1915.0   0.90977
   1920.0   0.90240
   1925.0   0.90182
   1930.0   0.90163
   1935.0   0.89947
   1940.0   0.89944
   1945.0   0.89334
   1950.0   0.89317
   1955.0   0.89338
   1960.0   0.89734
   1965.0   0.89725
   1970.0   0.89672
   1975.0   0.89643
   1980.0   0.89958
   1985.0   0.90281
   1990.0   0.90612
   1995.0   0.91257
   2000.0   0.91436
   2005.0   0.91484
   2010.0   0.91790
   2015.0   0.91890
   2020.0   0.91941
   2025.0   0.92242
   2030.0   0.92250
   2035.0   0.92164
   2040.0   0.91960
   2045.0   0.92340
   2050.0   0.92448
   2055.0   0.92126
   2060.0   0.91882
   2065.0   0.91995
   2070.0   0.92054
   2075.0   0.91866
   2080.0   0.91895
   2085.0   0.91710
   2090.0   0.91309
   2095.0   0.91307
   2100.0   0.91208
   2105.0   0.90975
   2110.0   0.91060
   2115.0   0.91154
   2120.0   0.90878
   2125.0   0.90430
   2130.0   0.90220
   2135.0   0.90395
   2140.0   0.90502
   2145.0   0.90875
   2150.0   0.90781
   2155.0   0.90797
   2160.0   0.90924
   2165.0   0.90508
   2170.0   0.90366
   2175.0   0.90251
   2180.0   0.89986
   2185.0   0.89693
   2190.0   0.89658
   2195.0   0.89250
   2200.0   0.88665
   2205.0   0.88116
   2210.0   0.87414
   2215.0   0.86969
   2220.0   0.86279
   2225.0   0.85234
   2230.0   0.84008
   2235.0   0.82921
   2240.0   0.82023
   2245.0   0.81083
   2250.0   0.80413
   2255.0   0.79618
   2260.0   0.78770
   2265.0   0.78268
   2270.0   0.77632
   2275.0   0.77481
   2280.0   0.77317
   2285.0   0.77373
   2290.0   0.77156
   2295.0   0.76569
   2300.0   0.76424
   2305.0   0.76401
   2310.0   0.76863
   2315.0   0.77593
   2320.0   0.78895
   2325.0   0.80510
   2330.0   0.82294
   2335.0   0.84727
   2340.0   0.86839
   2345.0   0.87830
   2350.0   0.88385
   2355.0   0.88787
   2360.0   0.88371
   2365.0   0.87674
   2370.0   0.87396
   2375.0   0.86945
   2380.0   0.86473
   2385.0   0.85990
   2390.0   0.85298
   2395.0   0.84319
   2400.0   0.83395
   2405.0   0.82677
   2410.0   0.81722
   2415.0   0.81117
   2420.0   0.79860
   2425.0   0.78348
   2430.0   0.76897
   2435.0   0.75394
   2440.0   0.74253
   2445.0   0.73542
   2450.0   0.72429
   2455.0   0.71436
   2460.0   0.71086
   2465.0   0.70583
   2470.0   0.70200
   2475.0   0.69772
   2480.0   0.69223
   2485.0   0.68680
   2490.0   0.67926
   2495.0   0.67322
   2500.0   0.66851
   2505.0   0.66944
   2510.0   0.67246
   2515.0   0.68145
   2520.0   0.70182
   2525.0   0.72771
   2530.0   0.75522
   2535.0   0.79359
   2540.0   0.82067
   2545.0   0.83524
   2550.0   0.85128
   2555.0   0.86278
   2560.0   0.85918
   2565.0   0.86677
   2570.0   0.86872
   2575.0   0.86711
   2580.0   0.87020
   2585.0   0.87149
   2590.0   0.86980
   2595.0   0.86798
   2600.0   0.86889
   2605.0   0.86722
   2610.0   0.86290
   2615.0   0.86202
   2620.0   0.85822
   2625.0   0.85503
   2630.0   0.84976
   2635.0   0.85081
   2640.0   0.85300
   2645.0   0.84746
   2650.0   0.84260
   2655.0   0.83338
   2660.0   0.82305
   2665.0   0.81213
   2670.0   0.79572
   2675.0   0.78285
   2680.0   0.77196
   2685.0   0.76152
   2690.0   0.74333
   2695.0   0.72010
   2700.0   0.68066
   2705.0   0.64176
   2710.0   0.60471
   2715.0   0.57401
   2720.0   0.56333
   2725.0   0.56869
   2730.0   0.59364
   2735.0   0.60679
   2740.0   0.59623
   2745.0   0.59203
   2750.0   0.58901
   2755.0   0.57852
   2760.0   0.55755
   2765.0   0.56797
   2770.0   0.56089
   2775.0   0.57242
   2780.0   0.55789
   2785.0   0.57380
   2790.0   0.57037
   2795.0   0.55930
   2800.0   0.56917
   2805.0   0.55193
   2810.0   0.53814
   2815.0   0.53788
   2820.0   0.53718
   2825.0   0.52568
   2830.0   0.52144
   2835.0   0.52085
   2840.0   0.52096
   2845.0   0.52085
   2850.0   0.50896
   2855.0   0.51085
   2860.0   0.50588
   2865.0   0.50377
   2870.0   0.49702
   2875.0   0.49734
   2880.0   0.50159
   2885.0   0.49943
   2890.0   0.49409
   2895.0   0.48838
   2900.0   0.48211
   2905.0   0.48186
   2910.0   0.48631
   2915.0   0.48621
   2920.0   0.47187
   2925.0   0.47481
   2930.0   0.47540
   2935.0   0.47582
   2940.0   0.47545
   2945.0   0.47420
   2950.0   0.46920
   2955.0   0.47469
   2960.0   0.47249
   2965.0   0.47202
   2970.0   0.47377
   2975.0   0.47527
   2980.0   0.47789
   2985.0   0.47694
   2990.0   0.48045
   2995.0   0.47820
   3000.0   0.47981
   3005.0   0.48174
   3010.0   0.47790
   3015.0   0.48056
   3020.0   0.47928
   3025.0   0.47871
   3030.0   0.48158
   3035.0   0.48166
   3040.0   0.48384
   3045.0   0.48973
   3050.0   0.48820
   3055.0   0.49032
   3060.0   0.49123
   3065.0   0.49065
   3070.0   0.49467
   3075.0   0.49696
   3080.0   0.49986
   3085.0   0.50208
   3090.0   0.50449
   3095.0   0.50787
   3100.0   0.50791
   3105.0   0.51214
   3110.0   0.51686
   3115.0   0.51993
   3120.0   0.52086
   3125.0   0.52376
   3130.0   0.52676
   3135.0   0.53090
   3140.0   0.53442
   3145.0   0.54033
   3150.0   0.54364
   3155.0   0.54837
   3160.0   0.55378
   3165.0   0.55382
   3170.0   0.55498
   3175.0   0.56174
   3180.0   0.56287
   3185.0   0.56598
   3190.0   0.56157
   3195.0   0.56558
   3200.0   0.56537
   3205.0   0.56787
   3210.0   0.57030
   3215.0   0.57184
   3220.0   0.56826
   3225.0   0.56459
   3230.0   0.56445
   3235.0   0.55586
   3240.0   0.54292
   3245.0   0.51761
   3250.0   0.47870
   3255.0   0.40671
   3260.0   0.33261
   3265.0   0.26084
   3270.0   0.21719
   3275.0   0.19943
   3280.0   0.19555
   3285.0   0.20040
   3290.0   0.20714
   3295.0   0.21396
   3300.0   0.21631
   3305.0   0.21699
   3310.0   0.21839
   3315.0   0.21824
   3320.0   0.21753
   3325.0   0.22064
   3330.0   0.21996
   3335.0   0.22623
   3340.0   0.22998
   3345.0   0.23565
   3350.0   0.23928
   3355.0   0.24114
   3360.0   0.24235
   3365.0   0.24370
   3370.0   0.24001
   3375.0   0.24168
   3380.0   0.24218
   3385.0   0.23701
   3390.0   0.23138
   3395.0   0.22413
   3400.0   0.21601
   3405.0   0.19841
   3410.0   0.18766
   3415.0   0.16882
   3420.0   0.16429
   3425.0   0.15927
   3430.0   0.16310
   3435.0   0.16275
   3440.0   0.16852
   3445.0   0.17705
   3450.0   0.18377
   3455.0   0.19372
   3460.0   0.20560
   3465.0   0.21655
   3470.0   0.22546
   3475.0   0.24248
   3480.0   0.26459
   3485.0   0.29847
   3490.0   0.34037
   3495.0   0.40247
   3500.0   0.45061
   3505.0   0.50858
   3510.0   0.53307
   3515.0   0.55319
   3520.0   0.55943
   3525.0   0.56214
   3530.0   0.55668
   3535.0   0.59507
   3540.0   0.62593
   3545.0   0.64776
   3550.0   0.66200
   3555.0   0.66202
   3560.0   0.67539
   3565.0   0.68828
   3570.0   0.68679
   3575.0   0.68742
   3580.0   0.67370
   3585.0   0.68549
   3590.0   0.68271
   3595.0   0.69021
   3600.0   0.69980



 C1SH02      .ASC                        

 SH-SJG-002                                                              
 2502 MAGNESITE MODUM NORWAY                                             
 RATIOS ADJUSTED USING NBS HALON CALIBRATION TABLE                       

 Source Ang: 30.00   Detect Ang:  0.00  Volt: 0.222
 Date: 28-APR-89   Time: 15:24:15
