   661
    300.0   0.80604
    305.0   0.80887
    310.0   0.81050
    315.0   0.82212
    320.0   0.82931
    325.0   0.83672
    330.0   0.83988
    335.0   0.84278
    340.0   0.84890
    345.0   0.85091
    350.0   0.85744
    355.0   0.86087
    360.0   0.86454
    365.0   0.86568
    370.0   0.86367
    375.0   0.86009
    380.0   0.85365
    385.0   0.84125
    390.0   0.82521
    395.0   0.80824
    400.0   0.79472
    405.0   0.78619
    410.0   0.77802
    415.0   0.77127
    420.0   0.76674
    425.0   0.76875
    430.0   0.77564
    435.0   0.79220
    440.0   0.81407
    445.0   0.84083
    450.0   0.86408
    455.0   0.88370
    460.0   0.89315
    465.0   0.89784
    470.0   0.90014
    475.0   0.90131
    480.0   0.90505
    485.0   0.91053
    490.0   0.91894
    495.0   0.92737
    500.0   0.93385
    505.0   0.93972
    510.0   0.94214
    515.0   0.94501
    520.0   0.94630
    525.0   0.94745
    530.0   0.94757
    535.0   0.94872
    540.0   0.95011
    545.0   0.95094
    550.0   0.95159
    555.0   0.95266
    560.0   0.95290
    565.0   0.95245
    570.0   0.95373
    575.0   0.95255
    580.0   0.95318
    585.0   0.95227
    590.0   0.95133
    595.0   0.95007
    600.0   0.94707
    605.0   0.94431
    610.0   0.94087
    615.0   0.93749
    620.0   0.93275
    625.0   0.92699
    630.0   0.92497
    635.0   0.92033
    640.0   0.91402
    645.0   0.90810
    650.0   0.90019
    655.0   0.89330
    660.0   0.88697
    665.0   0.88113
    670.0   0.87231
    675.0   0.86335
    680.0   0.86180
    685.0   0.86766
    690.0   0.86504
    695.0   0.86126
    700.0   0.85910
    705.0   0.85865
    710.0   0.85547
    715.0   0.85317
    720.0   0.85062
    725.0   0.84836
    730.0   0.84340
    735.0   0.83994
    740.0   0.83727
    745.0   0.83494
    750.0   0.83356
    755.0   0.83170
    760.0   0.83272
    765.0   0.83367
    770.0   0.83632
    775.0   0.83728
    780.0   0.84140
    785.0   0.84433
    790.0   0.84873
    795.0   0.85427
    800.0   0.85849
    805.0   0.86171
    810.0   0.86852
    815.0   0.87248
    820.0   0.87832
    825.0   0.88441
    830.0   0.89004
    835.0   0.89495
    840.0   0.89950
    845.0   0.90557
    850.0   0.91098
    855.0   0.91633
    860.0   0.92175
    865.0   0.92639
    870.0   0.92900
    875.0   0.93354
    880.0   0.93652
    885.0   0.94162
    890.0   0.94586
    895.0   0.94674
    900.0   0.95236
    905.0   0.95456
    910.0   0.95378
    915.0   0.95741
    920.0   0.95707
    925.0   0.95643
    930.0   0.95920
    935.0   0.95893
    940.0   0.95693
    945.0   0.95664
    950.0   0.95798
    955.0   0.95495
    960.0   0.95526
    965.0   0.95348
    970.0   0.94951
    975.0   0.94964
    980.0   0.94956
    985.0   0.94695
    990.0   0.94606
    995.0   0.94240
   1000.0   0.94043
   1005.0   0.93713
   1010.0   0.93514
   1015.0   0.93422
   1020.0   0.93198
   1025.0   0.92787
   1030.0   0.92647
   1035.0   0.92442
   1040.0   0.92199
   1045.0   0.92046
   1050.0   0.91719
   1055.0   0.91656
   1060.0   0.91468
   1065.0   0.91068
   1070.0   0.90777
   1075.0   0.90559
   1080.0   0.90376
   1085.0   0.90004
   1090.0   0.89913
   1095.0   0.89825
   1100.0   0.89401
   1105.0   0.89069
   1110.0   0.88826
   1115.0   0.88633
   1120.0   0.88356
   1125.0   0.88130
   1130.0   0.88028
   1135.0   0.87881
   1140.0   0.87727
   1145.0   0.87409
   1150.0   0.87302
   1155.0   0.87050
   1160.0   0.86903
   1165.0   0.86821
   1170.0   0.86660
   1175.0   0.86493
   1180.0   0.86288
   1185.0   0.86165
   1190.0   0.86268
   1195.0   0.86108
   1200.0   0.86013
   1205.0   0.85945
   1210.0   0.86003
   1215.0   0.85885
   1220.0   0.85899
   1225.0   0.85919
   1230.0   0.85812
   1235.0   0.85829
   1240.0   0.85706
   1245.0   0.85748
   1250.0   0.85767
   1255.0   0.85892
   1260.0   0.85825
   1265.0   0.86049
   1270.0   0.85937
   1275.0   0.86031
   1280.0   0.85970
   1285.0   0.86236
   1290.0   0.86385
   1295.0   0.86425
   1300.0   0.86387
   1305.0   0.86236
   1310.0   0.86245
   1315.0   0.86528
   1320.0   0.86540
   1325.0   0.86714
   1330.0   0.86842
   1335.0   0.86906
   1340.0   0.86896
   1345.0   0.87036
   1350.0   0.87087
   1355.0   0.87241
   1360.0   0.87080
   1365.0   0.87078
   1370.0   0.87533
   1375.0   0.87614
   1380.0   0.87594
   1385.0   0.87940
   1390.0   0.88080
   1395.0   0.88033
   1400.0   0.88221
   1405.0   0.88361
   1410.0   0.88631
   1415.0   0.88596
   1420.0   0.88549
   1425.0   0.88829
   1430.0   0.89111
   1435.0   0.88958
   1440.0   0.89315
   1445.0   0.89751
   1450.0   0.89972
   1455.0   0.89935
   1460.0   0.90275
   1465.0   0.90233
   1470.0   0.90444
   1475.0   0.90860
   1480.0   0.90890
   1485.0   0.91056
   1490.0   0.91156
   1495.0   0.91341
   1500.0   0.91735
   1505.0   0.91673
   1510.0   0.92161
   1515.0   0.92187
   1520.0   0.92348
   1525.0   0.92322
   1530.0   0.92586
   1535.0   0.92729
   1540.0   0.92944
   1545.0   0.93011
   1550.0   0.93408
   1555.0   0.93376
   1560.0   0.93635
   1565.0   0.93632
   1570.0   0.93712
   1575.0   0.93634
   1580.0   0.94025
   1585.0   0.94320
   1590.0   0.94413
   1595.0   0.94454
   1600.0   0.94716
   1605.0   0.94798
   1610.0   0.94740
   1615.0   0.94595
   1620.0   0.94633
   1625.0   0.94961
   1630.0   0.94727
   1635.0   0.94856
   1640.0   0.94920
   1645.0   0.94866
   1650.0   0.95033
   1655.0   0.94874
   1660.0   0.94753
   1665.0   0.94937
   1670.0   0.95227
   1675.0   0.95234
   1680.0   0.95012
   1685.0   0.95192
   1690.0   0.94757
   1695.0   0.94903
   1700.0   0.94662
   1705.0   0.94807
   1710.0   0.94854
   1715.0   0.94877
   1720.0   0.94789
   1725.0   0.94724
   1730.0   0.94665
   1735.0   0.94627
   1740.0   0.94767
   1745.0   0.94784
   1750.0   0.94903
   1755.0   0.94801
   1760.0   0.94796
   1765.0   0.94721
   1770.0   0.94837
   1775.0   0.94885
   1780.0   0.94783
   1785.0   0.94694
   1790.0   0.94745
   1795.0   0.94489
   1800.0   0.94121
   1805.0   0.93877
   1810.0   0.93841
   1815.0   0.94073
   1820.0   0.93837
   1825.0   0.93514
   1830.0   0.93251
   1835.0   0.93053
   1840.0   0.92967
   1845.0   0.92925
   1850.0   0.92880
   1855.0   0.92925
   1860.0   0.93452
   1865.0   0.93977
   1870.0   0.93843
   1875.0   0.93744
   1880.0   0.93672
   1885.0   0.93193
   1890.0   0.92967
   1895.0   0.92784
   1900.0   0.92205
   1905.0   0.91579
   1910.0   0.91316
   1915.0   0.90860
   1920.0   0.90483
   1925.0   0.90212
   1930.0   0.90001
   1935.0   0.89947
   1940.0   0.89754
   1945.0   0.89663
   1950.0   0.89516
   1955.0   0.89554
   1960.0   0.89311
   1965.0   0.89357
   1970.0   0.89421
   1975.0   0.89337
   1980.0   0.89407
   1985.0   0.89407
   1990.0   0.89615
   1995.0   0.89839
   2000.0   0.89896
   2005.0   0.90224
   2010.0   0.90473
   2015.0   0.90623
   2020.0   0.90585
   2025.0   0.90485
   2030.0   0.90318
   2035.0   0.90456
   2040.0   0.90586
   2045.0   0.90459
   2050.0   0.90314
   2055.0   0.90508
   2060.0   0.90610
   2065.0   0.90430
   2070.0   0.90342
   2075.0   0.90111
   2080.0   0.90186
   2085.0   0.90309
   2090.0   0.90472
   2095.0   0.90473
   2100.0   0.90608
   2105.0   0.90489
   2110.0   0.90204
   2115.0   0.89950
   2120.0   0.89970
   2125.0   0.89819
   2130.0   0.89970
   2135.0   0.89887
   2140.0   0.90053
   2145.0   0.90373
   2150.0   0.90701
   2155.0   0.90857
   2160.0   0.90970
   2165.0   0.90814
   2170.0   0.90836
   2175.0   0.90804
   2180.0   0.90558
   2185.0   0.90245
   2190.0   0.90101
   2195.0   0.89980
   2200.0   0.89614
   2205.0   0.88794
   2210.0   0.88431
   2215.0   0.87674
   2220.0   0.87053
   2225.0   0.86437
   2230.0   0.85562
   2235.0   0.84878
   2240.0   0.83811
   2245.0   0.82757
   2250.0   0.82140
   2255.0   0.81330
   2260.0   0.80733
   2265.0   0.80428
   2270.0   0.80043
   2275.0   0.79756
   2280.0   0.79452
   2285.0   0.79046
   2290.0   0.78700
   2295.0   0.78483
   2300.0   0.78349
   2305.0   0.78192
   2310.0   0.78567
   2315.0   0.79733
   2320.0   0.80806
   2325.0   0.82086
   2330.0   0.83615
   2335.0   0.85531
   2340.0   0.87089
   2345.0   0.87974
   2350.0   0.88440
   2355.0   0.88640
   2360.0   0.88318
   2365.0   0.87628
   2370.0   0.87156
   2375.0   0.87073
   2380.0   0.86751
   2385.0   0.86235
   2390.0   0.85936
   2395.0   0.84899
   2400.0   0.84008
   2405.0   0.83208
   2410.0   0.82494
   2415.0   0.81632
   2420.0   0.80762
   2425.0   0.79635
   2430.0   0.78496
   2435.0   0.77195
   2440.0   0.75833
   2445.0   0.74955
   2450.0   0.73967
   2455.0   0.73079
   2460.0   0.72605
   2465.0   0.72317
   2470.0   0.72134
   2475.0   0.71581
   2480.0   0.71322
   2485.0   0.71023
   2490.0   0.70573
   2495.0   0.69936
   2500.0   0.69383
   2505.0   0.69312
   2510.0   0.69738
   2515.0   0.70561
   2520.0   0.72272
   2525.0   0.74198
   2530.0   0.76139
   2535.0   0.78835
   2540.0   0.81670
   2545.0   0.82679
   2550.0   0.83155
   2555.0   0.84402
   2560.0   0.84749
   2565.0   0.85410
   2570.0   0.86219
   2575.0   0.85727
   2580.0   0.85508
   2585.0   0.85301
   2590.0   0.85519
   2595.0   0.85088
   2600.0   0.85557
   2605.0   0.84714
   2610.0   0.85646
   2615.0   0.84868
   2620.0   0.84289
   2625.0   0.84320
   2630.0   0.83746
   2635.0   0.83687
   2640.0   0.83169
   2645.0   0.82716
   2650.0   0.82201
   2655.0   0.81397
   2660.0   0.80887
   2665.0   0.80328
   2670.0   0.79327
   2675.0   0.78390
   2680.0   0.77372
   2685.0   0.76405
   2690.0   0.75318
   2695.0   0.74285
   2700.0   0.73249
   2705.0   0.72069
   2710.0   0.71209
   2715.0   0.70265
   2720.0   0.69248
   2725.0   0.67808
   2730.0   0.66395
   2735.0   0.65225
   2740.0   0.64283
   2745.0   0.61947
   2750.0   0.60287
   2755.0   0.57293
   2760.0   0.57028
   2765.0   0.55849
   2770.0   0.54004
   2775.0   0.52160
   2780.0   0.53134
   2785.0   0.51347
   2790.0   0.51554
   2795.0   0.52094
   2800.0   0.51564
   2805.0   0.51305
   2810.0   0.50238
   2815.0   0.49219
   2820.0   0.48609
   2825.0   0.48564
   2830.0   0.47606
   2835.0   0.47218
   2840.0   0.47166
   2845.0   0.46594
   2850.0   0.45831
   2855.0   0.45181
   2860.0   0.44489
   2865.0   0.44186
   2870.0   0.43184
   2875.0   0.42787
   2880.0   0.41839
   2885.0   0.41763
   2890.0   0.40922
   2895.0   0.40534
   2900.0   0.40173
   2905.0   0.39826
   2910.0   0.39472
   2915.0   0.39303
   2920.0   0.39190
   2925.0   0.38567
   2930.0   0.37983
   2935.0   0.37692
   2940.0   0.36861
   2945.0   0.36553
   2950.0   0.36501
   2955.0   0.35985
   2960.0   0.35757
   2965.0   0.35136
   2970.0   0.34867
   2975.0   0.34580
   2980.0   0.34269
   2985.0   0.34442
   2990.0   0.34155
   2995.0   0.34320
   3000.0   0.34306
   3005.0   0.34408
   3010.0   0.34756
   3015.0   0.35116
   3020.0   0.34990
   3025.0   0.35556
   3030.0   0.35727
   3035.0   0.35795
   3040.0   0.36031
   3045.0   0.36164
   3050.0   0.36398
   3055.0   0.36345
   3060.0   0.36247
   3065.0   0.36465
   3070.0   0.36507
   3075.0   0.36596
   3080.0   0.36590
   3085.0   0.36526
   3090.0   0.36739
   3095.0   0.36675
   3100.0   0.36540
   3105.0   0.36725
   3110.0   0.36622
   3115.0   0.36743
   3120.0   0.36593
   3125.0   0.36541
   3130.0   0.36604
   3135.0   0.36978
   3140.0   0.37143
   3145.0   0.37122
   3150.0   0.37302
   3155.0   0.37687
   3160.0   0.37702
   3165.0   0.37740
   3170.0   0.37473
   3175.0   0.37862
   3180.0   0.37893
   3185.0   0.38015
   3190.0   0.37992
   3195.0   0.37901
   3200.0   0.37945
   3205.0   0.38202
   3210.0   0.38128
   3215.0   0.38079
   3220.0   0.38065
   3225.0   0.38327
   3230.0   0.38611
   3235.0   0.38593
   3240.0   0.38795
   3245.0   0.38342
   3250.0   0.37192
   3255.0   0.34767
   3260.0   0.31317
   3265.0   0.27139
   3270.0   0.23839
   3275.0   0.22356
   3280.0   0.22078
   3285.0   0.22394
   3290.0   0.22990
   3295.0   0.23528
   3300.0   0.23912
   3305.0   0.24151
   3310.0   0.24114
   3315.0   0.24123
   3320.0   0.24463
   3325.0   0.24598
   3330.0   0.24708
   3335.0   0.25326
   3340.0   0.25672
   3345.0   0.25915
   3350.0   0.26169
   3355.0   0.26546
   3360.0   0.26696
   3365.0   0.26716
   3370.0   0.26707
   3375.0   0.26971
   3380.0   0.26513
   3385.0   0.26633
   3390.0   0.26367
   3395.0   0.25911
   3400.0   0.25273
   3405.0   0.23885
   3410.0   0.22720
   3415.0   0.21070
   3420.0   0.20100
   3425.0   0.19301
   3430.0   0.19009
   3435.0   0.19859
   3440.0   0.20444
   3445.0   0.20972
   3450.0   0.22083
   3455.0   0.23038
   3460.0   0.23808
   3465.0   0.24749
   3470.0   0.26076
   3475.0   0.27198
   3480.0   0.29043
   3485.0   0.31284
   3490.0   0.34752
   3495.0   0.38719
   3500.0   0.43094
   3505.0   0.46692
   3510.0   0.49188
   3515.0   0.51930
   3520.0   0.52540
   3525.0   0.52442
   3530.0   0.53394
   3535.0   0.54635
   3540.0   0.55717
   3545.0   0.57463
   3550.0   0.58041
   3555.0   0.58793
   3560.0   0.60358
   3565.0   0.60956
   3570.0   0.60417
   3575.0   0.60282
   3580.0   0.60104
   3585.0   0.62245
   3590.0   0.62652
   3595.0   0.62484
   3600.0   0.63833



 C1SH19      .ASC                        

 SH-SJG-019                                                              
 2507  NICKEL-RICH MAGNESITE  KURNALPI, WESTERN AUSTRALIA                
 RATIOS ADJUSTED USING NBS HALON CALIBRATION TABLE                       

 Source Ang: 30.00   Detect Ang:  0.00  Volt: 0.222
 Date: 12-MAY-89   Time: 12:59:45
