   661
    300.0   0.41102
    305.0   0.41306
    310.0   0.41797
    315.0   0.42472
    320.0   0.43145
    325.0   0.43784
    330.0   0.45061
    335.0   0.46096
    340.0   0.47466
    345.0   0.48889
    350.0   0.50680
    355.0   0.52349
    360.0   0.54156
    365.0   0.55785
    370.0   0.57397
    375.0   0.58981
    380.0   0.60338
    385.0   0.61696
    390.0   0.62805
    395.0   0.63852
    400.0   0.64711
    405.0   0.65310
    410.0   0.65889
    415.0   0.66471
    420.0   0.67200
    425.0   0.67879
    430.0   0.68639
    435.0   0.69339
    440.0   0.69972
    445.0   0.70481
    450.0   0.70855
    455.0   0.71674
    460.0   0.71446
    465.0   0.71777
    470.0   0.71847
    475.0   0.72076
    480.0   0.72318
    485.0   0.72729
    490.0   0.73223
    495.0   0.73767
    500.0   0.74149
    505.0   0.74601
    510.0   0.75155
    515.0   0.75718
    520.0   0.76318
    525.0   0.76952
    530.0   0.77594
    535.0   0.78215
    540.0   0.78826
    545.0   0.79373
    550.0   0.79964
    555.0   0.80534
    560.0   0.81024
    565.0   0.81439
    570.0   0.81825
    575.0   0.82254
    580.0   0.82681
    585.0   0.82903
    590.0   0.83158
    595.0   0.83283
    600.0   0.83611
    605.0   0.83680
    610.0   0.83799
    615.0   0.83935
    620.0   0.84085
    625.0   0.84232
    630.0   0.84216
    635.0   0.84333
    640.0   0.84482
    645.0   0.84579
    650.0   0.84654
    655.0   0.84729
    660.0   0.84933
    665.0   0.84981
    670.0   0.85088
    675.0   0.85144
    680.0   0.85267
    685.0   0.85493
    690.0   0.85450
    695.0   0.85493
    700.0   0.85568
    705.0   0.85649
    710.0   0.85728
    715.0   0.85734
    720.0   0.85749
    725.0   0.85945
    730.0   0.85954
    735.0   0.85902
    740.0   0.86051
    745.0   0.86036
    750.0   0.85984
    755.0   0.85964
    760.0   0.86061
    765.0   0.86076
    770.0   0.85936
    775.0   0.85549
    780.0   0.85512
    785.0   0.85532
    790.0   0.85353
    795.0   0.85293
    800.0   0.85111
    805.0   0.84761
    810.0   0.84518
    815.0   0.84372
    820.0   0.84166
    825.0   0.83993
    830.0   0.83684
    835.0   0.83350
    840.0   0.83144
    845.0   0.82814
    850.0   0.82447
    855.0   0.82053
    860.0   0.81671
    865.0   0.81520
    870.0   0.81110
    875.0   0.80793
    880.0   0.80397
    885.0   0.80090
    890.0   0.79724
    895.0   0.79280
    900.0   0.78952
    905.0   0.78499
    910.0   0.78128
    915.0   0.77825
    920.0   0.77405
    925.0   0.77042
    930.0   0.76715
    935.0   0.76429
    940.0   0.75949
    945.0   0.75547
    950.0   0.75309
    955.0   0.75068
    960.0   0.74770
    965.0   0.74448
    970.0   0.74207
    975.0   0.73982
    980.0   0.73619
    985.0   0.73521
    990.0   0.73237
    995.0   0.72934
   1000.0   0.72715
   1005.0   0.72669
   1010.0   0.72481
   1015.0   0.72405
   1020.0   0.72322
   1025.0   0.72284
   1030.0   0.72201
   1035.0   0.72195
   1040.0   0.72191
   1045.0   0.72258
   1050.0   0.72123
   1055.0   0.72278
   1060.0   0.72276
   1065.0   0.72300
   1070.0   0.72384
   1075.0   0.72559
   1080.0   0.72603
   1085.0   0.72711
   1090.0   0.72877
   1095.0   0.73077
   1100.0   0.73163
   1105.0   0.73166
   1110.0   0.73252
   1115.0   0.73475
   1120.0   0.73497
   1125.0   0.73683
   1130.0   0.73748
   1135.0   0.73744
   1140.0   0.73749
   1145.0   0.73924
   1150.0   0.73931
   1155.0   0.74021
   1160.0   0.74021
   1165.0   0.74132
   1170.0   0.74210
   1175.0   0.74227
   1180.0   0.74305
   1185.0   0.74288
   1190.0   0.74181
   1195.0   0.74169
   1200.0   0.74341
   1205.0   0.74436
   1210.0   0.74441
   1215.0   0.74443
   1220.0   0.74414
   1225.0   0.74251
   1230.0   0.74312
   1235.0   0.74264
   1240.0   0.74340
   1245.0   0.74554
   1250.0   0.74491
   1255.0   0.74550
   1260.0   0.74367
   1265.0   0.74572
   1270.0   0.74566
   1275.0   0.74672
   1280.0   0.74601
   1285.0   0.74748
   1290.0   0.74850
   1295.0   0.74826
   1300.0   0.74798
   1305.0   0.75064
   1310.0   0.75075
   1315.0   0.75224
   1320.0   0.75386
   1325.0   0.75422
   1330.0   0.75544
   1335.0   0.75705
   1340.0   0.75936
   1345.0   0.75986
   1350.0   0.75876
   1355.0   0.75955
   1360.0   0.76008
   1365.0   0.76364
   1370.0   0.76513
   1375.0   0.76686
   1380.0   0.76987
   1385.0   0.77132
   1390.0   0.77270
   1395.0   0.77241
   1400.0   0.77262
   1405.0   0.77520
   1410.0   0.77593
   1415.0   0.77887
   1420.0   0.78084
   1425.0   0.78165
   1430.0   0.78333
   1435.0   0.78542
   1440.0   0.78653
   1445.0   0.78889
   1450.0   0.79202
   1455.0   0.79435
   1460.0   0.79599
   1465.0   0.80019
   1470.0   0.80173
   1475.0   0.80473
   1480.0   0.80655
   1485.0   0.81096
   1490.0   0.81364
   1495.0   0.81568
   1500.0   0.81950
   1505.0   0.82120
   1510.0   0.82410
   1515.0   0.82546
   1520.0   0.82676
   1525.0   0.82989
   1530.0   0.83095
   1535.0   0.83173
   1540.0   0.83442
   1545.0   0.83701
   1550.0   0.83818
   1555.0   0.84073
   1560.0   0.84069
   1565.0   0.84332
   1570.0   0.84614
   1575.0   0.84886
   1580.0   0.85018
   1585.0   0.85179
   1590.0   0.85290
   1595.0   0.85346
   1600.0   0.85696
   1605.0   0.85891
   1610.0   0.85737
   1615.0   0.85885
   1620.0   0.85977
   1625.0   0.85942
   1630.0   0.85881
   1635.0   0.86033
   1640.0   0.86013
   1645.0   0.86187
   1650.0   0.85931
   1655.0   0.86167
   1660.0   0.86110
   1665.0   0.85975
   1670.0   0.85775
   1675.0   0.85340
   1680.0   0.85483
   1685.0   0.85413
   1690.0   0.85570
   1695.0   0.85483
   1700.0   0.85342
   1705.0   0.85461
   1710.0   0.85339
   1715.0   0.85257
   1720.0   0.85223
   1725.0   0.85216
   1730.0   0.85269
   1735.0   0.85122
   1740.0   0.85190
   1745.0   0.85429
   1750.0   0.85511
   1755.0   0.85825
   1760.0   0.86018
   1765.0   0.86138
   1770.0   0.86213
   1775.0   0.86371
   1780.0   0.86343
   1785.0   0.86108
   1790.0   0.85864
   1795.0   0.85911
   1800.0   0.85855
   1805.0   0.85557
   1810.0   0.85339
   1815.0   0.85179
   1820.0   0.85000
   1825.0   0.84618
   1830.0   0.84376
   1835.0   0.84155
   1840.0   0.84211
   1845.0   0.83775
   1850.0   0.83200
   1855.0   0.82577
   1860.0   0.81847
   1865.0   0.81657
   1870.0   0.82009
   1875.0   0.83734
   1880.0   0.84265
   1885.0   0.83988
   1890.0   0.83506
   1895.0   0.82544
   1900.0   0.81639
   1905.0   0.81114
   1910.0   0.80502
   1915.0   0.80206
   1920.0   0.79961
   1925.0   0.79641
   1930.0   0.79402
   1935.0   0.79328
   1940.0   0.79160
   1945.0   0.78952
   1950.0   0.78877
   1955.0   0.78872
   1960.0   0.78748
   1965.0   0.78536
   1970.0   0.78351
   1975.0   0.78320
   1980.0   0.78209
   1985.0   0.78212
   1990.0   0.78626
   1995.0   0.79508
   2000.0   0.80486
   2005.0   0.81428
   2010.0   0.82153
   2015.0   0.82596
   2020.0   0.83162
   2025.0   0.83318
   2030.0   0.83450
   2035.0   0.83495
   2040.0   0.83581
   2045.0   0.83607
   2050.0   0.83644
   2055.0   0.83668
   2060.0   0.83506
   2065.0   0.83432
   2070.0   0.83244
   2075.0   0.83156
   2080.0   0.82996
   2085.0   0.82883
   2090.0   0.82789
   2095.0   0.82613
   2100.0   0.82092
   2105.0   0.81782
   2110.0   0.81388
   2115.0   0.81137
   2120.0   0.80624
   2125.0   0.80142
   2130.0   0.79652
   2135.0   0.78895
   2140.0   0.78523
   2145.0   0.78398
   2150.0   0.78576
   2155.0   0.79203
   2160.0   0.79754
   2165.0   0.80041
   2170.0   0.80384
   2175.0   0.80291
   2180.0   0.79957
   2185.0   0.79730
   2190.0   0.79483
   2195.0   0.79082
   2200.0   0.78532
   2205.0   0.77693
   2210.0   0.76825
   2215.0   0.75915
   2220.0   0.74893
   2225.0   0.74178
   2230.0   0.73400
   2235.0   0.72315
   2240.0   0.71114
   2245.0   0.69849
   2250.0   0.68261
   2255.0   0.66502
   2260.0   0.64745
   2265.0   0.63073
   2270.0   0.61947
   2275.0   0.61308
   2280.0   0.60630
   2285.0   0.60049
   2290.0   0.59560
   2295.0   0.58772
   2300.0   0.58047
   2305.0   0.57140
   2310.0   0.56341
   2315.0   0.55671
   2320.0   0.54973
   2325.0   0.54712
   2330.0   0.55168
   2335.0   0.56617
   2340.0   0.59191
   2345.0   0.62349
   2350.0   0.66135
   2355.0   0.70028
   2360.0   0.72725
   2365.0   0.73963
   2370.0   0.74372
   2375.0   0.74379
   2380.0   0.73856
   2385.0   0.73069
   2390.0   0.72453
   2395.0   0.71842
   2400.0   0.71007
   2405.0   0.70106
   2410.0   0.69485
   2415.0   0.68605
   2420.0   0.67409
   2425.0   0.65817
   2430.0   0.63818
   2435.0   0.61922
   2440.0   0.60102
   2445.0   0.58326
   2450.0   0.56331
   2455.0   0.54486
   2460.0   0.53126
   2465.0   0.52300
   2470.0   0.51779
   2475.0   0.51816
   2480.0   0.51284
   2485.0   0.50320
   2490.0   0.48854
   2495.0   0.47650
   2500.0   0.46503
   2505.0   0.45472
   2510.0   0.44413
   2515.0   0.43568
   2520.0   0.43770
   2525.0   0.44307
   2530.0   0.45530
   2535.0   0.48510
   2540.0   0.52339
   2545.0   0.55884
   2550.0   0.60720
   2555.0   0.64967
   2560.0   0.66121
   2565.0   0.68626
   2570.0   0.70402
   2575.0   0.70922
   2580.0   0.72267
   2585.0   0.73148
   2590.0   0.74292
   2595.0   0.74707
   2600.0   0.75273
   2605.0   0.75701
   2610.0   0.75993
   2615.0   0.75741
   2620.0   0.75194
   2625.0   0.74694
   2630.0   0.74066
   2635.0   0.72983
   2640.0   0.72358
   2645.0   0.71645
   2650.0   0.71433
   2655.0   0.71742
   2660.0   0.71850
   2665.0   0.71863
   2670.0   0.72097
   2675.0   0.71189
   2680.0   0.68736
   2685.0   0.65724
   2690.0   0.63363
   2695.0   0.61719
   2700.0   0.60247
   2705.0   0.59079
   2710.0   0.58339
   2715.0   0.58123
   2720.0   0.56680
   2725.0   0.53843
   2730.0   0.51694
   2735.0   0.48967
   2740.0   0.47820
   2745.0   0.45577
   2750.0   0.43979
   2755.0   0.41991
   2760.0   0.40611
   2765.0   0.40170
   2770.0   0.39246
   2775.0   0.36951
   2780.0   0.37648
   2785.0   0.36600
   2790.0   0.37666
   2795.0   0.37344
   2800.0   0.38376
   2805.0   0.38237
   2810.0   0.38072
   2815.0   0.38239
   2820.0   0.37716
   2825.0   0.37500
   2830.0   0.37284
   2835.0   0.37231
   2840.0   0.36553
   2845.0   0.36192
   2850.0   0.35437
   2855.0   0.35227
   2860.0   0.35194
   2865.0   0.34815
   2870.0   0.34401
   2875.0   0.34293
   2880.0   0.33959
   2885.0   0.33975
   2890.0   0.33621
   2895.0   0.33323
   2900.0   0.33212
   2905.0   0.33112
   2910.0   0.32855
   2915.0   0.33196
   2920.0   0.33427
   2925.0   0.32492
   2930.0   0.32290
   2935.0   0.32037
   2940.0   0.31936
   2945.0   0.32156
   2950.0   0.32291
   2955.0   0.32561
   2960.0   0.32408
   2965.0   0.32272
   2970.0   0.32361
   2975.0   0.32242
   2980.0   0.32410
   2985.0   0.32013
   2990.0   0.32504
   2995.0   0.32632
   3000.0   0.32360
   3005.0   0.32673
   3010.0   0.32696
   3015.0   0.32763
   3020.0   0.32665
   3025.0   0.32658
   3030.0   0.32349
   3035.0   0.32447
   3040.0   0.32200
   3045.0   0.32265
   3050.0   0.31957
   3055.0   0.32175
   3060.0   0.31929
   3065.0   0.31989
   3070.0   0.31747
   3075.0   0.31655
   3080.0   0.31230
   3085.0   0.31669
   3090.0   0.31527
   3095.0   0.31519
   3100.0   0.31934
   3105.0   0.32147
   3110.0   0.32509
   3115.0   0.32704
   3120.0   0.32761
   3125.0   0.33259
   3130.0   0.33016
   3135.0   0.32995
   3140.0   0.33632
   3145.0   0.33682
   3150.0   0.34065
   3155.0   0.34824
   3160.0   0.35273
   3165.0   0.35494
   3170.0   0.36230
   3175.0   0.36435
   3180.0   0.36437
   3185.0   0.36260
   3190.0   0.36502
   3195.0   0.36516
   3200.0   0.36341
   3205.0   0.36651
   3210.0   0.36175
   3215.0   0.36247
   3220.0   0.35676
   3225.0   0.35456
   3230.0   0.34831
   3235.0   0.34397
   3240.0   0.34307
   3245.0   0.33588
   3250.0   0.32990
   3255.0   0.32401
   3260.0   0.31610
   3265.0   0.30532
   3270.0   0.29703
   3275.0   0.28207
   3280.0   0.26573
   3285.0   0.25175
   3290.0   0.22885
   3295.0   0.20029
   3300.0   0.16554
   3305.0   0.13367
   3310.0   0.10902
   3315.0   0.10018
   3320.0   0.09737
   3325.0   0.10209
   3330.0   0.10330
   3335.0   0.10582
   3340.0   0.10779
   3345.0   0.10816
   3350.0   0.11018
   3355.0   0.11180
   3360.0   0.11709
   3365.0   0.12084
   3370.0   0.12670
   3375.0   0.13260
   3380.0   0.13779
   3385.0   0.13450
   3390.0   0.13344
   3395.0   0.12516
   3400.0   0.12540
   3405.0   0.12242
   3410.0   0.12014
   3415.0   0.11774
   3420.0   0.11574
   3425.0   0.11171
   3430.0   0.10891
   3435.0   0.10368
   3440.0   0.09394
   3445.0   0.08375
   3450.0   0.07753
   3455.0   0.07230
   3460.0   0.07645
   3465.0   0.07615
   3470.0   0.07723
   3475.0   0.08093
   3480.0   0.08649
   3485.0   0.09083
   3490.0   0.09583
   3495.0   0.10539
   3500.0   0.12939
   3505.0   0.13897
   3510.0   0.16310
   3515.0   0.19712
   3520.0   0.21816
   3525.0   0.24490
   3530.0   0.27962
   3535.0   0.29237
   3540.0   0.31873
   3545.0   0.33071
   3550.0   0.32672
   3555.0   0.33162
   3560.0   0.33384
   3565.0   0.36269
   3570.0   0.39091
   3575.0   0.41233
   3580.0   0.41653
   3585.0   0.42894
   3590.0   0.43542
   3595.0   0.43100
   3600.0   0.43497



 C1SH08      .ASC                        

 SH-SJG-008                                                              
 6508 DOLOMITE  INDIANA                                                  
 RATIOS ADJUSTED USING NBS HALON CALIBRATION TABLE                       

 Source Ang: 30.00   Detect Ang:  0.00  Volt: 0.222
 Date: 03-MAY-89   Time: 12:27:20
