   661
    300.0   0.71369
    305.0   0.71780
    310.0   0.71508
    315.0   0.72207
    320.0   0.73297
    325.0   0.74674
    330.0   0.75856
    335.0   0.76535
    340.0   0.76570
    345.0   0.77379
    350.0   0.78636
    355.0   0.79041
    360.0   0.78893
    365.0   0.79619
    370.0   0.80606
    375.0   0.81569
    380.0   0.81792
    385.0   0.82119
    390.0   0.82453
    395.0   0.82691
    400.0   0.82549
    405.0   0.79851
    410.0   0.81593
    415.0   0.83625
    420.0   0.83809
    425.0   0.83889
    430.0   0.84024
    435.0   0.84176
    440.0   0.84395
    445.0   0.84652
    450.0   0.84976
    455.0   0.85492
    460.0   0.85839
    465.0   0.86138
    470.0   0.86510
    475.0   0.86792
    480.0   0.87038
    485.0   0.87270
    490.0   0.87486
    495.0   0.87619
    500.0   0.87722
    505.0   0.87636
    510.0   0.87550
    515.0   0.87633
    520.0   0.87475
    525.0   0.87488
    530.0   0.87421
    535.0   0.87586
    540.0   0.87790
    545.0   0.87944
    550.0   0.88244
    555.0   0.88450
    560.0   0.88788
    565.0   0.89257
    570.0   0.89729
    575.0   0.89906
    580.0   0.90323
    585.0   0.90486
    590.0   0.90784
    595.0   0.90971
    600.0   0.91122
    605.0   0.91252
    610.0   0.91353
    615.0   0.91545
    620.0   0.91655
    625.0   0.91594
    630.0   0.91647
    635.0   0.91833
    640.0   0.91814
    645.0   0.91864
    650.0   0.91973
    655.0   0.92073
    660.0   0.92058
    665.0   0.92128
    670.0   0.92234
    675.0   0.92329
    680.0   0.92272
    685.0   0.92360
    690.0   0.92423
    695.0   0.92484
    700.0   0.92607
    705.0   0.92680
    710.0   0.92490
    715.0   0.92692
    720.0   0.92700
    725.0   0.92850
    730.0   0.92821
    735.0   0.92645
    740.0   0.92820
    745.0   0.92928
    750.0   0.92800
    755.0   0.92932
    760.0   0.92865
    765.0   0.93030
    770.0   0.93152
    775.0   0.93196
    780.0   0.93081
    785.0   0.93174
    790.0   0.93186
    795.0   0.93210
    800.0   0.93263
    805.0   0.93249
    810.0   0.93425
    815.0   0.93332
    820.0   0.93307
    825.0   0.93415
    830.0   0.93434
    835.0   0.93315
    840.0   0.93507
    845.0   0.93452
    850.0   0.93395
    855.0   0.93702
    860.0   0.93556
    865.0   0.93569
    870.0   0.93877
    875.0   0.93764
    880.0   0.93625
    885.0   0.93644
    890.0   0.93770
    895.0   0.93847
    900.0   0.93538
    905.0   0.93868
    910.0   0.93723
    915.0   0.93872
    920.0   0.93669
    925.0   0.93731
    930.0   0.93838
    935.0   0.93928
    940.0   0.93898
    945.0   0.93756
    950.0   0.93959
    955.0   0.93817
    960.0   0.94042
    965.0   0.93822
    970.0   0.93679
    975.0   0.93737
    980.0   0.93802
    985.0   0.93776
    990.0   0.93925
    995.0   0.93822
   1000.0   0.93816
   1005.0   0.93778
   1010.0   0.93792
   1015.0   0.93876
   1020.0   0.93792
   1025.0   0.93938
   1030.0   0.94018
   1035.0   0.93910
   1040.0   0.93837
   1045.0   0.93882
   1050.0   0.94097
   1055.0   0.94005
   1060.0   0.94118
   1065.0   0.94040
   1070.0   0.93900
   1075.0   0.93959
   1080.0   0.93867
   1085.0   0.93956
   1090.0   0.94008
   1095.0   0.94116
   1100.0   0.93970
   1105.0   0.93985
   1110.0   0.93821
   1115.0   0.93994
   1120.0   0.94039
   1125.0   0.94111
   1130.0   0.94153
   1135.0   0.94110
   1140.0   0.94043
   1145.0   0.94002
   1150.0   0.93969
   1155.0   0.94209
   1160.0   0.94266
   1165.0   0.94352
   1170.0   0.94290
   1175.0   0.94283
   1180.0   0.94206
   1185.0   0.94282
   1190.0   0.94321
   1195.0   0.94157
   1200.0   0.94223
   1205.0   0.94408
   1210.0   0.94338
   1215.0   0.94362
   1220.0   0.94375
   1225.0   0.94427
   1230.0   0.94539
   1235.0   0.94334
   1240.0   0.94448
   1245.0   0.94515
   1250.0   0.94350
   1255.0   0.94559
   1260.0   0.94387
   1265.0   0.94548
   1270.0   0.94436
   1275.0   0.94333
   1280.0   0.94277
   1285.0   0.94372
   1290.0   0.94780
   1295.0   0.94602
   1300.0   0.94622
   1305.0   0.94352
   1310.0   0.94265
   1315.0   0.94568
   1320.0   0.94474
   1325.0   0.94521
   1330.0   0.94540
   1335.0   0.94556
   1340.0   0.94330
   1345.0   0.94364
   1350.0   0.94412
   1355.0   0.94183
   1360.0   0.94306
   1365.0   0.94139
   1370.0   0.94309
   1375.0   0.94149
   1380.0   0.94186
   1385.0   0.93872
   1390.0   0.93719
   1395.0   0.93725
   1400.0   0.93580
   1405.0   0.93953
   1410.0   0.93966
   1415.0   0.93839
   1420.0   0.93534
   1425.0   0.93286
   1430.0   0.93438
   1435.0   0.93499
   1440.0   0.93159
   1445.0   0.93338
   1450.0   0.93504
   1455.0   0.93371
   1460.0   0.93593
   1465.0   0.93537
   1470.0   0.93472
   1475.0   0.93650
   1480.0   0.93579
   1485.0   0.93633
   1490.0   0.93661
   1495.0   0.93533
   1500.0   0.93851
   1505.0   0.93872
   1510.0   0.93868
   1515.0   0.94130
   1520.0   0.94107
   1525.0   0.94328
   1530.0   0.94300
   1535.0   0.94149
   1540.0   0.94019
   1545.0   0.93991
   1550.0   0.94132
   1555.0   0.94409
   1560.0   0.94085
   1565.0   0.94168
   1570.0   0.94321
   1575.0   0.94401
   1580.0   0.94605
   1585.0   0.94567
   1590.0   0.94708
   1595.0   0.94642
   1600.0   0.94568
   1605.0   0.94753
   1610.0   0.94472
   1615.0   0.94658
   1620.0   0.94632
   1625.0   0.94743
   1630.0   0.94625
   1635.0   0.94701
   1640.0   0.94701
   1645.0   0.94493
   1650.0   0.94383
   1655.0   0.94690
   1660.0   0.94606
   1665.0   0.94360
   1670.0   0.94319
   1675.0   0.94540
   1680.0   0.94554
   1685.0   0.94563
   1690.0   0.94501
   1695.0   0.94300
   1700.0   0.94360
   1705.0   0.94370
   1710.0   0.94219
   1715.0   0.94228
   1720.0   0.94142
   1725.0   0.94055
   1730.0   0.94001
   1735.0   0.94142
   1740.0   0.94181
   1745.0   0.94130
   1750.0   0.94105
   1755.0   0.93901
   1760.0   0.93987
   1765.0   0.93936
   1770.0   0.93992
   1775.0   0.94072
   1780.0   0.94210
   1785.0   0.94137
   1790.0   0.94120
   1795.0   0.94103
   1800.0   0.94005
   1805.0   0.93822
   1810.0   0.93908
   1815.0   0.93971
   1820.0   0.93792
   1825.0   0.93708
   1830.0   0.93654
   1835.0   0.93483
   1840.0   0.93499
   1845.0   0.93399
   1850.0   0.93309
   1855.0   0.93135
   1860.0   0.93087
   1865.0   0.92947
   1870.0   0.92466
   1875.0   0.92032
   1880.0   0.91716
   1885.0   0.91414
   1890.0   0.91423
   1895.0   0.91267
   1900.0   0.90939
   1905.0   0.90669
   1910.0   0.90581
   1915.0   0.90456
   1920.0   0.90426
   1925.0   0.90460
   1930.0   0.90538
   1935.0   0.90564
   1940.0   0.90402
   1945.0   0.90192
   1950.0   0.90107
   1955.0   0.90164
   1960.0   0.90174
   1965.0   0.90041
   1970.0   0.90183
   1975.0   0.90151
   1980.0   0.90151
   1985.0   0.90179
   1990.0   0.90309
   1995.0   0.90095
   2000.0   0.90091
   2005.0   0.90244
   2010.0   0.90394
   2015.0   0.90799
   2020.0   0.91209
   2025.0   0.91223
   2030.0   0.91473
   2035.0   0.91626
   2040.0   0.92050
   2045.0   0.92229
   2050.0   0.92371
   2055.0   0.92256
   2060.0   0.92538
   2065.0   0.92457
   2070.0   0.92422
   2075.0   0.92712
   2080.0   0.92700
   2085.0   0.92536
   2090.0   0.92597
   2095.0   0.92832
   2100.0   0.92761
   2105.0   0.92581
   2110.0   0.92182
   2115.0   0.91912
   2120.0   0.91732
   2125.0   0.91858
   2130.0   0.91770
   2135.0   0.91630
   2140.0   0.91455
   2145.0   0.91364
   2150.0   0.91384
   2155.0   0.91129
   2160.0   0.90838
   2165.0   0.90583
   2170.0   0.90478
   2175.0   0.90619
   2180.0   0.90633
   2185.0   0.90511
   2190.0   0.90859
   2195.0   0.91422
   2200.0   0.91348
   2205.0   0.90905
   2210.0   0.90617
   2215.0   0.90332
   2220.0   0.90045
   2225.0   0.89656
   2230.0   0.89080
   2235.0   0.88601
   2240.0   0.88112
   2245.0   0.87814
   2250.0   0.87455
   2255.0   0.86991
   2260.0   0.86163
   2265.0   0.85927
   2270.0   0.85329
   2275.0   0.84575
   2280.0   0.83700
   2285.0   0.83073
   2290.0   0.82519
   2295.0   0.81818
   2300.0   0.81370
   2305.0   0.80848
   2310.0   0.80381
   2315.0   0.80153
   2320.0   0.79881
   2325.0   0.79593
   2330.0   0.79162
   2335.0   0.79054
   2340.0   0.78896
   2345.0   0.78604
   2350.0   0.78470
   2355.0   0.78690
   2360.0   0.78586
   2365.0   0.78824
   2370.0   0.79790
   2375.0   0.80587
   2380.0   0.81532
   2385.0   0.82206
   2390.0   0.83132
   2395.0   0.83773
   2400.0   0.84390
   2405.0   0.85284
   2410.0   0.86032
   2415.0   0.86054
   2420.0   0.86011
   2425.0   0.85715
   2430.0   0.85276
   2435.0   0.84607
   2440.0   0.83378
   2445.0   0.83008
   2450.0   0.82287
   2455.0   0.81252
   2460.0   0.80174
   2465.0   0.79463
   2470.0   0.78541
   2475.0   0.77466
   2480.0   0.76426
   2485.0   0.75468
   2490.0   0.74362
   2495.0   0.73761
   2500.0   0.73304
   2505.0   0.72798
   2510.0   0.72164
   2515.0   0.71870
   2520.0   0.71332
   2525.0   0.70917
   2530.0   0.70466
   2535.0   0.69716
   2540.0   0.69473
   2545.0   0.69210
   2550.0   0.69457
   2555.0   0.70387
   2560.0   0.71239
   2565.0   0.72944
   2570.0   0.75216
   2575.0   0.76276
   2580.0   0.78298
   2585.0   0.79552
   2590.0   0.81016
   2595.0   0.81627
   2600.0   0.83756
   2605.0   0.83876
   2610.0   0.85565
   2615.0   0.85764
   2620.0   0.86347
   2625.0   0.86643
   2630.0   0.86603
   2635.0   0.86805
   2640.0   0.86850
   2645.0   0.86682
   2650.0   0.86735
   2655.0   0.86466
   2660.0   0.86461
   2665.0   0.86278
   2670.0   0.85927
   2675.0   0.85452
   2680.0   0.84799
   2685.0   0.84145
   2690.0   0.83205
   2695.0   0.81938
   2700.0   0.79934
   2705.0   0.77488
   2710.0   0.75332
   2715.0   0.73573
   2720.0   0.72076
   2725.0   0.71300
   2730.0   0.71224
   2735.0   0.71149
   2740.0   0.70694
   2745.0   0.69381
   2750.0   0.67658
   2755.0   0.66803
   2760.0   0.65911
   2765.0   0.64186
   2770.0   0.63550
   2775.0   0.61999
   2780.0   0.61236
   2785.0   0.59816
   2790.0   0.58028
   2795.0   0.57815
   2800.0   0.56576
   2805.0   0.56215
   2810.0   0.56410
   2815.0   0.56755
   2820.0   0.55216
   2825.0   0.55703
   2830.0   0.56448
   2835.0   0.55669
   2840.0   0.55489
   2845.0   0.55096
   2850.0   0.54730
   2855.0   0.54809
   2860.0   0.53707
   2865.0   0.53461
   2870.0   0.53640
   2875.0   0.53529
   2880.0   0.52562
   2885.0   0.52659
   2890.0   0.52414
   2895.0   0.52515
   2900.0   0.51783
   2905.0   0.51725
   2910.0   0.52688
   2915.0   0.52682
   2920.0   0.52178
   2925.0   0.51994
   2930.0   0.51527
   2935.0   0.51478
   2940.0   0.51192
   2945.0   0.51134
   2950.0   0.51499
   2955.0   0.51512
   2960.0   0.51330
   2965.0   0.51238
   2970.0   0.51370
   2975.0   0.51495
   2980.0   0.51784
   2985.0   0.51798
   2990.0   0.51840
   2995.0   0.52529
   3000.0   0.52333
   3005.0   0.52867
   3010.0   0.52923
   3015.0   0.53252
   3020.0   0.53316
   3025.0   0.53779
   3030.0   0.53708
   3035.0   0.53957
   3040.0   0.54139
   3045.0   0.54148
   3050.0   0.54574
   3055.0   0.54404
   3060.0   0.54301
   3065.0   0.54288
   3070.0   0.54038
   3075.0   0.54211
   3080.0   0.54314
   3085.0   0.53918
   3090.0   0.54153
   3095.0   0.54453
   3100.0   0.54616
   3105.0   0.54741
   3110.0   0.55111
   3115.0   0.54949
   3120.0   0.54539
   3125.0   0.54592
   3130.0   0.54879
   3135.0   0.54909
   3140.0   0.55148
   3145.0   0.54997
   3150.0   0.55151
   3155.0   0.55656
   3160.0   0.55738
   3165.0   0.56412
   3170.0   0.56733
   3175.0   0.57253
   3180.0   0.57721
   3185.0   0.57947
   3190.0   0.58125
   3195.0   0.58423
   3200.0   0.58551
   3205.0   0.58784
   3210.0   0.59044
   3215.0   0.59140
   3220.0   0.59649
   3225.0   0.59228
   3230.0   0.59493
   3235.0   0.59015
   3240.0   0.58596
   3245.0   0.58587
   3250.0   0.58215
   3255.0   0.58014
   3260.0   0.57384
   3265.0   0.57045
   3270.0   0.56531
   3275.0   0.56205
   3280.0   0.55318
   3285.0   0.54537
   3290.0   0.53550
   3295.0   0.52609
   3300.0   0.51285
   3305.0   0.49415
   3310.0   0.47558
   3315.0   0.45818
   3320.0   0.43651
   3325.0   0.40192
   3330.0   0.36761
   3335.0   0.33033
   3340.0   0.29777
   3345.0   0.27290
   3350.0   0.26118
   3355.0   0.25083
   3360.0   0.24720
   3365.0   0.24472
   3370.0   0.24524
   3375.0   0.24781
   3380.0   0.24513
   3385.0   0.24494
   3390.0   0.24720
   3395.0   0.24680
   3400.0   0.24880
   3405.0   0.25120
   3410.0   0.25290
   3415.0   0.25523
   3420.0   0.25389
   3425.0   0.25060
   3430.0   0.24747
   3435.0   0.24442
   3440.0   0.24602
   3445.0   0.24727
   3450.0   0.23921
   3455.0   0.23642
   3460.0   0.23068
   3465.0   0.22461
   3470.0   0.22322
   3475.0   0.22128
   3480.0   0.21428
   3485.0   0.21481
   3490.0   0.21327
   3495.0   0.20982
   3500.0   0.20794
   3505.0   0.20515
   3510.0   0.21662
   3515.0   0.21342
   3520.0   0.22552
   3525.0   0.22694
   3530.0   0.23630
   3535.0   0.25325
   3540.0   0.26290
   3545.0   0.28209
   3550.0   0.29404
   3555.0   0.30941
   3560.0   0.34023
   3565.0   0.36177
   3570.0   0.39528
   3575.0   0.40782
   3580.0   0.43276
   3585.0   0.44813
   3590.0   0.47664
   3595.0   0.48240
   3600.0   0.52288



 C1SH18      .ASC                        

 SH-SJG-018                                                              
 1508  MANGANOAN CALCITE  FRANKLIN, NEW JERSEY                           
 RATIOS ADJUSTED USING NBS HALON CALIBRATION TABLE                       

 Source Ang: 30.00   Detect Ang:  0.00  Volt: 0.222
 Date: 12-MAY-89   Time: 12:02:16
