   661
    300.0   0.66327
    305.0   0.66783
    310.0   0.67442
    315.0   0.68153
    320.0   0.68736
    325.0   0.69504
    330.0   0.69848
    335.0   0.70428
    340.0   0.71017
    345.0   0.71571
    350.0   0.72270
    355.0   0.72706
    360.0   0.73216
    365.0   0.73610
    370.0   0.73969
    375.0   0.74060
    380.0   0.74280
    385.0   0.74348
    390.0   0.74588
    395.0   0.74500
    400.0   0.74457
    405.0   0.74430
    410.0   0.75240
    415.0   0.75245
    420.0   0.75245
    425.0   0.75389
    430.0   0.75475
    435.0   0.75569
    440.0   0.75674
    445.0   0.75887
    450.0   0.76044
    455.0   0.76408
    460.0   0.76303
    465.0   0.76486
    470.0   0.76567
    475.0   0.76685
    480.0   0.76816
    485.0   0.77013
    490.0   0.77104
    495.0   0.77178
    500.0   0.77278
    505.0   0.77334
    510.0   0.77438
    515.0   0.77520
    520.0   0.77539
    525.0   0.77691
    530.0   0.77659
    535.0   0.77737
    540.0   0.77896
    545.0   0.77782
    550.0   0.77870
    555.0   0.77917
    560.0   0.77862
    565.0   0.77906
    570.0   0.77960
    575.0   0.77991
    580.0   0.77978
    585.0   0.78061
    590.0   0.78148
    595.0   0.78111
    600.0   0.78138
    605.0   0.78225
    610.0   0.78194
    615.0   0.78192
    620.0   0.78104
    625.0   0.78182
    630.0   0.78169
    635.0   0.78086
    640.0   0.78182
    645.0   0.78227
    650.0   0.78250
    655.0   0.78345
    660.0   0.78377
    665.0   0.78490
    670.0   0.78577
    675.0   0.78521
    680.0   0.78505
    685.0   0.78625
    690.0   0.78600
    695.0   0.78658
    700.0   0.78605
    705.0   0.78650
    710.0   0.78731
    715.0   0.78733
    720.0   0.78686
    725.0   0.78645
    730.0   0.78757
    735.0   0.78681
    740.0   0.78749
    745.0   0.78769
    750.0   0.78784
    755.0   0.78740
    760.0   0.78786
    765.0   0.78869
    770.0   0.78918
    775.0   0.78958
    780.0   0.78894
    785.0   0.78896
    790.0   0.79032
    795.0   0.79051
    800.0   0.79132
    805.0   0.79106
    810.0   0.79019
    815.0   0.79116
    820.0   0.79206
    825.0   0.79195
    830.0   0.79205
    835.0   0.79224
    840.0   0.79206
    845.0   0.79228
    850.0   0.79262
    855.0   0.79101
    860.0   0.79129
    865.0   0.79175
    870.0   0.79004
    875.0   0.79045
    880.0   0.78991
    885.0   0.79004
    890.0   0.78989
    895.0   0.78946
    900.0   0.79055
    905.0   0.78919
    910.0   0.79040
    915.0   0.78911
    920.0   0.78979
    925.0   0.78933
    930.0   0.78812
    935.0   0.78941
    940.0   0.78968
    945.0   0.78898
    950.0   0.78893
    955.0   0.78971
    960.0   0.78996
    965.0   0.79026
    970.0   0.78950
    975.0   0.79055
    980.0   0.79038
    985.0   0.78869
    990.0   0.78975
    995.0   0.78914
   1000.0   0.78858
   1005.0   0.78924
   1010.0   0.78856
   1015.0   0.78870
   1020.0   0.78870
   1025.0   0.78919
   1030.0   0.78878
   1035.0   0.78804
   1040.0   0.78812
   1045.0   0.78749
   1050.0   0.78831
   1055.0   0.78776
   1060.0   0.78733
   1065.0   0.78658
   1070.0   0.78687
   1075.0   0.78754
   1080.0   0.78725
   1085.0   0.78813
   1090.0   0.78786
   1095.0   0.78800
   1100.0   0.78917
   1105.0   0.78860
   1110.0   0.78886
   1115.0   0.78920
   1120.0   0.78870
   1125.0   0.79030
   1130.0   0.78964
   1135.0   0.79012
   1140.0   0.78960
   1145.0   0.78997
   1150.0   0.78942
   1155.0   0.78939
   1160.0   0.78975
   1165.0   0.78991
   1170.0   0.79039
   1175.0   0.79116
   1180.0   0.79078
   1185.0   0.79127
   1190.0   0.79078
   1195.0   0.79019
   1200.0   0.78915
   1205.0   0.78938
   1210.0   0.78885
   1215.0   0.78881
   1220.0   0.78795
   1225.0   0.78804
   1230.0   0.78826
   1235.0   0.78778
   1240.0   0.78864
   1245.0   0.78915
   1250.0   0.78812
   1255.0   0.78845
   1260.0   0.78952
   1265.0   0.78839
   1270.0   0.78865
   1275.0   0.78843
   1280.0   0.78913
   1285.0   0.79031
   1290.0   0.79120
   1295.0   0.79014
   1300.0   0.79059
   1305.0   0.79040
   1310.0   0.79012
   1315.0   0.79091
   1320.0   0.79138
   1325.0   0.78936
   1330.0   0.79034
   1335.0   0.78928
   1340.0   0.78848
   1345.0   0.78981
   1350.0   0.79048
   1355.0   0.78878
   1360.0   0.78686
   1365.0   0.78928
   1370.0   0.78817
   1375.0   0.78796
   1380.0   0.78667
   1385.0   0.78967
   1390.0   0.78855
   1395.0   0.78739
   1400.0   0.78682
   1405.0   0.78670
   1410.0   0.78769
   1415.0   0.78755
   1420.0   0.78845
   1425.0   0.78828
   1430.0   0.78827
   1435.0   0.78893
   1440.0   0.78734
   1445.0   0.78603
   1450.0   0.78879
   1455.0   0.78712
   1460.0   0.78725
   1465.0   0.78734
   1470.0   0.78761
   1475.0   0.78835
   1480.0   0.78914
   1485.0   0.78891
   1490.0   0.79015
   1495.0   0.79007
   1500.0   0.78951
   1505.0   0.78849
   1510.0   0.78880
   1515.0   0.79041
   1520.0   0.79121
   1525.0   0.79044
   1530.0   0.78887
   1535.0   0.78853
   1540.0   0.78737
   1545.0   0.78765
   1550.0   0.78818
   1555.0   0.78640
   1560.0   0.78740
   1565.0   0.78571
   1570.0   0.78618
   1575.0   0.78649
   1580.0   0.78797
   1585.0   0.78725
   1590.0   0.78757
   1595.0   0.78822
   1600.0   0.78728
   1605.0   0.78744
   1610.0   0.78783
   1615.0   0.78948
   1620.0   0.78770
   1625.0   0.78631
   1630.0   0.78752
   1635.0   0.78490
   1640.0   0.78509
   1645.0   0.78255
   1650.0   0.78148
   1655.0   0.78254
   1660.0   0.78386
   1665.0   0.78452
   1670.0   0.78379
   1675.0   0.78450
   1680.0   0.78214
   1685.0   0.78164
   1690.0   0.78170
   1695.0   0.78146
   1700.0   0.77993
   1705.0   0.77754
   1710.0   0.77541
   1715.0   0.77612
   1720.0   0.77395
   1725.0   0.77119
   1730.0   0.77169
   1735.0   0.77047
   1740.0   0.77052
   1745.0   0.77069
   1750.0   0.77031
   1755.0   0.77066
   1760.0   0.77108
   1765.0   0.77333
   1770.0   0.77919
   1775.0   0.78284
   1780.0   0.78352
   1785.0   0.78380
   1790.0   0.78245
   1795.0   0.78182
   1800.0   0.78003
   1805.0   0.77901
   1810.0   0.77721
   1815.0   0.77489
   1820.0   0.77213
   1825.0   0.76929
   1830.0   0.76390
   1835.0   0.75703
   1840.0   0.75244
   1845.0   0.74836
   1850.0   0.74427
   1855.0   0.73974
   1860.0   0.73431
   1865.0   0.72194
   1870.0   0.70389
   1875.0   0.68863
   1880.0   0.69206
   1885.0   0.71386
   1890.0   0.74352
   1895.0   0.76019
   1900.0   0.76695
   1905.0   0.77067
   1910.0   0.77541
   1915.0   0.77422
   1920.0   0.77474
   1925.0   0.77650
   1930.0   0.77663
   1935.0   0.77289
   1940.0   0.77081
   1945.0   0.76535
   1950.0   0.76095
   1955.0   0.75393
   1960.0   0.74727
   1965.0   0.74040
   1970.0   0.73670
   1975.0   0.73251
   1980.0   0.72925
   1985.0   0.72028
   1990.0   0.70515
   1995.0   0.68596
   2000.0   0.67996
   2005.0   0.69789
   2010.0   0.72614
   2015.0   0.74375
   2020.0   0.75415
   2025.0   0.76280
   2030.0   0.77047
   2035.0   0.77319
   2040.0   0.77566
   2045.0   0.77770
   2050.0   0.77994
   2055.0   0.77830
   2060.0   0.77849
   2065.0   0.77886
   2070.0   0.77875
   2075.0   0.77804
   2080.0   0.77781
   2085.0   0.77538
   2090.0   0.77250
   2095.0   0.76925
   2100.0   0.76452
   2105.0   0.75936
   2110.0   0.75600
   2115.0   0.75218
   2120.0   0.74782
   2125.0   0.74116
   2130.0   0.73655
   2135.0   0.72981
   2140.0   0.71854
   2145.0   0.70052
   2150.0   0.68306
   2155.0   0.67481
   2160.0   0.67515
   2165.0   0.67891
   2170.0   0.68711
   2175.0   0.69892
   2180.0   0.70705
   2185.0   0.71148
   2190.0   0.71621
   2195.0   0.71638
   2200.0   0.71412
   2205.0   0.70854
   2210.0   0.70061
   2215.0   0.69436
   2220.0   0.68589
   2225.0   0.67528
   2230.0   0.66124
   2235.0   0.65002
   2240.0   0.63553
   2245.0   0.62063
   2250.0   0.60563
   2255.0   0.58797
   2260.0   0.56694
   2265.0   0.54794
   2270.0   0.52778
   2275.0   0.50378
   2280.0   0.47597
   2285.0   0.45236
   2290.0   0.42948
   2295.0   0.41273
   2300.0   0.40137
   2305.0   0.39352
   2310.0   0.38820
   2315.0   0.37906
   2320.0   0.36553
   2325.0   0.34754
   2330.0   0.32422
   2335.0   0.30059
   2340.0   0.28991
   2345.0   0.29340
   2350.0   0.31330
   2355.0   0.35640
   2360.0   0.41733
   2365.0   0.48064
   2370.0   0.54040
   2375.0   0.58260
   2380.0   0.61108
   2385.0   0.62486
   2390.0   0.62941
   2395.0   0.62801
   2400.0   0.61749
   2405.0   0.61605
   2410.0   0.61980
   2415.0   0.61788
   2420.0   0.60699
   2425.0   0.59016
   2430.0   0.57221
   2435.0   0.55061
   2440.0   0.52875
   2445.0   0.50900
   2450.0   0.48522
   2455.0   0.46152
   2460.0   0.43446
   2465.0   0.40456
   2470.0   0.37251
   2475.0   0.33922
   2480.0   0.31323
   2485.0   0.29537
   2490.0   0.28053
   2495.0   0.27268
   2500.0   0.26639
   2505.0   0.26149
   2510.0   0.25524
   2515.0   0.24655
   2520.0   0.23296
   2525.0   0.21169
   2530.0   0.18959
   2535.0   0.17177
   2540.0   0.16946
   2545.0   0.18705
   2550.0   0.22995
   2555.0   0.29594
   2560.0   0.34683
   2565.0   0.42408
   2570.0   0.46799
   2575.0   0.48965
   2580.0   0.51820
   2585.0   0.53545
   2590.0   0.55958
   2595.0   0.58451
   2600.0   0.61040
   2605.0   0.62955
   2610.0   0.64735
   2615.0   0.66064
   2620.0   0.66910
   2625.0   0.67463
   2630.0   0.68002
   2635.0   0.68686
   2640.0   0.69364
   2645.0   0.69246
   2650.0   0.69243
   2655.0   0.69089
   2660.0   0.68516
   2665.0   0.68053
   2670.0   0.67507
   2675.0   0.67127
   2680.0   0.66762
   2685.0   0.65607
   2690.0   0.64219
   2695.0   0.62407
   2700.0   0.60233
   2705.0   0.58327
   2710.0   0.55666
   2715.0   0.53308
   2720.0   0.50365
   2725.0   0.47910
   2730.0   0.46124
   2735.0   0.44977
   2740.0   0.43978
   2745.0   0.42697
   2750.0   0.42337
   2755.0   0.42029
   2760.0   0.39075
   2765.0   0.38508
   2770.0   0.35505
   2775.0   0.29977
   2780.0   0.24882
   2785.0   0.22036
   2790.0   0.21741
   2795.0   0.21190
   2800.0   0.23812
   2805.0   0.27456
   2810.0   0.32127
   2815.0   0.36308
   2820.0   0.39130
   2825.0   0.42683
   2830.0   0.44566
   2835.0   0.47298
   2840.0   0.49880
   2845.0   0.52553
   2850.0   0.53828
   2855.0   0.55113
   2860.0   0.56358
   2865.0   0.57464
   2870.0   0.57553
   2875.0   0.58386
   2880.0   0.58682
   2885.0   0.59286
   2890.0   0.58960
   2895.0   0.58724
   2900.0   0.59343
   2905.0   0.59892
   2910.0   0.60282
   2915.0   0.60359
   2920.0   0.59655
   2925.0   0.59764
   2930.0   0.59530
   2935.0   0.59697
   2940.0   0.59263
   2945.0   0.58959
   2950.0   0.58504
   2955.0   0.58175
   2960.0   0.58115
   2965.0   0.58320
   2970.0   0.57645
   2975.0   0.57977
   2980.0   0.58217
   2985.0   0.57661
   2990.0   0.57008
   2995.0   0.56012
   3000.0   0.54850
   3005.0   0.53853
   3010.0   0.52160
   3015.0   0.51006
   3020.0   0.49530
   3025.0   0.47968
   3030.0   0.47049
   3035.0   0.45354
   3040.0   0.43715
   3045.0   0.42836
   3050.0   0.40911
   3055.0   0.39456
   3060.0   0.37664
   3065.0   0.36088
   3070.0   0.34967
   3075.0   0.34346
   3080.0   0.32470
   3085.0   0.31171
   3090.0   0.28695
   3095.0   0.26385
   3100.0   0.24389
   3105.0   0.22942
   3110.0   0.22044
   3115.0   0.22081
   3120.0   0.22940
   3125.0   0.24226
   3130.0   0.25426
   3135.0   0.25103
   3140.0   0.24576
   3145.0   0.23768
   3150.0   0.23033
   3155.0   0.22829
   3160.0   0.23704
   3165.0   0.25338
   3170.0   0.27235
   3175.0   0.29217
   3180.0   0.30434
   3185.0   0.30600
   3190.0   0.30625
   3195.0   0.30556
   3200.0   0.30037
   3205.0   0.29658
   3210.0   0.28873
   3215.0   0.28131
   3220.0   0.27408
   3225.0   0.26209
   3230.0   0.25495
   3235.0   0.24994
   3240.0   0.23941
   3245.0   0.22965
   3250.0   0.22231
   3255.0   0.21546
   3260.0   0.20859
   3265.0   0.19714
   3270.0   0.18925
   3275.0   0.18038
   3280.0   0.17200
   3285.0   0.16246
   3290.0   0.15217
   3295.0   0.13909
   3300.0   0.12889
   3305.0   0.11904
   3310.0   0.10741
   3315.0   0.09819
   3320.0   0.08800
   3325.0   0.07606
   3330.0   0.06207
   3335.0   0.04768
   3340.0   0.03615
   3345.0   0.02431
   3350.0   0.01784
   3355.0   0.01557
   3360.0   0.01683
   3365.0   0.01476
   3370.0   0.01671
   3375.0   0.01841
   3380.0   0.02100
   3385.0   0.01840
   3390.0   0.01932
   3395.0   0.01899
   3400.0   0.01858
   3405.0   0.01962
   3410.0   0.02109
   3415.0   0.02286
   3420.0   0.02265
   3425.0   0.01967
   3430.0   0.02290
   3435.0   0.02239
   3440.0   0.02245
   3445.0   0.01690
   3450.0   0.01581
   3455.0   0.01914
   3460.0   0.01748
   3465.0   0.01349
   3470.0   0.01377
   3475.0   0.01588
   3480.0   0.01132
   3485.0   0.01342
   3490.0   0.01247
   3495.0   0.01762
   3500.0   0.02036
   3505.0   0.01739
   3510.0   0.01836
   3515.0   0.01514
   3520.0   0.01229
   3525.0   0.02350
   3530.0   0.02637
   3535.0   0.03925
   3540.0   0.05304
   3545.0   0.06147
   3550.0   0.06529
   3555.0   0.08877
   3560.0   0.08778
   3565.0   0.09408
   3570.0   0.09322
   3575.0   0.10410
   3580.0   0.10648
   3585.0   0.11527
   3590.0   0.14108
   3595.0   0.16576
   3600.0   0.16714



 C1SH01      .ASC                        

 SH-SJG-001                                                              
 1545  CALCITE ICELAND SPAR  CONVICT LAKE, MONO COUNTY CA   LARGE CRYSTAL
 RATIOS ADJUSTED USING NBS HALON CALIBRATION TABLE                       

 Source Ang: 30.00   Detect Ang:  0.00  Volt: 0.222
 Date: 28-APR-89   Time: 14:54:40
