   661
    300.0   0.43007
    305.0   0.42052
    310.0   0.40689
    315.0   0.40968
    320.0   0.46384
    325.0   0.47869
    330.0   0.48692
    335.0   0.49292
    340.0   0.44378
    345.0   0.41583
    350.0   0.51178
    355.0   0.51725
    360.0   0.47774
    365.0   0.47029
    370.0   0.53357
    375.0   0.58478
    380.0   0.59239
    385.0   0.57691
    390.0   0.57924
    395.0   0.58062
    400.0   0.55492
    405.0   0.42428
    410.0   0.35143
    415.0   0.55868
    420.0   0.60598
    425.0   0.59749
    430.0   0.57774
    435.0   0.56002
    440.0   0.54972
    445.0   0.54911
    450.0   0.55677
    455.0   0.57362
    460.0   0.58921
    465.0   0.61283
    470.0   0.63671
    475.0   0.66211
    480.0   0.68119
    485.0   0.69486
    490.0   0.70159
    495.0   0.70514
    500.0   0.70242
    505.0   0.69525
    510.0   0.68547
    515.0   0.67278
    520.0   0.65769
    525.0   0.64314
    530.0   0.62865
    535.0   0.61644
    540.0   0.60914
    545.0   0.60452
    550.0   0.60576
    555.0   0.61128
    560.0   0.62112
    565.0   0.63527
    570.0   0.65384
    575.0   0.67429
    580.0   0.69736
    585.0   0.72132
    590.0   0.74525
    595.0   0.76639
    600.0   0.78640
    605.0   0.80422
    610.0   0.81733
    615.0   0.82897
    620.0   0.83661
    625.0   0.84390
    630.0   0.84888
    635.0   0.85229
    640.0   0.85654
    645.0   0.85969
    650.0   0.86219
    655.0   0.86472
    660.0   0.86730
    665.0   0.87034
    670.0   0.87354
    675.0   0.87472
    680.0   0.87589
    685.0   0.87823
    690.0   0.88013
    695.0   0.88091
    700.0   0.88230
    705.0   0.88282
    710.0   0.88462
    715.0   0.88526
    720.0   0.88549
    725.0   0.88632
    730.0   0.88795
    735.0   0.88707
    740.0   0.88750
    745.0   0.88844
    750.0   0.88822
    755.0   0.88754
    760.0   0.88702
    765.0   0.88806
    770.0   0.88694
    775.0   0.88698
    780.0   0.88469
    785.0   0.88572
    790.0   0.88477
    795.0   0.88431
    800.0   0.88362
    805.0   0.88087
    810.0   0.87995
    815.0   0.87878
    820.0   0.87798
    825.0   0.87655
    830.0   0.87496
    835.0   0.87114
    840.0   0.86956
    845.0   0.86770
    850.0   0.86531
    855.0   0.86173
    860.0   0.85933
    865.0   0.85650
    870.0   0.85145
    875.0   0.84873
    880.0   0.84603
    885.0   0.84266
    890.0   0.83923
    895.0   0.83561
    900.0   0.83289
    905.0   0.82777
    910.0   0.82410
    915.0   0.81943
    920.0   0.81626
    925.0   0.81185
    930.0   0.80671
    935.0   0.80405
    940.0   0.80154
    945.0   0.79665
    950.0   0.79293
    955.0   0.78989
    960.0   0.78583
    965.0   0.78290
    970.0   0.77846
    975.0   0.77650
    980.0   0.77355
    985.0   0.76887
    990.0   0.76605
    995.0   0.76313
   1000.0   0.75979
   1005.0   0.75732
   1010.0   0.75405
   1015.0   0.75222
   1020.0   0.75090
   1025.0   0.74865
   1030.0   0.74712
   1035.0   0.74494
   1040.0   0.74313
   1045.0   0.74146
   1050.0   0.74145
   1055.0   0.73998
   1060.0   0.73919
   1065.0   0.73786
   1070.0   0.73757
   1075.0   0.73809
   1080.0   0.73760
   1085.0   0.73931
   1090.0   0.73920
   1095.0   0.74061
   1100.0   0.74074
   1105.0   0.74161
   1110.0   0.74290
   1115.0   0.74324
   1120.0   0.74447
   1125.0   0.74530
   1130.0   0.74522
   1135.0   0.74619
   1140.0   0.74724
   1145.0   0.74807
   1150.0   0.74829
   1155.0   0.74950
   1160.0   0.75058
   1165.0   0.75205
   1170.0   0.75311
   1175.0   0.75516
   1180.0   0.75498
   1185.0   0.75540
   1190.0   0.75469
   1195.0   0.75506
   1200.0   0.75019
   1205.0   0.74903
   1210.0   0.74866
   1215.0   0.74874
   1220.0   0.74815
   1225.0   0.74885
   1230.0   0.74899
   1235.0   0.74722
   1240.0   0.74751
   1245.0   0.74886
   1250.0   0.74841
   1255.0   0.74901
   1260.0   0.75005
   1265.0   0.74912
   1270.0   0.74767
   1275.0   0.74729
   1280.0   0.74842
   1285.0   0.75089
   1290.0   0.75257
   1295.0   0.75173
   1300.0   0.75099
   1305.0   0.75043
   1310.0   0.75142
   1315.0   0.75298
   1320.0   0.75360
   1325.0   0.75339
   1330.0   0.75543
   1335.0   0.75470
   1340.0   0.75376
   1345.0   0.75495
   1350.0   0.75745
   1355.0   0.75712
   1360.0   0.75593
   1365.0   0.75754
   1370.0   0.75964
   1375.0   0.76157
   1380.0   0.76082
   1385.0   0.76310
   1390.0   0.76703
   1395.0   0.76706
   1400.0   0.76845
   1405.0   0.77070
   1410.0   0.77337
   1415.0   0.77518
   1420.0   0.77753
   1425.0   0.78037
   1430.0   0.78280
   1435.0   0.78548
   1440.0   0.78758
   1445.0   0.78753
   1450.0   0.79114
   1455.0   0.79216
   1460.0   0.79447
   1465.0   0.79690
   1470.0   0.79991
   1475.0   0.80399
   1480.0   0.80784
   1485.0   0.80853
   1490.0   0.81195
   1495.0   0.81457
   1500.0   0.81532
   1505.0   0.81633
   1510.0   0.81930
   1515.0   0.82571
   1520.0   0.82834
   1525.0   0.83035
   1530.0   0.83219
   1535.0   0.83214
   1540.0   0.83409
   1545.0   0.83790
   1550.0   0.83861
   1555.0   0.83951
   1560.0   0.84456
   1565.0   0.84652
   1570.0   0.84845
   1575.0   0.84980
   1580.0   0.85174
   1585.0   0.85382
   1590.0   0.85509
   1595.0   0.85758
   1600.0   0.85933
   1605.0   0.86140
   1610.0   0.86116
   1615.0   0.86481
   1620.0   0.86633
   1625.0   0.86668
   1630.0   0.86939
   1635.0   0.86724
   1640.0   0.87036
   1645.0   0.86906
   1650.0   0.86812
   1655.0   0.86879
   1660.0   0.87471
   1665.0   0.87605
   1670.0   0.87745
   1675.0   0.87795
   1680.0   0.87731
   1685.0   0.87840
   1690.0   0.87908
   1695.0   0.88001
   1700.0   0.87891
   1705.0   0.87882
   1710.0   0.87791
   1715.0   0.88035
   1720.0   0.87857
   1725.0   0.87601
   1730.0   0.87675
   1735.0   0.87574
   1740.0   0.87512
   1745.0   0.87522
   1750.0   0.87531
   1755.0   0.87729
   1760.0   0.87700
   1765.0   0.87751
   1770.0   0.87764
   1775.0   0.87933
   1780.0   0.88008
   1785.0   0.88262
   1790.0   0.88302
   1795.0   0.88399
   1800.0   0.88346
   1805.0   0.88417
   1810.0   0.88129
   1815.0   0.87902
   1820.0   0.87749
   1825.0   0.87645
   1830.0   0.87306
   1835.0   0.86876
   1840.0   0.86810
   1845.0   0.86403
   1850.0   0.86262
   1855.0   0.85705
   1860.0   0.85335
   1865.0   0.84835
   1870.0   0.84289
   1875.0   0.84366
   1880.0   0.83819
   1885.0   0.83049
   1890.0   0.82199
   1895.0   0.81695
   1900.0   0.82029
   1905.0   0.83427
   1910.0   0.84733
   1915.0   0.85158
   1920.0   0.85008
   1925.0   0.85011
   1930.0   0.84818
   1935.0   0.84559
   1940.0   0.84446
   1945.0   0.84170
   1950.0   0.84182
   1955.0   0.83992
   1960.0   0.83803
   1965.0   0.83523
   1970.0   0.82993
   1975.0   0.82616
   1980.0   0.82421
   1985.0   0.82262
   1990.0   0.81887
   1995.0   0.81674
   2000.0   0.81134
   2005.0   0.80570
   2010.0   0.80248
   2015.0   0.80047
   2020.0   0.81012
   2025.0   0.82227
   2030.0   0.83339
   2035.0   0.83715
   2040.0   0.83946
   2045.0   0.84482
   2050.0   0.84835
   2055.0   0.84831
   2060.0   0.84867
   2065.0   0.84866
   2070.0   0.85001
   2075.0   0.84942
   2080.0   0.84897
   2085.0   0.84764
   2090.0   0.84744
   2095.0   0.84762
   2100.0   0.84644
   2105.0   0.84312
   2110.0   0.84286
   2115.0   0.84218
   2120.0   0.83936
   2125.0   0.83474
   2130.0   0.83266
   2135.0   0.83124
   2140.0   0.82737
   2145.0   0.82116
   2150.0   0.81341
   2155.0   0.80873
   2160.0   0.80297
   2165.0   0.79831
   2170.0   0.79712
   2175.0   0.79623
   2180.0   0.79654
   2185.0   0.80132
   2190.0   0.80680
   2195.0   0.80848
   2200.0   0.80609
   2205.0   0.80347
   2210.0   0.80029
   2215.0   0.80186
   2220.0   0.79684
   2225.0   0.79061
   2230.0   0.78207
   2235.0   0.77418
   2240.0   0.76744
   2245.0   0.75896
   2250.0   0.75261
   2255.0   0.74333
   2260.0   0.73241
   2265.0   0.72363
   2270.0   0.71390
   2275.0   0.70495
   2280.0   0.69330
   2285.0   0.68518
   2290.0   0.67211
   2295.0   0.65835
   2300.0   0.64417
   2305.0   0.63176
   2310.0   0.62230
   2315.0   0.61152
   2320.0   0.60453
   2325.0   0.59839
   2330.0   0.59102
   2335.0   0.58584
   2340.0   0.58265
   2345.0   0.57573
   2350.0   0.56685
   2355.0   0.55870
   2360.0   0.55401
   2365.0   0.55003
   2370.0   0.55355
   2375.0   0.56338
   2380.0   0.58266
   2385.0   0.61668
   2390.0   0.65523
   2395.0   0.69536
   2400.0   0.71805
   2405.0   0.72969
   2410.0   0.73080
   2415.0   0.72656
   2420.0   0.71958
   2425.0   0.70901
   2430.0   0.70133
   2435.0   0.69358
   2440.0   0.68656
   2445.0   0.67728
   2450.0   0.66439
   2455.0   0.65164
   2460.0   0.64105
   2465.0   0.62745
   2470.0   0.61038
   2475.0   0.59308
   2480.0   0.57391
   2485.0   0.55581
   2490.0   0.53860
   2495.0   0.52566
   2500.0   0.51600
   2505.0   0.50489
   2510.0   0.49654
   2515.0   0.49033
   2520.0   0.48944
   2525.0   0.48193
   2530.0   0.47513
   2535.0   0.46908
   2540.0   0.45943
   2545.0   0.44882
   2550.0   0.44178
   2555.0   0.43397
   2560.0   0.42576
   2565.0   0.44252
   2570.0   0.46041
   2575.0   0.49051
   2580.0   0.53620
   2585.0   0.57926
   2590.0   0.62484
   2595.0   0.65649
   2600.0   0.68292
   2605.0   0.70498
   2610.0   0.71726
   2615.0   0.72970
   2620.0   0.73977
   2625.0   0.74757
   2630.0   0.75003
   2635.0   0.75556
   2640.0   0.76353
   2645.0   0.76477
   2650.0   0.76387
   2655.0   0.76239
   2660.0   0.75357
   2665.0   0.74407
   2670.0   0.73322
   2675.0   0.72543
   2680.0   0.72436
   2685.0   0.72487
   2690.0   0.71830
   2695.0   0.70896
   2700.0   0.69610
   2705.0   0.68307
   2710.0   0.67365
   2715.0   0.66082
   2720.0   0.63731
   2725.0   0.62000
   2730.0   0.60707
   2735.0   0.59961
   2740.0   0.58521
   2745.0   0.56661
   2750.0   0.56208
   2755.0   0.55352
   2760.0   0.52843
   2765.0   0.50395
   2770.0   0.49820
   2775.0   0.49395
   2780.0   0.46713
   2785.0   0.46179
   2790.0   0.43571
   2795.0   0.41395
   2800.0   0.40539
   2805.0   0.39052
   2810.0   0.39350
   2815.0   0.38943
   2820.0   0.39875
   2825.0   0.41243
   2830.0   0.41232
   2835.0   0.41485
   2840.0   0.40936
   2845.0   0.41359
   2850.0   0.41240
   2855.0   0.41071
   2860.0   0.41561
   2865.0   0.41340
   2870.0   0.40665
   2875.0   0.40673
   2880.0   0.40129
   2885.0   0.40556
   2890.0   0.40407
   2895.0   0.39963
   2900.0   0.39490
   2905.0   0.39826
   2910.0   0.39543
   2915.0   0.39626
   2920.0   0.38901
   2925.0   0.39071
   2930.0   0.38427
   2935.0   0.38310
   2940.0   0.38137
   2945.0   0.37691
   2950.0   0.37339
   2955.0   0.37293
   2960.0   0.37165
   2965.0   0.37491
   2970.0   0.37578
   2975.0   0.37709
   2980.0   0.37584
   2985.0   0.38062
   2990.0   0.38248
   2995.0   0.38544
   3000.0   0.38117
   3005.0   0.38336
   3010.0   0.38516
   3015.0   0.38518
   3020.0   0.38809
   3025.0   0.38955
   3030.0   0.39229
   3035.0   0.38433
   3040.0   0.38647
   3045.0   0.38973
   3050.0   0.38774
   3055.0   0.38849
   3060.0   0.38781
   3065.0   0.38075
   3070.0   0.37850
   3075.0   0.37644
   3080.0   0.36878
   3085.0   0.37040
   3090.0   0.36559
   3095.0   0.36120
   3100.0   0.35792
   3105.0   0.35443
   3110.0   0.35364
   3115.0   0.34876
   3120.0   0.34726
   3125.0   0.34766
   3130.0   0.34837
   3135.0   0.35182
   3140.0   0.35525
   3145.0   0.36282
   3150.0   0.36184
   3155.0   0.36528
   3160.0   0.36754
   3165.0   0.36287
   3170.0   0.36286
   3175.0   0.35964
   3180.0   0.35667
   3185.0   0.35454
   3190.0   0.34964
   3195.0   0.35152
   3200.0   0.34986
   3205.0   0.35533
   3210.0   0.36024
   3215.0   0.36440
   3220.0   0.36690
   3225.0   0.36740
   3230.0   0.36756
   3235.0   0.36272
   3240.0   0.36221
   3245.0   0.35381
   3250.0   0.34822
   3255.0   0.34570
   3260.0   0.34579
   3265.0   0.33683
   3270.0   0.33324
   3275.0   0.32937
   3280.0   0.32374
   3285.0   0.32324
   3290.0   0.31794
   3295.0   0.31287
   3300.0   0.30205
   3305.0   0.29424
   3310.0   0.28812
   3315.0   0.27776
   3320.0   0.26481
   3325.0   0.25272
   3330.0   0.23311
   3335.0   0.20838
   3340.0   0.18426
   3345.0   0.15539
   3350.0   0.13674
   3355.0   0.12351
   3360.0   0.11928
   3365.0   0.11815
   3370.0   0.11874
   3375.0   0.12038
   3380.0   0.12410
   3385.0   0.12276
   3390.0   0.12524
   3395.0   0.12594
   3400.0   0.12569
   3405.0   0.12572
   3410.0   0.12931
   3415.0   0.12605
   3420.0   0.13060
   3425.0   0.12783
   3430.0   0.13057
   3435.0   0.12795
   3440.0   0.12930
   3445.0   0.12452
   3450.0   0.13052
   3455.0   0.12928
   3460.0   0.12567
   3465.0   0.12414
   3470.0   0.12267
   3475.0   0.11950
   3480.0   0.12394
   3485.0   0.11754
   3490.0   0.11518
   3495.0   0.11903
   3500.0   0.10500
   3505.0   0.10069
   3510.0   0.09776
   3515.0   0.09556
   3520.0   0.09321
   3525.0   0.09730
   3530.0   0.09941
   3535.0   0.10783
   3540.0   0.10438
   3545.0   0.10701
   3550.0   0.10818
   3555.0   0.12939
   3560.0   0.11685
   3565.0   0.13948
   3570.0   0.16073
   3575.0   0.19700
   3580.0   0.22613
   3585.0   0.25541
   3590.0   0.28149
   3595.0   0.31803
   3600.0   0.29511



 C1SH04      .ASC                        

 SH-SJG-004                                                              
 3505  RHODOCHROSITE SOURCE UNKNOWN                                      
 RATIOS ADJUSTED USING NBS HALON CALIBRATION TABLE                       

 Source Ang: 30.00   Detect Ang:  0.00  Volt: 0.222
 Date: 28-APR-89   Time: 16:11:55
