   661
    300.0   0.48264
    305.0   0.48468
    310.0   0.49659
    315.0   0.50801
    320.0   0.51790
    325.0   0.53003
    330.0   0.53685
    335.0   0.54581
    340.0   0.55866
    345.0   0.56860
    350.0   0.58209
    355.0   0.59259
    360.0   0.60459
    365.0   0.61409
    370.0   0.62605
    375.0   0.63544
    380.0   0.64427
    385.0   0.65379
    390.0   0.66359
    395.0   0.67358
    400.0   0.68303
    405.0   0.69220
    410.0   0.70268
    415.0   0.71091
    420.0   0.71902
    425.0   0.72737
    430.0   0.73478
    435.0   0.74263
    440.0   0.74975
    445.0   0.75842
    450.0   0.76611
    455.0   0.77621
    460.0   0.77915
    465.0   0.78632
    470.0   0.79174
    475.0   0.79757
    480.0   0.80257
    485.0   0.80780
    490.0   0.81091
    495.0   0.81568
    500.0   0.81898
    505.0   0.82211
    510.0   0.82683
    515.0   0.83046
    520.0   0.83393
    525.0   0.83779
    530.0   0.84076
    535.0   0.84384
    540.0   0.84784
    545.0   0.85000
    550.0   0.85279
    555.0   0.85488
    560.0   0.85656
    565.0   0.85880
    570.0   0.86091
    575.0   0.86164
    580.0   0.86332
    585.0   0.86454
    590.0   0.86680
    595.0   0.86748
    600.0   0.86696
    605.0   0.86854
    610.0   0.86907
    615.0   0.86961
    620.0   0.86925
    625.0   0.86976
    630.0   0.86956
    635.0   0.86954
    640.0   0.86996
    645.0   0.87031
    650.0   0.86995
    655.0   0.87069
    660.0   0.87079
    665.0   0.87234
    670.0   0.87291
    675.0   0.87248
    680.0   0.87311
    685.0   0.87380
    690.0   0.87437
    695.0   0.87446
    700.0   0.87414
    705.0   0.87480
    710.0   0.87492
    715.0   0.87462
    720.0   0.87455
    725.0   0.87429
    730.0   0.87492
    735.0   0.87395
    740.0   0.87368
    745.0   0.87420
    750.0   0.87353
    755.0   0.87309
    760.0   0.87276
    765.0   0.87219
    770.0   0.87215
    775.0   0.87133
    780.0   0.86891
    785.0   0.86803
    790.0   0.86699
    795.0   0.86601
    800.0   0.86399
    805.0   0.86112
    810.0   0.85809
    815.0   0.85631
    820.0   0.85447
    825.0   0.85163
    830.0   0.84851
    835.0   0.84459
    840.0   0.84144
    845.0   0.83885
    850.0   0.83432
    855.0   0.82950
    860.0   0.82586
    865.0   0.82209
    870.0   0.81602
    875.0   0.81300
    880.0   0.80878
    885.0   0.80452
    890.0   0.79952
    895.0   0.79477
    900.0   0.79104
    905.0   0.78600
    910.0   0.78168
    915.0   0.77682
    920.0   0.77313
    925.0   0.76923
    930.0   0.76443
    935.0   0.76145
    940.0   0.75858
    945.0   0.75243
    950.0   0.74963
    955.0   0.74721
    960.0   0.74472
    965.0   0.74179
    970.0   0.73957
    975.0   0.73800
    980.0   0.73560
    985.0   0.73366
    990.0   0.73106
    995.0   0.72983
   1000.0   0.72739
   1005.0   0.72737
   1010.0   0.72581
   1015.0   0.72607
   1020.0   0.72488
   1025.0   0.72520
   1030.0   0.72464
   1035.0   0.72428
   1040.0   0.72487
   1045.0   0.72464
   1050.0   0.72582
   1055.0   0.72463
   1060.0   0.72518
   1065.0   0.72526
   1070.0   0.72578
   1075.0   0.72675
   1080.0   0.72574
   1085.0   0.72815
   1090.0   0.72792
   1095.0   0.72944
   1100.0   0.73003
   1105.0   0.73088
   1110.0   0.73182
   1115.0   0.73210
   1120.0   0.73097
   1125.0   0.73222
   1130.0   0.73197
   1135.0   0.73260
   1140.0   0.73252
   1145.0   0.73252
   1150.0   0.73301
   1155.0   0.73314
   1160.0   0.73334
   1165.0   0.73450
   1170.0   0.73491
   1175.0   0.73695
   1180.0   0.73708
   1185.0   0.73873
   1190.0   0.73806
   1195.0   0.73920
   1200.0   0.73776
   1205.0   0.73948
   1210.0   0.74075
   1215.0   0.74139
   1220.0   0.74195
   1225.0   0.74498
   1230.0   0.74513
   1235.0   0.74757
   1240.0   0.75049
   1245.0   0.75234
   1250.0   0.75362
   1255.0   0.75688
   1260.0   0.75930
   1265.0   0.76205
   1270.0   0.76418
   1275.0   0.76650
   1280.0   0.77041
   1285.0   0.77425
   1290.0   0.77797
   1295.0   0.78054
   1300.0   0.78520
   1305.0   0.78722
   1310.0   0.79111
   1315.0   0.79431
   1320.0   0.79842
   1325.0   0.79876
   1330.0   0.80489
   1335.0   0.80680
   1340.0   0.81058
   1345.0   0.81441
   1350.0   0.81800
   1355.0   0.81680
   1360.0   0.81750
   1365.0   0.82091
   1370.0   0.82683
   1375.0   0.82928
   1380.0   0.81325
   1385.0   0.79294
   1390.0   0.79256
   1395.0   0.79826
   1400.0   0.81458
   1405.0   0.82946
   1410.0   0.83977
   1415.0   0.84590
   1420.0   0.84987
   1425.0   0.85233
   1430.0   0.85525
   1435.0   0.85784
   1440.0   0.85897
   1445.0   0.86019
   1450.0   0.86331
   1455.0   0.86367
   1460.0   0.86576
   1465.0   0.86920
   1470.0   0.87174
   1475.0   0.87348
   1480.0   0.87624
   1485.0   0.87820
   1490.0   0.88175
   1495.0   0.88284
   1500.0   0.88528
   1505.0   0.88538
   1510.0   0.88711
   1515.0   0.88939
   1520.0   0.89123
   1525.0   0.89247
   1530.0   0.89302
   1535.0   0.89372
   1540.0   0.89306
   1545.0   0.89360
   1550.0   0.89682
   1555.0   0.89553
   1560.0   0.89938
   1565.0   0.90205
   1570.0   0.90224
   1575.0   0.90290
   1580.0   0.90296
   1585.0   0.90256
   1590.0   0.90127
   1595.0   0.90281
   1600.0   0.90258
   1605.0   0.90246
   1610.0   0.90273
   1615.0   0.90404
   1620.0   0.90226
   1625.0   0.90073
   1630.0   0.90201
   1635.0   0.90144
   1640.0   0.90152
   1645.0   0.90172
   1650.0   0.90065
   1655.0   0.90052
   1660.0   0.90137
   1665.0   0.90081
   1670.0   0.89908
   1675.0   0.89943
   1680.0   0.89556
   1685.0   0.89516
   1690.0   0.89373
   1695.0   0.89358
   1700.0   0.89145
   1705.0   0.89178
   1710.0   0.89090
   1715.0   0.89418
   1720.0   0.89457
   1725.0   0.89120
   1730.0   0.89439
   1735.0   0.89509
   1740.0   0.89643
   1745.0   0.89898
   1750.0   0.90178
   1755.0   0.90328
   1760.0   0.90183
   1765.0   0.90133
   1770.0   0.89955
   1775.0   0.89773
   1780.0   0.89536
   1785.0   0.89532
   1790.0   0.89089
   1795.0   0.88709
   1800.0   0.88297
   1805.0   0.88026
   1810.0   0.87610
   1815.0   0.87127
   1820.0   0.86772
   1825.0   0.86369
   1830.0   0.86168
   1835.0   0.85696
   1840.0   0.85288
   1845.0   0.84926
   1850.0   0.84668
   1855.0   0.84950
   1860.0   0.86173
   1865.0   0.87256
   1870.0   0.87933
   1875.0   0.88582
   1880.0   0.88516
   1885.0   0.87778
   1890.0   0.87273
   1895.0   0.86787
   1900.0   0.85762
   1905.0   0.84956
   1910.0   0.84478
   1915.0   0.83792
   1920.0   0.83118
   1925.0   0.82880
   1930.0   0.82334
   1935.0   0.82011
   1940.0   0.81790
   1945.0   0.81378
   1950.0   0.81356
   1955.0   0.81115
   1960.0   0.80989
   1965.0   0.80845
   1970.0   0.80683
   1975.0   0.80783
   1980.0   0.81098
   1985.0   0.81823
   1990.0   0.82832
   1995.0   0.83893
   2000.0   0.84437
   2005.0   0.85169
   2010.0   0.85712
   2015.0   0.85770
   2020.0   0.86158
   2025.0   0.86385
   2030.0   0.86545
   2035.0   0.86462
   2040.0   0.86553
   2045.0   0.86493
   2050.0   0.86678
   2055.0   0.86317
   2060.0   0.86315
   2065.0   0.86210
   2070.0   0.86109
   2075.0   0.85735
   2080.0   0.85261
   2085.0   0.84729
   2090.0   0.84324
   2095.0   0.83896
   2100.0   0.83575
   2105.0   0.83473
   2110.0   0.83267
   2115.0   0.82954
   2120.0   0.82666
   2125.0   0.81876
   2130.0   0.81450
   2135.0   0.81809
   2140.0   0.82145
   2145.0   0.82642
   2150.0   0.83233
   2155.0   0.83654
   2160.0   0.83898
   2165.0   0.83565
   2170.0   0.83325
   2175.0   0.82739
   2180.0   0.82193
   2185.0   0.81437
   2190.0   0.80956
   2195.0   0.80264
   2200.0   0.79432
   2205.0   0.78423
   2210.0   0.77168
   2215.0   0.76091
   2220.0   0.74708
   2225.0   0.73012
   2230.0   0.71094
   2235.0   0.69348
   2240.0   0.67517
   2245.0   0.65916
   2250.0   0.64466
   2255.0   0.63316
   2260.0   0.62121
   2265.0   0.61520
   2270.0   0.60829
   2275.0   0.60463
   2280.0   0.60055
   2285.0   0.59894
   2290.0   0.59388
   2295.0   0.58899
   2300.0   0.58591
   2305.0   0.58528
   2310.0   0.58996
   2315.0   0.59699
   2320.0   0.61164
   2325.0   0.63267
   2330.0   0.65959
   2335.0   0.69445
   2340.0   0.72911
   2345.0   0.75483
   2350.0   0.77307
   2355.0   0.78491
   2360.0   0.78035
   2365.0   0.76840
   2370.0   0.76278
   2375.0   0.75626
   2380.0   0.74719
   2385.0   0.73690
   2390.0   0.72564
   2395.0   0.71365
   2400.0   0.69759
   2405.0   0.68510
   2410.0   0.67108
   2415.0   0.65471
   2420.0   0.63692
   2425.0   0.61782
   2430.0   0.59935
   2435.0   0.58051
   2440.0   0.56115
   2445.0   0.54771
   2450.0   0.53490
   2455.0   0.52526
   2460.0   0.51968
   2465.0   0.51475
   2470.0   0.51110
   2475.0   0.50577
   2480.0   0.49681
   2485.0   0.49286
   2490.0   0.48449
   2495.0   0.47543
   2500.0   0.47000
   2505.0   0.46831
   2510.0   0.47487
   2515.0   0.48738
   2520.0   0.51101
   2525.0   0.54306
   2530.0   0.57939
   2535.0   0.62955
   2540.0   0.67266
   2545.0   0.69689
   2550.0   0.71569
   2555.0   0.72952
   2560.0   0.73127
   2565.0   0.74865
   2570.0   0.75294
   2575.0   0.75079
   2580.0   0.75478
   2585.0   0.75564
   2590.0   0.75691
   2595.0   0.75735
   2600.0   0.75959
   2605.0   0.76266
   2610.0   0.76080
   2615.0   0.75802
   2620.0   0.75617
   2625.0   0.75111
   2630.0   0.74589
   2635.0   0.74066
   2640.0   0.74187
   2645.0   0.73355
   2650.0   0.72295
   2655.0   0.71029
   2660.0   0.69500
   2665.0   0.67753
   2670.0   0.65876
   2675.0   0.63300
   2680.0   0.60505
   2685.0   0.58047
   2690.0   0.55137
   2695.0   0.51686
   2700.0   0.46451
   2705.0   0.41522
   2710.0   0.37184
   2715.0   0.34855
   2720.0   0.33620
   2725.0   0.34304
   2730.0   0.36565
   2735.0   0.37721
   2740.0   0.37485
   2745.0   0.36510
   2750.0   0.36997
   2755.0   0.37146
   2760.0   0.36144
   2765.0   0.36230
   2770.0   0.38500
   2775.0   0.38550
   2780.0   0.39788
   2785.0   0.41147
   2790.0   0.42304
   2795.0   0.43040
   2800.0   0.43176
   2805.0   0.42888
   2810.0   0.43019
   2815.0   0.43089
   2820.0   0.42856
   2825.0   0.43146
   2830.0   0.43067
   2835.0   0.42597
   2840.0   0.41785
   2845.0   0.42506
   2850.0   0.41633
   2855.0   0.41831
   2860.0   0.41640
   2865.0   0.41339
   2870.0   0.40983
   2875.0   0.40830
   2880.0   0.41264
   2885.0   0.40997
   2890.0   0.40134
   2895.0   0.40106
   2900.0   0.40065
   2905.0   0.39862
   2910.0   0.39991
   2915.0   0.40059
   2920.0   0.39315
   2925.0   0.39545
   2930.0   0.39595
   2935.0   0.38962
   2940.0   0.38793
   2945.0   0.38690
   2950.0   0.38569
   2955.0   0.38772
   2960.0   0.38297
   2965.0   0.38690
   2970.0   0.38564
   2975.0   0.38712
   2980.0   0.38203
   2985.0   0.38441
   2990.0   0.38417
   2995.0   0.38147
   3000.0   0.38213
   3005.0   0.37809
   3010.0   0.37809
   3015.0   0.37642
   3020.0   0.37898
   3025.0   0.37967
   3030.0   0.37680
   3035.0   0.37202
   3040.0   0.37030
   3045.0   0.37082
   3050.0   0.37211
   3055.0   0.36945
   3060.0   0.36835
   3065.0   0.36928
   3070.0   0.37193
   3075.0   0.37772
   3080.0   0.37971
   3085.0   0.38593
   3090.0   0.38734
   3095.0   0.38705
   3100.0   0.38942
   3105.0   0.38979
   3110.0   0.39731
   3115.0   0.39627
   3120.0   0.39944
   3125.0   0.40202
   3130.0   0.40759
   3135.0   0.40782
   3140.0   0.42019
   3145.0   0.42841
   3150.0   0.43366
   3155.0   0.43657
   3160.0   0.44101
   3165.0   0.44164
   3170.0   0.44275
   3175.0   0.44679
   3180.0   0.44610
   3185.0   0.44644
   3190.0   0.44973
   3195.0   0.45182
   3200.0   0.45219
   3205.0   0.44971
   3210.0   0.45142
   3215.0   0.45269
   3220.0   0.44954
   3225.0   0.44173
   3230.0   0.43275
   3235.0   0.42330
   3240.0   0.41008
   3245.0   0.38078
   3250.0   0.33625
   3255.0   0.27133
   3260.0   0.21246
   3265.0   0.15559
   3270.0   0.12589
   3275.0   0.11365
   3280.0   0.11486
   3285.0   0.11574
   3290.0   0.11826
   3295.0   0.12181
   3300.0   0.12372
   3305.0   0.12542
   3310.0   0.12515
   3315.0   0.12373
   3320.0   0.12614
   3325.0   0.12559
   3330.0   0.12841
   3335.0   0.12936
   3340.0   0.13363
   3345.0   0.13671
   3350.0   0.13808
   3355.0   0.13638
   3360.0   0.13712
   3365.0   0.13926
   3370.0   0.13538
   3375.0   0.13952
   3380.0   0.13953
   3385.0   0.13366
   3390.0   0.13184
   3395.0   0.13138
   3400.0   0.12156
   3405.0   0.11787
   3410.0   0.10532
   3415.0   0.10064
   3420.0   0.09227
   3425.0   0.09209
   3430.0   0.09135
   3435.0   0.09583
   3440.0   0.09392
   3445.0   0.10116
   3450.0   0.09917
   3455.0   0.10687
   3460.0   0.11493
   3465.0   0.11699
   3470.0   0.12240
   3475.0   0.13439
   3480.0   0.14688
   3485.0   0.17405
   3490.0   0.19143
   3495.0   0.24046
   3500.0   0.29775
   3505.0   0.33947
   3510.0   0.37827
   3515.0   0.38192
   3520.0   0.39392
   3525.0   0.38864
   3530.0   0.39193
   3535.0   0.42784
   3540.0   0.46484
   3545.0   0.49113
   3550.0   0.52945
   3555.0   0.53040
   3560.0   0.54165
   3565.0   0.55946
   3570.0   0.54945
   3575.0   0.54461
   3580.0   0.54569
   3585.0   0.55684
   3590.0   0.55910
   3595.0   0.56351
   3600.0   0.56407



 C1SH03      .ASC                        

 SH-SJG-003                                                              
 2506 MAGNESITE   SNARUM NORWAY                                          
 RATIOS ADJUSTED USING NBS HALON CALIBRATION TABLE                       

 Source Ang: 30.00   Detect Ang:  0.00  Volt: 0.222
 Date: 28-APR-89   Time: 15:48:21
