   661
    300.0   0.52547
    305.0   0.53304
    310.0   0.54200
    315.0   0.55063
    320.0   0.55910
    325.0   0.56914
    330.0   0.58101
    335.0   0.58767
    340.0   0.59906
    345.0   0.60524
    350.0   0.61413
    355.0   0.62084
    360.0   0.62962
    365.0   0.63825
    370.0   0.64671
    375.0   0.65385
    380.0   0.66035
    385.0   0.66540
    390.0   0.67237
    395.0   0.67837
    400.0   0.68329
    405.0   0.68851
    410.0   0.69815
    415.0   0.70516
    420.0   0.71063
    425.0   0.71460
    430.0   0.72083
    435.0   0.72584
    440.0   0.73128
    445.0   0.73541
    450.0   0.74002
    455.0   0.74760
    460.0   0.75017
    465.0   0.75522
    470.0   0.75901
    475.0   0.76240
    480.0   0.76601
    485.0   0.76942
    490.0   0.77439
    495.0   0.77590
    500.0   0.77924
    505.0   0.78215
    510.0   0.78455
    515.0   0.78658
    520.0   0.78963
    525.0   0.79194
    530.0   0.79381
    535.0   0.79535
    540.0   0.79732
    545.0   0.79923
    550.0   0.80141
    555.0   0.80294
    560.0   0.80393
    565.0   0.80491
    570.0   0.80619
    575.0   0.80709
    580.0   0.80825
    585.0   0.80974
    590.0   0.81162
    595.0   0.81247
    600.0   0.81329
    605.0   0.81429
    610.0   0.81468
    615.0   0.81603
    620.0   0.81581
    625.0   0.81570
    630.0   0.81675
    635.0   0.81669
    640.0   0.81776
    645.0   0.81859
    650.0   0.81902
    655.0   0.81992
    660.0   0.82031
    665.0   0.82138
    670.0   0.82202
    675.0   0.82335
    680.0   0.82401
    685.0   0.82462
    690.0   0.82566
    695.0   0.82567
    700.0   0.82591
    705.0   0.82810
    710.0   0.82746
    715.0   0.82804
    720.0   0.82762
    725.0   0.82968
    730.0   0.82972
    735.0   0.83019
    740.0   0.83042
    745.0   0.83174
    750.0   0.83153
    755.0   0.83208
    760.0   0.83240
    765.0   0.83258
    770.0   0.83293
    775.0   0.83364
    780.0   0.83459
    785.0   0.83400
    790.0   0.83528
    795.0   0.83608
    800.0   0.83523
    805.0   0.83457
    810.0   0.83554
    815.0   0.83593
    820.0   0.83601
    825.0   0.83578
    830.0   0.83511
    835.0   0.83481
    840.0   0.83605
    845.0   0.83807
    850.0   0.83678
    855.0   0.83752
    860.0   0.83665
    865.0   0.83847
    870.0   0.83746
    875.0   0.83596
    880.0   0.83712
    885.0   0.83646
    890.0   0.83694
    895.0   0.83674
    900.0   0.83634
    905.0   0.83598
    910.0   0.83456
    915.0   0.83684
    920.0   0.83654
    925.0   0.83827
    930.0   0.83708
    935.0   0.83672
    940.0   0.83655
    945.0   0.83705
    950.0   0.83613
    955.0   0.83636
    960.0   0.83664
    965.0   0.83653
    970.0   0.83517
    975.0   0.83694
    980.0   0.83686
    985.0   0.83605
    990.0   0.83738
    995.0   0.83661
   1000.0   0.83604
   1005.0   0.83584
   1010.0   0.83672
   1015.0   0.83698
   1020.0   0.83564
   1025.0   0.83575
   1030.0   0.83647
   1035.0   0.83768
   1040.0   0.83702
   1045.0   0.83665
   1050.0   0.83645
   1055.0   0.83665
   1060.0   0.83785
   1065.0   0.83622
   1070.0   0.83665
   1075.0   0.83741
   1080.0   0.83802
   1085.0   0.83837
   1090.0   0.83698
   1095.0   0.83703
   1100.0   0.83821
   1105.0   0.83789
   1110.0   0.83800
   1115.0   0.83699
   1120.0   0.83694
   1125.0   0.83842
   1130.0   0.83858
   1135.0   0.83781
   1140.0   0.83859
   1145.0   0.83854
   1150.0   0.83881
   1155.0   0.83766
   1160.0   0.83857
   1165.0   0.83769
   1170.0   0.83772
   1175.0   0.83811
   1180.0   0.83859
   1185.0   0.83770
   1190.0   0.83841
   1195.0   0.83797
   1200.0   0.83753
   1205.0   0.83960
   1210.0   0.84148
   1215.0   0.84030
   1220.0   0.84014
   1225.0   0.83972
   1230.0   0.83791
   1235.0   0.83853
   1240.0   0.84022
   1245.0   0.84127
   1250.0   0.84054
   1255.0   0.83927
   1260.0   0.83897
   1265.0   0.83956
   1270.0   0.84239
   1275.0   0.84085
   1280.0   0.84095
   1285.0   0.83874
   1290.0   0.83785
   1295.0   0.83818
   1300.0   0.83960
   1305.0   0.84164
   1310.0   0.84119
   1315.0   0.84037
   1320.0   0.83887
   1325.0   0.83847
   1330.0   0.83994
   1335.0   0.83903
   1340.0   0.84128
   1345.0   0.84141
   1350.0   0.84004
   1355.0   0.83921
   1360.0   0.83730
   1365.0   0.83940
   1370.0   0.83864
   1375.0   0.84023
   1380.0   0.83847
   1385.0   0.84059
   1390.0   0.83936
   1395.0   0.83785
   1400.0   0.83621
   1405.0   0.83647
   1410.0   0.83940
   1415.0   0.83854
   1420.0   0.83799
   1425.0   0.83690
   1430.0   0.83567
   1435.0   0.83601
   1440.0   0.83459
   1445.0   0.83431
   1450.0   0.83498
   1455.0   0.83564
   1460.0   0.83429
   1465.0   0.83523
   1470.0   0.83455
   1475.0   0.83373
   1480.0   0.83551
   1485.0   0.83600
   1490.0   0.83579
   1495.0   0.83513
   1500.0   0.83600
   1505.0   0.83613
   1510.0   0.83586
   1515.0   0.83644
   1520.0   0.83523
   1525.0   0.83574
   1530.0   0.83393
   1535.0   0.83728
   1540.0   0.83827
   1545.0   0.83740
   1550.0   0.83978
   1555.0   0.83894
   1560.0   0.83810
   1565.0   0.83896
   1570.0   0.83657
   1575.0   0.83552
   1580.0   0.83477
   1585.0   0.83642
   1590.0   0.83616
   1595.0   0.83864
   1600.0   0.83871
   1605.0   0.83903
   1610.0   0.84046
   1615.0   0.83868
   1620.0   0.83863
   1625.0   0.83903
   1630.0   0.83579
   1635.0   0.83797
   1640.0   0.83616
   1645.0   0.83841
   1650.0   0.83771
   1655.0   0.83891
   1660.0   0.84011
   1665.0   0.83957
   1670.0   0.84140
   1675.0   0.83993
   1680.0   0.84038
   1685.0   0.83896
   1690.0   0.84019
   1695.0   0.84112
   1700.0   0.83635
   1705.0   0.83726
   1710.0   0.83710
   1715.0   0.83631
   1720.0   0.83515
   1725.0   0.83606
   1730.0   0.83440
   1735.0   0.83287
   1740.0   0.83260
   1745.0   0.83269
   1750.0   0.83162
   1755.0   0.83344
   1760.0   0.83230
   1765.0   0.83136
   1770.0   0.83078
   1775.0   0.83176
   1780.0   0.83407
   1785.0   0.83564
   1790.0   0.83813
   1795.0   0.83903
   1800.0   0.83742
   1805.0   0.83788
   1810.0   0.83630
   1815.0   0.83660
   1820.0   0.83356
   1825.0   0.83363
   1830.0   0.83278
   1835.0   0.83023
   1840.0   0.82551
   1845.0   0.82454
   1850.0   0.82372
   1855.0   0.82129
   1860.0   0.81840
   1865.0   0.81339
   1870.0   0.80569
   1875.0   0.80446
   1880.0   0.79416
   1885.0   0.78626
   1890.0   0.78198
   1895.0   0.78582
   1900.0   0.79156
   1905.0   0.80233
   1910.0   0.81201
   1915.0   0.81308
   1920.0   0.81386
   1925.0   0.81450
   1930.0   0.81628
   1935.0   0.81609
   1940.0   0.81506
   1945.0   0.81483
   1950.0   0.81478
   1955.0   0.81409
   1960.0   0.81374
   1965.0   0.81076
   1970.0   0.80622
   1975.0   0.80448
   1980.0   0.80385
   1985.0   0.80310
   1990.0   0.80010
   1995.0   0.79829
   2000.0   0.79187
   2005.0   0.78635
   2010.0   0.77807
   2015.0   0.76789
   2020.0   0.76850
   2025.0   0.78166
   2030.0   0.79703
   2035.0   0.80981
   2040.0   0.81956
   2045.0   0.82329
   2050.0   0.82734
   2055.0   0.82664
   2060.0   0.82940
   2065.0   0.82740
   2070.0   0.82711
   2075.0   0.82827
   2080.0   0.82717
   2085.0   0.82656
   2090.0   0.82698
   2095.0   0.82540
   2100.0   0.82835
   2105.0   0.82730
   2110.0   0.82471
   2115.0   0.82120
   2120.0   0.81875
   2125.0   0.81741
   2130.0   0.81663
   2135.0   0.81383
   2140.0   0.81217
   2145.0   0.80741
   2150.0   0.80568
   2155.0   0.79862
   2160.0   0.79384
   2165.0   0.78604
   2170.0   0.77016
   2175.0   0.75719
   2180.0   0.75581
   2185.0   0.75970
   2190.0   0.76675
   2195.0   0.77640
   2200.0   0.78214
   2205.0   0.78308
   2210.0   0.78308
   2215.0   0.77637
   2220.0   0.76953
   2225.0   0.76230
   2230.0   0.75446
   2235.0   0.74539
   2240.0   0.73616
   2245.0   0.72649
   2250.0   0.71483
   2255.0   0.70332
   2260.0   0.69084
   2265.0   0.67808
   2270.0   0.66546
   2275.0   0.65049
   2280.0   0.63810
   2285.0   0.62363
   2290.0   0.61275
   2295.0   0.60484
   2300.0   0.59664
   2305.0   0.58748
   2310.0   0.57668
   2315.0   0.56457
   2320.0   0.55216
   2325.0   0.53698
   2330.0   0.52036
   2335.0   0.50013
   2340.0   0.47296
   2345.0   0.45034
   2350.0   0.44409
   2355.0   0.45873
   2360.0   0.48274
   2365.0   0.50933
   2370.0   0.54264
   2375.0   0.58483
   2380.0   0.62637
   2385.0   0.66152
   2390.0   0.68573
   2395.0   0.70495
   2400.0   0.71678
   2405.0   0.71941
   2410.0   0.72155
   2415.0   0.72013
   2420.0   0.71611
   2425.0   0.71223
   2430.0   0.70923
   2435.0   0.70427
   2440.0   0.69752
   2445.0   0.68815
   2450.0   0.67437
   2455.0   0.65918
   2460.0   0.64168
   2465.0   0.62065
   2470.0   0.59353
   2475.0   0.56463
   2480.0   0.53585
   2485.0   0.51000
   2490.0   0.49284
   2495.0   0.48115
   2500.0   0.47448
   2505.0   0.46855
   2510.0   0.46293
   2515.0   0.45049
   2520.0   0.43739
   2525.0   0.41844
   2530.0   0.39774
   2535.0   0.37385
   2540.0   0.34825
   2545.0   0.33157
   2550.0   0.31978
   2555.0   0.31195
   2560.0   0.31051
   2565.0   0.34002
   2570.0   0.37786
   2575.0   0.42170
   2580.0   0.47167
   2585.0   0.51368
   2590.0   0.57795
   2595.0   0.61833
   2600.0   0.66661
   2605.0   0.70286
   2610.0   0.73318
   2615.0   0.75773
   2620.0   0.77286
   2625.0   0.78075
   2630.0   0.78811
   2635.0   0.79448
   2640.0   0.79765
   2645.0   0.79860
   2650.0   0.79561
   2655.0   0.79211
   2660.0   0.78898
   2665.0   0.77907
   2670.0   0.77114
   2675.0   0.77371
   2680.0   0.77802
   2685.0   0.78032
   2690.0   0.77679
   2695.0   0.76782
   2700.0   0.75803
   2705.0   0.74622
   2710.0   0.73351
   2715.0   0.71447
   2720.0   0.69248
   2725.0   0.66602
   2730.0   0.63241
   2735.0   0.60358
   2740.0   0.58779
   2745.0   0.57590
   2750.0   0.55796
   2755.0   0.54676
   2760.0   0.53990
   2765.0   0.52553
   2770.0   0.52562
   2775.0   0.49737
   2780.0   0.48967
   2785.0   0.47694
   2790.0   0.45203
   2795.0   0.42193
   2800.0   0.40748
   2805.0   0.38458
   2810.0   0.34292
   2815.0   0.32051
   2820.0   0.30073
   2825.0   0.29064
   2830.0   0.29706
   2835.0   0.32087
   2840.0   0.33517
   2845.0   0.36434
   2850.0   0.39276
   2855.0   0.40688
   2860.0   0.42082
   2865.0   0.42958
   2870.0   0.42895
   2875.0   0.43540
   2880.0   0.43422
   2885.0   0.43200
   2890.0   0.43665
   2895.0   0.42714
   2900.0   0.42597
   2905.0   0.42538
   2910.0   0.42588
   2915.0   0.42720
   2920.0   0.42857
   2925.0   0.42139
   2930.0   0.41895
   2935.0   0.42128
   2940.0   0.42051
   2945.0   0.41974
   2950.0   0.42100
   2955.0   0.41849
   2960.0   0.41904
   2965.0   0.41672
   2970.0   0.41729
   2975.0   0.41819
   2980.0   0.41988
   2985.0   0.42507
   2990.0   0.42297
   2995.0   0.42107
   3000.0   0.42414
   3005.0   0.42181
   3010.0   0.42070
   3015.0   0.41939
   3020.0   0.41778
   3025.0   0.41409
   3030.0   0.41615
   3035.0   0.41775
   3040.0   0.41506
   3045.0   0.41887
   3050.0   0.41428
   3055.0   0.41379
   3060.0   0.41393
   3065.0   0.41255
   3070.0   0.41031
   3075.0   0.40915
   3080.0   0.40516
   3085.0   0.40126
   3090.0   0.39639
   3095.0   0.39055
   3100.0   0.38135
   3105.0   0.37351
   3110.0   0.36450
   3115.0   0.35319
   3120.0   0.33985
   3125.0   0.32859
   3130.0   0.30919
   3135.0   0.29934
   3140.0   0.29068
   3145.0   0.28752
   3150.0   0.29489
   3155.0   0.29862
   3160.0   0.30858
   3165.0   0.31982
   3170.0   0.33593
   3175.0   0.35017
   3180.0   0.36160
   3185.0   0.37044
   3190.0   0.37604
   3195.0   0.37885
   3200.0   0.37924
   3205.0   0.37727
   3210.0   0.37397
   3215.0   0.36904
   3220.0   0.36322
   3225.0   0.35917
   3230.0   0.35162
   3235.0   0.34926
   3240.0   0.34236
   3245.0   0.33887
   3250.0   0.33078
   3255.0   0.32594
   3260.0   0.32056
   3265.0   0.31847
   3270.0   0.31444
   3275.0   0.30628
   3280.0   0.30292
   3285.0   0.29630
   3290.0   0.28675
   3295.0   0.27722
   3300.0   0.27044
   3305.0   0.26601
   3310.0   0.25210
   3315.0   0.24075
   3320.0   0.23124
   3325.0   0.21378
   3330.0   0.19810
   3335.0   0.17826
   3340.0   0.15919
   3345.0   0.13998
   3350.0   0.12067
   3355.0   0.10569
   3360.0   0.09381
   3365.0   0.08016
   3370.0   0.06952
   3375.0   0.05951
   3380.0   0.05244
   3385.0   0.04895
   3390.0   0.04116
   3395.0   0.04140
   3400.0   0.04023
   3405.0   0.03740
   3410.0   0.03773
   3415.0   0.03989
   3420.0   0.03878
   3425.0   0.04282
   3430.0   0.03889
   3435.0   0.04379
   3440.0   0.04127
   3445.0   0.04174
   3450.0   0.04383
   3455.0   0.04313
   3460.0   0.03820
   3465.0   0.03634
   3470.0   0.03783
   3475.0   0.02993
   3480.0   0.03404
   3485.0   0.03383
   3490.0   0.03467
   3495.0   0.03913
   3500.0   0.04656
   3505.0   0.05427
   3510.0   0.05909
   3515.0   0.05657
   3520.0   0.05201
   3525.0   0.05055
   3530.0   0.06741
   3535.0   0.06555
   3540.0   0.08898
   3545.0   0.10604
   3550.0   0.12722
   3555.0   0.14902
   3560.0   0.18156
   3565.0   0.20513
   3570.0   0.24383
   3575.0   0.25197
   3580.0   0.27225
   3585.0   0.28713
   3590.0   0.31105
   3595.0   0.31577
   3600.0   0.33855



 C1SH09      .ASC                        

 SH-SJG-009                                                              
 11502  STRONTIANITE, HAMM WESTPHALIA                                    
 RATIOS ADJUSTED USING NBS HALON CALIBRATION TABLE                       

 Source Ang: 30.00   Detect Ang:  0.00  Volt: 0.222
 Date:  8-MAY-89   Time: 10:52:32
