   661
    300.0   0.64161
    305.0   0.65913
    310.0   0.67135
    315.0   0.66671
    320.0   0.64895
    325.0   0.61609
    330.0   0.59281
    335.0   0.58774
    340.0   0.60994
    345.0   0.64723
    350.0   0.68770
    355.0   0.71586
    360.0   0.72995
    365.0   0.73780
    370.0   0.74375
    375.0   0.74709
    380.0   0.75006
    385.0   0.75189
    390.0   0.75696
    395.0   0.76180
    400.0   0.76335
    405.0   0.76672
    410.0   0.77511
    415.0   0.78192
    420.0   0.78629
    425.0   0.78931
    430.0   0.79413
    435.0   0.80026
    440.0   0.80444
    445.0   0.80889
    450.0   0.81306
    455.0   0.82228
    460.0   0.82355
    465.0   0.82699
    470.0   0.82935
    475.0   0.83195
    480.0   0.83466
    485.0   0.83654
    490.0   0.84039
    495.0   0.84220
    500.0   0.84466
    505.0   0.84685
    510.0   0.84967
    515.0   0.85131
    520.0   0.85402
    525.0   0.85609
    530.0   0.85762
    535.0   0.85990
    540.0   0.86193
    545.0   0.86361
    550.0   0.86537
    555.0   0.86674
    560.0   0.86751
    565.0   0.86831
    570.0   0.86804
    575.0   0.86768
    580.0   0.86786
    585.0   0.86851
    590.0   0.87256
    595.0   0.87471
    600.0   0.87604
    605.0   0.87675
    610.0   0.87821
    615.0   0.87898
    620.0   0.87825
    625.0   0.87862
    630.0   0.87951
    635.0   0.87884
    640.0   0.88002
    645.0   0.88066
    650.0   0.88133
    655.0   0.88201
    660.0   0.88174
    665.0   0.88299
    670.0   0.88315
    675.0   0.88418
    680.0   0.88357
    685.0   0.88515
    690.0   0.88496
    695.0   0.88498
    700.0   0.88483
    705.0   0.88636
    710.0   0.88587
    715.0   0.88681
    720.0   0.88626
    725.0   0.88789
    730.0   0.88810
    735.0   0.88774
    740.0   0.88887
    745.0   0.88917
    750.0   0.88918
    755.0   0.89106
    760.0   0.89274
    765.0   0.89308
    770.0   0.89202
    775.0   0.89209
    780.0   0.89335
    785.0   0.89187
    790.0   0.89367
    795.0   0.89419
    800.0   0.89287
    805.0   0.89468
    810.0   0.89465
    815.0   0.89527
    820.0   0.89426
    825.0   0.89573
    830.0   0.89512
    835.0   0.89512
    840.0   0.89670
    845.0   0.89676
    850.0   0.89836
    855.0   0.89818
    860.0   0.89684
    865.0   0.89831
    870.0   0.89792
    875.0   0.89844
    880.0   0.89698
    885.0   0.89801
    890.0   0.89870
    895.0   0.89904
    900.0   0.89766
    905.0   0.89769
    910.0   0.89974
    915.0   0.90000
    920.0   0.89882
    925.0   0.89913
    930.0   0.89833
    935.0   0.89902
    940.0   0.90033
    945.0   0.89860
    950.0   0.89853
    955.0   0.89932
    960.0   0.89939
    965.0   0.89831
    970.0   0.89853
    975.0   0.89847
    980.0   0.90019
    985.0   0.89969
    990.0   0.89994
    995.0   0.89909
   1000.0   0.89883
   1005.0   0.89856
   1010.0   0.89971
   1015.0   0.89920
   1020.0   0.89845
   1025.0   0.89805
   1030.0   0.89916
   1035.0   0.90037
   1040.0   0.89925
   1045.0   0.89815
   1050.0   0.89928
   1055.0   0.90005
   1060.0   0.89932
   1065.0   0.90006
   1070.0   0.90010
   1075.0   0.89978
   1080.0   0.89994
   1085.0   0.89874
   1090.0   0.90036
   1095.0   0.90189
   1100.0   0.90061
   1105.0   0.90145
   1110.0   0.90065
   1115.0   0.90120
   1120.0   0.90121
   1125.0   0.90046
   1130.0   0.90124
   1135.0   0.90153
   1140.0   0.90183
   1145.0   0.90128
   1150.0   0.90094
   1155.0   0.90192
   1160.0   0.90321
   1165.0   0.90147
   1170.0   0.90234
   1175.0   0.90221
   1180.0   0.90210
   1185.0   0.90089
   1190.0   0.90085
   1195.0   0.90125
   1200.0   0.90093
   1205.0   0.90140
   1210.0   0.90198
   1215.0   0.90425
   1220.0   0.90268
   1225.0   0.90345
   1230.0   0.90331
   1235.0   0.90310
   1240.0   0.90066
   1245.0   0.89991
   1250.0   0.90193
   1255.0   0.90348
   1260.0   0.90307
   1265.0   0.90298
   1270.0   0.90486
   1275.0   0.90558
   1280.0   0.90547
   1285.0   0.90266
   1290.0   0.90496
   1295.0   0.90657
   1300.0   0.90523
   1305.0   0.90559
   1310.0   0.90780
   1315.0   0.90783
   1320.0   0.90586
   1325.0   0.90831
   1330.0   0.90647
   1335.0   0.90832
   1340.0   0.90637
   1345.0   0.90414
   1350.0   0.90426
   1355.0   0.90326
   1360.0   0.90330
   1365.0   0.90422
   1370.0   0.90480
   1375.0   0.90529
   1380.0   0.90246
   1385.0   0.90557
   1390.0   0.90612
   1395.0   0.90315
   1400.0   0.90132
   1405.0   0.90196
   1410.0   0.90280
   1415.0   0.90382
   1420.0   0.90240
   1425.0   0.90337
   1430.0   0.90240
   1435.0   0.90425
   1440.0   0.90466
   1445.0   0.90427
   1450.0   0.90420
   1455.0   0.90496
   1460.0   0.90418
   1465.0   0.90304
   1470.0   0.90332
   1475.0   0.90403
   1480.0   0.90506
   1485.0   0.90520
   1490.0   0.90387
   1495.0   0.90491
   1500.0   0.90581
   1505.0   0.90278
   1510.0   0.90344
   1515.0   0.90487
   1520.0   0.90408
   1525.0   0.90323
   1530.0   0.90403
   1535.0   0.90267
   1540.0   0.90384
   1545.0   0.90450
   1550.0   0.90665
   1555.0   0.90479
   1560.0   0.90384
   1565.0   0.90408
   1570.0   0.90581
   1575.0   0.90602
   1580.0   0.90767
   1585.0   0.90508
   1590.0   0.90533
   1595.0   0.90571
   1600.0   0.90628
   1605.0   0.90819
   1610.0   0.90649
   1615.0   0.90532
   1620.0   0.90557
   1625.0   0.90666
   1630.0   0.90474
   1635.0   0.90783
   1640.0   0.90462
   1645.0   0.90503
   1650.0   0.90480
   1655.0   0.90448
   1660.0   0.90239
   1665.0   0.90332
   1670.0   0.90124
   1675.0   0.90310
   1680.0   0.90341
   1685.0   0.90497
   1690.0   0.90421
   1695.0   0.90209
   1700.0   0.89958
   1705.0   0.90217
   1710.0   0.90206
   1715.0   0.90230
   1720.0   0.90110
   1725.0   0.90384
   1730.0   0.90459
   1735.0   0.90268
   1740.0   0.90276
   1745.0   0.90286
   1750.0   0.90074
   1755.0   0.90134
   1760.0   0.89991
   1765.0   0.89804
   1770.0   0.89691
   1775.0   0.89685
   1780.0   0.89660
   1785.0   0.89601
   1790.0   0.89667
   1795.0   0.89564
   1800.0   0.89363
   1805.0   0.89564
   1810.0   0.89475
   1815.0   0.89591
   1820.0   0.89371
   1825.0   0.89350
   1830.0   0.89509
   1835.0   0.89482
   1840.0   0.89656
   1845.0   0.89738
   1850.0   0.89698
   1855.0   0.89887
   1860.0   0.89753
   1865.0   0.89621
   1870.0   0.88932
   1875.0   0.90050
   1880.0   0.89938
   1885.0   0.89515
   1890.0   0.89030
   1895.0   0.88704
   1900.0   0.88061
   1905.0   0.88321
   1910.0   0.88256
   1915.0   0.87537
   1920.0   0.87240
   1925.0   0.87240
   1930.0   0.86995
   1935.0   0.86665
   1940.0   0.86369
   1945.0   0.86165
   1950.0   0.85973
   1955.0   0.85880
   1960.0   0.85666
   1965.0   0.85444
   1970.0   0.85301
   1975.0   0.85519
   1980.0   0.85765
   1985.0   0.86082
   1990.0   0.86423
   1995.0   0.86848
   2000.0   0.87302
   2005.0   0.87743
   2010.0   0.88171
   2015.0   0.88331
   2020.0   0.88440
   2025.0   0.88400
   2030.0   0.88172
   2035.0   0.88038
   2040.0   0.87829
   2045.0   0.87400
   2050.0   0.87199
   2055.0   0.86416
   2060.0   0.86383
   2065.0   0.85948
   2070.0   0.85484
   2075.0   0.85196
   2080.0   0.84480
   2085.0   0.84168
   2090.0   0.84491
   2095.0   0.85386
   2100.0   0.86417
   2105.0   0.87063
   2110.0   0.87419
   2115.0   0.87636
   2120.0   0.88030
   2125.0   0.88237
   2130.0   0.88720
   2135.0   0.88764
   2140.0   0.88939
   2145.0   0.88783
   2150.0   0.89030
   2155.0   0.89143
   2160.0   0.89221
   2165.0   0.89263
   2170.0   0.88888
   2175.0   0.88767
   2180.0   0.88779
   2185.0   0.88271
   2190.0   0.88084
   2195.0   0.87955
   2200.0   0.87570
   2205.0   0.87069
   2210.0   0.86976
   2215.0   0.86584
   2220.0   0.86085
   2225.0   0.85567
   2230.0   0.84693
   2235.0   0.84161
   2240.0   0.83803
   2245.0   0.83479
   2250.0   0.83088
   2255.0   0.82830
   2260.0   0.82873
   2265.0   0.83063
   2270.0   0.83298
   2275.0   0.83095
   2280.0   0.83042
   2285.0   0.82837
   2290.0   0.82645
   2295.0   0.82625
   2300.0   0.82489
   2305.0   0.82354
   2310.0   0.81626
   2315.0   0.80916
   2320.0   0.80169
   2325.0   0.79246
   2330.0   0.78490
   2335.0   0.77571
   2340.0   0.76843
   2345.0   0.76157
   2350.0   0.75406
   2355.0   0.74786
   2360.0   0.74101
   2365.0   0.73422
   2370.0   0.72774
   2375.0   0.71820
   2380.0   0.70987
   2385.0   0.69902
   2390.0   0.69180
   2395.0   0.68552
   2400.0   0.68000
   2405.0   0.67123
   2410.0   0.66483
   2415.0   0.65686
   2420.0   0.64719
   2425.0   0.64172
   2430.0   0.64176
   2435.0   0.64432
   2440.0   0.64212
   2445.0   0.63533
   2450.0   0.62814
   2455.0   0.62037
   2460.0   0.61638
   2465.0   0.61815
   2470.0   0.61775
   2475.0   0.62680
   2480.0   0.63075
   2485.0   0.63359
   2490.0   0.64249
   2495.0   0.65231
   2500.0   0.66161
   2505.0   0.67430
   2510.0   0.68639
   2515.0   0.69080
   2520.0   0.69717
   2525.0   0.70208
   2530.0   0.69972
   2535.0   0.70331
   2540.0   0.70178
   2545.0   0.69324
   2550.0   0.67864
   2555.0   0.66347
   2560.0   0.65391
   2565.0   0.65034
   2570.0   0.63504
   2575.0   0.61494
   2580.0   0.60505
   2585.0   0.58929
   2590.0   0.58835
   2595.0   0.57546
   2600.0   0.56971
   2605.0   0.55905
   2610.0   0.54530
   2615.0   0.53854
   2620.0   0.52943
   2625.0   0.52703
   2630.0   0.52283
   2635.0   0.52218
   2640.0   0.51750
   2645.0   0.50497
   2650.0   0.49568
   2655.0   0.48609
   2660.0   0.48310
   2665.0   0.48316
   2670.0   0.49636
   2675.0   0.53365
   2680.0   0.58102
   2685.0   0.61758
   2690.0   0.62900
   2695.0   0.63596
   2700.0   0.64291
   2705.0   0.65127
   2710.0   0.65933
   2715.0   0.66151
   2720.0   0.66699
   2725.0   0.67724
   2730.0   0.68894
   2735.0   0.69947
   2740.0   0.69070
   2745.0   0.69030
   2750.0   0.70138
   2755.0   0.70192
   2760.0   0.69112
   2765.0   0.69212
   2770.0   0.71811
   2775.0   0.69963
   2780.0   0.70748
   2785.0   0.69609
   2790.0   0.69843
   2795.0   0.68738
   2800.0   0.67278
   2805.0   0.66881
   2810.0   0.65925
   2815.0   0.65752
   2820.0   0.64459
   2825.0   0.63687
   2830.0   0.62216
   2835.0   0.62110
   2840.0   0.61563
   2845.0   0.60566
   2850.0   0.60494
   2855.0   0.59564
   2860.0   0.58313
   2865.0   0.58588
   2870.0   0.57289
   2875.0   0.57174
   2880.0   0.55651
   2885.0   0.54027
   2890.0   0.51525
   2895.0   0.48651
   2900.0   0.46316
   2905.0   0.46696
   2910.0   0.47696
   2915.0   0.49051
   2920.0   0.50875
   2925.0   0.52454
   2930.0   0.52597
   2935.0   0.54265
   2940.0   0.54333
   2945.0   0.55005
   2950.0   0.55560
   2955.0   0.56233
   2960.0   0.57258
   2965.0   0.57933
   2970.0   0.58634
   2975.0   0.59765
   2980.0   0.60353
   2985.0   0.61612
   2990.0   0.61358
   2995.0   0.61904
   3000.0   0.61700
   3005.0   0.62593
   3010.0   0.63543
   3015.0   0.63499
   3020.0   0.64494
   3025.0   0.64951
   3030.0   0.65241
   3035.0   0.65541
   3040.0   0.65748
   3045.0   0.66058
   3050.0   0.66150
   3055.0   0.66312
   3060.0   0.66435
   3065.0   0.66503
   3070.0   0.66810
   3075.0   0.66673
   3080.0   0.66553
   3085.0   0.66821
   3090.0   0.66651
   3095.0   0.66751
   3100.0   0.66276
   3105.0   0.66079
   3110.0   0.65319
   3115.0   0.65110
   3120.0   0.64290
   3125.0   0.63990
   3130.0   0.63491
   3135.0   0.63220
   3140.0   0.62461
   3145.0   0.62388
   3150.0   0.62298
   3155.0   0.61832
   3160.0   0.61770
   3165.0   0.61289
   3170.0   0.60642
   3175.0   0.60105
   3180.0   0.59572
   3185.0   0.58964
   3190.0   0.58761
   3195.0   0.58479
   3200.0   0.57588
   3205.0   0.56874
   3210.0   0.56025
   3215.0   0.54541
   3220.0   0.52888
   3225.0   0.51085
   3230.0   0.49693
   3235.0   0.48239
   3240.0   0.47254
   3245.0   0.46173
   3250.0   0.46214
   3255.0   0.47084
   3260.0   0.47802
   3265.0   0.49006
   3270.0   0.50032
   3275.0   0.50466
   3280.0   0.51822
   3285.0   0.52326
   3290.0   0.52909
   3295.0   0.53228
   3300.0   0.53530
   3305.0   0.53213
   3310.0   0.52787
   3315.0   0.52589
   3320.0   0.52545
   3325.0   0.52504
   3330.0   0.52107
   3335.0   0.51436
   3340.0   0.50592
   3345.0   0.49977
   3350.0   0.49428
   3355.0   0.48586
   3360.0   0.47583
   3365.0   0.47224
   3370.0   0.46237
   3375.0   0.45761
   3380.0   0.44985
   3385.0   0.43397
   3390.0   0.42644
   3395.0   0.41583
   3400.0   0.40781
   3405.0   0.40308
   3410.0   0.39760
   3415.0   0.38916
   3420.0   0.38109
   3425.0   0.36882
   3430.0   0.36251
   3435.0   0.35458
   3440.0   0.34585
   3445.0   0.33675
   3450.0   0.32359
   3455.0   0.31085
   3460.0   0.30705
   3465.0   0.29290
   3470.0   0.28627
   3475.0   0.26946
   3480.0   0.26198
   3485.0   0.25701
   3490.0   0.24461
   3495.0   0.22535
   3500.0   0.22040
   3505.0   0.20625
   3510.0   0.19177
   3515.0   0.18811
   3520.0   0.17735
   3525.0   0.16245
   3530.0   0.15970
   3535.0   0.15906
   3540.0   0.15136
   3545.0   0.14661
   3550.0   0.14990
   3555.0   0.14232
   3560.0   0.14249
   3565.0   0.12737
   3570.0   0.14314
   3575.0   0.13706
   3580.0   0.13397
   3585.0   0.15091
   3590.0   0.13272
   3595.0   0.14437
   3600.0   0.12963



 C1SH11      .ASC                        

 SH-SJG-011                                                              
 12502  CERUSSITE, TSUMEB SOUTH WEST AFRICA                              
 RATIOS ADJUSTED USING NBS HALON CALIBRATION TABLE                       

 Source Ang: 30.00   Detect Ang:  0.00  Volt: 0.222
 Date:  8-MAY-89   Time: 10:53:13
