   661
    300.0   0.53218
    305.0   0.53887
    310.0   0.54187
    315.0   0.54031
    320.0   0.54047
    325.0   0.54099
    330.0   0.54615
    335.0   0.55173
    340.0   0.55816
    345.0   0.56098
    350.0   0.56533
    355.0   0.57313
    360.0   0.58012
    365.0   0.58833
    370.0   0.59475
    375.0   0.60104
    380.0   0.60541
    385.0   0.60979
    390.0   0.61487
    395.0   0.62171
    400.0   0.62895
    405.0   0.63506
    410.0   0.64341
    415.0   0.65341
    420.0   0.66232
    425.0   0.67133
    430.0   0.68160
    435.0   0.69017
    440.0   0.69602
    445.0   0.69916
    450.0   0.70315
    455.0   0.71195
    460.0   0.71632
    465.0   0.72443
    470.0   0.73163
    475.0   0.73826
    480.0   0.74718
    485.0   0.75446
    490.0   0.76284
    495.0   0.76860
    500.0   0.77403
    505.0   0.77774
    510.0   0.78139
    515.0   0.78493
    520.0   0.78840
    525.0   0.79118
    530.0   0.79457
    535.0   0.79737
    540.0   0.80050
    545.0   0.80314
    550.0   0.80503
    555.0   0.80693
    560.0   0.80781
    565.0   0.80766
    570.0   0.80573
    575.0   0.80378
    580.0   0.79776
    585.0   0.80044
    590.0   0.80357
    595.0   0.80456
    600.0   0.80256
    605.0   0.80010
    610.0   0.79812
    615.0   0.79528
    620.0   0.79240
    625.0   0.78931
    630.0   0.78820
    635.0   0.78627
    640.0   0.78640
    645.0   0.78617
    650.0   0.78691
    655.0   0.78873
    660.0   0.79062
    665.0   0.79456
    670.0   0.79792
    675.0   0.80198
    680.0   0.80715
    685.0   0.81222
    690.0   0.81676
    695.0   0.82044
    700.0   0.82421
    705.0   0.82891
    710.0   0.83144
    715.0   0.83460
    720.0   0.83748
    725.0   0.84165
    730.0   0.84274
    735.0   0.84270
    740.0   0.84722
    745.0   0.85012
    750.0   0.85185
    755.0   0.85486
    760.0   0.85838
    765.0   0.85922
    770.0   0.85883
    775.0   0.86007
    780.0   0.86153
    785.0   0.86046
    790.0   0.86182
    795.0   0.86090
    800.0   0.85945
    805.0   0.86358
    810.0   0.86432
    815.0   0.86731
    820.0   0.86641
    825.0   0.86834
    830.0   0.86814
    835.0   0.86939
    840.0   0.87083
    845.0   0.87154
    850.0   0.87234
    855.0   0.87382
    860.0   0.87293
    865.0   0.87421
    870.0   0.87498
    875.0   0.87450
    880.0   0.87546
    885.0   0.87654
    890.0   0.87744
    895.0   0.87894
    900.0   0.87844
    905.0   0.87844
    910.0   0.88050
    915.0   0.88087
    920.0   0.88001
    925.0   0.88131
    930.0   0.88010
    935.0   0.88122
    940.0   0.88141
    945.0   0.88068
    950.0   0.88138
    955.0   0.88142
    960.0   0.88259
    965.0   0.88225
    970.0   0.88297
    975.0   0.88180
    980.0   0.88362
    985.0   0.88349
    990.0   0.88424
    995.0   0.88333
   1000.0   0.88314
   1005.0   0.88313
   1010.0   0.88368
   1015.0   0.88344
   1020.0   0.88338
   1025.0   0.88330
   1030.0   0.88428
   1035.0   0.88474
   1040.0   0.88448
   1045.0   0.88367
   1050.0   0.88571
   1055.0   0.88561
   1060.0   0.88555
   1065.0   0.88639
   1070.0   0.88611
   1075.0   0.88522
   1080.0   0.88533
   1085.0   0.88596
   1090.0   0.88717
   1095.0   0.88771
   1100.0   0.88740
   1105.0   0.88811
   1110.0   0.88723
   1115.0   0.88731
   1120.0   0.88810
   1125.0   0.88759
   1130.0   0.88829
   1135.0   0.88889
   1140.0   0.88893
   1145.0   0.88789
   1150.0   0.88790
   1155.0   0.88932
   1160.0   0.88945
   1165.0   0.88961
   1170.0   0.88926
   1175.0   0.88965
   1180.0   0.88959
   1185.0   0.88947
   1190.0   0.88801
   1195.0   0.88915
   1200.0   0.88706
   1205.0   0.88781
   1210.0   0.88802
   1215.0   0.89084
   1220.0   0.88827
   1225.0   0.88947
   1230.0   0.89011
   1235.0   0.88905
   1240.0   0.88759
   1245.0   0.88697
   1250.0   0.88934
   1255.0   0.88895
   1260.0   0.88807
   1265.0   0.88863
   1270.0   0.89109
   1275.0   0.88941
   1280.0   0.88928
   1285.0   0.88710
   1290.0   0.88802
   1295.0   0.88881
   1300.0   0.88945
   1305.0   0.88990
   1310.0   0.89192
   1315.0   0.89064
   1320.0   0.88955
   1325.0   0.89108
   1330.0   0.89092
   1335.0   0.89225
   1340.0   0.89027
   1345.0   0.88869
   1350.0   0.88793
   1355.0   0.88720
   1360.0   0.88770
   1365.0   0.88741
   1370.0   0.88806
   1375.0   0.88920
   1380.0   0.88687
   1385.0   0.88734
   1390.0   0.88794
   1395.0   0.88427
   1400.0   0.88351
   1405.0   0.88380
   1410.0   0.88273
   1415.0   0.88540
   1420.0   0.88270
   1425.0   0.88424
   1430.0   0.88306
   1435.0   0.88247
   1440.0   0.88354
   1445.0   0.88269
   1450.0   0.88297
   1455.0   0.88463
   1460.0   0.88312
   1465.0   0.88210
   1470.0   0.88132
   1475.0   0.88297
   1480.0   0.88294
   1485.0   0.88343
   1490.0   0.88124
   1495.0   0.88457
   1500.0   0.88549
   1505.0   0.88317
   1510.0   0.88276
   1515.0   0.88460
   1520.0   0.88402
   1525.0   0.88387
   1530.0   0.88531
   1535.0   0.88460
   1540.0   0.88337
   1545.0   0.88442
   1550.0   0.88651
   1555.0   0.88569
   1560.0   0.88459
   1565.0   0.88518
   1570.0   0.88313
   1575.0   0.88403
   1580.0   0.88506
   1585.0   0.88355
   1590.0   0.88496
   1595.0   0.88608
   1600.0   0.88627
   1605.0   0.88844
   1610.0   0.88784
   1615.0   0.88644
   1620.0   0.88592
   1625.0   0.88791
   1630.0   0.88611
   1635.0   0.88663
   1640.0   0.88482
   1645.0   0.88658
   1650.0   0.88572
   1655.0   0.88631
   1660.0   0.88577
   1665.0   0.88576
   1670.0   0.88514
   1675.0   0.88601
   1680.0   0.88531
   1685.0   0.88790
   1690.0   0.88595
   1695.0   0.88554
   1700.0   0.88289
   1705.0   0.88419
   1710.0   0.88384
   1715.0   0.88413
   1720.0   0.88351
   1725.0   0.88338
   1730.0   0.88499
   1735.0   0.88381
   1740.0   0.88334
   1745.0   0.88283
   1750.0   0.88194
   1755.0   0.88244
   1760.0   0.88048
   1765.0   0.87957
   1770.0   0.87924
   1775.0   0.88045
   1780.0   0.88482
   1785.0   0.88582
   1790.0   0.88566
   1795.0   0.88672
   1800.0   0.88600
   1805.0   0.88659
   1810.0   0.88583
   1815.0   0.88431
   1820.0   0.88362
   1825.0   0.88220
   1830.0   0.88075
   1835.0   0.87778
   1840.0   0.87503
   1845.0   0.87294
   1850.0   0.87261
   1855.0   0.87129
   1860.0   0.86645
   1865.0   0.86457
   1870.0   0.85718
   1875.0   0.85551
   1880.0   0.84668
   1885.0   0.83962
   1890.0   0.83470
   1895.0   0.83867
   1900.0   0.84373
   1905.0   0.85191
   1910.0   0.86096
   1915.0   0.86194
   1920.0   0.86161
   1925.0   0.86221
   1930.0   0.86384
   1935.0   0.86157
   1940.0   0.86081
   1945.0   0.86368
   1950.0   0.86236
   1955.0   0.86135
   1960.0   0.86160
   1965.0   0.85905
   1970.0   0.85601
   1975.0   0.85512
   1980.0   0.85516
   1985.0   0.85335
   1990.0   0.85177
   1995.0   0.85124
   2000.0   0.84548
   2005.0   0.83861
   2010.0   0.83374
   2015.0   0.82517
   2020.0   0.82704
   2025.0   0.83870
   2030.0   0.85137
   2035.0   0.86269
   2040.0   0.87112
   2045.0   0.87456
   2050.0   0.87766
   2055.0   0.87709
   2060.0   0.87886
   2065.0   0.87970
   2070.0   0.87886
   2075.0   0.87994
   2080.0   0.87666
   2085.0   0.87658
   2090.0   0.87835
   2095.0   0.87629
   2100.0   0.88044
   2105.0   0.88071
   2110.0   0.87776
   2115.0   0.87190
   2120.0   0.87109
   2125.0   0.87034
   2130.0   0.86902
   2135.0   0.86561
   2140.0   0.86369
   2145.0   0.86051
   2150.0   0.85827
   2155.0   0.85441
   2160.0   0.84876
   2165.0   0.84203
   2170.0   0.83045
   2175.0   0.81999
   2180.0   0.81840
   2185.0   0.81872
   2190.0   0.82665
   2195.0   0.83484
   2200.0   0.83867
   2205.0   0.84002
   2210.0   0.84085
   2215.0   0.83340
   2220.0   0.82682
   2225.0   0.82191
   2230.0   0.81852
   2235.0   0.81149
   2240.0   0.80111
   2245.0   0.79520
   2250.0   0.78767
   2255.0   0.77811
   2260.0   0.76818
   2265.0   0.75761
   2270.0   0.74798
   2275.0   0.73673
   2280.0   0.72897
   2285.0   0.71922
   2290.0   0.70934
   2295.0   0.70346
   2300.0   0.69890
   2305.0   0.69252
   2310.0   0.68426
   2315.0   0.67567
   2320.0   0.66604
   2325.0   0.65239
   2330.0   0.64039
   2335.0   0.62405
   2340.0   0.60563
   2345.0   0.58706
   2350.0   0.58170
   2355.0   0.59377
   2360.0   0.61197
   2365.0   0.63160
   2370.0   0.65800
   2375.0   0.68943
   2380.0   0.71847
   2385.0   0.74398
   2390.0   0.76256
   2395.0   0.77777
   2400.0   0.78862
   2405.0   0.79149
   2410.0   0.79332
   2415.0   0.79253
   2420.0   0.78601
   2425.0   0.78353
   2430.0   0.78231
   2435.0   0.78089
   2440.0   0.77499
   2445.0   0.76677
   2450.0   0.75571
   2455.0   0.74585
   2460.0   0.73160
   2465.0   0.71577
   2470.0   0.69567
   2475.0   0.67767
   2480.0   0.65678
   2485.0   0.63818
   2490.0   0.62279
   2495.0   0.61283
   2500.0   0.60775
   2505.0   0.60178
   2510.0   0.59956
   2515.0   0.58963
   2520.0   0.57742
   2525.0   0.56507
   2530.0   0.55185
   2535.0   0.53190
   2540.0   0.51126
   2545.0   0.49623
   2550.0   0.48749
   2555.0   0.47957
   2560.0   0.47567
   2565.0   0.49803
   2570.0   0.52867
   2575.0   0.56261
   2580.0   0.60298
   2585.0   0.63522
   2590.0   0.68475
   2595.0   0.71456
   2600.0   0.75237
   2605.0   0.77903
   2610.0   0.79976
   2615.0   0.81783
   2620.0   0.82743
   2625.0   0.83264
   2630.0   0.83696
   2635.0   0.84445
   2640.0   0.84548
   2645.0   0.84785
   2650.0   0.84733
   2655.0   0.84612
   2660.0   0.84746
   2665.0   0.83830
   2670.0   0.83037
   2675.0   0.83394
   2680.0   0.83612
   2685.0   0.83652
   2690.0   0.83353
   2695.0   0.82760
   2700.0   0.82372
   2705.0   0.81655
   2710.0   0.80681
   2715.0   0.79910
   2720.0   0.77968
   2725.0   0.75518
   2730.0   0.72402
   2735.0   0.70798
   2740.0   0.69309
   2745.0   0.67616
   2750.0   0.67729
   2755.0   0.66929
   2760.0   0.65712
   2765.0   0.64263
   2770.0   0.63990
   2775.0   0.61413
   2780.0   0.61592
   2785.0   0.58433
   2790.0   0.58693
   2795.0   0.56900
   2800.0   0.55146
   2805.0   0.53357
   2810.0   0.49114
   2815.0   0.48108
   2820.0   0.45921
   2825.0   0.45456
   2830.0   0.45777
   2835.0   0.46981
   2840.0   0.48429
   2845.0   0.50493
   2850.0   0.52898
   2855.0   0.53643
   2860.0   0.53950
   2865.0   0.55296
   2870.0   0.55127
   2875.0   0.55753
   2880.0   0.55330
   2885.0   0.55859
   2890.0   0.54997
   2895.0   0.54924
   2900.0   0.54548
   2905.0   0.54409
   2910.0   0.55000
   2915.0   0.54696
   2920.0   0.54751
   2925.0   0.54765
   2930.0   0.53726
   2935.0   0.53949
   2940.0   0.53690
   2945.0   0.54320
   2950.0   0.53629
   2955.0   0.53509
   2960.0   0.54006
   2965.0   0.53443
   2970.0   0.53779
   2975.0   0.53478
   2980.0   0.53939
   2985.0   0.53862
   2990.0   0.54152
   2995.0   0.54453
   3000.0   0.54588
   3005.0   0.54638
   3010.0   0.54396
   3015.0   0.54245
   3020.0   0.54655
   3025.0   0.54218
   3030.0   0.54482
   3035.0   0.54389
   3040.0   0.54593
   3045.0   0.54712
   3050.0   0.54429
   3055.0   0.54653
   3060.0   0.54589
   3065.0   0.54635
   3070.0   0.54549
   3075.0   0.54550
   3080.0   0.54394
   3085.0   0.54100
   3090.0   0.53507
   3095.0   0.52791
   3100.0   0.52674
   3105.0   0.51904
   3110.0   0.51352
   3115.0   0.50503
   3120.0   0.49925
   3125.0   0.48853
   3130.0   0.47630
   3135.0   0.46357
   3140.0   0.45640
   3145.0   0.45243
   3150.0   0.45771
   3155.0   0.46372
   3160.0   0.47684
   3165.0   0.48289
   3170.0   0.49508
   3175.0   0.50871
   3180.0   0.51772
   3185.0   0.52601
   3190.0   0.52854
   3195.0   0.53079
   3200.0   0.52973
   3205.0   0.52885
   3210.0   0.52772
   3215.0   0.52406
   3220.0   0.51989
   3225.0   0.51349
   3230.0   0.51329
   3235.0   0.50850
   3240.0   0.50581
   3245.0   0.49900
   3250.0   0.49302
   3255.0   0.48810
   3260.0   0.48568
   3265.0   0.48391
   3270.0   0.48023
   3275.0   0.47359
   3280.0   0.47147
   3285.0   0.46702
   3290.0   0.46196
   3295.0   0.45519
   3300.0   0.44358
   3305.0   0.43881
   3310.0   0.42832
   3315.0   0.41957
   3320.0   0.41102
   3325.0   0.39748
   3330.0   0.38570
   3335.0   0.36243
   3340.0   0.33823
   3345.0   0.31739
   3350.0   0.29723
   3355.0   0.27632
   3360.0   0.25422
   3365.0   0.23700
   3370.0   0.21697
   3375.0   0.19588
   3380.0   0.17358
   3385.0   0.15538
   3390.0   0.14264
   3395.0   0.13490
   3400.0   0.13277
   3405.0   0.12680
   3410.0   0.12732
   3415.0   0.13205
   3420.0   0.13275
   3425.0   0.13398
   3430.0   0.13854
   3435.0   0.13819
   3440.0   0.14018
   3445.0   0.13459
   3450.0   0.12985
   3455.0   0.12203
   3460.0   0.11120
   3465.0   0.10575
   3470.0   0.09608
   3475.0   0.09394
   3480.0   0.08939
   3485.0   0.09792
   3490.0   0.10764
   3495.0   0.12557
   3500.0   0.14258
   3505.0   0.16680
   3510.0   0.17270
   3515.0   0.17688
   3520.0   0.17636
   3525.0   0.17454
   3530.0   0.17122
   3535.0   0.19559
   3540.0   0.21176
   3545.0   0.24975
   3550.0   0.29019
   3555.0   0.32441
   3560.0   0.36071
   3565.0   0.37664
   3570.0   0.41415
   3575.0   0.41578
   3580.0   0.45056
   3585.0   0.46557
   3590.0   0.44879
   3595.0   0.47552
   3600.0   0.49494



 C1SH10      .ASC                        

 SH-SJG-010                                                              
 11503  STRONTIANITE, STRONTIAN SCOTLAND                                 
 RATIOS ADJUSTED USING NBS HALON CALIBRATION TABLE                       

 Source Ang: 30.00   Detect Ang:  0.00  Volt: 0.222
 Date:  8-MAY-89   Time: 10:52:58
