   641
    300.0   0.02477
    305.0   0.02529
    310.0   0.02502
    315.0   0.02413
    320.0   0.02395
    325.0   0.02369
    330.0   0.02361
    335.0   0.02296
    340.0   0.02314
    345.0   0.02264
    350.0   0.02239
    355.0   0.02219
    360.0   0.02208
    365.0   0.02203
    370.0   0.02178
    375.0   0.02151
    380.0   0.02135
    385.0   0.02104
    390.0   0.02088
    395.0   0.02104
    400.0   0.02065
    405.0   0.02122
    410.0   0.02064
    415.0   0.02047
    420.0   0.02037
    425.0   0.02022
    430.0   0.02008
    435.0   0.02013
    440.0   0.01996
    445.0   0.01982
    450.0   0.01973
    455.0   0.01962
    460.0   0.01951
    465.0   0.01941
    470.0   0.01929
    475.0   0.01920
    480.0   0.01913
    485.0   0.01909
    490.0   0.01893
    495.0   0.01889
    500.0   0.01885
    505.0   0.01879
    510.0   0.01885
    515.0   0.01863
    520.0   0.01865
    525.0   0.01858
    530.0   0.01853
    535.0   0.01840
    540.0   0.01841
    545.0   0.01841
    550.0   0.01829
    555.0   0.01822
    560.0   0.01811
    565.0   0.01820
    570.0   0.01806
    575.0   0.01810
    580.0   0.01794
    585.0   0.01799
    590.0   0.01778
    595.0   0.01772
    600.0   0.01764
    605.0   0.01781
    610.0   0.01769
    615.0   0.01769
    620.0   0.01769
    625.0   0.01768
    630.0   0.01762
    635.0   0.01767
    640.0   0.01752
    645.0   0.01761
    650.0   0.01754
    655.0   0.01746
    660.0   0.01731
    665.0   0.01737
    670.0   0.01740
    675.0   0.01731
    680.0   0.01719
    685.0   0.01719
    690.0   0.01720
    695.0   0.01697
    700.0   0.01697
    705.0   0.01707
    710.0   0.01697
    715.0   0.01710
    720.0   0.01704
    725.0   0.01692
    730.0   0.01686
    735.0   0.01688
    740.0   0.01692
    745.0   0.01688
    750.0   0.01677
    755.0   0.01683
    760.0   0.01680
    765.0   0.01679
    770.0   0.01678
    775.0   0.01671
    780.0   0.01664
    785.0   0.01673
    790.0   0.01678
    795.0   0.01659
    800.0   0.01668
    805.0   0.01673
    810.0   0.01670
    815.0   0.01668
    820.0   0.01687
    825.0   0.01674
    830.0   0.01643
    835.0   0.01669
    840.0   0.01665
    845.0   0.01662
    850.0   0.01670
    855.0   0.01647
    860.0   0.01631
    865.0   0.01625
    870.0   0.01646
    875.0   0.01634
    880.0   0.01588
    885.0   0.01620
    890.0   0.01591
    895.0   0.01604
    900.0   0.01611
    905.0   0.01615
    910.0   0.01660
    915.0   0.01628
    920.0   0.01602
    925.0   0.01645
    930.0   0.01631
    935.0   0.01627
    940.0   0.01623
    945.0   0.01595
    950.0   0.01612
    955.0   0.01604
    960.0   0.01618
    965.0   0.01623
    970.0   0.01612
    975.0   0.01589
    980.0   0.01611
    985.0   0.01630
    990.0   0.01607
    995.0   0.01629
   1000.0   0.01613
   1005.0   0.01610
   1010.0   0.01623
   1015.0   0.01604
   1020.0   0.01607
   1025.0   0.01608
   1030.0   0.01614
   1035.0   0.01606
   1040.0   0.01607
   1045.0   0.01590
   1050.0   0.01590
   1055.0   0.01594
   1060.0   0.01589
   1065.0   0.01594
   1070.0   0.01585
   1075.0   0.01595
   1080.0   0.01581
   1085.0   0.01596
   1090.0   0.01594
   1095.0   0.01575
   1100.0   0.01594
   1105.0   0.01584
   1110.0   0.01590
   1115.0   0.01609
   1120.0   0.01582
   1125.0   0.01587
   1130.0   0.01592
   1135.0   0.01583
   1140.0   0.01584
   1145.0   0.01591
   1150.0   0.01606
   1155.0   0.01579
   1160.0   0.01591
   1165.0   0.01587
   1170.0   0.01587
   1175.0   0.01597
   1180.0   0.01606
   1185.0   0.01594
   1190.0   0.01577
   1195.0   0.01585
   1200.0   0.01614
   1205.0   0.01592
   1210.0   0.01571
   1215.0   0.01597
   1220.0   0.01595
   1225.0   0.01570
   1230.0   0.01593
   1235.0   0.01581
   1240.0   0.01582
   1245.0   0.01596
   1250.0   0.01601
   1255.0   0.01599
   1260.0   0.01591
   1265.0   0.01598
   1270.0   0.01577
   1275.0   0.01586
   1280.0   0.01607
   1285.0   0.01575
   1290.0   0.01576
   1295.0   0.01581
   1300.0   0.01590
   1305.0   0.01587
   1310.0   0.01594
   1315.0   0.01591
   1320.0   0.01584
   1325.0   0.01608
   1330.0   0.01599
   1335.0   0.01603
   1340.0   0.01598
   1345.0   0.01584
   1350.0   0.01617
   1355.0   0.01611
   1360.0   0.01589
   1365.0   0.01583
   1370.0   0.01567
   1375.0   0.01609
   1380.0   0.01571
   1385.0   0.01612
   1390.0   0.01602
   1395.0   0.01605
   1400.0   0.01579
   1405.0   0.01603
   1410.0   0.01627
   1415.0   0.01586
   1420.0   0.01590
   1425.0   0.01601
   1430.0   0.01601
   1435.0   0.01588
   1440.0   0.01620
   1445.0   0.01608
   1450.0   0.01615
   1455.0   0.01585
   1460.0   0.01596
   1465.0   0.01588
   1470.0   0.01605
   1475.0   0.01608
   1480.0   0.01614
   1485.0   0.01584
   1490.0   0.01580
   1495.0   0.01597
   1500.0   0.01599
   1505.0   0.01603
   1510.0   0.01590
   1515.0   0.01586
   1520.0   0.01599
   1525.0   0.01585
   1530.0   0.01606
   1535.0   0.01626
   1540.0   0.01606
   1545.0   0.01623
   1550.0   0.01622
   1555.0   0.01619
   1560.0   0.01618
   1565.0   0.01626
   1570.0   0.01598
   1575.0   0.01596
   1580.0   0.01627
   1585.0   0.01601
   1590.0   0.01617
   1595.0   0.01624
   1600.0   0.01577
   1605.0   0.01610
   1610.0   0.01626
   1615.0   0.01588
   1620.0   0.01626
   1625.0   0.01621
   1630.0   0.01600
   1635.0   0.01628
   1640.0   0.01603
   1645.0   0.01621
   1650.0   0.01603
   1655.0   0.01626
   1660.0   0.01594
   1665.0   0.01623
   1670.0   0.01632
   1675.0   0.01613
   1680.0   0.01624
   1685.0   0.01613
   1690.0   0.01621
   1695.0   0.01597
   1700.0   0.01614
   1705.0   0.01639
   1710.0   0.01627
   1715.0   0.01647
   1720.0   0.01630
   1725.0   0.01652
   1730.0   0.01601
   1735.0   0.01638
   1740.0   0.01615
   1745.0   0.01624
   1750.0   0.01628
   1755.0   0.01633
   1760.0   0.01641
   1765.0   0.01633
   1770.0   0.01623
   1775.0   0.01626
   1780.0   0.01646
   1785.0   0.01656
   1790.0   0.01629
   1795.0   0.01656
   1800.0   0.01615
   1805.0   0.01623
   1810.0   0.01647
   1815.0   0.01650
   1820.0   0.01587
   1825.0   0.01677
   1830.0   0.01643
   1835.0   0.01630
   1840.0   0.01647
   1845.0   0.01639
   1850.0   0.01618
   1855.0   0.01617
   1860.0   0.01636
   1865.0   0.01633
   1870.0   0.01625
   1875.0   0.01640
   1880.0   0.01634
   1885.0   0.01622
   1890.0   0.01616
   1895.0   0.01607
   1900.0   0.01620
   1905.0   0.01623
   1910.0   0.01625
   1915.0   0.01624
   1920.0   0.01637
   1925.0   0.01621
   1930.0   0.01620
   1935.0   0.01606
   1940.0   0.01628
   1945.0   0.01638
   1950.0   0.01626
   1955.0   0.01630
   1960.0   0.01619
   1965.0   0.01634
   1970.0   0.01638
   1975.0   0.01628
   1980.0   0.01637
   1985.0   0.01631
   1990.0   0.01625
   1995.0   0.01631
   2000.0   0.01637
   2005.0   0.01638
   2010.0   0.01633
   2015.0   0.01636
   2020.0   0.01620
   2025.0   0.01645
   2030.0   0.01635
   2035.0   0.01630
   2040.0   0.01646
   2045.0   0.01629
   2050.0   0.01623
   2055.0   0.01639
   2060.0   0.01639
   2065.0   0.01629
   2070.0   0.01623
   2075.0   0.01619
   2080.0   0.01619
   2085.0   0.01618
   2090.0   0.01633
   2095.0   0.01633
   2100.0   0.01602
   2105.0   0.01645
   2110.0   0.01643
   2115.0   0.01650
   2120.0   0.01642
   2125.0   0.01648
   2130.0   0.01621
   2135.0   0.01652
   2140.0   0.01652
   2145.0   0.01648
   2150.0   0.01650
   2155.0   0.01643
   2160.0   0.01625
   2165.0   0.01628
   2170.0   0.01633
   2175.0   0.01628
   2180.0   0.01629
   2185.0   0.01645
   2190.0   0.01659
   2195.0   0.01641
   2200.0   0.01651
   2205.0   0.01609
   2210.0   0.01639
   2215.0   0.01627
   2220.0   0.01645
   2225.0   0.01641
   2230.0   0.01626
   2235.0   0.01669
   2240.0   0.01633
   2245.0   0.01623
   2250.0   0.01638
   2255.0   0.01648
   2260.0   0.01622
   2265.0   0.01626
   2270.0   0.01616
   2275.0   0.01655
   2280.0   0.01649
   2285.0   0.01653
   2290.0   0.01653
   2295.0   0.01622
   2300.0   0.01635
   2305.0   0.01649
   2310.0   0.01655
   2315.0   0.01657
   2320.0   0.01642
   2325.0   0.01658
   2330.0   0.01667
   2335.0   0.01649
   2340.0   0.01677
   2345.0   0.01673
   2350.0   0.01635
   2355.0   0.01633
   2360.0   0.01624
   2365.0   0.01631
   2370.0   0.01609
   2375.0   0.01623
   2380.0   0.01649
   2385.0   0.01625
   2390.0   0.01639
   2395.0   0.01657
   2400.0   0.01597
   2405.0   0.01620
   2410.0   0.01621
   2415.0   0.01622
   2420.0   0.01625
   2425.0   0.01644
   2430.0   0.01629
   2435.0   0.01645
   2440.0   0.01645
   2445.0   0.01648
   2450.0   0.01605
   2455.0   0.01601
   2460.0   0.01621
   2465.0   0.01616
   2470.0   0.01627
   2475.0   0.01646
   2480.0   0.01620
   2485.0   0.01642
   2490.0   0.01611
   2495.0   0.01651
   2500.0   0.01621
   2505.0   0.01647
   2510.0   0.01645
   2515.0   0.01635
   2520.0   0.01611
   2525.0   0.01660
   2530.0   0.01605
   2535.0   0.01636
   2540.0   0.01633
   2545.0   0.01633
   2550.0   0.01615
   2555.0   0.01638
   2560.0   0.01610
   2565.0   0.01624
   2570.0   0.01636
   2575.0   0.01593
   2580.0   0.01652
   2585.0   0.01621
   2590.0   0.01610
   2595.0   0.01607
   2600.0   0.01607
   2605.0   0.01616
   2610.0   0.01665
   2615.0   0.01626
   2620.0   0.01678
   2625.0   0.01645
   2630.0   0.01610
   2635.0   0.01655
   2640.0   0.01655
   2645.0   0.01598
   2650.0   0.01547
   2655.0   0.01566
   2660.0   0.01565
   2665.0   0.01566
   2670.0   0.01624
   2675.0   0.01675
   2680.0   0.01662
   2685.0   0.01599
   2690.0   0.01592
   2695.0   0.01547
   2700.0   0.01538
   2705.0   0.01489
   2710.0   0.01428
   2715.0   0.01400
   2720.0   0.01285
   2725.0   0.01381
   2730.0   0.01409
   2735.0   0.01511
   2740.0   0.01716
   2745.0   0.01675
   2750.0   0.01973
   2755.0   0.01246
   2760.0   0.00983
   2765.0   0.00577
   2770.0   0.01285
   2775.0   0.02221
   2780.0   0.00921
   2785.0   0.00866
   2790.0   0.01504
   2795.0   0.01903
   2800.0   0.01366
   2805.0   0.02013
   2810.0   0.01019
   2815.0   0.01501
   2820.0   0.01489
   2825.0   0.01892
   2830.0   0.01898
   2835.0   0.02397
   2840.0   0.01868
   2845.0   0.01837
   2850.0   0.01235
   2855.0   0.01614
   2860.0   0.01683
   2865.0   0.01830
   2870.0   0.01711
   2875.0   0.01976
   2880.0   0.01699
   2885.0   0.01960
   2890.0   0.01937
   2895.0   0.02173
   2900.0   0.01596
   2905.0   0.01785
   2910.0   0.01803
   2915.0   0.01893
   2920.0   0.01343
   2925.0   0.01169
   2930.0   0.00936
   2935.0   0.01662
   2940.0   0.01530
   2945.0   0.01782
   2950.0   0.01460
   2955.0   0.01321
   2960.0   0.01455
   2965.0   0.01407
   2970.0   0.01622
   2975.0   0.01359
   2980.0   0.01279
   2985.0   0.01725
   2990.0   0.01625
   2995.0   0.01636
   3000.0   0.01426
   3005.0   0.01486
   3010.0   0.01470
   3015.0   0.01617
   3020.0   0.01640
   3025.0   0.01540
   3030.0   0.01575
   3035.0   0.01662
   3040.0   0.01588
   3045.0   0.01402
   3050.0   0.01564
   3055.0   0.01685
   3060.0   0.01593
   3065.0   0.01580
   3070.0   0.01462
   3075.0   0.01536
   3080.0   0.01530
   3085.0   0.01429
   3090.0   0.01549
   3095.0   0.01492
   3100.0   0.01650
   3105.0   0.01368
   3110.0   0.01633
   3115.0   0.01582
   3120.0   0.01494
   3125.0   0.01529
   3130.0   0.01598
   3135.0   0.01787
   3140.0   0.01742
   3145.0   0.01652
   3150.0   0.01676
   3155.0   0.01797
   3160.0   0.01670
   3165.0   0.01667
   3170.0   0.01570
   3175.0   0.01852
   3180.0   0.01695
   3185.0   0.01740
   3190.0   0.01518
   3195.0   0.01480
   3200.0   0.01760
   3205.0   0.01755
   3210.0   0.01656
   3215.0   0.01604
   3220.0   0.01691
   3225.0   0.01735
   3230.0   0.02037
   3235.0   0.01526
   3240.0   0.01789
   3245.0   0.01633
   3250.0   0.01737
   3255.0   0.01868
   3260.0   0.01787
   3265.0   0.01754
   3270.0   0.01705
   3275.0   0.01703
   3280.0   0.01839
   3285.0   0.01746
   3290.0   0.01691
   3295.0   0.01685
   3300.0   0.01723
   3305.0   0.01675
   3310.0   0.01703
   3315.0   0.01730
   3320.0   0.01618
   3325.0   0.01719
   3330.0   0.01586
   3335.0   0.01781
   3340.0   0.01774
   3345.0   0.01608
   3350.0   0.01685
   3355.0   0.01704
   3360.0   0.01562
   3365.0   0.01552
   3370.0   0.01404
   3375.0   0.01750
   3380.0   0.01561
   3385.0   0.01574
   3390.0   0.01586
   3395.0   0.01482
   3400.0   0.01797
   3405.0   0.01947
   3410.0   0.01946
   3415.0   0.01618
   3420.0   0.01346
   3425.0   0.01416
   3430.0   0.01327
   3435.0   0.01546
   3440.0   0.01546
   3445.0   0.01302
   3450.0   0.01686
   3455.0   0.01232
   3460.0   0.01154
   3465.0   0.00983
   3470.0   0.01563
   3475.0   0.00870
   3480.0   0.00920
   3485.0   0.01131
   3490.0   0.01461
   3495.0   0.01334
   3500.0   0.01699



 C1SO03      .ASC                        

 SO-JFB-003                                                              
 SHALE ORGANIC G5937  STANLEY,ARKANSAS                                   
 RATIOS ADJUSTED USING NBS HALON CALIBRATION TABLE                       

 Source Ang: 30.00   Detect Ang:  0.00  Volt: 0.222
 Date: 18-APR-89   Time: 12:31:17
