   641
    300.0   0.05384
    305.0   0.04980
    310.0   0.05267
    315.0   0.05397
    320.0   0.05319
    325.0   0.05326
    330.0   0.05370
    335.0   0.05410
    340.0   0.05420
    345.0   0.05448
    350.0   0.05438
    355.0   0.05439
    360.0   0.05454
    365.0   0.05430
    370.0   0.05417
    375.0   0.05394
    380.0   0.05413
    385.0   0.05422
    390.0   0.05428
    395.0   0.05398
    400.0   0.05408
    405.0   0.05422
    410.0   0.05338
    415.0   0.05320
    420.0   0.05330
    425.0   0.05308
    430.0   0.05277
    435.0   0.05267
    440.0   0.05257
    445.0   0.05234
    450.0   0.05216
    455.0   0.05219
    460.0   0.05201
    465.0   0.05216
    470.0   0.05208
    475.0   0.05190
    480.0   0.05169
    485.0   0.05190
    490.0   0.05167
    495.0   0.05157
    500.0   0.05151
    505.0   0.05136
    510.0   0.05152
    515.0   0.05132
    520.0   0.05123
    525.0   0.05104
    530.0   0.05098
    535.0   0.05098
    540.0   0.05091
    545.0   0.05077
    550.0   0.05047
    555.0   0.05048
    560.0   0.05023
    565.0   0.05009
    570.0   0.04995
    575.0   0.04991
    580.0   0.04962
    585.0   0.04948
    590.0   0.04918
    595.0   0.04895
    600.0   0.04874
    605.0   0.04888
    610.0   0.04871
    615.0   0.04870
    620.0   0.04846
    625.0   0.04841
    630.0   0.04824
    635.0   0.04823
    640.0   0.04811
    645.0   0.04807
    650.0   0.04763
    655.0   0.04770
    660.0   0.04744
    665.0   0.04734
    670.0   0.04731
    675.0   0.04712
    680.0   0.04692
    685.0   0.04681
    690.0   0.04675
    695.0   0.04670
    700.0   0.04637
    705.0   0.04647
    710.0   0.04636
    715.0   0.04634
    720.0   0.04585
    725.0   0.04562
    730.0   0.04555
    735.0   0.04522
    740.0   0.04524
    745.0   0.04501
    750.0   0.04485
    755.0   0.04474
    760.0   0.04455
    765.0   0.04407
    770.0   0.04397
    775.0   0.04404
    780.0   0.04387
    785.0   0.04335
    790.0   0.04328
    795.0   0.04308
    800.0   0.04310
    805.0   0.04309
    810.0   0.04264
    815.0   0.04255
    820.0   0.04256
    825.0   0.04214
    830.0   0.04217
    835.0   0.04180
    840.0   0.04177
    845.0   0.04162
    850.0   0.04125
    855.0   0.04116
    860.0   0.04148
    865.0   0.04152
    870.0   0.04116
    875.0   0.04176
    880.0   0.04102
    885.0   0.04073
    890.0   0.04036
    895.0   0.04055
    900.0   0.04053
    905.0   0.04026
    910.0   0.03990
    915.0   0.04008
    920.0   0.04027
    925.0   0.03976
    930.0   0.04005
    935.0   0.03934
    940.0   0.03922
    945.0   0.03925
    950.0   0.03916
    955.0   0.03941
    960.0   0.03911
    965.0   0.03926
    970.0   0.03943
    975.0   0.03936
    980.0   0.03953
    985.0   0.03927
    990.0   0.03934
    995.0   0.03901
   1000.0   0.03923
   1005.0   0.03935
   1010.0   0.03929
   1015.0   0.03942
   1020.0   0.03953
   1025.0   0.03943
   1030.0   0.03947
   1035.0   0.03949
   1040.0   0.03950
   1045.0   0.03967
   1050.0   0.03960
   1055.0   0.03979
   1060.0   0.03973
   1065.0   0.04004
   1070.0   0.03998
   1075.0   0.04006
   1080.0   0.03998
   1085.0   0.04040
   1090.0   0.04041
   1095.0   0.04070
   1100.0   0.04060
   1105.0   0.04090
   1110.0   0.04086
   1115.0   0.04106
   1120.0   0.04130
   1125.0   0.04133
   1130.0   0.04139
   1135.0   0.04130
   1140.0   0.04151
   1145.0   0.04179
   1150.0   0.04195
   1155.0   0.04197
   1160.0   0.04214
   1165.0   0.04227
   1170.0   0.04223
   1175.0   0.04232
   1180.0   0.04268
   1185.0   0.04257
   1190.0   0.04302
   1195.0   0.04300
   1200.0   0.04338
   1205.0   0.04329
   1210.0   0.04373
   1215.0   0.04375
   1220.0   0.04369
   1225.0   0.04387
   1230.0   0.04385
   1235.0   0.04390
   1240.0   0.04438
   1245.0   0.04427
   1250.0   0.04433
   1255.0   0.04430
   1260.0   0.04452
   1265.0   0.04469
   1270.0   0.04480
   1275.0   0.04477
   1280.0   0.04485
   1285.0   0.04501
   1290.0   0.04506
   1295.0   0.04500
   1300.0   0.04511
   1305.0   0.04541
   1310.0   0.04532
   1315.0   0.04513
   1320.0   0.04542
   1325.0   0.04545
   1330.0   0.04552
   1335.0   0.04572
   1340.0   0.04588
   1345.0   0.04581
   1350.0   0.04570
   1355.0   0.04594
   1360.0   0.04604
   1365.0   0.04594
   1370.0   0.04591
   1375.0   0.04625
   1380.0   0.04619
   1385.0   0.04615
   1390.0   0.04618
   1395.0   0.04632
   1400.0   0.04632
   1405.0   0.04641
   1410.0   0.04620
   1415.0   0.04635
   1420.0   0.04636
   1425.0   0.04662
   1430.0   0.04663
   1435.0   0.04637
   1440.0   0.04684
   1445.0   0.04670
   1450.0   0.04667
   1455.0   0.04711
   1460.0   0.04711
   1465.0   0.04712
   1470.0   0.04707
   1475.0   0.04714
   1480.0   0.04670
   1485.0   0.04703
   1490.0   0.04689
   1495.0   0.04711
   1500.0   0.04728
   1505.0   0.04722
   1510.0   0.04744
   1515.0   0.04754
   1520.0   0.04737
   1525.0   0.04723
   1530.0   0.04729
   1535.0   0.04721
   1540.0   0.04748
   1545.0   0.04710
   1550.0   0.04741
   1555.0   0.04739
   1560.0   0.04722
   1565.0   0.04741
   1570.0   0.04726
   1575.0   0.04723
   1580.0   0.04732
   1585.0   0.04733
   1590.0   0.04723
   1595.0   0.04729
   1600.0   0.04745
   1605.0   0.04753
   1610.0   0.04749
   1615.0   0.04744
   1620.0   0.04736
   1625.0   0.04746
   1630.0   0.04727
   1635.0   0.04738
   1640.0   0.04722
   1645.0   0.04750
   1650.0   0.04711
   1655.0   0.04705
   1660.0   0.04662
   1665.0   0.04686
   1670.0   0.04643
   1675.0   0.04650
   1680.0   0.04690
   1685.0   0.04633
   1690.0   0.04626
   1695.0   0.04663
   1700.0   0.04663
   1705.0   0.04663
   1710.0   0.04630
   1715.0   0.04626
   1720.0   0.04631
   1725.0   0.04640
   1730.0   0.04636
   1735.0   0.04626
   1740.0   0.04626
   1745.0   0.04614
   1750.0   0.04635
   1755.0   0.04586
   1760.0   0.04595
   1765.0   0.04605
   1770.0   0.04595
   1775.0   0.04603
   1780.0   0.04607
   1785.0   0.04569
   1790.0   0.04598
   1795.0   0.04568
   1800.0   0.04578
   1805.0   0.04573
   1810.0   0.04558
   1815.0   0.04587
   1820.0   0.04593
   1825.0   0.04531
   1830.0   0.04573
   1835.0   0.04541
   1840.0   0.04537
   1845.0   0.04555
   1850.0   0.04512
   1855.0   0.04539
   1860.0   0.04526
   1865.0   0.04505
   1870.0   0.04530
   1875.0   0.04500
   1880.0   0.04480
   1885.0   0.04460
   1890.0   0.04426
   1895.0   0.04389
   1900.0   0.04304
   1905.0   0.04289
   1910.0   0.04327
   1915.0   0.04371
   1920.0   0.04362
   1925.0   0.04393
   1930.0   0.04389
   1935.0   0.04432
   1940.0   0.04417
   1945.0   0.04432
   1950.0   0.04437
   1955.0   0.04433
   1960.0   0.04439
   1965.0   0.04424
   1970.0   0.04448
   1975.0   0.04441
   1980.0   0.04439
   1985.0   0.04473
   1990.0   0.04439
   1995.0   0.04446
   2000.0   0.04450
   2005.0   0.04435
   2010.0   0.04436
   2015.0   0.04438
   2020.0   0.04451
   2025.0   0.04434
   2030.0   0.04429
   2035.0   0.04423
   2040.0   0.04421
   2045.0   0.04409
   2050.0   0.04413
   2055.0   0.04434
   2060.0   0.04409
   2065.0   0.04428
   2070.0   0.04403
   2075.0   0.04415
   2080.0   0.04412
   2085.0   0.04411
   2090.0   0.04431
   2095.0   0.04397
   2100.0   0.04385
   2105.0   0.04414
   2110.0   0.04399
   2115.0   0.04393
   2120.0   0.04382
   2125.0   0.04399
   2130.0   0.04395
   2135.0   0.04403
   2140.0   0.04386
   2145.0   0.04407
   2150.0   0.04406
   2155.0   0.04378
   2160.0   0.04381
   2165.0   0.04379
   2170.0   0.04365
   2175.0   0.04388
   2180.0   0.04375
   2185.0   0.04385
   2190.0   0.04378
   2195.0   0.04370
   2200.0   0.04406
   2205.0   0.04376
   2210.0   0.04390
   2215.0   0.04378
   2220.0   0.04386
   2225.0   0.04381
   2230.0   0.04393
   2235.0   0.04408
   2240.0   0.04378
   2245.0   0.04364
   2250.0   0.04413
   2255.0   0.04396
   2260.0   0.04398
   2265.0   0.04383
   2270.0   0.04386
   2275.0   0.04375
   2280.0   0.04369
   2285.0   0.04346
   2290.0   0.04370
   2295.0   0.04342
   2300.0   0.04400
   2305.0   0.04401
   2310.0   0.04360
   2315.0   0.04379
   2320.0   0.04377
   2325.0   0.04370
   2330.0   0.04352
   2335.0   0.04356
   2340.0   0.04375
   2345.0   0.04363
   2350.0   0.04332
   2355.0   0.04348
   2360.0   0.04362
   2365.0   0.04345
   2370.0   0.04342
   2375.0   0.04335
   2380.0   0.04329
   2385.0   0.04328
   2390.0   0.04314
   2395.0   0.04305
   2400.0   0.04288
   2405.0   0.04285
   2410.0   0.04266
   2415.0   0.04254
   2420.0   0.04249
   2425.0   0.04253
   2430.0   0.04234
   2435.0   0.04235
   2440.0   0.04215
   2445.0   0.04237
   2450.0   0.04211
   2455.0   0.04203
   2460.0   0.04186
   2465.0   0.04198
   2470.0   0.04212
   2475.0   0.04180
   2480.0   0.04196
   2485.0   0.04180
   2490.0   0.04177
   2495.0   0.04149
   2500.0   0.04146
   2505.0   0.04161
   2510.0   0.04127
   2515.0   0.04108
   2520.0   0.04132
   2525.0   0.04133
   2530.0   0.04129
   2535.0   0.04151
   2540.0   0.04097
   2545.0   0.04097
   2550.0   0.04086
   2555.0   0.04078
   2560.0   0.04118
   2565.0   0.04094
   2570.0   0.04137
   2575.0   0.04108
   2580.0   0.04142
   2585.0   0.04136
   2590.0   0.04114
   2595.0   0.04098
   2600.0   0.04108
   2605.0   0.04083
   2610.0   0.04027
   2615.0   0.04038
   2620.0   0.04010
   2625.0   0.03992
   2630.0   0.04000
   2635.0   0.03978
   2640.0   0.03994
   2645.0   0.03953
   2650.0   0.04007
   2655.0   0.03929
   2660.0   0.03927
   2665.0   0.03958
   2670.0   0.03827
   2675.0   0.03716
   2680.0   0.03682
   2685.0   0.03600
   2690.0   0.03532
   2695.0   0.03452
   2700.0   0.03409
   2705.0   0.03342
   2710.0   0.03190
   2715.0   0.03152
   2720.0   0.02998
   2725.0   0.02840
   2730.0   0.02712
   2735.0   0.02428
   2740.0   0.02654
   2745.0   0.02525
   2750.0   0.02382
   2755.0   0.02166
   2760.0   0.02101
   2765.0   0.01969
   2770.0   0.01734
   2775.0   0.02999
   2780.0   0.03313
   2785.0   0.01803
   2790.0   0.02378
   2795.0   0.02122
   2800.0   0.02589
   2805.0   0.02348
   2810.0   0.02025
   2815.0   0.02343
   2820.0   0.02579
   2825.0   0.02496
   2830.0   0.02902
   2835.0   0.02774
   2840.0   0.02612
   2845.0   0.02828
   2850.0   0.02635
   2855.0   0.02356
   2860.0   0.02334
   2865.0   0.02553
   2870.0   0.02175
   2875.0   0.02542
   2880.0   0.02881
   2885.0   0.02619
   2890.0   0.02647
   2895.0   0.02754
   2900.0   0.02639
   2905.0   0.02529
   2910.0   0.02584
   2915.0   0.02178
   2920.0   0.02450
   2925.0   0.02321
   2930.0   0.02410
   2935.0   0.02148
   2940.0   0.02514
   2945.0   0.02623
   2950.0   0.02163
   2955.0   0.02260
   2960.0   0.02303
   2965.0   0.02439
   2970.0   0.02362
   2975.0   0.02634
   2980.0   0.02593
   2985.0   0.02543
   2990.0   0.02330
   2995.0   0.02667
   3000.0   0.02355
   3005.0   0.02443
   3010.0   0.02515
   3015.0   0.02633
   3020.0   0.02322
   3025.0   0.02821
   3030.0   0.02562
   3035.0   0.02787
   3040.0   0.02686
   3045.0   0.02887
   3050.0   0.02578
   3055.0   0.02702
   3060.0   0.02553
   3065.0   0.02680
   3070.0   0.02735
   3075.0   0.02613
   3080.0   0.02903
   3085.0   0.02654
   3090.0   0.02646
   3095.0   0.02721
   3100.0   0.02918
   3105.0   0.02765
   3110.0   0.02913
   3115.0   0.02918
   3120.0   0.02904
   3125.0   0.02966
   3130.0   0.03182
   3135.0   0.03118
   3140.0   0.03017
   3145.0   0.03049
   3150.0   0.03127
   3155.0   0.03190
   3160.0   0.03084
   3165.0   0.03118
   3170.0   0.03040
   3175.0   0.03159
   3180.0   0.03210
   3185.0   0.03217
   3190.0   0.03393
   3195.0   0.03086
   3200.0   0.03149
   3205.0   0.03198
   3210.0   0.03279
   3215.0   0.03307
   3220.0   0.03299
   3225.0   0.03368
   3230.0   0.03405
   3235.0   0.03378
   3240.0   0.03316
   3245.0   0.03316
   3250.0   0.03334
   3255.0   0.03263
   3260.0   0.03475
   3265.0   0.03417
   3270.0   0.03544
   3275.0   0.03438
   3280.0   0.03607
   3285.0   0.03560
   3290.0   0.03453
   3295.0   0.03643
   3300.0   0.03581
   3305.0   0.03679
   3310.0   0.03622
   3315.0   0.03548
   3320.0   0.03708
   3325.0   0.03854
   3330.0   0.03522
   3335.0   0.03719
   3340.0   0.03849
   3345.0   0.03721
   3350.0   0.03928
   3355.0   0.03732
   3360.0   0.03870
   3365.0   0.03800
   3370.0   0.03584
   3375.0   0.03523
   3380.0   0.03684
   3385.0   0.03881
   3390.0   0.03901
   3395.0   0.03646
   3400.0   0.03902
   3405.0   0.04159
   3410.0   0.03858
   3415.0   0.03994
   3420.0   0.04117
   3425.0   0.03800
   3430.0   0.03859
   3435.0   0.04251
   3440.0   0.03583
   3445.0   0.04145
   3450.0   0.04249
   3455.0   0.03830
   3460.0   0.03608
   3465.0   0.04152
   3470.0   0.04163
   3475.0   0.03847
   3480.0   0.04144
   3485.0   0.04190
   3490.0   0.03936
   3495.0   0.04272
   3500.0   0.04047



 C1SO04      .ASC                        

 SO-JFB-004                                                              
 SHALE ORGANIC  Li9604  LLANGOLLEN, WALES                                
 RATIOS ADJUSTED USING NBS HALON CALIBRATION TABLE                       

 Source Ang: 30.00   Detect Ang:  0.00  Volt: 0.222
 Date: 18-APR-89   Time: 13:07:42
