   661
    300.0   0.03632
    305.0   0.03423
    310.0   0.03715
    315.0   0.03753
    320.0   0.03566
    325.0   0.03708
    330.0   0.03873
    335.0   0.03802
    340.0   0.04190
    345.0   0.04217
    350.0   0.04366
    355.0   0.04646
    360.0   0.04739
    365.0   0.05036
    370.0   0.05282
    375.0   0.05600
    380.0   0.05961
    385.0   0.06394
    390.0   0.06700
    395.0   0.07045
    400.0   0.07471
    405.0   0.07732
    410.0   0.08092
    415.0   0.08401
    420.0   0.08707
    425.0   0.09121
    430.0   0.09610
    435.0   0.10188
    440.0   0.10780
    445.0   0.11302
    450.0   0.11849
    455.0   0.12334
    460.0   0.12756
    465.0   0.13084
    470.0   0.13374
    475.0   0.13750
    480.0   0.14158
    485.0   0.14843
    490.0   0.15442
    495.0   0.16279
    500.0   0.17141
    505.0   0.18158
    510.0   0.19181
    515.0   0.20310
    520.0   0.21498
    525.0   0.22684
    530.0   0.23780
    535.0   0.24855
    540.0   0.25936
    545.0   0.26957
    550.0   0.27784
    555.0   0.28624
    560.0   0.29453
    565.0   0.30251
    570.0   0.30996
    575.0   0.31831
    580.0   0.32551
    585.0   0.33279
    590.0   0.34068
    595.0   0.34820
    600.0   0.35530
    605.0   0.36402
    610.0   0.37211
    615.0   0.37902
    620.0   0.38743
    625.0   0.39617
    630.0   0.40353
    635.0   0.41135
    640.0   0.41986
    645.0   0.42801
    650.0   0.43499
    655.0   0.44289
    660.0   0.45074
    665.0   0.45712
    670.0   0.46420
    675.0   0.47025
    680.0   0.47635
    685.0   0.48265
    690.0   0.48800
    695.0   0.49284
    700.0   0.49762
    705.0   0.50262
    710.0   0.50766
    715.0   0.51154
    720.0   0.51645
    725.0   0.52073
    730.0   0.52312
    735.0   0.52708
    740.0   0.53087
    745.0   0.53322
    750.0   0.53555
    755.0   0.53540
    760.0   0.53525
    765.0   0.54086
    770.0   0.54178
    775.0   0.54355
    780.0   0.54611
    785.0   0.54612
    790.0   0.54747
    795.0   0.54832
    800.0   0.54981
    805.0   0.54945
    810.0   0.55056
    815.0   0.55121
    820.0   0.54910
    825.0   0.54971
    830.0   0.55022
    835.0   0.54872
    840.0   0.54877
    845.0   0.54782
    850.0   0.54624
    855.0   0.54558
    860.0   0.54437
    865.0   0.54401
    870.0   0.54444
    875.0   0.54422
    880.0   0.54389
    885.0   0.54063
    890.0   0.54215
    895.0   0.54229
    900.0   0.54014
    905.0   0.54026
    910.0   0.53907
    915.0   0.53951
    920.0   0.53887
    925.0   0.53712
    930.0   0.53630
    935.0   0.53647
    940.0   0.53578
    945.0   0.53676
    950.0   0.53610
    955.0   0.53613
    960.0   0.53501
    965.0   0.53411
    970.0   0.53315
    975.0   0.53347
    980.0   0.53422
    985.0   0.53447
    990.0   0.53414
    995.0   0.53374
   1000.0   0.53234
   1005.0   0.53323
   1010.0   0.53310
   1015.0   0.53427
   1020.0   0.53459
   1025.0   0.53499
   1030.0   0.53545
   1035.0   0.53564
   1040.0   0.53627
   1045.0   0.53704
   1050.0   0.53762
   1055.0   0.53843
   1060.0   0.53987
   1065.0   0.54103
   1070.0   0.54156
   1075.0   0.54321
   1080.0   0.54300
   1085.0   0.54460
   1090.0   0.54664
   1095.0   0.54867
   1100.0   0.54952
   1105.0   0.55113
   1110.0   0.55277
   1115.0   0.55446
   1120.0   0.55539
   1125.0   0.55681
   1130.0   0.55989
   1135.0   0.56149
   1140.0   0.56283
   1145.0   0.56370
   1150.0   0.56519
   1155.0   0.56698
   1160.0   0.56787
   1165.0   0.56941
   1170.0   0.57131
   1175.0   0.57288
   1180.0   0.57412
   1185.0   0.57660
   1190.0   0.57829
   1195.0   0.57952
   1200.0   0.58329
   1205.0   0.58630
   1210.0   0.58786
   1215.0   0.58856
   1220.0   0.59045
   1225.0   0.59087
   1230.0   0.59330
   1235.0   0.59385
   1240.0   0.59477
   1245.0   0.59754
   1250.0   0.59838
   1255.0   0.60033
   1260.0   0.60185
   1265.0   0.60258
   1270.0   0.60417
   1275.0   0.60573
   1280.0   0.60728
   1285.0   0.60895
   1290.0   0.61079
   1295.0   0.61280
   1300.0   0.61347
   1305.0   0.61405
   1310.0   0.61613
   1315.0   0.61733
   1320.0   0.61861
   1325.0   0.62045
   1330.0   0.62167
   1335.0   0.62172
   1340.0   0.62323
   1345.0   0.62193
   1350.0   0.62270
   1355.0   0.62344
   1360.0   0.62211
   1365.0   0.62406
   1370.0   0.62506
   1375.0   0.62362
   1380.0   0.62035
   1385.0   0.62080
   1390.0   0.61633
   1395.0   0.61050
   1400.0   0.60321
   1405.0   0.59611
   1410.0   0.58958
   1415.0   0.58346
   1420.0   0.57973
   1425.0   0.57627
   1430.0   0.57656
   1435.0   0.57714
   1440.0   0.58152
   1445.0   0.58470
   1450.0   0.59078
   1455.0   0.59511
   1460.0   0.59856
   1465.0   0.60174
   1470.0   0.60397
   1475.0   0.60774
   1480.0   0.61198
   1485.0   0.61596
   1490.0   0.61995
   1495.0   0.62334
   1500.0   0.62743
   1505.0   0.62934
   1510.0   0.63161
   1515.0   0.63433
   1520.0   0.63819
   1525.0   0.64006
   1530.0   0.64166
   1535.0   0.64374
   1540.0   0.64471
   1545.0   0.64747
   1550.0   0.64861
   1555.0   0.65019
   1560.0   0.65140
   1565.0   0.65317
   1570.0   0.65444
   1575.0   0.65595
   1580.0   0.65684
   1585.0   0.65874
   1590.0   0.65942
   1595.0   0.66002
   1600.0   0.66078
   1605.0   0.66174
   1610.0   0.66269
   1615.0   0.66313
   1620.0   0.66226
   1625.0   0.66489
   1630.0   0.66463
   1635.0   0.66494
   1640.0   0.66576
   1645.0   0.66583
   1650.0   0.66674
   1655.0   0.66674
   1660.0   0.66744
   1665.0   0.66824
   1670.0   0.66852
   1675.0   0.66948
   1680.0   0.66954
   1685.0   0.67039
   1690.0   0.66852
   1695.0   0.66885
   1700.0   0.67037
   1705.0   0.66937
   1710.0   0.66918
   1715.0   0.66914
   1720.0   0.66775
   1725.0   0.66699
   1730.0   0.66561
   1735.0   0.66552
   1740.0   0.66481
   1745.0   0.66454
   1750.0   0.66427
   1755.0   0.66276
   1760.0   0.66251
   1765.0   0.66132
   1770.0   0.66048
   1775.0   0.66059
   1780.0   0.66059
   1785.0   0.66017
   1790.0   0.66013
   1795.0   0.65981
   1800.0   0.65983
   1805.0   0.65914
   1810.0   0.65960
   1815.0   0.65974
   1820.0   0.65955
   1825.0   0.66014
   1830.0   0.65905
   1835.0   0.65919
   1840.0   0.65977
   1845.0   0.65915
   1850.0   0.65754
   1855.0   0.65456
   1860.0   0.65207
   1865.0   0.64582
   1870.0   0.63687
   1875.0   0.62602
   1880.0   0.60640
   1885.0   0.58830
   1890.0   0.56674
   1895.0   0.53923
   1900.0   0.51092
   1905.0   0.48499
   1910.0   0.46272
   1915.0   0.44921
   1920.0   0.44500
   1925.0   0.44744
   1930.0   0.45365
   1935.0   0.45969
   1940.0   0.46573
   1945.0   0.47236
   1950.0   0.47822
   1955.0   0.48462
   1960.0   0.49036
   1965.0   0.49664
   1970.0   0.50223
   1975.0   0.50834
   1980.0   0.51459
   1985.0   0.52035
   1990.0   0.52604
   1995.0   0.53345
   2000.0   0.53911
   2005.0   0.54456
   2010.0   0.55068
   2015.0   0.55585
   2020.0   0.56171
   2025.0   0.56527
   2030.0   0.56991
   2035.0   0.57368
   2040.0   0.57810
   2045.0   0.58088
   2050.0   0.58402
   2055.0   0.58690
   2060.0   0.58889
   2065.0   0.59041
   2070.0   0.59190
   2075.0   0.59588
   2080.0   0.59754
   2085.0   0.59889
   2090.0   0.59997
   2095.0   0.60240
   2100.0   0.60408
   2105.0   0.60578
   2110.0   0.60601
   2115.0   0.60808
   2120.0   0.60908
   2125.0   0.60983
   2130.0   0.61085
   2135.0   0.61136
   2140.0   0.61129
   2145.0   0.61079
   2150.0   0.61126
   2155.0   0.61165
   2160.0   0.61103
   2165.0   0.61044
   2170.0   0.60900
   2175.0   0.60850
   2180.0   0.60634
   2185.0   0.60550
   2190.0   0.60454
   2195.0   0.60208
   2200.0   0.59960
   2205.0   0.59728
   2210.0   0.59547
   2215.0   0.59363
   2220.0   0.59152
   2225.0   0.58995
   2230.0   0.58845
   2235.0   0.58611
   2240.0   0.58301
   2245.0   0.58095
   2250.0   0.58037
   2255.0   0.57851
   2260.0   0.57446
   2265.0   0.56884
   2270.0   0.56327
   2275.0   0.55554
   2280.0   0.54705
   2285.0   0.54113
   2290.0   0.53789
   2295.0   0.53715
   2300.0   0.53792
   2305.0   0.53994
   2310.0   0.54298
   2315.0   0.54620
   2320.0   0.54896
   2325.0   0.55043
   2330.0   0.55103
   2335.0   0.54943
   2340.0   0.54563
   2345.0   0.54167
   2350.0   0.53768
   2355.0   0.53300
   2360.0   0.53012
   2365.0   0.52588
   2370.0   0.52118
   2375.0   0.51570
   2380.0   0.50979
   2385.0   0.50481
   2390.0   0.49868
   2395.0   0.49299
   2400.0   0.48814
   2405.0   0.48431
   2410.0   0.47991
   2415.0   0.47423
   2420.0   0.47033
   2425.0   0.46655
   2430.0   0.46263
   2435.0   0.45813
   2440.0   0.45353
   2445.0   0.44949
   2450.0   0.44568
   2455.0   0.44102
   2460.0   0.43780
   2465.0   0.43423
   2470.0   0.43045
   2475.0   0.42702
   2480.0   0.42299
   2485.0   0.41868
   2490.0   0.41484
   2495.0   0.41163
   2500.0   0.40976
   2505.0   0.40518
   2510.0   0.40282
   2515.0   0.40042
   2520.0   0.39790
   2525.0   0.39597
   2530.0   0.39447
   2535.0   0.39396
   2540.0   0.39206
   2545.0   0.39164
   2550.0   0.39137
   2555.0   0.39133
   2560.0   0.38604
   2565.0   0.38897
   2570.0   0.38752
   2575.0   0.38667
   2580.0   0.38456
   2585.0   0.38189
   2590.0   0.38235
   2595.0   0.38146
   2600.0   0.37860
   2605.0   0.37440
   2610.0   0.37311
   2615.0   0.36840
   2620.0   0.36424
   2625.0   0.36036
   2630.0   0.35613
   2635.0   0.35012
   2640.0   0.34613
   2645.0   0.34030
   2650.0   0.33249
   2655.0   0.32571
   2660.0   0.31704
   2665.0   0.30872
   2670.0   0.29496
   2675.0   0.27868
   2680.0   0.26546
   2685.0   0.24777
   2690.0   0.23142
   2695.0   0.21125
   2700.0   0.19136
   2705.0   0.17219
   2710.0   0.15741
   2715.0   0.14308
   2720.0   0.13017
   2725.0   0.11378
   2730.0   0.09610
   2735.0   0.08302
   2740.0   0.07457
   2745.0   0.06718
   2750.0   0.05604
   2755.0   0.04746
   2760.0   0.04654
   2765.0   0.04777
   2770.0   0.04724
   2775.0   0.05398
   2780.0   0.04082
   2785.0   0.01259
   2790.0   0.03212
   2795.0   0.03120
   2800.0   0.02892
   2805.0   0.03227
   2810.0   0.02479
   2815.0   0.03099
   2820.0   0.02219
   2825.0   0.02860
   2830.0   0.03405
   2835.0   0.02304
   2840.0   0.02883
   2845.0   0.02369
   2850.0   0.02793
   2855.0   0.02878
   2860.0   0.03091
   2865.0   0.02717
   2870.0   0.03415
   2875.0   0.02332
   2880.0   0.02893
   2885.0   0.02283
   2890.0   0.03391
   2895.0   0.02839
   2900.0   0.03005
   2905.0   0.02261
   2910.0   0.02618
   2915.0   0.02704
   2920.0   0.02972
   2925.0   0.02165
   2930.0   0.03233
   2935.0   0.02465
   2940.0   0.02504
   2945.0   0.02807
   2950.0   0.03020
   2955.0   0.02448
   2960.0   0.02719
   2965.0   0.02817
   2970.0   0.02488
   2975.0   0.02776
   2980.0   0.02630
   2985.0   0.03296
   2990.0   0.02689
   2995.0   0.02841
   3000.0   0.03252
   3005.0   0.03221
   3010.0   0.03229
   3015.0   0.02854
   3020.0   0.03491
   3025.0   0.02946
   3030.0   0.03175
   3035.0   0.03246
   3040.0   0.02841
   3045.0   0.03378
   3050.0   0.03578
   3055.0   0.03094
   3060.0   0.03291
   3065.0   0.03378
   3070.0   0.03254
   3075.0   0.03353
   3080.0   0.03241
   3085.0   0.03321
   3090.0   0.03476
   3095.0   0.03390
   3100.0   0.03374
   3105.0   0.03767
   3110.0   0.03533
   3115.0   0.03438
   3120.0   0.03289
   3125.0   0.03803
   3130.0   0.03994
   3135.0   0.04041
   3140.0   0.03570
   3145.0   0.04627
   3150.0   0.03922
   3155.0   0.04085
   3160.0   0.04522
   3165.0   0.04641
   3170.0   0.04642
   3175.0   0.04910
   3180.0   0.04822
   3185.0   0.04557
   3190.0   0.04924
   3195.0   0.05115
   3200.0   0.04810
   3205.0   0.05287
   3210.0   0.05685
   3215.0   0.05212
   3220.0   0.05322
   3225.0   0.05940
   3230.0   0.05814
   3235.0   0.06035
   3240.0   0.06194
   3245.0   0.05651
   3250.0   0.05998
   3255.0   0.06059
   3260.0   0.06593
   3265.0   0.06587
   3270.0   0.06591
   3275.0   0.06688
   3280.0   0.06551
   3285.0   0.06917
   3290.0   0.06812
   3295.0   0.07020
   3300.0   0.06963
   3305.0   0.06889
   3310.0   0.07476
   3315.0   0.07309
   3320.0   0.07589
   3325.0   0.07818
   3330.0   0.07670
   3335.0   0.07710
   3340.0   0.08026
   3345.0   0.08336
   3350.0   0.08731
   3355.0   0.09001
   3360.0   0.09196
   3365.0   0.09024
   3370.0   0.09420
   3375.0   0.09003
   3380.0   0.09801
   3385.0   0.09553
   3390.0   0.10028
   3395.0   0.10420
   3400.0   0.10050
   3405.0   0.10480
   3410.0   0.10462
   3415.0   0.10556
   3420.0   0.10458
   3425.0   0.10968
   3430.0   0.11809
   3435.0   0.11038
   3440.0   0.11232
   3445.0   0.12025
   3450.0   0.12162
   3455.0   0.12040
   3460.0   0.12404
   3465.0   0.13065
   3470.0   0.13030
   3475.0   0.13279
   3480.0   0.13454
   3485.0   0.13509
   3490.0   0.14034
   3495.0   0.14146
   3500.0   0.14336
   3505.0   0.14460
   3510.0   0.14841
   3515.0   0.14059
   3520.0   0.14888
   3525.0   0.16010
   3530.0   0.16550
   3535.0   0.15692
   3540.0   0.16513
   3545.0   0.17702
   3550.0   0.16601
   3555.0   0.17404
   3560.0   0.18312
   3565.0   0.17581
   3570.0   0.18179
   3575.0   0.17945
   3580.0   0.17587
   3585.0   0.18597
   3590.0   0.19397
   3595.0   0.18330
   3600.0   0.19638



 C1SP01      .ASC                        

 SP-CMP-001                                                              
 PALAGONITE FROM ARMENIA  <80 UM                                         
 RATIOS ADJUSTED USING NBS HALON CALIBRATION TABLE                       

 Source Ang: 30.00   Detect Ang:  0.00  Volt: 0.222
 Date: 03-DEC-91   Time: 15:18:56
