   661
    300.0   0.01994
    305.0   0.01947
    310.0   0.01210
    315.0   0.01180
    320.0   0.01451
    325.0   0.01369
    330.0   0.01444
    335.0   0.01376
    340.0   0.01291
    345.0   0.01358
    350.0   0.01416
    355.0   0.01418
    360.0   0.01468
    365.0   0.01504
    370.0   0.01577
    375.0   0.01612
    380.0   0.01680
    385.0   0.01809
    390.0   0.01884
    395.0   0.01993
    400.0   0.02111
    405.0   0.02317
    410.0   0.02432
    415.0   0.02588
    420.0   0.02762
    425.0   0.02995
    430.0   0.03250
    435.0   0.03535
    440.0   0.03834
    445.0   0.04125
    450.0   0.04401
    455.0   0.04640
    460.0   0.04850
    465.0   0.05058
    470.0   0.05294
    475.0   0.05558
    480.0   0.05873
    485.0   0.06319
    490.0   0.06737
    495.0   0.07280
    500.0   0.07881
    505.0   0.08554
    510.0   0.09283
    515.0   0.10091
    520.0   0.10980
    525.0   0.11910
    530.0   0.12893
    535.0   0.13907
    540.0   0.14995
    545.0   0.16159
    550.0   0.17283
    555.0   0.18476
    560.0   0.19697
    565.0   0.20988
    570.0   0.22205
    575.0   0.23504
    580.0   0.24768
    585.0   0.26039
    590.0   0.27266
    595.0   0.28411
    600.0   0.29554
    605.0   0.30730
    610.0   0.31836
    615.0   0.32831
    620.0   0.33848
    625.0   0.34723
    630.0   0.35607
    635.0   0.36457
    640.0   0.37237
    645.0   0.37949
    650.0   0.38661
    655.0   0.39281
    660.0   0.39895
    665.0   0.40463
    670.0   0.40918
    675.0   0.41419
    680.0   0.41909
    685.0   0.42309
    690.0   0.42695
    695.0   0.43088
    700.0   0.43474
    705.0   0.43871
    710.0   0.44087
    715.0   0.44406
    720.0   0.44696
    725.0   0.45018
    730.0   0.45212
    735.0   0.45435
    740.0   0.45708
    745.0   0.45834
    750.0   0.45952
    755.0   0.46070
    760.0   0.46188
    765.0   0.46211
    770.0   0.46295
    775.0   0.46306
    780.0   0.46311
    785.0   0.46335
    790.0   0.46158
    795.0   0.46183
    800.0   0.46202
    805.0   0.46085
    810.0   0.46237
    815.0   0.46169
    820.0   0.46004
    825.0   0.45886
    830.0   0.45821
    835.0   0.45802
    840.0   0.45690
    845.0   0.45489
    850.0   0.45447
    855.0   0.45174
    860.0   0.45209
    865.0   0.45141
    870.0   0.44940
    875.0   0.45073
    880.0   0.44960
    885.0   0.44914
    890.0   0.44849
    895.0   0.44909
    900.0   0.44833
    905.0   0.44890
    910.0   0.44964
    915.0   0.44902
    920.0   0.45013
    925.0   0.45159
    930.0   0.45026
    935.0   0.44962
    940.0   0.45136
    945.0   0.45173
    950.0   0.45264
    955.0   0.45475
    960.0   0.45527
    965.0   0.45549
    970.0   0.45637
    975.0   0.45745
    980.0   0.45929
    985.0   0.46107
    990.0   0.46245
    995.0   0.46360
   1000.0   0.46575
   1005.0   0.46702
   1010.0   0.46796
   1015.0   0.46909
   1020.0   0.47194
   1025.0   0.47397
   1030.0   0.47609
   1035.0   0.47772
   1040.0   0.47931
   1045.0   0.48154
   1050.0   0.48361
   1055.0   0.48514
   1060.0   0.48816
   1065.0   0.49053
   1070.0   0.49150
   1075.0   0.49499
   1080.0   0.49639
   1085.0   0.49860
   1090.0   0.50050
   1095.0   0.50334
   1100.0   0.50559
   1105.0   0.50732
   1110.0   0.51047
   1115.0   0.51185
   1120.0   0.51456
   1125.0   0.51649
   1130.0   0.51906
   1135.0   0.52130
   1140.0   0.52314
   1145.0   0.52647
   1150.0   0.52802
   1155.0   0.52998
   1160.0   0.53142
   1165.0   0.53390
   1170.0   0.53627
   1175.0   0.53791
   1180.0   0.54059
   1185.0   0.54274
   1190.0   0.54496
   1195.0   0.54686
   1200.0   0.54876
   1205.0   0.55122
   1210.0   0.55381
   1215.0   0.55574
   1220.0   0.55704
   1225.0   0.55826
   1230.0   0.56040
   1235.0   0.56162
   1240.0   0.56336
   1245.0   0.56482
   1250.0   0.56567
   1255.0   0.56827
   1260.0   0.56998
   1265.0   0.57113
   1270.0   0.57359
   1275.0   0.57497
   1280.0   0.57728
   1285.0   0.57880
   1290.0   0.58031
   1295.0   0.58206
   1300.0   0.58357
   1305.0   0.58503
   1310.0   0.58614
   1315.0   0.58806
   1320.0   0.58927
   1325.0   0.59017
   1330.0   0.59092
   1335.0   0.59232
   1340.0   0.59302
   1345.0   0.59320
   1350.0   0.59238
   1355.0   0.59180
   1360.0   0.59051
   1365.0   0.58943
   1370.0   0.58702
   1375.0   0.58575
   1380.0   0.58135
   1385.0   0.58144
   1390.0   0.57949
   1395.0   0.57261
   1400.0   0.56601
   1405.0   0.56021
   1410.0   0.55751
   1415.0   0.55262
   1420.0   0.55016
   1425.0   0.54847
   1430.0   0.54758
   1435.0   0.54725
   1440.0   0.54867
   1445.0   0.54865
   1450.0   0.55055
   1455.0   0.55162
   1460.0   0.55256
   1465.0   0.55526
   1470.0   0.55587
   1475.0   0.55902
   1480.0   0.56106
   1485.0   0.56285
   1490.0   0.56622
   1495.0   0.56974
   1500.0   0.57394
   1505.0   0.57571
   1510.0   0.57682
   1515.0   0.57867
   1520.0   0.58167
   1525.0   0.58387
   1530.0   0.58497
   1535.0   0.58781
   1540.0   0.58980
   1545.0   0.59160
   1550.0   0.59161
   1555.0   0.59251
   1560.0   0.59521
   1565.0   0.59551
   1570.0   0.59738
   1575.0   0.59919
   1580.0   0.60049
   1585.0   0.60059
   1590.0   0.60181
   1595.0   0.60289
   1600.0   0.60220
   1605.0   0.60349
   1610.0   0.60422
   1615.0   0.60534
   1620.0   0.60493
   1625.0   0.60683
   1630.0   0.60626
   1635.0   0.60606
   1640.0   0.60819
   1645.0   0.60688
   1650.0   0.60577
   1655.0   0.60647
   1660.0   0.60718
   1665.0   0.60803
   1670.0   0.60841
   1675.0   0.60825
   1680.0   0.60791
   1685.0   0.60783
   1690.0   0.60827
   1695.0   0.60763
   1700.0   0.60812
   1705.0   0.60762
   1710.0   0.60705
   1715.0   0.60728
   1720.0   0.60526
   1725.0   0.60442
   1730.0   0.60326
   1735.0   0.60396
   1740.0   0.60266
   1745.0   0.60199
   1750.0   0.60140
   1755.0   0.59960
   1760.0   0.59903
   1765.0   0.59848
   1770.0   0.59723
   1775.0   0.59651
   1780.0   0.59653
   1785.0   0.59543
   1790.0   0.59546
   1795.0   0.59590
   1800.0   0.59549
   1805.0   0.59533
   1810.0   0.59567
   1815.0   0.59575
   1820.0   0.59553
   1825.0   0.59625
   1830.0   0.59593
   1835.0   0.59565
   1840.0   0.59742
   1845.0   0.59649
   1850.0   0.59553
   1855.0   0.59279
   1860.0   0.59125
   1865.0   0.58710
   1870.0   0.58166
   1875.0   0.57786
   1880.0   0.56499
   1885.0   0.55005
   1890.0   0.53242
   1895.0   0.51104
   1900.0   0.49110
   1905.0   0.47417
   1910.0   0.45703
   1915.0   0.44361
   1920.0   0.43631
   1925.0   0.43205
   1930.0   0.42985
   1935.0   0.42888
   1940.0   0.43075
   1945.0   0.43240
   1950.0   0.43468
   1955.0   0.43810
   1960.0   0.44167
   1965.0   0.44584
   1970.0   0.44946
   1975.0   0.45410
   1980.0   0.45952
   1985.0   0.46328
   1990.0   0.46788
   1995.0   0.47336
   2000.0   0.47771
   2005.0   0.48191
   2010.0   0.48669
   2015.0   0.49056
   2020.0   0.49587
   2025.0   0.49896
   2030.0   0.50242
   2035.0   0.50566
   2040.0   0.50838
   2045.0   0.51134
   2050.0   0.51429
   2055.0   0.51709
   2060.0   0.51999
   2065.0   0.52217
   2070.0   0.52384
   2075.0   0.52729
   2080.0   0.52870
   2085.0   0.53086
   2090.0   0.53235
   2095.0   0.53520
   2100.0   0.53691
   2105.0   0.53820
   2110.0   0.53934
   2115.0   0.54065
   2120.0   0.54082
   2125.0   0.54095
   2130.0   0.54054
   2135.0   0.54189
   2140.0   0.54075
   2145.0   0.53860
   2150.0   0.53734
   2155.0   0.53579
   2160.0   0.53360
   2165.0   0.53184
   2170.0   0.52829
   2175.0   0.52569
   2180.0   0.52209
   2185.0   0.51928
   2190.0   0.51661
   2195.0   0.51427
   2200.0   0.51311
   2205.0   0.51197
   2210.0   0.51161
   2215.0   0.51136
   2220.0   0.51065
   2225.0   0.50950
   2230.0   0.50924
   2235.0   0.50786
   2240.0   0.50693
   2245.0   0.50701
   2250.0   0.50730
   2255.0   0.50710
   2260.0   0.50664
   2265.0   0.50532
   2270.0   0.50462
   2275.0   0.50434
   2280.0   0.50301
   2285.0   0.50212
   2290.0   0.50100
   2295.0   0.49968
   2300.0   0.49869
   2305.0   0.49640
   2310.0   0.49528
   2315.0   0.49403
   2320.0   0.49216
   2325.0   0.49047
   2330.0   0.48948
   2335.0   0.48658
   2340.0   0.48508
   2345.0   0.48216
   2350.0   0.47928
   2355.0   0.47710
   2360.0   0.47466
   2365.0   0.47256
   2370.0   0.46970
   2375.0   0.46606
   2380.0   0.46321
   2385.0   0.46033
   2390.0   0.45661
   2395.0   0.45329
   2400.0   0.45048
   2405.0   0.44626
   2410.0   0.44336
   2415.0   0.43964
   2420.0   0.43579
   2425.0   0.43118
   2430.0   0.42715
   2435.0   0.42305
   2440.0   0.41869
   2445.0   0.41476
   2450.0   0.41103
   2455.0   0.40681
   2460.0   0.40372
   2465.0   0.39926
   2470.0   0.39469
   2475.0   0.39307
   2480.0   0.38890
   2485.0   0.38562
   2490.0   0.38258
   2495.0   0.37851
   2500.0   0.37582
   2505.0   0.37210
   2510.0   0.36941
   2515.0   0.36665
   2520.0   0.36516
   2525.0   0.36381
   2530.0   0.36149
   2535.0   0.36094
   2540.0   0.35975
   2545.0   0.35885
   2550.0   0.35780
   2555.0   0.35705
   2560.0   0.35037
   2565.0   0.35338
   2570.0   0.35147
   2575.0   0.35048
   2580.0   0.34681
   2585.0   0.34327
   2590.0   0.34399
   2595.0   0.34055
   2600.0   0.33887
   2605.0   0.33498
   2610.0   0.33166
   2615.0   0.32802
   2620.0   0.32272
   2625.0   0.31637
   2630.0   0.31159
   2635.0   0.30465
   2640.0   0.29801
   2645.0   0.28808
   2650.0   0.27988
   2655.0   0.26972
   2660.0   0.25870
   2665.0   0.24287
   2670.0   0.22294
   2675.0   0.19451
   2680.0   0.16857
   2685.0   0.14449
   2690.0   0.12361
   2695.0   0.10520
   2700.0   0.08896
   2705.0   0.07639
   2710.0   0.06683
   2715.0   0.05949
   2720.0   0.05381
   2725.0   0.04659
   2730.0   0.03895
   2735.0   0.03392
   2740.0   0.02910
   2745.0   0.02632
   2750.0   0.02321
   2755.0   0.02598
   2760.0   0.01780
   2765.0   0.01163
   2770.0   0.02535
   2775.0   0.01069
   2780.0   0.00283
   2785.0   0.01425
   2790.0   0.00221
   2795.0   0.02708
   2800.0   0.00820
   2805.0   0.01434
   2810.0   0.00492
   2815.0   0.00785
   2820.0   0.00494
   2825.0   0.02107
   2830.0   0.01411
   2835.0   0.01186
   2840.0   0.00203
   2845.0   0.00877
   2850.0   0.00826
   2855.0   0.00968
   2860.0   0.00704
   2865.0   0.01489
   2870.0   0.00755
   2875.0   0.01780
   2880.0   0.01032
   2885.0   0.01859
   2890.0   0.01838
   2895.0   0.01604
   2900.0   0.01628
   2905.0   0.01861
   2910.0   0.02131
   2915.0   0.01969
   2920.0   0.02113
   2925.0   0.01658
   2930.0   0.01134
   2935.0   0.01766
   2940.0   0.02036
   2945.0   0.01399
   2950.0   0.01965
   2955.0   0.01805
   2960.0   0.01676
   2965.0   0.01467
   2970.0   0.02192
   2975.0   0.01771
   2980.0   0.01461
   2985.0   0.01596
   2990.0   0.01387
   2995.0   0.01735
   3000.0   0.01771
   3005.0   0.01817
   3010.0   0.02181
   3015.0   0.01698
   3020.0   0.01999
   3025.0   0.01604
   3030.0   0.01697
   3035.0   0.01710
   3040.0   0.01902
   3045.0   0.01895
   3050.0   0.02201
   3055.0   0.01658
   3060.0   0.01889
   3065.0   0.01640
   3070.0   0.02266
   3075.0   0.01845
   3080.0   0.01757
   3085.0   0.01504
   3090.0   0.01647
   3095.0   0.02012
   3100.0   0.02029
   3105.0   0.01827
   3110.0   0.01865
   3115.0   0.01715
   3120.0   0.02025
   3125.0   0.01336
   3130.0   0.01333
   3135.0   0.01489
   3140.0   0.01686
   3145.0   0.01558
   3150.0   0.01651
   3155.0   0.01734
   3160.0   0.01851
   3165.0   0.01812
   3170.0   0.01993
   3175.0   0.01419
   3180.0   0.01612
   3185.0   0.01887
   3190.0   0.01908
   3195.0   0.01903
   3200.0   0.01684
   3205.0   0.01856
   3210.0   0.01935
   3215.0   0.01946
   3220.0   0.01684
   3225.0   0.01855
   3230.0   0.01968
   3235.0   0.02299
   3240.0   0.02325
   3245.0   0.02108
   3250.0   0.02045
   3255.0   0.02266
   3260.0   0.02156
   3265.0   0.02090
   3270.0   0.02161
   3275.0   0.02406
   3280.0   0.02098
   3285.0   0.01943
   3290.0   0.02400
   3295.0   0.02540
   3300.0   0.02997
   3305.0   0.02508
   3310.0   0.02900
   3315.0   0.03725
   3320.0   0.02759
   3325.0   0.03197
   3330.0   0.02890
   3335.0   0.03336
   3340.0   0.03206
   3345.0   0.03182
   3350.0   0.03318
   3355.0   0.03151
   3360.0   0.03572
   3365.0   0.04116
   3370.0   0.03261
   3375.0   0.03829
   3380.0   0.03842
   3385.0   0.03841
   3390.0   0.04035
   3395.0   0.04191
   3400.0   0.04242
   3405.0   0.04409
   3410.0   0.04795
   3415.0   0.04441
   3420.0   0.04659
   3425.0   0.05170
   3430.0   0.04683
   3435.0   0.04974
   3440.0   0.04984
   3445.0   0.04987
   3450.0   0.04859
   3455.0   0.05148
   3460.0   0.04982
   3465.0   0.05170
   3470.0   0.06244
   3475.0   0.05814
   3480.0   0.05605
   3485.0   0.05290
   3490.0   0.05821
   3495.0   0.05977
   3500.0   0.06482
   3505.0   0.06594
   3510.0   0.05502
   3515.0   0.05704
   3520.0   0.06163
   3525.0   0.06075
   3530.0   0.06890
   3535.0   0.06315
   3540.0   0.06291
   3545.0   0.06632
   3550.0   0.06934
   3555.0   0.06905
   3560.0   0.06544
   3565.0   0.06767
   3570.0   0.07383
   3575.0   0.08019
   3580.0   0.06803
   3585.0   0.07798
   3590.0   0.07387
   3595.0   0.07832
   3600.0   0.08953



 C1SP02      .ASC                        

 SP-CMP-002                                                              
 PALAGONITE FROM ICELAND  <80 UM                                         
 RATIOS ADJUSTED USING NBS HALON CALIBRATION TABLE                       

 Source Ang: 30.00   Detect Ang:  0.00  Volt: 0.222
 Date: 03-DEC-91   Time: 15:46:22
