   661
    300.0   0.03499
    305.0   0.03736
    310.0   0.03474
    315.0   0.03319
    320.0   0.03278
    325.0   0.03082
    330.0   0.03114
    335.0   0.03178
    340.0   0.03185
    345.0   0.03172
    350.0   0.03212
    355.0   0.03235
    360.0   0.03380
    365.0   0.03470
    370.0   0.03619
    375.0   0.03786
    380.0   0.04036
    385.0   0.04275
    390.0   0.04517
    395.0   0.04767
    400.0   0.05072
    405.0   0.05367
    410.0   0.05608
    415.0   0.05909
    420.0   0.06304
    425.0   0.06807
    430.0   0.07405
    435.0   0.08078
    440.0   0.08691
    445.0   0.09319
    450.0   0.09867
    455.0   0.10264
    460.0   0.10598
    465.0   0.10782
    470.0   0.10993
    475.0   0.11211
    480.0   0.11663
    485.0   0.12334
    490.0   0.13105
    495.0   0.14020
    500.0   0.15114
    505.0   0.16183
    510.0   0.17389
    515.0   0.18704
    520.0   0.20210
    525.0   0.21708
    530.0   0.23256
    535.0   0.24830
    540.0   0.26380
    545.0   0.28032
    550.0   0.29699
    555.0   0.31190
    560.0   0.32590
    565.0   0.33868
    570.0   0.35098
    575.0   0.36256
    580.0   0.37311
    585.0   0.38288
    590.0   0.39182
    595.0   0.40060
    600.0   0.40863
    605.0   0.41534
    610.0   0.42226
    615.0   0.42922
    620.0   0.43516
    625.0   0.44107
    630.0   0.44761
    635.0   0.45393
    640.0   0.45910
    645.0   0.46606
    650.0   0.47240
    655.0   0.47733
    660.0   0.48350
    665.0   0.48996
    670.0   0.49557
    675.0   0.50077
    680.0   0.50680
    685.0   0.51205
    690.0   0.51729
    695.0   0.52233
    700.0   0.52741
    705.0   0.53232
    710.0   0.53179
    715.0   0.53620
    720.0   0.54045
    725.0   0.54424
    730.0   0.54821
    735.0   0.55280
    740.0   0.55733
    745.0   0.55967
    750.0   0.56307
    755.0   0.56567
    760.0   0.57402
    765.0   0.57392
    770.0   0.57581
    775.0   0.57866
    780.0   0.57989
    785.0   0.58139
    790.0   0.58269
    795.0   0.58483
    800.0   0.58653
    805.0   0.58630
    810.0   0.58554
    815.0   0.58696
    820.0   0.58730
    825.0   0.58733
    830.0   0.58752
    835.0   0.58745
    840.0   0.58810
    845.0   0.58750
    850.0   0.58643
    855.0   0.58672
    860.0   0.58584
    865.0   0.58572
    870.0   0.58578
    875.0   0.58408
    880.0   0.58404
    885.0   0.58352
    890.0   0.58231
    895.0   0.58471
    900.0   0.58349
    905.0   0.58460
    910.0   0.58409
    915.0   0.58396
    920.0   0.58460
    925.0   0.58568
    930.0   0.58413
    935.0   0.58640
    940.0   0.58708
    945.0   0.58758
    950.0   0.58767
    955.0   0.58817
    960.0   0.58821
    965.0   0.59003
    970.0   0.59106
    975.0   0.59194
    980.0   0.59303
    985.0   0.59452
    990.0   0.59699
    995.0   0.59715
   1000.0   0.59843
   1005.0   0.59987
   1010.0   0.60142
   1015.0   0.60346
   1020.0   0.60483
   1025.0   0.60694
   1030.0   0.60883
   1035.0   0.61155
   1040.0   0.61268
   1045.0   0.61448
   1050.0   0.61715
   1055.0   0.61921
   1060.0   0.62186
   1065.0   0.62249
   1070.0   0.62492
   1075.0   0.62600
   1080.0   0.62931
   1085.0   0.63187
   1090.0   0.63342
   1095.0   0.63586
   1100.0   0.63886
   1105.0   0.64037
   1110.0   0.64167
   1115.0   0.64430
   1120.0   0.64651
   1125.0   0.64883
   1130.0   0.65105
   1135.0   0.65182
   1140.0   0.65299
   1145.0   0.65483
   1150.0   0.65582
   1155.0   0.65814
   1160.0   0.65947
   1165.0   0.66156
   1170.0   0.66276
   1175.0   0.66384
   1180.0   0.66539
   1185.0   0.66661
   1190.0   0.66824
   1195.0   0.67006
   1200.0   0.67188
   1205.0   0.67226
   1210.0   0.67505
   1215.0   0.67647
   1220.0   0.67747
   1225.0   0.67772
   1230.0   0.67821
   1235.0   0.67893
   1240.0   0.67837
   1245.0   0.68040
   1250.0   0.68140
   1255.0   0.68147
   1260.0   0.68244
   1265.0   0.68274
   1270.0   0.68395
   1275.0   0.68443
   1280.0   0.68573
   1285.0   0.68626
   1290.0   0.68666
   1295.0   0.68670
   1300.0   0.68717
   1305.0   0.68738
   1310.0   0.68892
   1315.0   0.68916
   1320.0   0.69012
   1325.0   0.69045
   1330.0   0.69037
   1335.0   0.69020
   1340.0   0.69018
   1345.0   0.68910
   1350.0   0.68944
   1355.0   0.68912
   1360.0   0.68755
   1365.0   0.68622
   1370.0   0.68461
   1375.0   0.68207
   1380.0   0.67787
   1385.0   0.67709
   1390.0   0.67279
   1395.0   0.66833
   1400.0   0.66570
   1405.0   0.65925
   1410.0   0.65627
   1415.0   0.65153
   1420.0   0.65025
   1425.0   0.65063
   1430.0   0.65197
   1435.0   0.65487
   1440.0   0.65725
   1445.0   0.65949
   1450.0   0.66201
   1455.0   0.66299
   1460.0   0.66375
   1465.0   0.66473
   1470.0   0.66599
   1475.0   0.66850
   1480.0   0.67127
   1485.0   0.67196
   1490.0   0.67421
   1495.0   0.67501
   1500.0   0.67776
   1505.0   0.67846
   1510.0   0.68128
   1515.0   0.68304
   1520.0   0.68365
   1525.0   0.68596
   1530.0   0.68578
   1535.0   0.68686
   1540.0   0.68706
   1545.0   0.68810
   1550.0   0.68923
   1555.0   0.68960
   1560.0   0.69112
   1565.0   0.69147
   1570.0   0.69101
   1575.0   0.69123
   1580.0   0.69281
   1585.0   0.69319
   1590.0   0.69386
   1595.0   0.69477
   1600.0   0.69527
   1605.0   0.69505
   1610.0   0.69609
   1615.0   0.69533
   1620.0   0.69601
   1625.0   0.69525
   1630.0   0.69759
   1635.0   0.69726
   1640.0   0.69727
   1645.0   0.69704
   1650.0   0.69643
   1655.0   0.69770
   1660.0   0.69937
   1665.0   0.69931
   1670.0   0.70074
   1675.0   0.70098
   1680.0   0.70068
   1685.0   0.70005
   1690.0   0.69940
   1695.0   0.69971
   1700.0   0.70188
   1705.0   0.70026
   1710.0   0.70037
   1715.0   0.69939
   1720.0   0.69921
   1725.0   0.69869
   1730.0   0.69856
   1735.0   0.69813
   1740.0   0.69785
   1745.0   0.69771
   1750.0   0.69733
   1755.0   0.69569
   1760.0   0.69405
   1765.0   0.69398
   1770.0   0.69411
   1775.0   0.69433
   1780.0   0.69463
   1785.0   0.69337
   1790.0   0.69357
   1795.0   0.69305
   1800.0   0.69338
   1805.0   0.69278
   1810.0   0.69395
   1815.0   0.69305
   1820.0   0.69364
   1825.0   0.69380
   1830.0   0.69341
   1835.0   0.69239
   1840.0   0.69361
   1845.0   0.69344
   1850.0   0.69299
   1855.0   0.69169
   1860.0   0.69122
   1865.0   0.68629
   1870.0   0.68063
   1875.0   0.68004
   1880.0   0.67028
   1885.0   0.65786
   1890.0   0.64311
   1895.0   0.62270
   1900.0   0.59972
   1905.0   0.58160
   1910.0   0.56369
   1915.0   0.55239
   1920.0   0.54874
   1925.0   0.54983
   1930.0   0.55182
   1935.0   0.55515
   1940.0   0.55900
   1945.0   0.56332
   1950.0   0.56668
   1955.0   0.57040
   1960.0   0.57550
   1965.0   0.57862
   1970.0   0.58253
   1975.0   0.58656
   1980.0   0.59080
   1985.0   0.59618
   1990.0   0.60145
   1995.0   0.60607
   2000.0   0.61063
   2005.0   0.61554
   2010.0   0.62001
   2015.0   0.62420
   2020.0   0.62876
   2025.0   0.63117
   2030.0   0.63377
   2035.0   0.63827
   2040.0   0.64130
   2045.0   0.64339
   2050.0   0.64493
   2055.0   0.64684
   2060.0   0.64795
   2065.0   0.64920
   2070.0   0.65105
   2075.0   0.65171
   2080.0   0.65356
   2085.0   0.65396
   2090.0   0.65447
   2095.0   0.65530
   2100.0   0.65666
   2105.0   0.65684
   2110.0   0.65773
   2115.0   0.65832
   2120.0   0.65909
   2125.0   0.65978
   2130.0   0.65915
   2135.0   0.65900
   2140.0   0.65799
   2145.0   0.65678
   2150.0   0.65602
   2155.0   0.65483
   2160.0   0.65337
   2165.0   0.65143
   2170.0   0.64773
   2175.0   0.64500
   2180.0   0.64305
   2185.0   0.64148
   2190.0   0.63848
   2195.0   0.63519
   2200.0   0.63106
   2205.0   0.62899
   2210.0   0.62580
   2215.0   0.62850
   2220.0   0.62999
   2225.0   0.63044
   2230.0   0.62957
   2235.0   0.62847
   2240.0   0.62660
   2245.0   0.62612
   2250.0   0.62548
   2255.0   0.62576
   2260.0   0.62576
   2265.0   0.62713
   2270.0   0.62656
   2275.0   0.62535
   2280.0   0.62363
   2285.0   0.62117
   2290.0   0.61954
   2295.0   0.61749
   2300.0   0.61645
   2305.0   0.61513
   2310.0   0.61370
   2315.0   0.61363
   2320.0   0.61470
   2325.0   0.61479
   2330.0   0.61458
   2335.0   0.61262
   2340.0   0.60996
   2345.0   0.60679
   2350.0   0.60442
   2355.0   0.60169
   2360.0   0.59984
   2365.0   0.59683
   2370.0   0.59369
   2375.0   0.58962
   2380.0   0.58585
   2385.0   0.58212
   2390.0   0.57908
   2395.0   0.57569
   2400.0   0.57361
   2405.0   0.57060
   2410.0   0.56700
   2415.0   0.56330
   2420.0   0.55990
   2425.0   0.55589
   2430.0   0.55109
   2435.0   0.54745
   2440.0   0.54432
   2445.0   0.54028
   2450.0   0.53692
   2455.0   0.53340
   2460.0   0.52918
   2465.0   0.52590
   2470.0   0.52227
   2475.0   0.52081
   2480.0   0.51677
   2485.0   0.51328
   2490.0   0.51071
   2495.0   0.50793
   2500.0   0.50763
   2505.0   0.50399
   2510.0   0.50265
   2515.0   0.49973
   2520.0   0.49950
   2525.0   0.49710
   2530.0   0.49550
   2535.0   0.49508
   2540.0   0.49456
   2545.0   0.49362
   2550.0   0.49358
   2555.0   0.49481
   2560.0   0.48829
   2565.0   0.49121
   2570.0   0.48960
   2575.0   0.48953
   2580.0   0.48613
   2585.0   0.48480
   2590.0   0.48759
   2595.0   0.48322
   2600.0   0.48378
   2605.0   0.47971
   2610.0   0.47836
   2615.0   0.47508
   2620.0   0.47165
   2625.0   0.46726
   2630.0   0.46429
   2635.0   0.46016
   2640.0   0.45376
   2645.0   0.44537
   2650.0   0.43673
   2655.0   0.42778
   2660.0   0.41322
   2665.0   0.40065
   2670.0   0.38170
   2675.0   0.35841
   2680.0   0.33064
   2685.0   0.29776
   2690.0   0.26255
   2695.0   0.21957
   2700.0   0.17863
   2705.0   0.14646
   2710.0   0.12753
   2715.0   0.11406
   2720.0   0.10349
   2725.0   0.09404
   2730.0   0.08293
   2735.0   0.07481
   2740.0   0.06592
   2745.0   0.05286
   2750.0   0.04653
   2755.0   0.03777
   2760.0   0.03885
   2765.0   0.03768
   2770.0   0.03331
   2775.0   0.04834
   2780.0   0.03387
   2785.0   0.02999
   2790.0   0.03961
   2795.0   0.03455
   2800.0   0.03078
   2805.0   0.02837
   2810.0   0.02660
   2815.0   0.03074
   2820.0   0.03501
   2825.0   0.03665
   2830.0   0.02525
   2835.0   0.02352
   2840.0   0.02677
   2845.0   0.02896
   2850.0   0.02904
   2855.0   0.02493
   2860.0   0.02212
   2865.0   0.02178
   2870.0   0.02259
   2875.0   0.01812
   2880.0   0.02012
   2885.0   0.01956
   2890.0   0.01647
   2895.0   0.01902
   2900.0   0.02543
   2905.0   0.01983
   2910.0   0.02347
   2915.0   0.02367
   2920.0   0.02175
   2925.0   0.01785
   2930.0   0.02696
   2935.0   0.01860
   2940.0   0.02389
   2945.0   0.02174
   2950.0   0.02178
   2955.0   0.01700
   2960.0   0.02046
   2965.0   0.02907
   2970.0   0.02516
   2975.0   0.02345
   2980.0   0.02007
   2985.0   0.02385
   2990.0   0.02482
   2995.0   0.02746
   3000.0   0.02738
   3005.0   0.02804
   3010.0   0.02964
   3015.0   0.02533
   3020.0   0.02876
   3025.0   0.02965
   3030.0   0.03205
   3035.0   0.03220
   3040.0   0.03028
   3045.0   0.02837
   3050.0   0.03320
   3055.0   0.03292
   3060.0   0.03263
   3065.0   0.03409
   3070.0   0.03324
   3075.0   0.03118
   3080.0   0.03427
   3085.0   0.03499
   3090.0   0.03665
   3095.0   0.03561
   3100.0   0.03799
   3105.0   0.03704
   3110.0   0.03806
   3115.0   0.03905
   3120.0   0.04116
   3125.0   0.04139
   3130.0   0.04156
   3135.0   0.04538
   3140.0   0.04422
   3145.0   0.04920
   3150.0   0.05058
   3155.0   0.05112
   3160.0   0.05400
   3165.0   0.05330
   3170.0   0.05434
   3175.0   0.05455
   3180.0   0.05801
   3185.0   0.05855
   3190.0   0.06217
   3195.0   0.06053
   3200.0   0.06495
   3205.0   0.06531
   3210.0   0.06679
   3215.0   0.07022
   3220.0   0.07032
   3225.0   0.07370
   3230.0   0.07426
   3235.0   0.07741
   3240.0   0.08074
   3245.0   0.08146
   3250.0   0.08089
   3255.0   0.08383
   3260.0   0.08618
   3265.0   0.08588
   3270.0   0.09061
   3275.0   0.09283
   3280.0   0.09610
   3285.0   0.09435
   3290.0   0.09874
   3295.0   0.10059
   3300.0   0.10151
   3305.0   0.10731
   3310.0   0.10702
   3315.0   0.11211
   3320.0   0.11161
   3325.0   0.11440
   3330.0   0.11464
   3335.0   0.11808
   3340.0   0.11650
   3345.0   0.12238
   3350.0   0.12573
   3355.0   0.12529
   3360.0   0.13082
   3365.0   0.13253
   3370.0   0.12836
   3375.0   0.13470
   3380.0   0.13599
   3385.0   0.13762
   3390.0   0.13623
   3395.0   0.14478
   3400.0   0.14444
   3405.0   0.14682
   3410.0   0.14752
   3415.0   0.14384
   3420.0   0.14569
   3425.0   0.14667
   3430.0   0.15041
   3435.0   0.15633
   3440.0   0.15918
   3445.0   0.16686
   3450.0   0.16944
   3455.0   0.16943
   3460.0   0.17672
   3465.0   0.17952
   3470.0   0.17825
   3475.0   0.18657
   3480.0   0.18707
   3485.0   0.19254
   3490.0   0.19234
   3495.0   0.19148
   3500.0   0.19289
   3505.0   0.18678
   3510.0   0.18936
   3515.0   0.19131
   3520.0   0.20230
   3525.0   0.20950
   3530.0   0.21076
   3535.0   0.21130
   3540.0   0.22596
   3545.0   0.23281
   3550.0   0.22428
   3555.0   0.23413
   3560.0   0.23926
   3565.0   0.23374
   3570.0   0.24062
   3575.0   0.23992
   3580.0   0.24276
   3585.0   0.23563
   3590.0   0.24776
   3595.0   0.25478
   3600.0   0.24988



 C1SP03      .ASC                        

 SP-CMP-003-A                                                            
 HAWAIIAN PALAGONITE POWDER  <10 UM FRACTION                             
 RATIOS ADJUSTED USING NBS HALON CALIBRATION TABLE                       

 Source Ang: 30.00   Detect Ang:  0.00  Volt: 0.222
 Date: 02-DEC-91   Time: 12:29:49
