   661
    300.0   0.02603
    305.0   0.02491
    310.0   0.02335
    315.0   0.02556
    320.0   0.02544
    325.0   0.02767
    330.0   0.02944
    335.0   0.03185
    340.0   0.03477
    345.0   0.03779
    350.0   0.04133
    355.0   0.04541
    360.0   0.05084
    365.0   0.05634
    370.0   0.06273
    375.0   0.06975
    380.0   0.07728
    385.0   0.08466
    390.0   0.09229
    395.0   0.09905
    400.0   0.10540
    405.0   0.11230
    410.0   0.11903
    415.0   0.12523
    420.0   0.13133
    425.0   0.13764
    430.0   0.14370
    435.0   0.14917
    440.0   0.15483
    445.0   0.15905
    450.0   0.16339
    455.0   0.16668
    460.0   0.17022
    465.0   0.17391
    470.0   0.17788
    475.0   0.18241
    480.0   0.18703
    485.0   0.19170
    490.0   0.19689
    495.0   0.20139
    500.0   0.20591
    505.0   0.21069
    510.0   0.21479
    515.0   0.21907
    520.0   0.22309
    525.0   0.22746
    530.0   0.22970
    535.0   0.23291
    540.0   0.23571
    545.0   0.23885
    550.0   0.24170
    555.0   0.24444
    560.0   0.24739
    565.0   0.25046
    570.0   0.25338
    575.0   0.25612
    580.0   0.25861
    585.0   0.26168
    590.0   0.26489
    595.0   0.26677
    600.0   0.26885
    605.0   0.27127
    610.0   0.27363
    615.0   0.27583
    620.0   0.27774
    625.0   0.27973
    630.0   0.28172
    635.0   0.28352
    640.0   0.28473
    645.0   0.28649
    650.0   0.28860
    655.0   0.29011
    660.0   0.29209
    665.0   0.29322
    670.0   0.29500
    675.0   0.29662
    680.0   0.29738
    685.0   0.29960
    690.0   0.30113
    695.0   0.30227
    700.0   0.30337
    705.0   0.30504
    710.0   0.30624
    715.0   0.30727
    720.0   0.30868
    725.0   0.31015
    730.0   0.31190
    735.0   0.31239
    740.0   0.31327
    745.0   0.31517
    750.0   0.31567
    755.0   0.31665
    760.0   0.31735
    765.0   0.31785
    770.0   0.31953
    775.0   0.32065
    780.0   0.32113
    785.0   0.32255
    790.0   0.32299
    795.0   0.32326
    800.0   0.32431
    805.0   0.32372
    810.0   0.32451
    815.0   0.32489
    820.0   0.32592
    825.0   0.32664
    830.0   0.32620
    835.0   0.32698
    840.0   0.32711
    845.0   0.32758
    850.0   0.32807
    855.0   0.32768
    860.0   0.32876
    865.0   0.32956
    870.0   0.32945
    875.0   0.32934
    880.0   0.32936
    885.0   0.32960
    890.0   0.33004
    895.0   0.32984
    900.0   0.33096
    905.0   0.33174
    910.0   0.33196
    915.0   0.33131
    920.0   0.33189
    925.0   0.33200
    930.0   0.33230
    935.0   0.33350
    940.0   0.33369
    945.0   0.33365
    950.0   0.33361
    955.0   0.33449
    960.0   0.33517
    965.0   0.33480
    970.0   0.33496
    975.0   0.33554
    980.0   0.33595
    985.0   0.33661
    990.0   0.33725
    995.0   0.33776
   1000.0   0.33783
   1005.0   0.33931
   1010.0   0.34008
   1015.0   0.34023
   1020.0   0.34106
   1025.0   0.34198
   1030.0   0.34264
   1035.0   0.34308
   1040.0   0.34296
   1045.0   0.34430
   1050.0   0.34568
   1055.0   0.34651
   1060.0   0.34704
   1065.0   0.34772
   1070.0   0.34917
   1075.0   0.34961
   1080.0   0.35064
   1085.0   0.35238
   1090.0   0.35241
   1095.0   0.35266
   1100.0   0.35417
   1105.0   0.35422
   1110.0   0.35593
   1115.0   0.35777
   1120.0   0.35857
   1125.0   0.35979
   1130.0   0.36028
   1135.0   0.36289
   1140.0   0.36357
   1145.0   0.36494
   1150.0   0.36443
   1155.0   0.36525
   1160.0   0.36706
   1165.0   0.36796
   1170.0   0.36963
   1175.0   0.37126
   1180.0   0.37168
   1185.0   0.37244
   1190.0   0.37567
   1195.0   0.37577
   1200.0   0.37629
   1205.0   0.37926
   1210.0   0.37908
   1215.0   0.38138
   1220.0   0.38224
   1225.0   0.38434
   1230.0   0.38428
   1235.0   0.38532
   1240.0   0.38700
   1245.0   0.38822
   1250.0   0.39023
   1255.0   0.39197
   1260.0   0.39332
   1265.0   0.39488
   1270.0   0.39568
   1275.0   0.39709
   1280.0   0.39854
   1285.0   0.40067
   1290.0   0.40248
   1295.0   0.40353
   1300.0   0.40450
   1305.0   0.40589
   1310.0   0.40745
   1315.0   0.40878
   1320.0   0.41085
   1325.0   0.41212
   1330.0   0.41302
   1335.0   0.41392
   1340.0   0.41514
   1345.0   0.41646
   1350.0   0.41812
   1355.0   0.41939
   1360.0   0.42163
   1365.0   0.42316
   1370.0   0.42417
   1375.0   0.42471
   1380.0   0.42607
   1385.0   0.42819
   1390.0   0.42925
   1395.0   0.43105
   1400.0   0.43136
   1405.0   0.43265
   1410.0   0.43422
   1415.0   0.43522
   1420.0   0.43584
   1425.0   0.43642
   1430.0   0.43777
   1435.0   0.43918
   1440.0   0.44099
   1445.0   0.44210
   1450.0   0.44269
   1455.0   0.44328
   1460.0   0.44403
   1465.0   0.44519
   1470.0   0.44621
   1475.0   0.44736
   1480.0   0.44870
   1485.0   0.44923
   1490.0   0.44978
   1495.0   0.45067
   1500.0   0.45118
   1505.0   0.45151
   1510.0   0.45267
   1515.0   0.45304
   1520.0   0.45366
   1525.0   0.45406
   1530.0   0.45416
   1535.0   0.45482
   1540.0   0.45573
   1545.0   0.45526
   1550.0   0.45667
   1555.0   0.45671
   1560.0   0.45739
   1565.0   0.45757
   1570.0   0.45875
   1575.0   0.45869
   1580.0   0.45926
   1585.0   0.45986
   1590.0   0.45934
   1595.0   0.45965
   1600.0   0.45954
   1605.0   0.45977
   1610.0   0.46058
   1615.0   0.46110
   1620.0   0.46157
   1625.0   0.46111
   1630.0   0.46143
   1635.0   0.46193
   1640.0   0.46208
   1645.0   0.46197
   1650.0   0.46197
   1655.0   0.46164
   1660.0   0.46364
   1665.0   0.46400
   1670.0   0.46397
   1675.0   0.46401
   1680.0   0.46415
   1685.0   0.46459
   1690.0   0.46467
   1695.0   0.46492
   1700.0   0.46529
   1705.0   0.46512
   1710.0   0.46590
   1715.0   0.46558
   1720.0   0.46609
   1725.0   0.46539
   1730.0   0.46602
   1735.0   0.46588
   1740.0   0.46591
   1745.0   0.46577
   1750.0   0.46615
   1755.0   0.46641
   1760.0   0.46670
   1765.0   0.46638
   1770.0   0.46704
   1775.0   0.46753
   1780.0   0.46759
   1785.0   0.46805
   1790.0   0.46821
   1795.0   0.46839
   1800.0   0.46852
   1805.0   0.46857
   1810.0   0.46907
   1815.0   0.46979
   1820.0   0.46990
   1825.0   0.47099
   1830.0   0.47082
   1835.0   0.47138
   1840.0   0.47221
   1845.0   0.47337
   1850.0   0.47249
   1855.0   0.47298
   1860.0   0.47325
   1865.0   0.47353
   1870.0   0.47263
   1875.0   0.47598
   1880.0   0.47696
   1885.0   0.47410
   1890.0   0.47335
   1895.0   0.47363
   1900.0   0.47393
   1905.0   0.47560
   1910.0   0.47719
   1915.0   0.47646
   1920.0   0.47631
   1925.0   0.47655
   1930.0   0.47679
   1935.0   0.47666
   1940.0   0.47672
   1945.0   0.47692
   1950.0   0.47699
   1955.0   0.47712
   1960.0   0.47740
   1965.0   0.47737
   1970.0   0.47861
   1975.0   0.47893
   1980.0   0.47953
   1985.0   0.48034
   1990.0   0.48080
   1995.0   0.48113
   2000.0   0.48179
   2005.0   0.48298
   2010.0   0.48335
   2015.0   0.48388
   2020.0   0.48432
   2025.0   0.48583
   2030.0   0.48561
   2035.0   0.48632
   2040.0   0.48721
   2045.0   0.48764
   2050.0   0.48844
   2055.0   0.48896
   2060.0   0.48918
   2065.0   0.48997
   2070.0   0.49099
   2075.0   0.49128
   2080.0   0.49204
   2085.0   0.49265
   2090.0   0.49351
   2095.0   0.49439
   2100.0   0.49449
   2105.0   0.49520
   2110.0   0.49580
   2115.0   0.49647
   2120.0   0.49713
   2125.0   0.49802
   2130.0   0.49849
   2135.0   0.49919
   2140.0   0.49954
   2145.0   0.50001
   2150.0   0.50102
   2155.0   0.50156
   2160.0   0.50195
   2165.0   0.50241
   2170.0   0.50289
   2175.0   0.50328
   2180.0   0.50451
   2185.0   0.50479
   2190.0   0.50520
   2195.0   0.50579
   2200.0   0.50692
   2205.0   0.50708
   2210.0   0.50802
   2215.0   0.50871
   2220.0   0.50917
   2225.0   0.50980
   2230.0   0.51066
   2235.0   0.51153
   2240.0   0.51238
   2245.0   0.51310
   2250.0   0.51375
   2255.0   0.51439
   2260.0   0.51463
   2265.0   0.51541
   2270.0   0.51560
   2275.0   0.51638
   2280.0   0.51718
   2285.0   0.51814
   2290.0   0.51809
   2295.0   0.51965
   2300.0   0.52036
   2305.0   0.52115
   2310.0   0.52198
   2315.0   0.52304
   2320.0   0.52350
   2325.0   0.52297
   2330.0   0.52316
   2335.0   0.52327
   2340.0   0.52430
   2345.0   0.52504
   2350.0   0.52550
   2355.0   0.52672
   2360.0   0.52722
   2365.0   0.52829
   2370.0   0.52762
   2375.0   0.52806
   2380.0   0.52776
   2385.0   0.52824
   2390.0   0.52896
   2395.0   0.52931
   2400.0   0.52972
   2405.0   0.53026
   2410.0   0.53072
   2415.0   0.53032
   2420.0   0.53142
   2425.0   0.53243
   2430.0   0.53247
   2435.0   0.53342
   2440.0   0.53345
   2445.0   0.53381
   2450.0   0.53387
   2455.0   0.53438
   2460.0   0.53396
   2465.0   0.53417
   2470.0   0.53445
   2475.0   0.53688
   2480.0   0.53750
   2485.0   0.53773
   2490.0   0.53859
   2495.0   0.53862
   2500.0   0.53855
   2505.0   0.53866
   2510.0   0.53926
   2515.0   0.53962
   2520.0   0.54006
   2525.0   0.53971
   2530.0   0.54002
   2535.0   0.54278
   2540.0   0.54450
   2545.0   0.54308
   2550.0   0.54628
   2555.0   0.55067
   2560.0   0.54255
   2565.0   0.54760
   2570.0   0.55416
   2575.0   0.55009
   2580.0   0.55131
   2585.0   0.55039
   2590.0   0.55619
   2595.0   0.55395
   2600.0   0.55827
   2605.0   0.55645
   2610.0   0.55768
   2615.0   0.55846
   2620.0   0.55805
   2625.0   0.55738
   2630.0   0.55775
   2635.0   0.55738
   2640.0   0.55658
   2645.0   0.55579
   2650.0   0.55523
   2655.0   0.55662
   2660.0   0.55747
   2665.0   0.55708
   2670.0   0.56020
   2675.0   0.56472
   2680.0   0.56370
   2685.0   0.55847
   2690.0   0.55477
   2695.0   0.55096
   2700.0   0.54745
   2705.0   0.54450
   2710.0   0.53964
   2715.0   0.53958
   2720.0   0.53653
   2725.0   0.53072
   2730.0   0.52467
   2735.0   0.52162
   2740.0   0.51082
   2745.0   0.50337
   2750.0   0.49856
   2755.0   0.48769
   2760.0   0.48094
   2765.0   0.48359
   2770.0   0.47498
   2775.0   0.47852
   2780.0   0.44782
   2785.0   0.46154
   2790.0   0.45904
   2795.0   0.44815
   2800.0   0.43540
   2805.0   0.44153
   2810.0   0.43865
   2815.0   0.44049
   2820.0   0.43232
   2825.0   0.43145
   2830.0   0.42419
   2835.0   0.42375
   2840.0   0.42050
   2845.0   0.41441
   2850.0   0.41788
   2855.0   0.41109
   2860.0   0.40935
   2865.0   0.41041
   2870.0   0.41074
   2875.0   0.40344
   2880.0   0.40638
   2885.0   0.40468
   2890.0   0.40496
   2895.0   0.40283
   2900.0   0.40460
   2905.0   0.40768
   2910.0   0.40779
   2915.0   0.40754
   2920.0   0.40539
   2925.0   0.40417
   2930.0   0.40180
   2935.0   0.39809
   2940.0   0.39638
   2945.0   0.40040
   2950.0   0.40183
   2955.0   0.39969
   2960.0   0.40080
   2965.0   0.40109
   2970.0   0.40300
   2975.0   0.40380
   2980.0   0.40300
   2985.0   0.40471
   2990.0   0.40731
   2995.0   0.40737
   3000.0   0.40873
   3005.0   0.40941
   3010.0   0.41229
   3015.0   0.41148
   3020.0   0.41558
   3025.0   0.41582
   3030.0   0.41823
   3035.0   0.41741
   3040.0   0.42114
   3045.0   0.42144
   3050.0   0.42450
   3055.0   0.42626
   3060.0   0.42489
   3065.0   0.42630
   3070.0   0.42795
   3075.0   0.43041
   3080.0   0.43161
   3085.0   0.43160
   3090.0   0.43179
   3095.0   0.43392
   3100.0   0.43543
   3105.0   0.43779
   3110.0   0.43736
   3115.0   0.43969
   3120.0   0.44170
   3125.0   0.44099
   3130.0   0.44272
   3135.0   0.44639
   3140.0   0.44889
   3145.0   0.44888
   3150.0   0.44891
   3155.0   0.45088
   3160.0   0.45173
   3165.0   0.45500
   3170.0   0.45527
   3175.0   0.45554
   3180.0   0.45877
   3185.0   0.45945
   3190.0   0.46044
   3195.0   0.46230
   3200.0   0.46475
   3205.0   0.46825
   3210.0   0.47033
   3215.0   0.47322
   3220.0   0.47253
   3225.0   0.47379
   3230.0   0.47408
   3235.0   0.47538
   3240.0   0.47944
   3245.0   0.48051
   3250.0   0.48037
   3255.0   0.48209
   3260.0   0.48297
   3265.0   0.48645
   3270.0   0.48769
   3275.0   0.48637
   3280.0   0.48787
   3285.0   0.49147
   3290.0   0.49341
   3295.0   0.49317
   3300.0   0.49462
   3305.0   0.49517
   3310.0   0.49771
   3315.0   0.50063
   3320.0   0.50353
   3325.0   0.50276
   3330.0   0.50445
   3335.0   0.50658
   3340.0   0.50506
   3345.0   0.50917
   3350.0   0.50858
   3355.0   0.50968
   3360.0   0.50998
   3365.0   0.51123
   3370.0   0.50911
   3375.0   0.50899
   3380.0   0.51003
   3385.0   0.51066
   3390.0   0.51213
   3395.0   0.51737
   3400.0   0.51217
   3405.0   0.51556
   3410.0   0.50996
   3415.0   0.50851
   3420.0   0.50747
   3425.0   0.50954
   3430.0   0.51230
   3435.0   0.51687
   3440.0   0.52048
   3445.0   0.52183
   3450.0   0.52327
   3455.0   0.52871
   3460.0   0.53117
   3465.0   0.53284
   3470.0   0.53584
   3475.0   0.53342
   3480.0   0.53772
   3485.0   0.54438
   3490.0   0.53825
   3495.0   0.53921
   3500.0   0.53546
   3505.0   0.53531
   3510.0   0.53831
   3515.0   0.54230
   3520.0   0.54423
   3525.0   0.55044
   3530.0   0.55213
   3535.0   0.54733
   3540.0   0.56456
   3545.0   0.55847
   3550.0   0.55892
   3555.0   0.56177
   3560.0   0.56839
   3565.0   0.56148
   3570.0   0.56940
   3575.0   0.56803
   3580.0   0.57257
   3585.0   0.56777
   3590.0   0.57703
   3595.0   0.56933
   3600.0   0.56917



 C1SS04      .ASC                        

 SS-CMP-004                                                              
 SOVIET MARS ANALOGUE #4 GREENISH FINE POWDER                            
 RATIOS ADJUSTED USING NBS HALON CALIBRATION TABLE                       

 Source Ang: 30.00   Detect Ang:  0.00  Volt: 0.222
 Date: 22-FEB-89   Time: 17:41:22
