   661
    300.0   0.03021
    305.0   0.02940
    310.0   0.02934
    315.0   0.03051
    320.0   0.02943
    325.0   0.03049
    330.0   0.03069
    335.0   0.03159
    340.0   0.03255
    345.0   0.03297
    350.0   0.03383
    355.0   0.03415
    360.0   0.03518
    365.0   0.03605
    370.0   0.03674
    375.0   0.03771
    380.0   0.03824
    385.0   0.03933
    390.0   0.04043
    395.0   0.04125
    400.0   0.04256
    405.0   0.04337
    410.0   0.04456
    415.0   0.04501
    420.0   0.04589
    425.0   0.04661
    430.0   0.04712
    435.0   0.04787
    440.0   0.04841
    445.0   0.04891
    450.0   0.04955
    455.0   0.05040
    460.0   0.05136
    465.0   0.05241
    470.0   0.05306
    475.0   0.05378
    480.0   0.05465
    485.0   0.05562
    490.0   0.05733
    495.0   0.05879
    500.0   0.06044
    505.0   0.06212
    510.0   0.06394
    515.0   0.06566
    520.0   0.06755
    525.0   0.06965
    530.0   0.07213
    535.0   0.07527
    540.0   0.07857
    545.0   0.08239
    550.0   0.08725
    555.0   0.09259
    560.0   0.09905
    565.0   0.10635
    570.0   0.11414
    575.0   0.12240
    580.0   0.13128
    585.0   0.13941
    590.0   0.14753
    595.0   0.15440
    600.0   0.16123
    605.0   0.16722
    610.0   0.17257
    615.0   0.17711
    620.0   0.18122
    625.0   0.18523
    630.0   0.18814
    635.0   0.19160
    640.0   0.19461
    645.0   0.19771
    650.0   0.20052
    655.0   0.20405
    660.0   0.20642
    665.0   0.20972
    670.0   0.21251
    675.0   0.21589
    680.0   0.21885
    685.0   0.22235
    690.0   0.22518
    695.0   0.22824
    700.0   0.23134
    705.0   0.23488
    710.0   0.23811
    715.0   0.24112
    720.0   0.24342
    725.0   0.24669
    730.0   0.24897
    735.0   0.25216
    740.0   0.25413
    745.0   0.25643
    750.0   0.25823
    755.0   0.25969
    760.0   0.26142
    765.0   0.26267
    770.0   0.26393
    775.0   0.26539
    780.0   0.26635
    785.0   0.26650
    790.0   0.26708
    795.0   0.26707
    800.0   0.26737
    805.0   0.26737
    810.0   0.26738
    815.0   0.26642
    820.0   0.26732
    825.0   0.26694
    830.0   0.26627
    835.0   0.26637
    840.0   0.26648
    845.0   0.26597
    850.0   0.26578
    855.0   0.26528
    860.0   0.26561
    865.0   0.26606
    870.0   0.26551
    875.0   0.26546
    880.0   0.26543
    885.0   0.26637
    890.0   0.26595
    895.0   0.26712
    900.0   0.26717
    905.0   0.26760
    910.0   0.26883
    915.0   0.26859
    920.0   0.26943
    925.0   0.26995
    930.0   0.27125
    935.0   0.27182
    940.0   0.27346
    945.0   0.27406
    950.0   0.27464
    955.0   0.27639
    960.0   0.27742
    965.0   0.27810
    970.0   0.27947
    975.0   0.28019
    980.0   0.28163
    985.0   0.28344
    990.0   0.28434
    995.0   0.28507
   1000.0   0.28590
   1005.0   0.28730
   1010.0   0.28870
   1015.0   0.28951
   1020.0   0.29132
   1025.0   0.29274
   1030.0   0.29338
   1035.0   0.29433
   1040.0   0.29501
   1045.0   0.29601
   1050.0   0.29804
   1055.0   0.29905
   1060.0   0.29970
   1065.0   0.30005
   1070.0   0.30071
   1075.0   0.30133
   1080.0   0.30198
   1085.0   0.30294
   1090.0   0.30430
   1095.0   0.30512
   1100.0   0.30554
   1105.0   0.30583
   1110.0   0.30713
   1115.0   0.30699
   1120.0   0.30761
   1125.0   0.30870
   1130.0   0.30931
   1135.0   0.31013
   1140.0   0.31055
   1145.0   0.31101
   1150.0   0.31098
   1155.0   0.31097
   1160.0   0.31149
   1165.0   0.31210
   1170.0   0.31195
   1175.0   0.31251
   1180.0   0.31221
   1185.0   0.31206
   1190.0   0.31371
   1195.0   0.31327
   1200.0   0.31273
   1205.0   0.31345
   1210.0   0.31268
   1215.0   0.31346
   1220.0   0.31372
   1225.0   0.31432
   1230.0   0.31402
   1235.0   0.31407
   1240.0   0.31426
   1245.0   0.31448
   1250.0   0.31448
   1255.0   0.31527
   1260.0   0.31587
   1265.0   0.31582
   1270.0   0.31605
   1275.0   0.31588
   1280.0   0.31626
   1285.0   0.31715
   1290.0   0.31740
   1295.0   0.31739
   1300.0   0.31749
   1305.0   0.31752
   1310.0   0.31772
   1315.0   0.31784
   1320.0   0.31853
   1325.0   0.31909
   1330.0   0.31890
   1335.0   0.31896
   1340.0   0.31888
   1345.0   0.31885
   1350.0   0.31928
   1355.0   0.31885
   1360.0   0.32008
   1365.0   0.32020
   1370.0   0.32045
   1375.0   0.32030
   1380.0   0.31991
   1385.0   0.32141
   1390.0   0.32138
   1395.0   0.32159
   1400.0   0.32150
   1405.0   0.32151
   1410.0   0.32183
   1415.0   0.32194
   1420.0   0.32147
   1425.0   0.32168
   1430.0   0.32292
   1435.0   0.32303
   1440.0   0.32360
   1445.0   0.32326
   1450.0   0.32342
   1455.0   0.32369
   1460.0   0.32378
   1465.0   0.32382
   1470.0   0.32406
   1475.0   0.32475
   1480.0   0.32523
   1485.0   0.32535
   1490.0   0.32574
   1495.0   0.32551
   1500.0   0.32539
   1505.0   0.32591
   1510.0   0.32610
   1515.0   0.32617
   1520.0   0.32663
   1525.0   0.32689
   1530.0   0.32668
   1535.0   0.32700
   1540.0   0.32669
   1545.0   0.32661
   1550.0   0.32769
   1555.0   0.32762
   1560.0   0.32817
   1565.0   0.32829
   1570.0   0.32840
   1575.0   0.32868
   1580.0   0.32938
   1585.0   0.32953
   1590.0   0.32949
   1595.0   0.32925
   1600.0   0.33027
   1605.0   0.33019
   1610.0   0.33060
   1615.0   0.33087
   1620.0   0.33128
   1625.0   0.33114
   1630.0   0.33141
   1635.0   0.33124
   1640.0   0.33208
   1645.0   0.33233
   1650.0   0.33194
   1655.0   0.33257
   1660.0   0.33436
   1665.0   0.33464
   1670.0   0.33501
   1675.0   0.33507
   1680.0   0.33566
   1685.0   0.33630
   1690.0   0.33608
   1695.0   0.33621
   1700.0   0.33661
   1705.0   0.33677
   1710.0   0.33730
   1715.0   0.33789
   1720.0   0.33754
   1725.0   0.33881
   1730.0   0.33885
   1735.0   0.33898
   1740.0   0.33929
   1745.0   0.33956
   1750.0   0.33961
   1755.0   0.34010
   1760.0   0.34034
   1765.0   0.34056
   1770.0   0.34086
   1775.0   0.34134
   1780.0   0.34143
   1785.0   0.34203
   1790.0   0.34257
   1795.0   0.34282
   1800.0   0.34293
   1805.0   0.34347
   1810.0   0.34358
   1815.0   0.34395
   1820.0   0.34441
   1825.0   0.34563
   1830.0   0.34568
   1835.0   0.34572
   1840.0   0.34635
   1845.0   0.34793
   1850.0   0.34720
   1855.0   0.34793
   1860.0   0.34756
   1865.0   0.34775
   1870.0   0.34603
   1875.0   0.35017
   1880.0   0.35119
   1885.0   0.34924
   1890.0   0.34871
   1895.0   0.34900
   1900.0   0.34812
   1905.0   0.34992
   1910.0   0.35113
   1915.0   0.35111
   1920.0   0.35108
   1925.0   0.35133
   1930.0   0.35160
   1935.0   0.35177
   1940.0   0.35164
   1945.0   0.35169
   1950.0   0.35154
   1955.0   0.35121
   1960.0   0.35191
   1965.0   0.35173
   1970.0   0.35239
   1975.0   0.35246
   1980.0   0.35287
   1985.0   0.35364
   1990.0   0.35329
   1995.0   0.35351
   2000.0   0.35427
   2005.0   0.35510
   2010.0   0.35489
   2015.0   0.35551
   2020.0   0.35610
   2025.0   0.35659
   2030.0   0.35658
   2035.0   0.35703
   2040.0   0.35702
   2045.0   0.35720
   2050.0   0.35760
   2055.0   0.35805
   2060.0   0.35836
   2065.0   0.35871
   2070.0   0.35885
   2075.0   0.35916
   2080.0   0.35948
   2085.0   0.35984
   2090.0   0.36039
   2095.0   0.36024
   2100.0   0.36049
   2105.0   0.36098
   2110.0   0.36204
   2115.0   0.36205
   2120.0   0.36245
   2125.0   0.36292
   2130.0   0.36300
   2135.0   0.36287
   2140.0   0.36326
   2145.0   0.36341
   2150.0   0.36388
   2155.0   0.36419
   2160.0   0.36426
   2165.0   0.36427
   2170.0   0.36501
   2175.0   0.36488
   2180.0   0.36578
   2185.0   0.36571
   2190.0   0.36610
   2195.0   0.36622
   2200.0   0.36630
   2205.0   0.36631
   2210.0   0.36691
   2215.0   0.36713
   2220.0   0.36736
   2225.0   0.36872
   2230.0   0.36845
   2235.0   0.36933
   2240.0   0.36936
   2245.0   0.36969
   2250.0   0.36998
   2255.0   0.37044
   2260.0   0.37078
   2265.0   0.37140
   2270.0   0.37151
   2275.0   0.37190
   2280.0   0.37234
   2285.0   0.37308
   2290.0   0.37363
   2295.0   0.37396
   2300.0   0.37474
   2305.0   0.37538
   2310.0   0.37621
   2315.0   0.37688
   2320.0   0.37667
   2325.0   0.37656
   2330.0   0.37686
   2335.0   0.37750
   2340.0   0.37814
   2345.0   0.37912
   2350.0   0.37958
   2355.0   0.38058
   2360.0   0.38023
   2365.0   0.38098
   2370.0   0.38059
   2375.0   0.38010
   2380.0   0.38049
   2385.0   0.38131
   2390.0   0.38159
   2395.0   0.38182
   2400.0   0.38214
   2405.0   0.38279
   2410.0   0.38345
   2415.0   0.38316
   2420.0   0.38448
   2425.0   0.38504
   2430.0   0.38539
   2435.0   0.38561
   2440.0   0.38676
   2445.0   0.38679
   2450.0   0.38693
   2455.0   0.38756
   2460.0   0.38773
   2465.0   0.38810
   2470.0   0.38874
   2475.0   0.38951
   2480.0   0.39118
   2485.0   0.39083
   2490.0   0.39162
   2495.0   0.39192
   2500.0   0.39245
   2505.0   0.39201
   2510.0   0.39303
   2515.0   0.39377
   2520.0   0.39427
   2525.0   0.39411
   2530.0   0.39481
   2535.0   0.39586
   2540.0   0.39825
   2545.0   0.39548
   2550.0   0.39969
   2555.0   0.40515
   2560.0   0.39702
   2565.0   0.40050
   2570.0   0.40645
   2575.0   0.40297
   2580.0   0.40422
   2585.0   0.40247
   2590.0   0.40867
   2595.0   0.40717
   2600.0   0.41179
   2605.0   0.40965
   2610.0   0.41149
   2615.0   0.41245
   2620.0   0.41166
   2625.0   0.41290
   2630.0   0.41484
   2635.0   0.41472
   2640.0   0.41405
   2645.0   0.41226
   2650.0   0.41134
   2655.0   0.41064
   2660.0   0.40962
   2665.0   0.40900
   2670.0   0.41117
   2675.0   0.41797
   2680.0   0.42076
   2685.0   0.41852
   2690.0   0.41714
   2695.0   0.41417
   2700.0   0.41300
   2705.0   0.41191
   2710.0   0.40886
   2715.0   0.40847
   2720.0   0.40887
   2725.0   0.41292
   2730.0   0.41112
   2735.0   0.40864
   2740.0   0.40623
   2745.0   0.40058
   2750.0   0.40049
   2755.0   0.40119
   2760.0   0.40418
   2765.0   0.40100
   2770.0   0.40674
   2775.0   0.40314
   2780.0   0.40223
   2785.0   0.40393
   2790.0   0.40270
   2795.0   0.40028
   2800.0   0.39549
   2805.0   0.40061
   2810.0   0.40417
   2815.0   0.41305
   2820.0   0.40776
   2825.0   0.40699
   2830.0   0.40315
   2835.0   0.40444
   2840.0   0.40199
   2845.0   0.40269
   2850.0   0.40422
   2855.0   0.40116
   2860.0   0.40255
   2865.0   0.40285
   2870.0   0.40527
   2875.0   0.40019
   2880.0   0.40360
   2885.0   0.40484
   2890.0   0.40436
   2895.0   0.40444
   2900.0   0.41052
   2905.0   0.41361
   2910.0   0.41293
   2915.0   0.41360
   2920.0   0.41076
   2925.0   0.41079
   2930.0   0.40673
   2935.0   0.41059
   2940.0   0.40958
   2945.0   0.41354
   2950.0   0.41239
   2955.0   0.41303
   2960.0   0.41458
   2965.0   0.41572
   2970.0   0.41625
   2975.0   0.41617
   2980.0   0.41684
   2985.0   0.41948
   2990.0   0.42013
   2995.0   0.42175
   3000.0   0.42076
   3005.0   0.42452
   3010.0   0.42450
   3015.0   0.42629
   3020.0   0.42643
   3025.0   0.42784
   3030.0   0.43024
   3035.0   0.43021
   3040.0   0.43255
   3045.0   0.43220
   3050.0   0.43337
   3055.0   0.43593
   3060.0   0.43525
   3065.0   0.43564
   3070.0   0.43691
   3075.0   0.43775
   3080.0   0.43757
   3085.0   0.43859
   3090.0   0.43902
   3095.0   0.44100
   3100.0   0.44103
   3105.0   0.44148
   3110.0   0.44187
   3115.0   0.44114
   3120.0   0.44311
   3125.0   0.44339
   3130.0   0.44497
   3135.0   0.44489
   3140.0   0.44569
   3145.0   0.44551
   3150.0   0.44576
   3155.0   0.44610
   3160.0   0.44658
   3165.0   0.44806
   3170.0   0.44898
   3175.0   0.44795
   3180.0   0.44886
   3185.0   0.44934
   3190.0   0.44944
   3195.0   0.45074
   3200.0   0.45157
   3205.0   0.45246
   3210.0   0.45359
   3215.0   0.45343
   3220.0   0.45438
   3225.0   0.45359
   3230.0   0.45320
   3235.0   0.45277
   3240.0   0.45697
   3245.0   0.45629
   3250.0   0.45645
   3255.0   0.45672
   3260.0   0.45657
   3265.0   0.45740
   3270.0   0.45878
   3275.0   0.45624
   3280.0   0.45642
   3285.0   0.45810
   3290.0   0.45997
   3295.0   0.45939
   3300.0   0.45908
   3305.0   0.46076
   3310.0   0.46003
   3315.0   0.46082
   3320.0   0.46243
   3325.0   0.46160
   3330.0   0.46242
   3335.0   0.46227
   3340.0   0.46221
   3345.0   0.46543
   3350.0   0.46639
   3355.0   0.46402
   3360.0   0.46683
   3365.0   0.46841
   3370.0   0.46723
   3375.0   0.46755
   3380.0   0.46999
   3385.0   0.46990
   3390.0   0.47115
   3395.0   0.47347
   3400.0   0.46989
   3405.0   0.47254
   3410.0   0.47265
   3415.0   0.46895
   3420.0   0.46794
   3425.0   0.46864
   3430.0   0.47218
   3435.0   0.47015
   3440.0   0.47165
   3445.0   0.47110
   3450.0   0.47219
   3455.0   0.47158
   3460.0   0.47496
   3465.0   0.47437
   3470.0   0.47259
   3475.0   0.47697
   3480.0   0.47310
   3485.0   0.47443
   3490.0   0.47554
   3495.0   0.47845
   3500.0   0.47563
   3505.0   0.46667
   3510.0   0.47503
   3515.0   0.48187
   3520.0   0.47368
   3525.0   0.47474
   3530.0   0.47694
   3535.0   0.47553
   3540.0   0.48264
   3545.0   0.48325
   3550.0   0.48255
   3555.0   0.48080
   3560.0   0.48687
   3565.0   0.48373
   3570.0   0.49226
   3575.0   0.48169
   3580.0   0.49170
   3585.0   0.48346
   3590.0   0.48805
   3595.0   0.48797
   3600.0   0.48714



 C1SS03      .ASC                        

 SS-CMP-003                                                              
 SOVIET MARS ANALOGUE 3  LESS RED THAN #2                                
 RATIOS ADJUSTED USING NBS HALON CALIBRATION TABLE                       

 Source Ang: 30.00   Detect Ang:  0.00  Volt: 0.222
 Date: 22-FEB-89   Time: 17:08:33
