   641
    300.0   0.16991
    305.0   0.19391
    310.0   0.22062
    315.0   0.24559
    320.0   0.27893
    325.0   0.30409
    330.0   0.33014
    335.0   0.34900
    340.0   0.36963
    345.0   0.38421
    350.0   0.39933
    355.0   0.40940
    360.0   0.41843
    365.0   0.42464
    370.0   0.42947
    375.0   0.43399
    380.0   0.43635
    385.0   0.43678
    390.0   0.44439
    395.0   0.45192
    400.0   0.45974
    405.0   0.46216
    410.0   0.46788
    415.0   0.47071
    420.0   0.47192
    425.0   0.47680
    430.0   0.47984
    435.0   0.48278
    440.0   0.48542
    445.0   0.48812
    450.0   0.48986
    455.0   0.49266
    460.0   0.49447
    465.0   0.49730
    470.0   0.49956
    475.0   0.50158
    480.0   0.50300
    485.0   0.50538
    490.0   0.50627
    495.0   0.50879
    500.0   0.51034
    505.0   0.51212
    510.0   0.51368
    515.0   0.51575
    520.0   0.51841
    525.0   0.51969
    530.0   0.52075
    535.0   0.52238
    540.0   0.52397
    545.0   0.52482
    550.0   0.52676
    555.0   0.52707
    560.0   0.52949
    565.0   0.52891
    570.0   0.53128
    575.0   0.53171
    580.0   0.53342
    585.0   0.53334
    590.0   0.53412
    595.0   0.53444
    600.0   0.53560
    605.0   0.53617
    610.0   0.53708
    615.0   0.53753
    620.0   0.53920
    625.0   0.53861
    630.0   0.53952
    635.0   0.53963
    640.0   0.54103
    645.0   0.54038
    650.0   0.54155
    655.0   0.54206
    660.0   0.54273
    665.0   0.54259
    670.0   0.54360
    675.0   0.54362
    680.0   0.54507
    685.0   0.54539
    690.0   0.54664
    695.0   0.54645
    700.0   0.54776
    705.0   0.54720
    710.0   0.54816
    715.0   0.54891
    720.0   0.54926
    725.0   0.54910
    730.0   0.54889
    735.0   0.54998
    740.0   0.55044
    745.0   0.55142
    750.0   0.55176
    755.0   0.55210
    760.0   0.55214
    765.0   0.55224
    770.0   0.55223
    775.0   0.55301
    780.0   0.55234
    785.0   0.55323
    790.0   0.55325
    795.0   0.55327
    800.0   0.55326
    805.0   0.55311
    810.0   0.55379
    815.0   0.55322
    820.0   0.55312
    825.0   0.55378
    830.0   0.55409
    835.0   0.55199
    840.0   0.55374
    845.0   0.55375
    850.0   0.55301
    855.0   0.55300
    860.0   0.55174
    865.0   0.55191
    870.0   0.55321
    875.0   0.55077
    880.0   0.55214
    885.0   0.55073
    890.0   0.55141
    895.0   0.55212
    900.0   0.55187
    905.0   0.55058
    910.0   0.55076
    915.0   0.55051
    920.0   0.54904
    925.0   0.54960
    930.0   0.54955
    935.0   0.54916
    940.0   0.54789
    945.0   0.54785
    950.0   0.54741
    955.0   0.54653
    960.0   0.54592
    965.0   0.54513
    970.0   0.54486
    975.0   0.54413
    980.0   0.54294
    985.0   0.54207
    990.0   0.54108
    995.0   0.53827
   1000.0   0.53788
   1005.0   0.53705
   1010.0   0.53660
   1015.0   0.53433
   1020.0   0.53361
   1025.0   0.53310
   1030.0   0.53103
   1035.0   0.52851
   1040.0   0.52735
   1045.0   0.52617
   1050.0   0.52564
   1055.0   0.52376
   1060.0   0.52251
   1065.0   0.52059
   1070.0   0.51815
   1075.0   0.51803
   1080.0   0.51659
   1085.0   0.51523
   1090.0   0.51482
   1095.0   0.51355
   1100.0   0.51194
   1105.0   0.50987
   1110.0   0.50951
   1115.0   0.50675
   1120.0   0.50578
   1125.0   0.50442
   1130.0   0.50300
   1135.0   0.50079
   1140.0   0.49968
   1145.0   0.49814
   1150.0   0.49848
   1155.0   0.49744
   1160.0   0.49468
   1165.0   0.49318
   1170.0   0.49112
   1175.0   0.49063
   1180.0   0.49029
   1185.0   0.48890
   1190.0   0.48841
   1195.0   0.48652
   1200.0   0.48514
   1205.0   0.48337
   1210.0   0.48230
   1215.0   0.48244
   1220.0   0.48147
   1225.0   0.48001
   1230.0   0.47962
   1235.0   0.47833
   1240.0   0.47816
   1245.0   0.47732
   1250.0   0.47668
   1255.0   0.47571
   1260.0   0.47534
   1265.0   0.47559
   1270.0   0.47553
   1275.0   0.47483
   1280.0   0.47297
   1285.0   0.47129
   1290.0   0.47273
   1295.0   0.47122
   1300.0   0.47213
   1305.0   0.47085
   1310.0   0.46983
   1315.0   0.47016
   1320.0   0.47173
   1325.0   0.47162
   1330.0   0.47134
   1335.0   0.47213
   1340.0   0.47207
   1345.0   0.47234
   1350.0   0.47110
   1355.0   0.47093
   1360.0   0.47239
   1365.0   0.47284
   1370.0   0.47323
   1375.0   0.47396
   1380.0   0.47435
   1385.0   0.47440
   1390.0   0.47450
   1395.0   0.47444
   1400.0   0.47317
   1405.0   0.47395
   1410.0   0.47456
   1415.0   0.47551
   1420.0   0.47744
   1425.0   0.47768
   1430.0   0.47918
   1435.0   0.48052
   1440.0   0.48198
   1445.0   0.48214
   1450.0   0.48257
   1455.0   0.48512
   1460.0   0.48650
   1465.0   0.48586
   1470.0   0.48774
   1475.0   0.48819
   1480.0   0.48961
   1485.0   0.49012
   1490.0   0.49324
   1495.0   0.49265
   1500.0   0.49355
   1505.0   0.49459
   1510.0   0.49673
   1515.0   0.49598
   1520.0   0.49933
   1525.0   0.49992
   1530.0   0.50194
   1535.0   0.50275
   1540.0   0.50337
   1545.0   0.50400
   1550.0   0.50618
   1555.0   0.50640
   1560.0   0.50854
   1565.0   0.50696
   1570.0   0.50871
   1575.0   0.51058
   1580.0   0.51059
   1585.0   0.51041
   1590.0   0.51316
   1595.0   0.51266
   1600.0   0.51401
   1605.0   0.51657
   1610.0   0.51684
   1615.0   0.51541
   1620.0   0.51739
   1625.0   0.51703
   1630.0   0.51901
   1635.0   0.51831
   1640.0   0.51988
   1645.0   0.51954
   1650.0   0.52021
   1655.0   0.52086
   1660.0   0.52202
   1665.0   0.52148
   1670.0   0.52282
   1675.0   0.52262
   1680.0   0.52203
   1685.0   0.52571
   1690.0   0.52519
   1695.0   0.52354
   1700.0   0.52487
   1705.0   0.52521
   1710.0   0.52611
   1715.0   0.52755
   1720.0   0.52791
   1725.0   0.52674
   1730.0   0.52743
   1735.0   0.52758
   1740.0   0.52633
   1745.0   0.52619
   1750.0   0.52467
   1755.0   0.52675
   1760.0   0.52810
   1765.0   0.52738
   1770.0   0.52838
   1775.0   0.52876
   1780.0   0.52863
   1785.0   0.52901
   1790.0   0.52818
   1795.0   0.52833
   1800.0   0.52940
   1805.0   0.52944
   1810.0   0.53040
   1815.0   0.53021
   1820.0   0.53046
   1825.0   0.53086
   1830.0   0.53204
   1835.0   0.53224
   1840.0   0.53042
   1845.0   0.53204
   1850.0   0.53245
   1855.0   0.53189
   1860.0   0.53209
   1865.0   0.53336
   1870.0   0.53302
   1875.0   0.53273
   1880.0   0.53271
   1885.0   0.53205
   1890.0   0.53276
   1895.0   0.53174
   1900.0   0.53071
   1905.0   0.53033
   1910.0   0.53028
   1915.0   0.53022
   1920.0   0.53083
   1925.0   0.52971
   1930.0   0.52995
   1935.0   0.53072
   1940.0   0.53118
   1945.0   0.53235
   1950.0   0.53325
   1955.0   0.53445
   1960.0   0.53571
   1965.0   0.53513
   1970.0   0.53378
   1975.0   0.53416
   1980.0   0.53538
   1985.0   0.53752
   1990.0   0.53788
   1995.0   0.53677
   2000.0   0.53645
   2005.0   0.53678
   2010.0   0.53868
   2015.0   0.53882
   2020.0   0.53924
   2025.0   0.53966
   2030.0   0.54042
   2035.0   0.54203
   2040.0   0.54186
   2045.0   0.54197
   2050.0   0.54220
   2055.0   0.54146
   2060.0   0.54122
   2065.0   0.54274
   2070.0   0.54325
   2075.0   0.54260
   2080.0   0.54349
   2085.0   0.54315
   2090.0   0.54435
   2095.0   0.54486
   2100.0   0.54498
   2105.0   0.54588
   2110.0   0.54698
   2115.0   0.54553
   2120.0   0.54636
   2125.0   0.54587
   2130.0   0.54587
   2135.0   0.54391
   2140.0   0.54391
   2145.0   0.54389
   2150.0   0.54364
   2155.0   0.54460
   2160.0   0.54412
   2165.0   0.54433
   2170.0   0.54244
   2175.0   0.54188
   2180.0   0.54158
   2185.0   0.54264
   2190.0   0.54177
   2195.0   0.54341
   2200.0   0.54356
   2205.0   0.54384
   2210.0   0.54368
   2215.0   0.54302
   2220.0   0.54346
   2225.0   0.54405
   2230.0   0.54185
   2235.0   0.54188
   2240.0   0.54053
   2245.0   0.53862
   2250.0   0.53748
   2255.0   0.53489
   2260.0   0.53539
   2265.0   0.53769
   2270.0   0.53878
   2275.0   0.53764
   2280.0   0.53738
   2285.0   0.53721
   2290.0   0.53678
   2295.0   0.53685
   2300.0   0.53799
   2305.0   0.53553
   2310.0   0.53403
   2315.0   0.53292
   2320.0   0.53176
   2325.0   0.52892
   2330.0   0.52701
   2335.0   0.52700
   2340.0   0.52643
   2345.0   0.52504
   2350.0   0.52276
   2355.0   0.51909
   2360.0   0.51998
   2365.0   0.52536
   2370.0   0.52779
   2375.0   0.53165
   2380.0   0.53329
   2385.0   0.53708
   2390.0   0.53867
   2395.0   0.53865
   2400.0   0.53836
   2405.0   0.53720
   2410.0   0.53729
   2415.0   0.53683
   2420.0   0.53673
   2425.0   0.53672
   2430.0   0.53660
   2435.0   0.53504
   2440.0   0.53446
   2445.0   0.53343
   2450.0   0.53335
   2455.0   0.53331
   2460.0   0.53434
   2465.0   0.53377
   2470.0   0.53373
   2475.0   0.53404
   2480.0   0.53299
   2485.0   0.53166
   2490.0   0.53346
   2495.0   0.53259
   2500.0   0.52982
   2505.0   0.52969
   2510.0   0.53113
   2515.0   0.53221
   2520.0   0.53224
   2525.0   0.53223
   2530.0   0.53009
   2535.0   0.53103
   2540.0   0.53311
   2545.0   0.53302
   2550.0   0.53282
   2555.0   0.53200
   2560.0   0.53076
   2565.0   0.52999
   2570.0   0.53059
   2575.0   0.53274
   2580.0   0.53390
   2585.0   0.53075
   2590.0   0.52951
   2595.0   0.52965
   2600.0   0.52944
   2605.0   0.53113
   2610.0   0.53025
   2615.0   0.53057
   2620.0   0.52970
   2625.0   0.52636
   2630.0   0.52615
   2635.0   0.52478
   2640.0   0.52428
   2645.0   0.52555
   2650.0   0.52493
   2655.0   0.52426
   2660.0   0.52240
   2665.0   0.51926
   2670.0   0.51564
   2675.0   0.51161
   2680.0   0.50554
   2685.0   0.49779
   2690.0   0.48908
   2695.0   0.47714
   2700.0   0.46234
   2705.0   0.44791
   2710.0   0.42727
   2715.0   0.40650
   2720.0   0.38777
   2725.0   0.36615
   2730.0   0.34755
   2735.0   0.33143
   2740.0   0.31809
   2745.0   0.30323
   2750.0   0.29304
   2755.0   0.28349
   2760.0   0.28722
   2765.0   0.27629
   2770.0   0.27824
   2775.0   0.26428
   2780.0   0.26581
   2785.0   0.26847
   2790.0   0.25756
   2795.0   0.25329
   2800.0   0.25063
   2805.0   0.24286
   2810.0   0.23977
   2815.0   0.23381
   2820.0   0.23517
   2825.0   0.23154
   2830.0   0.22584
   2835.0   0.23350
   2840.0   0.22757
   2845.0   0.23124
   2850.0   0.23323
   2855.0   0.22753
   2860.0   0.22904
   2865.0   0.22503
   2870.0   0.22847
   2875.0   0.21813
   2880.0   0.22010
   2885.0   0.21898
   2890.0   0.21895
   2895.0   0.21922
   2900.0   0.21919
   2905.0   0.21946
   2910.0   0.21249
   2915.0   0.21561
   2920.0   0.21566
   2925.0   0.21319
   2930.0   0.20809
   2935.0   0.21117
   2940.0   0.20797
   2945.0   0.21180
   2950.0   0.21297
   2955.0   0.21122
   2960.0   0.21089
   2965.0   0.21105
   2970.0   0.21288
   2975.0   0.21039
   2980.0   0.21292
   2985.0   0.21495
   2990.0   0.21735
   2995.0   0.21824
   3000.0   0.21857
   3005.0   0.22409
   3010.0   0.22540
   3015.0   0.23225
   3020.0   0.23469
   3025.0   0.24196
   3030.0   0.24618
   3035.0   0.25156
   3040.0   0.25231
   3045.0   0.25520
   3050.0   0.26141
   3055.0   0.26219
   3060.0   0.26199
   3065.0   0.26333
   3070.0   0.26754
   3075.0   0.26806
   3080.0   0.26987
   3085.0   0.27071
   3090.0   0.27278
   3095.0   0.27484
   3100.0   0.27899
   3105.0   0.27808
   3110.0   0.28090
   3115.0   0.28314
   3120.0   0.28983
   3125.0   0.29265
   3130.0   0.29322
   3135.0   0.30018
   3140.0   0.30137
   3145.0   0.30446
   3150.0   0.30551
   3155.0   0.30858
   3160.0   0.31206
   3165.0   0.31258
   3170.0   0.31818
   3175.0   0.31995
   3180.0   0.32328
   3185.0   0.32246
   3190.0   0.32619
   3195.0   0.32790
   3200.0   0.33241
   3205.0   0.33754
   3210.0   0.33812
   3215.0   0.33976
   3220.0   0.34442
   3225.0   0.34764
   3230.0   0.35635
   3235.0   0.35837
   3240.0   0.35844
   3245.0   0.36295
   3250.0   0.36331
   3255.0   0.36841
   3260.0   0.37302
   3265.0   0.37110
   3270.0   0.38016
   3275.0   0.37812
   3280.0   0.38277
   3285.0   0.38265
   3290.0   0.38240
   3295.0   0.38917
   3300.0   0.38909
   3305.0   0.39347
   3310.0   0.39628
   3315.0   0.40156
   3320.0   0.40110
   3325.0   0.40125
   3330.0   0.40538
   3335.0   0.41008
   3340.0   0.41157
   3345.0   0.41542
   3350.0   0.41788
   3355.0   0.42411
   3360.0   0.42570
   3365.0   0.43212
   3370.0   0.43255
   3375.0   0.44133
   3380.0   0.43514
   3385.0   0.43852
   3390.0   0.44070
   3395.0   0.44619
   3400.0   0.45664
   3405.0   0.45707
   3410.0   0.45490
   3415.0   0.44882
   3420.0   0.45017
   3425.0   0.45576
   3430.0   0.45106
   3435.0   0.45383
   3440.0   0.45202
   3445.0   0.45840
   3450.0   0.44932
   3455.0   0.45035
   3460.0   0.45169
   3465.0   0.45336
   3470.0   0.46047
   3475.0   0.46085
   3480.0   0.45908
   3485.0   0.46256
   3490.0   0.47346
   3495.0   0.46990
   3500.0   0.47036



 C1SW12      .ASC                        

 SW-CMP-012                                                              
 BULK POWDER OF STILLWATER SAMPLE S-59  PLAG CUMULATE  PREPARED JFM      
 RATIOS ADJUSTED USING NBS HALON CALIBRATION TABLE                       

 Source Ang: 30.00   Detect Ang:  0.00  Volt: 0.222
 Date: 02-MAR-89   Time: 14:40:45
