   661
    300.0   0.12864
    305.0   0.15291
    310.0   0.16901
    315.0   0.17869
    320.0   0.18811
    325.0   0.19711
    330.0   0.20191
    335.0   0.20567
    340.0   0.20868
    345.0   0.21068
    350.0   0.21358
    355.0   0.21555
    360.0   0.21784
    365.0   0.22077
    370.0   0.22517
    375.0   0.22854
    380.0   0.23290
    385.0   0.23534
    390.0   0.23935
    395.0   0.23967
    400.0   0.24154
    405.0   0.24342
    410.0   0.24218
    415.0   0.24395
    420.0   0.24507
    425.0   0.24566
    430.0   0.24591
    435.0   0.24481
    440.0   0.24525
    445.0   0.24592
    450.0   0.24617
    455.0   0.24582
    460.0   0.24572
    465.0   0.24515
    470.0   0.24511
    475.0   0.24205
    480.0   0.24085
    485.0   0.24026
    490.0   0.23972
    495.0   0.23956
    500.0   0.23914
    505.0   0.23886
    510.0   0.23847
    515.0   0.23794
    520.0   0.23810
    525.0   0.23772
    530.0   0.23691
    535.0   0.23616
    540.0   0.23640
    545.0   0.23615
    550.0   0.23574
    555.0   0.23526
    560.0   0.23475
    565.0   0.23424
    570.0   0.23380
    575.0   0.23343
    580.0   0.23236
    585.0   0.23183
    590.0   0.23109
    595.0   0.23049
    600.0   0.23028
    605.0   0.22967
    610.0   0.22930
    615.0   0.22906
    620.0   0.22837
    625.0   0.22790
    630.0   0.22760
    635.0   0.22677
    640.0   0.22667
    645.0   0.22587
    650.0   0.22529
    655.0   0.22474
    660.0   0.22417
    665.0   0.22390
    670.0   0.22349
    675.0   0.22286
    680.0   0.22247
    685.0   0.22141
    690.0   0.22137
    695.0   0.22088
    700.0   0.22087
    705.0   0.22002
    710.0   0.21921
    715.0   0.21888
    720.0   0.21829
    725.0   0.21755
    730.0   0.21796
    735.0   0.21789
    740.0   0.21810
    745.0   0.21735
    750.0   0.21703
    755.0   0.21673
    760.0   0.21617
    765.0   0.21741
    770.0   0.21641
    775.0   0.21590
    780.0   0.21548
    785.0   0.21482
    790.0   0.21410
    795.0   0.21357
    800.0   0.21447
    805.0   0.21305
    810.0   0.21279
    815.0   0.21252
    820.0   0.21246
    825.0   0.21149
    830.0   0.21074
    835.0   0.21050
    840.0   0.21012
    845.0   0.20956
    850.0   0.20943
    855.0   0.20876
    860.0   0.20854
    865.0   0.20716
    870.0   0.20642
    875.0   0.20655
    880.0   0.20603
    885.0   0.20489
    890.0   0.20544
    895.0   0.20464
    900.0   0.20379
    905.0   0.20315
    910.0   0.20362
    915.0   0.20245
    920.0   0.20249
    925.0   0.20230
    930.0   0.20153
    935.0   0.20143
    940.0   0.20115
    945.0   0.20108
    950.0   0.20062
    955.0   0.20030
    960.0   0.19982
    965.0   0.19949
    970.0   0.19950
    975.0   0.19880
    980.0   0.19817
    985.0   0.19821
    990.0   0.19753
    995.0   0.19738
   1000.0   0.19758
   1005.0   0.19689
   1010.0   0.19631
   1015.0   0.19612
   1020.0   0.19571
   1025.0   0.19547
   1030.0   0.19556
   1035.0   0.19524
   1040.0   0.19487
   1045.0   0.19426
   1050.0   0.19419
   1055.0   0.19379
   1060.0   0.19333
   1065.0   0.19286
   1070.0   0.19276
   1075.0   0.19251
   1080.0   0.19208
   1085.0   0.19159
   1090.0   0.19125
   1095.0   0.19116
   1100.0   0.19060
   1105.0   0.19062
   1110.0   0.19030
   1115.0   0.18997
   1120.0   0.19027
   1125.0   0.18952
   1130.0   0.18941
   1135.0   0.18908
   1140.0   0.18902
   1145.0   0.18876
   1150.0   0.18873
   1155.0   0.18852
   1160.0   0.18852
   1165.0   0.18870
   1170.0   0.18881
   1175.0   0.18881
   1180.0   0.18838
   1185.0   0.18850
   1190.0   0.18839
   1195.0   0.18715
   1200.0   0.18743
   1205.0   0.18716
   1210.0   0.18697
   1215.0   0.18556
   1220.0   0.18450
   1225.0   0.18399
   1230.0   0.18342
   1235.0   0.18321
   1240.0   0.18252
   1245.0   0.18233
   1250.0   0.18238
   1255.0   0.18184
   1260.0   0.18153
   1265.0   0.18160
   1270.0   0.18142
   1275.0   0.18133
   1280.0   0.18077
   1285.0   0.18069
   1290.0   0.18056
   1295.0   0.18014
   1300.0   0.17985
   1305.0   0.17980
   1310.0   0.17978
   1315.0   0.17930
   1320.0   0.17896
   1325.0   0.17911
   1330.0   0.17909
   1335.0   0.17850
   1340.0   0.17803
   1345.0   0.17771
   1350.0   0.17723
   1355.0   0.17711
   1360.0   0.17698
   1365.0   0.17699
   1370.0   0.17630
   1375.0   0.17613
   1380.0   0.17586
   1385.0   0.17536
   1390.0   0.17499
   1395.0   0.17433
   1400.0   0.17244
   1405.0   0.17097
   1410.0   0.17026
   1415.0   0.17080
   1420.0   0.17155
   1425.0   0.17250
   1430.0   0.17306
   1435.0   0.17356
   1440.0   0.17347
   1445.0   0.17313
   1450.0   0.17328
   1455.0   0.17323
   1460.0   0.17281
   1465.0   0.17289
   1470.0   0.17296
   1475.0   0.17313
   1480.0   0.17331
   1485.0   0.17317
   1490.0   0.17333
   1495.0   0.17352
   1500.0   0.17357
   1505.0   0.17471
   1510.0   0.17465
   1515.0   0.17448
   1520.0   0.17390
   1525.0   0.17256
   1530.0   0.17167
   1535.0   0.17123
   1540.0   0.17138
   1545.0   0.17158
   1550.0   0.17204
   1555.0   0.17182
   1560.0   0.17176
   1565.0   0.17166
   1570.0   0.17180
   1575.0   0.17186
   1580.0   0.17123
   1585.0   0.17149
   1590.0   0.17138
   1595.0   0.17141
   1600.0   0.17121
   1605.0   0.17048
   1610.0   0.17048
   1615.0   0.17015
   1620.0   0.16969
   1625.0   0.17000
   1630.0   0.16978
   1635.0   0.16893
   1640.0   0.16946
   1645.0   0.16935
   1650.0   0.16906
   1655.0   0.16890
   1660.0   0.16836
   1665.0   0.16885
   1670.0   0.16856
   1675.0   0.16783
   1680.0   0.16789
   1685.0   0.16782
   1690.0   0.16844
   1695.0   0.16769
   1700.0   0.16850
   1705.0   0.16720
   1710.0   0.16707
   1715.0   0.16710
   1720.0   0.16745
   1725.0   0.16678
   1730.0   0.16635
   1735.0   0.16643
   1740.0   0.16608
   1745.0   0.16573
   1750.0   0.16584
   1755.0   0.16589
   1760.0   0.16569
   1765.0   0.16539
   1770.0   0.16513
   1775.0   0.16477
   1780.0   0.16479
   1785.0   0.16501
   1790.0   0.16467
   1795.0   0.16479
   1800.0   0.16487
   1805.0   0.16454
   1810.0   0.16473
   1815.0   0.16515
   1820.0   0.16485
   1825.0   0.16447
   1830.0   0.16504
   1835.0   0.16481
   1840.0   0.16470
   1845.0   0.16448
   1850.0   0.16419
   1855.0   0.16396
   1860.0   0.16305
   1865.0   0.16269
   1870.0   0.16338
   1875.0   0.16193
   1880.0   0.16033
   1885.0   0.15856
   1890.0   0.15585
   1895.0   0.15313
   1900.0   0.15188
   1905.0   0.15169
   1910.0   0.15272
   1915.0   0.15385
   1920.0   0.15495
   1925.0   0.15558
   1930.0   0.15657
   1935.0   0.15641
   1940.0   0.15671
   1945.0   0.15652
   1950.0   0.15695
   1955.0   0.15660
   1960.0   0.15735
   1965.0   0.15752
   1970.0   0.15753
   1975.0   0.15701
   1980.0   0.15743
   1985.0   0.15769
   1990.0   0.15813
   1995.0   0.15846
   2000.0   0.15834
   2005.0   0.15859
   2010.0   0.15820
   2015.0   0.15867
   2020.0   0.15855
   2025.0   0.15861
   2030.0   0.15901
   2035.0   0.15921
   2040.0   0.15915
   2045.0   0.15937
   2050.0   0.15898
   2055.0   0.15936
   2060.0   0.15823
   2065.0   0.15927
   2070.0   0.15863
   2075.0   0.15857
   2080.0   0.15833
   2085.0   0.15720
   2090.0   0.15792
   2095.0   0.15801
   2100.0   0.15797
   2105.0   0.15728
   2110.0   0.15743
   2115.0   0.15742
   2120.0   0.15731
   2125.0   0.15741
   2130.0   0.15732
   2135.0   0.15597
   2140.0   0.15592
   2145.0   0.15598
   2150.0   0.15580
   2155.0   0.15516
   2160.0   0.15454
   2165.0   0.15390
   2170.0   0.15342
   2175.0   0.15231
   2180.0   0.15158
   2185.0   0.15092
   2190.0   0.14985
   2195.0   0.14913
   2200.0   0.14854
   2205.0   0.14835
   2210.0   0.14838
   2215.0   0.14979
   2220.0   0.15075
   2225.0   0.15102
   2230.0   0.15154
   2235.0   0.15154
   2240.0   0.15184
   2245.0   0.15244
   2250.0   0.15272
   2255.0   0.15297
   2260.0   0.15306
   2265.0   0.15295
   2270.0   0.15334
   2275.0   0.15323
   2280.0   0.15289
   2285.0   0.15315
   2290.0   0.15296
   2295.0   0.15257
   2300.0   0.15235
   2305.0   0.15235
   2310.0   0.15193
   2315.0   0.15133
   2320.0   0.15127
   2325.0   0.15103
   2330.0   0.15077
   2335.0   0.15017
   2340.0   0.14941
   2345.0   0.14888
   2350.0   0.14825
   2355.0   0.14794
   2360.0   0.14752
   2365.0   0.14736
   2370.0   0.14683
   2375.0   0.14646
   2380.0   0.14606
   2385.0   0.14563
   2390.0   0.14548
   2395.0   0.14551
   2400.0   0.14511
   2405.0   0.14507
   2410.0   0.14445
   2415.0   0.14432
   2420.0   0.14353
   2425.0   0.14392
   2430.0   0.14315
   2435.0   0.14251
   2440.0   0.14246
   2445.0   0.14168
   2450.0   0.14126
   2455.0   0.14104
   2460.0   0.14092
   2465.0   0.14023
   2470.0   0.14016
   2475.0   0.14006
   2480.0   0.13987
   2485.0   0.14009
   2490.0   0.13964
   2495.0   0.13875
   2500.0   0.13892
   2505.0   0.13854
   2510.0   0.13788
   2515.0   0.13811
   2520.0   0.13768
   2525.0   0.13748
   2530.0   0.13719
   2535.0   0.13686
   2540.0   0.13710
   2545.0   0.13693
   2550.0   0.13709
   2555.0   0.13543
   2560.0   0.13716
   2565.0   0.13733
   2570.0   0.13667
   2575.0   0.13611
   2580.0   0.13603
   2585.0   0.13650
   2590.0   0.13616
   2595.0   0.13606
   2600.0   0.13475
   2605.0   0.13528
   2610.0   0.13380
   2615.0   0.13397
   2620.0   0.13170
   2625.0   0.13082
   2630.0   0.12968
   2635.0   0.12833
   2640.0   0.12757
   2645.0   0.12605
   2650.0   0.12566
   2655.0   0.12465
   2660.0   0.12377
   2665.0   0.12257
   2670.0   0.11924
   2675.0   0.11267
   2680.0   0.10152
   2685.0   0.09193
   2690.0   0.08075
   2695.0   0.07150
   2700.0   0.06332
   2705.0   0.05731
   2710.0   0.04992
   2715.0   0.04234
   2720.0   0.03610
   2725.0   0.03075
   2730.0   0.02778
   2735.0   0.02549
   2740.0   0.02511
   2745.0   0.02150
   2750.0   0.02086
   2755.0   0.02674
   2760.0   0.02157
   2765.0   0.02178
   2770.0   0.03278
   2775.0   0.03242
   2780.0   0.03515
   2785.0   0.03872
   2790.0   0.03235
   2795.0   0.03569
   2800.0   0.04375
   2805.0   0.03950
   2810.0   0.04212
   2815.0   0.04147
   2820.0   0.04207
   2825.0   0.03975
   2830.0   0.03692
   2835.0   0.04100
   2840.0   0.03909
   2845.0   0.03894
   2850.0   0.03791
   2855.0   0.03978
   2860.0   0.03885
   2865.0   0.04054
   2870.0   0.03738
   2875.0   0.03899
   2880.0   0.04027
   2885.0   0.03819
   2890.0   0.03958
   2895.0   0.03763
   2900.0   0.03904
   2905.0   0.03641
   2910.0   0.03546
   2915.0   0.03545
   2920.0   0.03412
   2925.0   0.03626
   2930.0   0.03341
   2935.0   0.03477
   2940.0   0.03302
   2945.0   0.03398
   2950.0   0.03465
   2955.0   0.03559
   2960.0   0.03533
   2965.0   0.03615
   2970.0   0.03832
   2975.0   0.03698
   2980.0   0.03915
   2985.0   0.03901
   2990.0   0.03989
   2995.0   0.04033
   3000.0   0.04172
   3005.0   0.04170
   3010.0   0.04043
   3015.0   0.04350
   3020.0   0.04287
   3025.0   0.04240
   3030.0   0.04569
   3035.0   0.04482
   3040.0   0.04422
   3045.0   0.04498
   3050.0   0.04651
   3055.0   0.04602
   3060.0   0.04594
   3065.0   0.04644
   3070.0   0.04616
   3075.0   0.04634
   3080.0   0.04804
   3085.0   0.04876
   3090.0   0.04819
   3095.0   0.05051
   3100.0   0.04963
   3105.0   0.05174
   3110.0   0.05254
   3115.0   0.05193
   3120.0   0.05450
   3125.0   0.05435
   3130.0   0.05433
   3135.0   0.05660
   3140.0   0.05859
   3145.0   0.05972
   3150.0   0.06096
   3155.0   0.06226
   3160.0   0.06137
   3165.0   0.06424
   3170.0   0.06368
   3175.0   0.06760
   3180.0   0.06893
   3185.0   0.07192
   3190.0   0.07077
   3195.0   0.07221
   3200.0   0.07439
   3205.0   0.07377
   3210.0   0.07666
   3215.0   0.07636
   3220.0   0.07871
   3225.0   0.07823
   3230.0   0.08187
   3235.0   0.08300
   3240.0   0.08236
   3245.0   0.08534
   3250.0   0.08428
   3255.0   0.08424
   3260.0   0.08654
   3265.0   0.08835
   3270.0   0.09049
   3275.0   0.08981
   3280.0   0.09172
   3285.0   0.09226
   3290.0   0.09447
   3295.0   0.09545
   3300.0   0.09635
   3305.0   0.09823
   3310.0   0.09952
   3315.0   0.09921
   3320.0   0.10178
   3325.0   0.10075
   3330.0   0.10207
   3335.0   0.10568
   3340.0   0.10497
   3345.0   0.10743
   3350.0   0.10743
   3355.0   0.10878
   3360.0   0.11043
   3365.0   0.11224
   3370.0   0.11178
   3375.0   0.11221
   3380.0   0.11395
   3385.0   0.11597
   3390.0   0.11952
   3395.0   0.12003
   3400.0   0.12731
   3405.0   0.12594
   3410.0   0.12376
   3415.0   0.12915
   3420.0   0.12837
   3425.0   0.12185
   3430.0   0.12301
   3435.0   0.12291
   3440.0   0.12490
   3445.0   0.12644
   3450.0   0.12303
   3455.0   0.12692
   3460.0   0.12909
   3465.0   0.12704
   3470.0   0.12595
   3475.0   0.12917
   3480.0   0.12821
   3485.0   0.12919
   3490.0   0.13515
   3495.0   0.13595
   3500.0   0.13105
   3505.0   0.12717
   3510.0   0.12798
   3515.0   0.12739
   3520.0   0.12909
   3525.0   0.12048
   3530.0   0.13048
   3535.0   0.12742
   3540.0   0.12813
   3545.0   0.13192
   3550.0   0.13136
   3555.0   0.13240
   3560.0   0.13865
   3565.0   0.13747
   3570.0   0.13437
   3575.0   0.12914
   3580.0   0.13500
   3585.0   0.12974
   3590.0   0.13941
   3595.0   0.12864
   3600.0   0.13382



 C1XM13      .ASC                        

 XM-CMP-013                                                              
 98% MONT  2% CARBON BLACK                                               
 RATIOS ADJUSTED USING NBS HALON CALIBRATION TABLE                       

 Source Ang: 30.00   Detect Ang:  0.00  Volt: 0.222
 Date: 04-JAN-91   Time: 14:56:58
