   661
    300.0   0.08491
    305.0   0.09288
    310.0   0.10170
    315.0   0.10483
    320.0   0.10794
    325.0   0.11016
    330.0   0.11319
    335.0   0.11330
    340.0   0.11286
    345.0   0.11381
    350.0   0.11543
    355.0   0.11584
    360.0   0.11534
    365.0   0.11642
    370.0   0.11664
    375.0   0.11770
    380.0   0.11913
    385.0   0.11952
    390.0   0.11957
    395.0   0.11945
    400.0   0.12025
    405.0   0.12018
    410.0   0.12040
    415.0   0.12091
    420.0   0.12080
    425.0   0.12038
    430.0   0.12006
    435.0   0.11933
    440.0   0.11910
    445.0   0.11870
    450.0   0.11847
    455.0   0.11803
    460.0   0.11774
    465.0   0.11745
    470.0   0.11688
    475.0   0.11610
    480.0   0.11482
    485.0   0.11457
    490.0   0.11398
    495.0   0.11359
    500.0   0.11319
    505.0   0.11287
    510.0   0.11268
    515.0   0.11218
    520.0   0.11220
    525.0   0.11161
    530.0   0.11107
    535.0   0.11072
    540.0   0.11062
    545.0   0.11025
    550.0   0.10970
    555.0   0.10944
    560.0   0.10886
    565.0   0.10855
    570.0   0.10818
    575.0   0.10781
    580.0   0.10726
    585.0   0.10693
    590.0   0.10644
    595.0   0.10601
    600.0   0.10578
    605.0   0.10537
    610.0   0.10522
    615.0   0.10484
    620.0   0.10475
    625.0   0.10441
    630.0   0.10406
    635.0   0.10345
    640.0   0.10316
    645.0   0.10286
    650.0   0.10261
    655.0   0.10210
    660.0   0.10177
    665.0   0.10136
    670.0   0.10109
    675.0   0.10065
    680.0   0.10053
    685.0   0.10010
    690.0   0.09995
    695.0   0.09901
    700.0   0.09893
    705.0   0.09848
    710.0   0.09832
    715.0   0.09791
    720.0   0.09760
    725.0   0.09727
    730.0   0.09712
    735.0   0.09731
    740.0   0.09707
    745.0   0.09644
    750.0   0.09623
    755.0   0.09577
    760.0   0.09557
    765.0   0.09556
    770.0   0.09519
    775.0   0.09508
    780.0   0.09460
    785.0   0.09430
    790.0   0.09390
    795.0   0.09379
    800.0   0.09329
    805.0   0.09330
    810.0   0.09354
    815.0   0.09245
    820.0   0.09209
    825.0   0.09180
    830.0   0.09204
    835.0   0.09159
    840.0   0.09134
    845.0   0.09106
    850.0   0.09043
    855.0   0.09043
    860.0   0.09031
    865.0   0.09015
    870.0   0.08927
    875.0   0.09024
    880.0   0.08929
    885.0   0.08962
    890.0   0.08905
    895.0   0.08867
    900.0   0.08867
    905.0   0.08863
    910.0   0.08822
    915.0   0.08761
    920.0   0.08738
    925.0   0.08735
    930.0   0.08712
    935.0   0.08705
    940.0   0.08671
    945.0   0.08642
    950.0   0.08602
    955.0   0.08595
    960.0   0.08558
    965.0   0.08540
    970.0   0.08524
    975.0   0.08517
    980.0   0.08474
    985.0   0.08475
    990.0   0.08430
    995.0   0.08405
   1000.0   0.08428
   1005.0   0.08399
   1010.0   0.08382
   1015.0   0.08363
   1020.0   0.08362
   1025.0   0.08312
   1030.0   0.08315
   1035.0   0.08303
   1040.0   0.08278
   1045.0   0.08263
   1050.0   0.08256
   1055.0   0.08217
   1060.0   0.08192
   1065.0   0.08175
   1070.0   0.08150
   1075.0   0.08129
   1080.0   0.08095
   1085.0   0.08095
   1090.0   0.08037
   1095.0   0.08062
   1100.0   0.08029
   1105.0   0.08002
   1110.0   0.08020
   1115.0   0.08009
   1120.0   0.07975
   1125.0   0.07949
   1130.0   0.07937
   1135.0   0.07905
   1140.0   0.07911
   1145.0   0.07925
   1150.0   0.07888
   1155.0   0.07870
   1160.0   0.07862
   1165.0   0.07856
   1170.0   0.07848
   1175.0   0.07831
   1180.0   0.07778
   1185.0   0.07807
   1190.0   0.07793
   1195.0   0.07773
   1200.0   0.07731
   1205.0   0.07735
   1210.0   0.07720
   1215.0   0.07717
   1220.0   0.07673
   1225.0   0.07652
   1230.0   0.07672
   1235.0   0.07637
   1240.0   0.07633
   1245.0   0.07597
   1250.0   0.07589
   1255.0   0.07565
   1260.0   0.07546
   1265.0   0.07519
   1270.0   0.07513
   1275.0   0.07505
   1280.0   0.07483
   1285.0   0.07468
   1290.0   0.07467
   1295.0   0.07421
   1300.0   0.07418
   1305.0   0.07437
   1310.0   0.07414
   1315.0   0.07401
   1320.0   0.07392
   1325.0   0.07370
   1330.0   0.07362
   1335.0   0.07341
   1340.0   0.07329
   1345.0   0.07322
   1350.0   0.07315
   1355.0   0.07271
   1360.0   0.07285
   1365.0   0.07264
   1370.0   0.07252
   1375.0   0.07227
   1380.0   0.07213
   1385.0   0.07198
   1390.0   0.07192
   1395.0   0.07148
   1400.0   0.07113
   1405.0   0.07111
   1410.0   0.07086
   1415.0   0.07108
   1420.0   0.07094
   1425.0   0.07113
   1430.0   0.07128
   1435.0   0.07106
   1440.0   0.07117
   1445.0   0.07130
   1450.0   0.07094
   1455.0   0.07084
   1460.0   0.07102
   1465.0   0.07056
   1470.0   0.07041
   1475.0   0.07055
   1480.0   0.07048
   1485.0   0.07045
   1490.0   0.07039
   1495.0   0.07035
   1500.0   0.07039
   1505.0   0.07024
   1510.0   0.07014
   1515.0   0.06997
   1520.0   0.07010
   1525.0   0.06990
   1530.0   0.06996
   1535.0   0.06965
   1540.0   0.06961
   1545.0   0.06970
   1550.0   0.06968
   1555.0   0.06979
   1560.0   0.06936
   1565.0   0.06938
   1570.0   0.06893
   1575.0   0.06887
   1580.0   0.06898
   1585.0   0.06881
   1590.0   0.06881
   1595.0   0.06854
   1600.0   0.06878
   1605.0   0.06847
   1610.0   0.06829
   1615.0   0.06827
   1620.0   0.06816
   1625.0   0.06833
   1630.0   0.06802
   1635.0   0.06802
   1640.0   0.06790
   1645.0   0.06792
   1650.0   0.06814
   1655.0   0.06757
   1660.0   0.06793
   1665.0   0.06796
   1670.0   0.06809
   1675.0   0.06786
   1680.0   0.06775
   1685.0   0.06764
   1690.0   0.06761
   1695.0   0.06747
   1700.0   0.06788
   1705.0   0.06733
   1710.0   0.06736
   1715.0   0.06731
   1720.0   0.06727
   1725.0   0.06712
   1730.0   0.06699
   1735.0   0.06676
   1740.0   0.06664
   1745.0   0.06653
   1750.0   0.06641
   1755.0   0.06614
   1760.0   0.06628
   1765.0   0.06590
   1770.0   0.06597
   1775.0   0.06585
   1780.0   0.06589
   1785.0   0.06589
   1790.0   0.06584
   1795.0   0.06582
   1800.0   0.06566
   1805.0   0.06565
   1810.0   0.06549
   1815.0   0.06574
   1820.0   0.06544
   1825.0   0.06550
   1830.0   0.06549
   1835.0   0.06577
   1840.0   0.06556
   1845.0   0.06563
   1850.0   0.06527
   1855.0   0.06532
   1860.0   0.06509
   1865.0   0.06501
   1870.0   0.06502
   1875.0   0.06482
   1880.0   0.06422
   1885.0   0.06356
   1890.0   0.06340
   1895.0   0.06287
   1900.0   0.06267
   1905.0   0.06263
   1910.0   0.06249
   1915.0   0.06284
   1920.0   0.06269
   1925.0   0.06300
   1930.0   0.06323
   1935.0   0.06316
   1940.0   0.06303
   1945.0   0.06266
   1950.0   0.06269
   1955.0   0.06265
   1960.0   0.06264
   1965.0   0.06265
   1970.0   0.06274
   1975.0   0.06268
   1980.0   0.06253
   1985.0   0.06249
   1990.0   0.06261
   1995.0   0.06258
   2000.0   0.06269
   2005.0   0.06244
   2010.0   0.06225
   2015.0   0.06234
   2020.0   0.06225
   2025.0   0.06228
   2030.0   0.06231
   2035.0   0.06229
   2040.0   0.06228
   2045.0   0.06219
   2050.0   0.06212
   2055.0   0.06217
   2060.0   0.06183
   2065.0   0.06194
   2070.0   0.06187
   2075.0   0.06176
   2080.0   0.06185
   2085.0   0.06167
   2090.0   0.06186
   2095.0   0.06176
   2100.0   0.06184
   2105.0   0.06141
   2110.0   0.06154
   2115.0   0.06119
   2120.0   0.06128
   2125.0   0.06117
   2130.0   0.06132
   2135.0   0.06137
   2140.0   0.06101
   2145.0   0.06089
   2150.0   0.06074
   2155.0   0.06088
   2160.0   0.06057
   2165.0   0.06022
   2170.0   0.06020
   2175.0   0.05999
   2180.0   0.05973
   2185.0   0.05943
   2190.0   0.05950
   2195.0   0.05910
   2200.0   0.05910
   2205.0   0.05900
   2210.0   0.05925
   2215.0   0.05898
   2220.0   0.05939
   2225.0   0.05937
   2230.0   0.05913
   2235.0   0.05942
   2240.0   0.05956
   2245.0   0.05956
   2250.0   0.05933
   2255.0   0.05946
   2260.0   0.05952
   2265.0   0.05942
   2270.0   0.05928
   2275.0   0.05932
   2280.0   0.05934
   2285.0   0.05918
   2290.0   0.05908
   2295.0   0.05918
   2300.0   0.05937
   2305.0   0.05937
   2310.0   0.05896
   2315.0   0.05894
   2320.0   0.05888
   2325.0   0.05886
   2330.0   0.05868
   2335.0   0.05839
   2340.0   0.05828
   2345.0   0.05825
   2350.0   0.05808
   2355.0   0.05802
   2360.0   0.05798
   2365.0   0.05772
   2370.0   0.05767
   2375.0   0.05745
   2380.0   0.05715
   2385.0   0.05741
   2390.0   0.05759
   2395.0   0.05739
   2400.0   0.05735
   2405.0   0.05727
   2410.0   0.05700
   2415.0   0.05711
   2420.0   0.05690
   2425.0   0.05652
   2430.0   0.05672
   2435.0   0.05651
   2440.0   0.05631
   2445.0   0.05614
   2450.0   0.05617
   2455.0   0.05580
   2460.0   0.05583
   2465.0   0.05564
   2470.0   0.05551
   2475.0   0.05562
   2480.0   0.05551
   2485.0   0.05530
   2490.0   0.05515
   2495.0   0.05542
   2500.0   0.05539
   2505.0   0.05496
   2510.0   0.05499
   2515.0   0.05508
   2520.0   0.05535
   2525.0   0.05532
   2530.0   0.05544
   2535.0   0.05541
   2540.0   0.05523
   2545.0   0.05534
   2550.0   0.05526
   2555.0   0.05461
   2560.0   0.05501
   2565.0   0.05481
   2570.0   0.05466
   2575.0   0.05452
   2580.0   0.05463
   2585.0   0.05504
   2590.0   0.05476
   2595.0   0.05502
   2600.0   0.05480
   2605.0   0.05492
   2610.0   0.05419
   2615.0   0.05413
   2620.0   0.05403
   2625.0   0.05326
   2630.0   0.05316
   2635.0   0.05267
   2640.0   0.05277
   2645.0   0.05250
   2650.0   0.05229
   2655.0   0.05227
   2660.0   0.05219
   2665.0   0.05129
   2670.0   0.05053
   2675.0   0.04897
   2680.0   0.04680
   2685.0   0.04444
   2690.0   0.04160
   2695.0   0.03922
   2700.0   0.03711
   2705.0   0.03596
   2710.0   0.03372
   2715.0   0.03088
   2720.0   0.02824
   2725.0   0.02600
   2730.0   0.02420
   2735.0   0.02294
   2740.0   0.02221
   2745.0   0.01767
   2750.0   0.01740
   2755.0   0.02158
   2760.0   0.02012
   2765.0   0.02304
   2770.0   0.02164
   2775.0   0.02027
   2780.0   0.02271
   2785.0   0.02533
   2790.0   0.02857
   2795.0   0.03092
   2800.0   0.03113
   2805.0   0.02879
   2810.0   0.03351
   2815.0   0.03462
   2820.0   0.03055
   2825.0   0.03090
   2830.0   0.03146
   2835.0   0.03528
   2840.0   0.03007
   2845.0   0.02810
   2850.0   0.03153
   2855.0   0.03434
   2860.0   0.03204
   2865.0   0.02928
   2870.0   0.03097
   2875.0   0.03175
   2880.0   0.03003
   2885.0   0.03199
   2890.0   0.02910
   2895.0   0.03065
   2900.0   0.03093
   2905.0   0.03182
   2910.0   0.02975
   2915.0   0.03294
   2920.0   0.02637
   2925.0   0.02679
   2930.0   0.03036
   2935.0   0.02870
   2940.0   0.02937
   2945.0   0.03019
   2950.0   0.02993
   2955.0   0.02856
   2960.0   0.02855
   2965.0   0.03058
   2970.0   0.02914
   2975.0   0.03096
   2980.0   0.03056
   2985.0   0.03282
   2990.0   0.03257
   2995.0   0.02998
   3000.0   0.03133
   3005.0   0.03293
   3010.0   0.03346
   3015.0   0.03221
   3020.0   0.03371
   3025.0   0.03351
   3030.0   0.03427
   3035.0   0.03391
   3040.0   0.03387
   3045.0   0.03347
   3050.0   0.03343
   3055.0   0.03419
   3060.0   0.03579
   3065.0   0.03345
   3070.0   0.03531
   3075.0   0.03435
   3080.0   0.03470
   3085.0   0.03469
   3090.0   0.03397
   3095.0   0.03493
   3100.0   0.03296
   3105.0   0.03515
   3110.0   0.03568
   3115.0   0.03712
   3120.0   0.03563
   3125.0   0.03742
   3130.0   0.03540
   3135.0   0.03758
   3140.0   0.03747
   3145.0   0.03852
   3150.0   0.03772
   3155.0   0.03783
   3160.0   0.04058
   3165.0   0.03880
   3170.0   0.03994
   3175.0   0.03988
   3180.0   0.03980
   3185.0   0.03965
   3190.0   0.04032
   3195.0   0.04096
   3200.0   0.04214
   3205.0   0.04157
   3210.0   0.04250
   3215.0   0.04243
   3220.0   0.04268
   3225.0   0.04267
   3230.0   0.04250
   3235.0   0.04348
   3240.0   0.04361
   3245.0   0.04467
   3250.0   0.04346
   3255.0   0.04594
   3260.0   0.04364
   3265.0   0.04426
   3270.0   0.04572
   3275.0   0.04532
   3280.0   0.04626
   3285.0   0.04554
   3290.0   0.04596
   3295.0   0.04650
   3300.0   0.04470
   3305.0   0.04563
   3310.0   0.04658
   3315.0   0.04617
   3320.0   0.04631
   3325.0   0.04745
   3330.0   0.04844
   3335.0   0.04813
   3340.0   0.04868
   3345.0   0.04841
   3350.0   0.04702
   3355.0   0.04963
   3360.0   0.05085
   3365.0   0.05058
   3370.0   0.05099
   3375.0   0.05331
   3380.0   0.05129
   3385.0   0.05314
   3390.0   0.05444
   3395.0   0.05634
   3400.0   0.05627
   3405.0   0.05618
   3410.0   0.05918
   3415.0   0.05682
   3420.0   0.05422
   3425.0   0.05575
   3430.0   0.05442
   3435.0   0.05510
   3440.0   0.05266
   3445.0   0.05302
   3450.0   0.05628
   3455.0   0.05247
   3460.0   0.05180
   3465.0   0.05422
   3470.0   0.05418
   3475.0   0.05916
   3480.0   0.05357
   3485.0   0.05293
   3490.0   0.05724
   3495.0   0.05111
   3500.0   0.05888
   3505.0   0.05481
   3510.0   0.05513
   3515.0   0.05410
   3520.0   0.05426
   3525.0   0.05140
   3530.0   0.05205
   3535.0   0.04849
   3540.0   0.05431
   3545.0   0.05279
   3550.0   0.05830
   3555.0   0.05303
   3560.0   0.04936
   3565.0   0.05236
   3570.0   0.05853
   3575.0   0.05368
   3580.0   0.04944
   3585.0   0.05666
   3590.0   0.05600
   3595.0   0.05182
   3600.0   0.05509



 C1XM14      .ASC                        

 XM-CMP-014                                                              
 95% MONT  5% CARBON BLACK                                               
 RATIOS ADJUSTED USING NBS HALON CALIBRATION TABLE                       

 Source Ang: 30.00   Detect Ang:  0.00  Volt: 0.222
 Date: 04-JAN-91   Time: 15:21:31
