   661
    300.0   0.18336
    305.0   0.21160
    310.0   0.24432
    315.0   0.27143
    320.0   0.29241
    325.0   0.30970
    330.0   0.32183
    335.0   0.33573
    340.0   0.34426
    345.0   0.35342
    350.0   0.36044
    355.0   0.36788
    360.0   0.37347
    365.0   0.38449
    370.0   0.39777
    375.0   0.41244
    380.0   0.42838
    385.0   0.44299
    390.0   0.45439
    395.0   0.46210
    400.0   0.46982
    405.0   0.47586
    410.0   0.48359
    415.0   0.49183
    420.0   0.49826
    425.0   0.50482
    430.0   0.50923
    435.0   0.51018
    440.0   0.51584
    445.0   0.52253
    450.0   0.52648
    455.0   0.53017
    460.0   0.53258
    465.0   0.53503
    470.0   0.53707
    475.0   0.53931
    480.0   0.54029
    485.0   0.54027
    490.0   0.54132
    495.0   0.54311
    500.0   0.54478
    505.0   0.54655
    510.0   0.54786
    515.0   0.54999
    520.0   0.55150
    525.0   0.55389
    530.0   0.55491
    535.0   0.55527
    540.0   0.55538
    545.0   0.55592
    550.0   0.55727
    555.0   0.55709
    560.0   0.55663
    565.0   0.55730
    570.0   0.55674
    575.0   0.55598
    580.0   0.55539
    585.0   0.55452
    590.0   0.55419
    595.0   0.55346
    600.0   0.55335
    605.0   0.55286
    610.0   0.55226
    615.0   0.55153
    620.0   0.55090
    625.0   0.55075
    630.0   0.54988
    635.0   0.54947
    640.0   0.54887
    645.0   0.54863
    650.0   0.54818
    655.0   0.54771
    660.0   0.54697
    665.0   0.54720
    670.0   0.54722
    675.0   0.54710
    680.0   0.54683
    685.0   0.54687
    690.0   0.54643
    695.0   0.54593
    700.0   0.54539
    705.0   0.54487
    710.0   0.54406
    715.0   0.54393
    720.0   0.54274
    725.0   0.54212
    730.0   0.54149
    735.0   0.53841
    740.0   0.53803
    745.0   0.53730
    750.0   0.53691
    755.0   0.53644
    760.0   0.53569
    765.0   0.53463
    770.0   0.53237
    775.0   0.53009
    780.0   0.52933
    785.0   0.52897
    790.0   0.52778
    795.0   0.52776
    800.0   0.52781
    805.0   0.52609
    810.0   0.52559
    815.0   0.52482
    820.0   0.52462
    825.0   0.52424
    830.0   0.52373
    835.0   0.52291
    840.0   0.52217
    845.0   0.52231
    850.0   0.52242
    855.0   0.52181
    860.0   0.52246
    865.0   0.52097
    870.0   0.51869
    875.0   0.52145
    880.0   0.52074
    885.0   0.52019
    890.0   0.51978
    895.0   0.51958
    900.0   0.51923
    905.0   0.51837
    910.0   0.51895
    915.0   0.51783
    920.0   0.51727
    925.0   0.51762
    930.0   0.51724
    935.0   0.51705
    940.0   0.51630
    945.0   0.51671
    950.0   0.51605
    955.0   0.51608
    960.0   0.51558
    965.0   0.51555
    970.0   0.51501
    975.0   0.51525
    980.0   0.51519
    985.0   0.51556
    990.0   0.51503
    995.0   0.51494
   1000.0   0.51435
   1005.0   0.51407
   1010.0   0.51407
   1015.0   0.51380
   1020.0   0.51354
   1025.0   0.51352
   1030.0   0.51348
   1035.0   0.51356
   1040.0   0.51361
   1045.0   0.51315
   1050.0   0.51303
   1055.0   0.51230
   1060.0   0.51213
   1065.0   0.51159
   1070.0   0.51182
   1075.0   0.51154
   1080.0   0.51133
   1085.0   0.51090
   1090.0   0.51098
   1095.0   0.51087
   1100.0   0.50999
   1105.0   0.51014
   1110.0   0.51005
   1115.0   0.51016
   1120.0   0.51005
   1125.0   0.50974
   1130.0   0.50913
   1135.0   0.50885
   1140.0   0.50897
   1145.0   0.50850
   1150.0   0.50826
   1155.0   0.50834
   1160.0   0.50774
   1165.0   0.50785
   1170.0   0.50750
   1175.0   0.50763
   1180.0   0.50763
   1185.0   0.50760
   1190.0   0.50765
   1195.0   0.50767
   1200.0   0.50798
   1205.0   0.50821
   1210.0   0.50794
   1215.0   0.50774
   1220.0   0.50762
   1225.0   0.50764
   1230.0   0.50720
   1235.0   0.50705
   1240.0   0.50691
   1245.0   0.50678
   1250.0   0.50617
   1255.0   0.50599
   1260.0   0.50575
   1265.0   0.50568
   1270.0   0.50523
   1275.0   0.50553
   1280.0   0.50462
   1285.0   0.50451
   1290.0   0.50473
   1295.0   0.50408
   1300.0   0.50383
   1305.0   0.50354
   1310.0   0.50354
   1315.0   0.50364
   1320.0   0.50319
   1325.0   0.50308
   1330.0   0.50302
   1335.0   0.50260
   1340.0   0.50177
   1345.0   0.50183
   1350.0   0.50154
   1355.0   0.50072
   1360.0   0.50037
   1365.0   0.49949
   1370.0   0.49839
   1375.0   0.49653
   1380.0   0.49318
   1385.0   0.48987
   1390.0   0.48514
   1395.0   0.47792
   1400.0   0.47019
   1405.0   0.46479
   1410.0   0.46257
   1415.0   0.46635
   1420.0   0.47331
   1425.0   0.47985
   1430.0   0.48423
   1435.0   0.48843
   1440.0   0.49021
   1445.0   0.49171
   1450.0   0.49205
   1455.0   0.49182
   1460.0   0.49162
   1465.0   0.49187
   1470.0   0.49320
   1475.0   0.49386
   1480.0   0.49496
   1485.0   0.49608
   1490.0   0.49522
   1495.0   0.49608
   1500.0   0.49648
   1505.0   0.49647
   1510.0   0.49637
   1515.0   0.49665
   1520.0   0.49730
   1525.0   0.49758
   1530.0   0.49747
   1535.0   0.49699
   1540.0   0.49749
   1545.0   0.49749
   1550.0   0.49704
   1555.0   0.49716
   1560.0   0.49780
   1565.0   0.49760
   1570.0   0.49663
   1575.0   0.49696
   1580.0   0.49647
   1585.0   0.49675
   1590.0   0.49699
   1595.0   0.49773
   1600.0   0.49755
   1605.0   0.49736
   1610.0   0.49758
   1615.0   0.49687
   1620.0   0.49705
   1625.0   0.49669
   1630.0   0.49632
   1635.0   0.49638
   1640.0   0.49710
   1645.0   0.49675
   1650.0   0.49667
   1655.0   0.49698
   1660.0   0.49729
   1665.0   0.49773
   1670.0   0.49705
   1675.0   0.49778
   1680.0   0.49748
   1685.0   0.49719
   1690.0   0.49748
   1695.0   0.49659
   1700.0   0.49862
   1705.0   0.49724
   1710.0   0.49729
   1715.0   0.49708
   1720.0   0.49731
   1725.0   0.49643
   1730.0   0.49587
   1735.0   0.49574
   1740.0   0.49489
   1745.0   0.49444
   1750.0   0.49429
   1755.0   0.49395
   1760.0   0.49387
   1765.0   0.49315
   1770.0   0.49305
   1775.0   0.49270
   1780.0   0.49219
   1785.0   0.49223
   1790.0   0.49232
   1795.0   0.49202
   1800.0   0.49198
   1805.0   0.49208
   1810.0   0.49243
   1815.0   0.49236
   1820.0   0.49200
   1825.0   0.49206
   1830.0   0.49246
   1835.0   0.49285
   1840.0   0.49223
   1845.0   0.49176
   1850.0   0.49065
   1855.0   0.48986
   1860.0   0.48790
   1865.0   0.48722
   1870.0   0.48454
   1875.0   0.47753
   1880.0   0.46967
   1885.0   0.45723
   1890.0   0.44060
   1895.0   0.42114
   1900.0   0.40892
   1905.0   0.40715
   1910.0   0.41451
   1915.0   0.42485
   1920.0   0.43424
   1925.0   0.44060
   1930.0   0.44540
   1935.0   0.44841
   1940.0   0.45003
   1945.0   0.45151
   1950.0   0.45281
   1955.0   0.45378
   1960.0   0.45553
   1965.0   0.45653
   1970.0   0.45789
   1975.0   0.45890
   1980.0   0.46130
   1985.0   0.46228
   1990.0   0.46362
   1995.0   0.46568
   2000.0   0.46751
   2005.0   0.46786
   2010.0   0.46940
   2015.0   0.47061
   2020.0   0.47206
   2025.0   0.47335
   2030.0   0.47385
   2035.0   0.47441
   2040.0   0.47540
   2045.0   0.47509
   2050.0   0.47547
   2055.0   0.47561
   2060.0   0.47535
   2065.0   0.47498
   2070.0   0.47513
   2075.0   0.47438
   2080.0   0.47413
   2085.0   0.47356
   2090.0   0.47440
   2095.0   0.47399
   2100.0   0.47359
   2105.0   0.47410
   2110.0   0.47517
   2115.0   0.47446
   2120.0   0.47466
   2125.0   0.47453
   2130.0   0.47385
   2135.0   0.47251
   2140.0   0.47169
   2145.0   0.47081
   2150.0   0.46941
   2155.0   0.46716
   2160.0   0.46355
   2165.0   0.45878
   2170.0   0.45420
   2175.0   0.44736
   2180.0   0.44099
   2185.0   0.43531
   2190.0   0.42958
   2195.0   0.42327
   2200.0   0.41947
   2205.0   0.41803
   2210.0   0.42079
   2215.0   0.42753
   2220.0   0.43338
   2225.0   0.43679
   2230.0   0.43939
   2235.0   0.44308
   2240.0   0.44593
   2245.0   0.45028
   2250.0   0.45446
   2255.0   0.45684
   2260.0   0.45779
   2265.0   0.45825
   2270.0   0.45788
   2275.0   0.45682
   2280.0   0.45654
   2285.0   0.45512
   2290.0   0.45361
   2295.0   0.45154
   2300.0   0.45068
   2305.0   0.44853
   2310.0   0.44672
   2315.0   0.44527
   2320.0   0.44358
   2325.0   0.44123
   2330.0   0.43895
   2335.0   0.43632
   2340.0   0.43325
   2345.0   0.43049
   2350.0   0.42727
   2355.0   0.42504
   2360.0   0.42321
   2365.0   0.42190
   2370.0   0.42048
   2375.0   0.41871
   2380.0   0.41661
   2385.0   0.41489
   2390.0   0.41311
   2395.0   0.41197
   2400.0   0.41002
   2405.0   0.40888
   2410.0   0.40759
   2415.0   0.40529
   2420.0   0.40269
   2425.0   0.40095
   2430.0   0.39893
   2435.0   0.39616
   2440.0   0.39359
   2445.0   0.39228
   2450.0   0.39051
   2455.0   0.38940
   2460.0   0.38795
   2465.0   0.38725
   2470.0   0.38648
   2475.0   0.38640
   2480.0   0.38511
   2485.0   0.38422
   2490.0   0.38286
   2495.0   0.38063
   2500.0   0.38002
   2505.0   0.37789
   2510.0   0.37619
   2515.0   0.37533
   2520.0   0.37422
   2525.0   0.37314
   2530.0   0.37249
   2535.0   0.37137
   2540.0   0.37227
   2545.0   0.37168
   2550.0   0.36998
   2555.0   0.37090
   2560.0   0.37089
   2565.0   0.37035
   2570.0   0.36943
   2575.0   0.36806
   2580.0   0.36788
   2585.0   0.36695
   2590.0   0.36632
   2595.0   0.36403
   2600.0   0.36275
   2605.0   0.36031
   2610.0   0.35763
   2615.0   0.35342
   2620.0   0.34960
   2625.0   0.34564
   2630.0   0.34058
   2635.0   0.33666
   2640.0   0.33242
   2645.0   0.32773
   2650.0   0.32303
   2655.0   0.31724
   2660.0   0.31299
   2665.0   0.30024
   2670.0   0.28432
   2675.0   0.25888
   2680.0   0.22096
   2685.0   0.18642
   2690.0   0.15380
   2695.0   0.12579
   2700.0   0.10556
   2705.0   0.08943
   2710.0   0.07323
   2715.0   0.05797
   2720.0   0.04584
   2725.0   0.03436
   2730.0   0.02824
   2735.0   0.02372
   2740.0   0.01999
   2745.0   0.01802
   2750.0   0.01785
   2755.0   0.02332
   2760.0   0.02462
   2765.0   0.02268
   2770.0   0.02268
   2775.0   0.03774
   2780.0   0.03777
   2785.0   0.03516
   2790.0   0.04214
   2795.0   0.04953
   2800.0   0.05236
   2805.0   0.05479
   2810.0   0.05021
   2815.0   0.05459
   2820.0   0.05461
   2825.0   0.05423
   2830.0   0.05956
   2835.0   0.05323
   2840.0   0.05655
   2845.0   0.05121
   2850.0   0.05404
   2855.0   0.05086
   2860.0   0.05077
   2865.0   0.04965
   2870.0   0.04552
   2875.0   0.04785
   2880.0   0.04745
   2885.0   0.04937
   2890.0   0.04978
   2895.0   0.04811
   2900.0   0.04828
   2905.0   0.04334
   2910.0   0.04473
   2915.0   0.04552
   2920.0   0.04195
   2925.0   0.04541
   2930.0   0.04477
   2935.0   0.04618
   2940.0   0.04555
   2945.0   0.04666
   2950.0   0.04496
   2955.0   0.04674
   2960.0   0.04703
   2965.0   0.04866
   2970.0   0.04982
   2975.0   0.04943
   2980.0   0.04992
   2985.0   0.05222
   2990.0   0.05105
   2995.0   0.05456
   3000.0   0.05519
   3005.0   0.05494
   3010.0   0.05693
   3015.0   0.05663
   3020.0   0.05842
   3025.0   0.06030
   3030.0   0.06292
   3035.0   0.06327
   3040.0   0.06307
   3045.0   0.06365
   3050.0   0.06455
   3055.0   0.06415
   3060.0   0.06535
   3065.0   0.06805
   3070.0   0.06502
   3075.0   0.06681
   3080.0   0.06849
   3085.0   0.06935
   3090.0   0.06952
   3095.0   0.07054
   3100.0   0.07253
   3105.0   0.07397
   3110.0   0.07607
   3115.0   0.07959
   3120.0   0.07897
   3125.0   0.08198
   3130.0   0.08536
   3135.0   0.08798
   3140.0   0.09130
   3145.0   0.09243
   3150.0   0.09628
   3155.0   0.09987
   3160.0   0.10236
   3165.0   0.10466
   3170.0   0.10960
   3175.0   0.11233
   3180.0   0.11506
   3185.0   0.11783
   3190.0   0.12385
   3195.0   0.12535
   3200.0   0.13099
   3205.0   0.13342
   3210.0   0.13610
   3215.0   0.13942
   3220.0   0.14343
   3225.0   0.14810
   3230.0   0.15068
   3235.0   0.15436
   3240.0   0.15886
   3245.0   0.16187
   3250.0   0.16586
   3255.0   0.16782
   3260.0   0.17128
   3265.0   0.17650
   3270.0   0.18051
   3275.0   0.18431
   3280.0   0.18909
   3285.0   0.19029
   3290.0   0.19410
   3295.0   0.20028
   3300.0   0.20278
   3305.0   0.20769
   3310.0   0.20978
   3315.0   0.21393
   3320.0   0.21647
   3325.0   0.21971
   3330.0   0.22415
   3335.0   0.22627
   3340.0   0.22851
   3345.0   0.23440
   3350.0   0.23743
   3355.0   0.24387
   3360.0   0.24692
   3365.0   0.25075
   3370.0   0.24981
   3375.0   0.25222
   3380.0   0.25744
   3385.0   0.26324
   3390.0   0.27221
   3395.0   0.28043
   3400.0   0.29068
   3405.0   0.29094
   3410.0   0.29186
   3415.0   0.29093
   3420.0   0.29122
   3425.0   0.29742
   3430.0   0.29611
   3435.0   0.29722
   3440.0   0.30250
   3445.0   0.30823
   3450.0   0.30560
   3455.0   0.30793
   3460.0   0.30984
   3465.0   0.31516
   3470.0   0.31583
   3475.0   0.31858
   3480.0   0.32263
   3485.0   0.32697
   3490.0   0.33220
   3495.0   0.33336
   3500.0   0.33270
   3505.0   0.33454
   3510.0   0.33136
   3515.0   0.33421
   3520.0   0.33996
   3525.0   0.34017
   3530.0   0.34700
   3535.0   0.34945
   3540.0   0.35490
   3545.0   0.35828
   3550.0   0.35476
   3555.0   0.35772
   3560.0   0.36342
   3565.0   0.36874
   3570.0   0.37230
   3575.0   0.36929
   3580.0   0.37330
   3585.0   0.38128
   3590.0   0.37739
   3595.0   0.38004
   3600.0   0.37466



 C1XM11      .ASC                        

 XM-CMP-011                                                              
 99.9% MONTMORILLONITE  .1% CARBON BLACK                                 
 RATIOS ADJUSTED USING NBS HALON CALIBRATION TABLE                       

 Source Ang: 30.00   Detect Ang:  0.00  Volt: 0.222
 Date: 04-JAN-91   Time: 14:04:29
