   661
    300.0   0.15782
    305.0   0.18020
    310.0   0.20556
    315.0   0.22392
    320.0   0.23932
    325.0   0.24980
    330.0   0.25999
    335.0   0.26615
    340.0   0.27271
    345.0   0.27743
    350.0   0.28256
    355.0   0.28681
    360.0   0.29134
    365.0   0.29722
    370.0   0.30404
    375.0   0.31222
    380.0   0.32144
    385.0   0.32778
    390.0   0.33488
    395.0   0.33781
    400.0   0.34096
    405.0   0.34175
    410.0   0.34828
    415.0   0.35073
    420.0   0.35325
    425.0   0.35592
    430.0   0.35728
    435.0   0.35877
    440.0   0.36063
    445.0   0.36251
    450.0   0.36405
    455.0   0.36467
    460.0   0.36515
    465.0   0.36554
    470.0   0.36582
    475.0   0.36574
    480.0   0.36478
    485.0   0.36435
    490.0   0.36446
    495.0   0.36470
    500.0   0.36467
    505.0   0.36500
    510.0   0.36517
    515.0   0.36586
    520.0   0.36634
    525.0   0.36693
    530.0   0.36588
    535.0   0.36586
    540.0   0.36583
    545.0   0.36549
    550.0   0.36559
    555.0   0.36499
    560.0   0.36456
    565.0   0.36396
    570.0   0.36362
    575.0   0.36283
    580.0   0.36218
    585.0   0.36157
    590.0   0.36095
    595.0   0.36038
    600.0   0.35960
    605.0   0.35907
    610.0   0.35837
    615.0   0.35776
    620.0   0.35738
    625.0   0.35728
    630.0   0.35604
    635.0   0.35620
    640.0   0.35558
    645.0   0.35439
    650.0   0.35403
    655.0   0.35373
    660.0   0.35268
    665.0   0.35313
    670.0   0.35272
    675.0   0.35183
    680.0   0.35138
    685.0   0.35089
    690.0   0.35069
    695.0   0.34989
    700.0   0.34949
    705.0   0.34881
    710.0   0.34861
    715.0   0.34769
    720.0   0.34666
    725.0   0.34596
    730.0   0.34611
    735.0   0.34599
    740.0   0.34534
    745.0   0.34491
    750.0   0.34475
    755.0   0.34376
    760.0   0.34318
    765.0   0.34373
    770.0   0.34268
    775.0   0.34197
    780.0   0.34165
    785.0   0.34098
    790.0   0.34004
    795.0   0.33996
    800.0   0.34062
    805.0   0.34037
    810.0   0.33958
    815.0   0.33887
    820.0   0.33859
    825.0   0.33823
    830.0   0.33773
    835.0   0.33740
    840.0   0.33739
    845.0   0.33710
    850.0   0.33764
    855.0   0.33735
    860.0   0.33783
    865.0   0.33512
    870.0   0.33388
    875.0   0.33356
    880.0   0.33344
    885.0   0.33292
    890.0   0.33249
    895.0   0.33182
    900.0   0.33173
    905.0   0.33121
    910.0   0.33019
    915.0   0.33019
    920.0   0.32990
    925.0   0.32951
    930.0   0.32973
    935.0   0.32892
    940.0   0.32764
    945.0   0.32821
    950.0   0.32869
    955.0   0.32828
    960.0   0.32755
    965.0   0.32734
    970.0   0.32689
    975.0   0.32711
    980.0   0.32648
    985.0   0.32621
    990.0   0.32562
    995.0   0.32584
   1000.0   0.32511
   1005.0   0.32489
   1010.0   0.32436
   1015.0   0.32413
   1020.0   0.32368
   1025.0   0.32390
   1030.0   0.32349
   1035.0   0.32337
   1040.0   0.32307
   1045.0   0.32299
   1050.0   0.32231
   1055.0   0.32194
   1060.0   0.32130
   1065.0   0.32135
   1070.0   0.32077
   1075.0   0.32050
   1080.0   0.32010
   1085.0   0.31997
   1090.0   0.31963
   1095.0   0.31936
   1100.0   0.31912
   1105.0   0.31860
   1110.0   0.31813
   1115.0   0.31834
   1120.0   0.31763
   1125.0   0.31724
   1130.0   0.31700
   1135.0   0.31616
   1140.0   0.31670
   1145.0   0.31579
   1150.0   0.31565
   1155.0   0.31578
   1160.0   0.31556
   1165.0   0.31532
   1170.0   0.31474
   1175.0   0.31491
   1180.0   0.31441
   1185.0   0.31455
   1190.0   0.31429
   1195.0   0.31412
   1200.0   0.31334
   1205.0   0.31355
   1210.0   0.31321
   1215.0   0.31263
   1220.0   0.31269
   1225.0   0.31218
   1230.0   0.31218
   1235.0   0.31168
   1240.0   0.31145
   1245.0   0.31118
   1250.0   0.31076
   1255.0   0.31040
   1260.0   0.31047
   1265.0   0.31015
   1270.0   0.31024
   1275.0   0.30989
   1280.0   0.30941
   1285.0   0.30930
   1290.0   0.30944
   1295.0   0.30863
   1300.0   0.30827
   1305.0   0.30762
   1310.0   0.30794
   1315.0   0.30804
   1320.0   0.30743
   1325.0   0.30735
   1330.0   0.30734
   1335.0   0.30662
   1340.0   0.30652
   1345.0   0.30593
   1350.0   0.30601
   1355.0   0.30568
   1360.0   0.30573
   1365.0   0.30515
   1370.0   0.30464
   1375.0   0.30339
   1380.0   0.30242
   1385.0   0.30102
   1390.0   0.29972
   1395.0   0.29684
   1400.0   0.29383
   1405.0   0.29140
   1410.0   0.29031
   1415.0   0.29159
   1420.0   0.29397
   1425.0   0.29623
   1430.0   0.29843
   1435.0   0.29918
   1440.0   0.29990
   1445.0   0.30034
   1450.0   0.30010
   1455.0   0.29998
   1460.0   0.29982
   1465.0   0.30013
   1470.0   0.30040
   1475.0   0.30052
   1480.0   0.30070
   1485.0   0.30051
   1490.0   0.30070
   1495.0   0.30050
   1500.0   0.30047
   1505.0   0.30066
   1510.0   0.30076
   1515.0   0.30046
   1520.0   0.30060
   1525.0   0.30029
   1530.0   0.30033
   1535.0   0.30007
   1540.0   0.30015
   1545.0   0.30027
   1550.0   0.30073
   1555.0   0.30002
   1560.0   0.29975
   1565.0   0.30045
   1570.0   0.30005
   1575.0   0.29895
   1580.0   0.29966
   1585.0   0.29920
   1590.0   0.29963
   1595.0   0.29953
   1600.0   0.29975
   1605.0   0.29951
   1610.0   0.29928
   1615.0   0.29958
   1620.0   0.29915
   1625.0   0.29867
   1630.0   0.29806
   1635.0   0.29828
   1640.0   0.29847
   1645.0   0.29833
   1650.0   0.29848
   1655.0   0.29770
   1660.0   0.29849
   1665.0   0.29931
   1670.0   0.29855
   1675.0   0.29817
   1680.0   0.29882
   1685.0   0.29822
   1690.0   0.29808
   1695.0   0.29817
   1700.0   0.29954
   1705.0   0.29838
   1710.0   0.29817
   1715.0   0.29800
   1720.0   0.29768
   1725.0   0.29749
   1730.0   0.29738
   1735.0   0.29695
   1740.0   0.29671
   1745.0   0.29616
   1750.0   0.29621
   1755.0   0.29616
   1760.0   0.29572
   1765.0   0.29565
   1770.0   0.29578
   1775.0   0.29527
   1780.0   0.29520
   1785.0   0.29519
   1790.0   0.29514
   1795.0   0.29492
   1800.0   0.29498
   1805.0   0.29493
   1810.0   0.29511
   1815.0   0.29519
   1820.0   0.29519
   1825.0   0.29505
   1830.0   0.29475
   1835.0   0.29515
   1840.0   0.29485
   1845.0   0.29434
   1850.0   0.29388
   1855.0   0.29340
   1860.0   0.29254
   1865.0   0.29215
   1870.0   0.29216
   1875.0   0.28893
   1880.0   0.28561
   1885.0   0.28146
   1890.0   0.27464
   1895.0   0.26664
   1900.0   0.26180
   1905.0   0.26081
   1910.0   0.26345
   1915.0   0.26791
   1920.0   0.27126
   1925.0   0.27395
   1930.0   0.27557
   1935.0   0.27659
   1940.0   0.27724
   1945.0   0.27742
   1950.0   0.27755
   1955.0   0.27840
   1960.0   0.27903
   1965.0   0.27910
   1970.0   0.27978
   1975.0   0.28011
   1980.0   0.28045
   1985.0   0.28096
   1990.0   0.28172
   1995.0   0.28277
   2000.0   0.28293
   2005.0   0.28307
   2010.0   0.28340
   2015.0   0.28430
   2020.0   0.28484
   2025.0   0.28470
   2030.0   0.28499
   2035.0   0.28536
   2040.0   0.28564
   2045.0   0.28555
   2050.0   0.28521
   2055.0   0.28564
   2060.0   0.28577
   2065.0   0.28527
   2070.0   0.28540
   2075.0   0.28487
   2080.0   0.28491
   2085.0   0.28486
   2090.0   0.28449
   2095.0   0.28414
   2100.0   0.28484
   2105.0   0.28470
   2110.0   0.28437
   2115.0   0.28451
   2120.0   0.28449
   2125.0   0.28407
   2130.0   0.28405
   2135.0   0.28322
   2140.0   0.28284
   2145.0   0.28255
   2150.0   0.28140
   2155.0   0.28032
   2160.0   0.27958
   2165.0   0.27744
   2170.0   0.27607
   2175.0   0.27341
   2180.0   0.27076
   2185.0   0.26915
   2190.0   0.26676
   2195.0   0.26404
   2200.0   0.26255
   2205.0   0.26189
   2210.0   0.26286
   2215.0   0.26559
   2220.0   0.26786
   2225.0   0.26932
   2230.0   0.26998
   2235.0   0.27117
   2240.0   0.27221
   2245.0   0.27395
   2250.0   0.27537
   2255.0   0.27632
   2260.0   0.27721
   2265.0   0.27747
   2270.0   0.27703
   2275.0   0.27729
   2280.0   0.27665
   2285.0   0.27590
   2290.0   0.27572
   2295.0   0.27516
   2300.0   0.27507
   2305.0   0.27389
   2310.0   0.27308
   2315.0   0.27224
   2320.0   0.27146
   2325.0   0.27068
   2330.0   0.27015
   2335.0   0.26908
   2340.0   0.26800
   2345.0   0.26678
   2350.0   0.26505
   2355.0   0.26412
   2360.0   0.26343
   2365.0   0.26252
   2370.0   0.26153
   2375.0   0.26106
   2380.0   0.26025
   2385.0   0.26004
   2390.0   0.25916
   2395.0   0.25814
   2400.0   0.25755
   2405.0   0.25689
   2410.0   0.25584
   2415.0   0.25549
   2420.0   0.25452
   2425.0   0.25388
   2430.0   0.25233
   2435.0   0.25165
   2440.0   0.25059
   2445.0   0.24962
   2450.0   0.24873
   2455.0   0.24842
   2460.0   0.24795
   2465.0   0.24696
   2470.0   0.24665
   2475.0   0.24628
   2480.0   0.24605
   2485.0   0.24554
   2490.0   0.24527
   2495.0   0.24463
   2500.0   0.24328
   2505.0   0.24272
   2510.0   0.24165
   2515.0   0.24171
   2520.0   0.24163
   2525.0   0.24073
   2530.0   0.24104
   2535.0   0.23999
   2540.0   0.24025
   2545.0   0.24084
   2550.0   0.24038
   2555.0   0.23892
   2560.0   0.24048
   2565.0   0.24021
   2570.0   0.23889
   2575.0   0.23856
   2580.0   0.23768
   2585.0   0.23878
   2590.0   0.23727
   2595.0   0.23795
   2600.0   0.23697
   2605.0   0.23666
   2610.0   0.23485
   2615.0   0.23383
   2620.0   0.23007
   2625.0   0.22720
   2630.0   0.22585
   2635.0   0.22299
   2640.0   0.22093
   2645.0   0.21864
   2650.0   0.21711
   2655.0   0.21405
   2660.0   0.21198
   2665.0   0.20796
   2670.0   0.19844
   2675.0   0.18428
   2680.0   0.15904
   2685.0   0.13780
   2690.0   0.11671
   2695.0   0.09785
   2700.0   0.08426
   2705.0   0.07315
   2710.0   0.06163
   2715.0   0.05099
   2720.0   0.04018
   2725.0   0.03096
   2730.0   0.02737
   2735.0   0.02432
   2740.0   0.01912
   2745.0   0.01676
   2750.0   0.01510
   2755.0   0.01636
   2760.0   0.01539
   2765.0   0.01836
   2770.0   0.02815
   2775.0   0.02495
   2780.0   0.03612
   2785.0   0.03324
   2790.0   0.03268
   2795.0   0.03345
   2800.0   0.04104
   2805.0   0.03779
   2810.0   0.04115
   2815.0   0.04270
   2820.0   0.04185
   2825.0   0.04275
   2830.0   0.04253
   2835.0   0.04258
   2840.0   0.04253
   2845.0   0.03921
   2850.0   0.04237
   2855.0   0.03783
   2860.0   0.04307
   2865.0   0.04191
   2870.0   0.03919
   2875.0   0.03853
   2880.0   0.03939
   2885.0   0.03801
   2890.0   0.03680
   2895.0   0.03916
   2900.0   0.03816
   2905.0   0.04343
   2910.0   0.04242
   2915.0   0.04356
   2920.0   0.04468
   2925.0   0.04359
   2930.0   0.04214
   2935.0   0.04226
   2940.0   0.04244
   2945.0   0.04479
   2950.0   0.04335
   2955.0   0.04265
   2960.0   0.04272
   2965.0   0.04440
   2970.0   0.04601
   2975.0   0.04472
   2980.0   0.04744
   2985.0   0.04829
   2990.0   0.04729
   2995.0   0.05108
   3000.0   0.04986
   3005.0   0.05116
   3010.0   0.05172
   3015.0   0.05218
   3020.0   0.05231
   3025.0   0.05568
   3030.0   0.05489
   3035.0   0.05339
   3040.0   0.05463
   3045.0   0.05765
   3050.0   0.05618
   3055.0   0.05699
   3060.0   0.05872
   3065.0   0.05997
   3070.0   0.05912
   3075.0   0.06082
   3080.0   0.05935
   3085.0   0.05951
   3090.0   0.06084
   3095.0   0.06354
   3100.0   0.06441
   3105.0   0.06343
   3110.0   0.06563
   3115.0   0.06857
   3120.0   0.06995
   3125.0   0.07143
   3130.0   0.07460
   3135.0   0.07420
   3140.0   0.07596
   3145.0   0.07754
   3150.0   0.08060
   3155.0   0.08150
   3160.0   0.08599
   3165.0   0.08684
   3170.0   0.09106
   3175.0   0.09127
   3180.0   0.09569
   3185.0   0.09567
   3190.0   0.09855
   3195.0   0.10124
   3200.0   0.10460
   3205.0   0.10538
   3210.0   0.10654
   3215.0   0.11071
   3220.0   0.11365
   3225.0   0.11608
   3230.0   0.11731
   3235.0   0.12264
   3240.0   0.12406
   3245.0   0.12402
   3250.0   0.12708
   3255.0   0.13116
   3260.0   0.13144
   3265.0   0.13454
   3270.0   0.13994
   3275.0   0.13999
   3280.0   0.14270
   3285.0   0.14275
   3290.0   0.14626
   3295.0   0.15013
   3300.0   0.15176
   3305.0   0.15706
   3310.0   0.15598
   3315.0   0.16065
   3320.0   0.16183
   3325.0   0.16400
   3330.0   0.16687
   3335.0   0.16751
   3340.0   0.16975
   3345.0   0.17067
   3350.0   0.17438
   3355.0   0.17903
   3360.0   0.18012
   3365.0   0.18151
   3370.0   0.18415
   3375.0   0.18513
   3380.0   0.18548
   3385.0   0.19175
   3390.0   0.19879
   3395.0   0.19891
   3400.0   0.20362
   3405.0   0.20545
   3410.0   0.20272
   3415.0   0.20620
   3420.0   0.20518
   3425.0   0.20506
   3430.0   0.20467
   3435.0   0.20388
   3440.0   0.21095
   3445.0   0.20673
   3450.0   0.21269
   3455.0   0.21147
   3460.0   0.21107
   3465.0   0.21586
   3470.0   0.21705
   3475.0   0.21853
   3480.0   0.22146
   3485.0   0.22206
   3490.0   0.22511
   3495.0   0.22656
   3500.0   0.22082
   3505.0   0.22361
   3510.0   0.22483
   3515.0   0.22651
   3520.0   0.22635
   3525.0   0.22159
   3530.0   0.22927
   3535.0   0.23093
   3540.0   0.23051
   3545.0   0.24052
   3550.0   0.23297
   3555.0   0.23193
   3560.0   0.23299
   3565.0   0.24383
   3570.0   0.23511
   3575.0   0.24600
   3580.0   0.24256
   3585.0   0.23851
   3590.0   0.24093
   3595.0   0.24125
   3600.0   0.24828



 C1XM12      .ASC                        

 XM-CMP-012                                                              
 99.5% MONT  .5% CARBON BLACK                                            
 RATIOS ADJUSTED USING NBS HALON CALIBRATION TABLE                       

 Source Ang: 30.00   Detect Ang:  0.00  Volt: 0.222
 Date: 04-JAN-91   Time: 14:32:01
