   661
    300.0   0.02939
    305.0   0.02771
    310.0   0.02602
    315.0   0.02495
    320.0   0.02442
    325.0   0.02465
    330.0   0.02539
    335.0   0.02515
    340.0   0.02531
    345.0   0.02557
    350.0   0.02584
    355.0   0.02644
    360.0   0.02718
    365.0   0.02828
    370.0   0.02934
    375.0   0.03109
    380.0   0.03298
    385.0   0.03535
    390.0   0.03780
    395.0   0.04071
    400.0   0.04382
    405.0   0.04728
    410.0   0.05042
    415.0   0.05411
    420.0   0.05786
    425.0   0.06228
    430.0   0.06706
    435.0   0.07227
    440.0   0.07812
    445.0   0.08403
    450.0   0.08956
    455.0   0.09536
    460.0   0.10025
    465.0   0.10499
    470.0   0.10953
    475.0   0.11409
    480.0   0.11920
    485.0   0.12563
    490.0   0.13211
    495.0   0.13945
    500.0   0.14789
    505.0   0.15768
    510.0   0.16824
    515.0   0.18033
    520.0   0.19290
    525.0   0.20715
    530.0   0.22102
    535.0   0.23512
    540.0   0.25067
    545.0   0.26634
    550.0   0.28278
    555.0   0.29961
    560.0   0.31682
    565.0   0.33478
    570.0   0.35393
    575.0   0.37301
    580.0   0.39227
    585.0   0.41044
    590.0   0.42943
    595.0   0.44748
    600.0   0.46611
    605.0   0.48226
    610.0   0.49762
    615.0   0.51375
    620.0   0.52805
    625.0   0.54210
    630.0   0.55513
    635.0   0.56700
    640.0   0.57833
    645.0   0.58847
    650.0   0.59623
    655.0   0.60648
    660.0   0.61392
    665.0   0.62435
    670.0   0.63050
    675.0   0.63645
    680.0   0.64505
    685.0   0.65178
    690.0   0.65890
    695.0   0.66586
    700.0   0.67322
    705.0   0.67984
    710.0   0.68548
    715.0   0.68966
    720.0   0.69622
    725.0   0.70081
    730.0   0.70624
    735.0   0.70834
    740.0   0.71246
    745.0   0.71735
    750.0   0.72110
    755.0   0.72274
    760.0   0.72438
    765.0   0.72515
    770.0   0.72712
    775.0   0.72713
    780.0   0.72742
    785.0   0.72662
    790.0   0.72662
    795.0   0.72632
    800.0   0.72460
    805.0   0.72314
    810.0   0.72174
    815.0   0.71941
    820.0   0.71878
    825.0   0.71521
    830.0   0.71493
    835.0   0.71407
    840.0   0.71199
    845.0   0.70957
    850.0   0.70848
    855.0   0.70380
    860.0   0.70418
    865.0   0.70259
    870.0   0.70175
    875.0   0.70007
    880.0   0.69896
    885.0   0.69832
    890.0   0.69718
    895.0   0.69589
    900.0   0.69545
    905.0   0.69465
    910.0   0.69555
    915.0   0.69460
    920.0   0.69486
    925.0   0.69477
    930.0   0.69558
    935.0   0.69495
    940.0   0.69744
    945.0   0.69701
    950.0   0.69643
    955.0   0.69685
    960.0   0.69749
    965.0   0.69819
    970.0   0.69948
    975.0   0.70142
    980.0   0.70297
    985.0   0.70431
    990.0   0.70645
    995.0   0.70757
   1000.0   0.71085
   1005.0   0.71037
   1010.0   0.71217
   1015.0   0.71485
   1020.0   0.71689
   1025.0   0.71873
   1030.0   0.72070
   1035.0   0.72376
   1040.0   0.72609
   1045.0   0.72843
   1050.0   0.73115
   1055.0   0.73322
   1060.0   0.73702
   1065.0   0.73909
   1070.0   0.74180
   1075.0   0.74365
   1080.0   0.74754
   1085.0   0.74890
   1090.0   0.75273
   1095.0   0.75628
   1100.0   0.75847
   1105.0   0.76121
   1110.0   0.76428
   1115.0   0.76783
   1120.0   0.77007
   1125.0   0.77308
   1130.0   0.77638
   1135.0   0.77775
   1140.0   0.77946
   1145.0   0.78200
   1150.0   0.78353
   1155.0   0.78813
   1160.0   0.79022
   1165.0   0.79420
   1170.0   0.79836
   1175.0   0.80119
   1180.0   0.80284
   1185.0   0.80668
   1190.0   0.80856
   1195.0   0.81313
   1200.0   0.81656
   1205.0   0.81786
   1210.0   0.82150
   1215.0   0.82366
   1220.0   0.82670
   1225.0   0.83039
   1230.0   0.83324
   1235.0   0.83422
   1240.0   0.83750
   1245.0   0.83884
   1250.0   0.84153
   1255.0   0.84369
   1260.0   0.84669
   1265.0   0.84906
   1270.0   0.85149
   1275.0   0.85200
   1280.0   0.85172
   1285.0   0.85342
   1290.0   0.85637
   1295.0   0.85792
   1300.0   0.85813
   1305.0   0.85935
   1310.0   0.85984
   1315.0   0.85968
   1320.0   0.86093
   1325.0   0.86164
   1330.0   0.86069
   1335.0   0.86156
   1340.0   0.86157
   1345.0   0.85990
   1350.0   0.85789
   1355.0   0.85629
   1360.0   0.85517
   1365.0   0.85260
   1370.0   0.84693
   1375.0   0.84092
   1380.0   0.83041
   1385.0   0.81471
   1390.0   0.79356
   1395.0   0.76845
   1400.0   0.73952
   1405.0   0.71895
   1410.0   0.70841
   1415.0   0.71133
   1420.0   0.72909
   1425.0   0.74921
   1430.0   0.76617
   1435.0   0.77815
   1440.0   0.78734
   1445.0   0.79159
   1450.0   0.79496
   1455.0   0.79495
   1460.0   0.79575
   1465.0   0.79846
   1470.0   0.80356
   1475.0   0.81012
   1480.0   0.81598
   1485.0   0.82050
   1490.0   0.82399
   1495.0   0.82855
   1500.0   0.83225
   1505.0   0.83559
   1510.0   0.83917
   1515.0   0.84159
   1520.0   0.84437
   1525.0   0.84708
   1530.0   0.84865
   1535.0   0.85127
   1540.0   0.85281
   1545.0   0.85483
   1550.0   0.85728
   1555.0   0.85803
   1560.0   0.85981
   1565.0   0.86123
   1570.0   0.86251
   1575.0   0.86476
   1580.0   0.86642
   1585.0   0.86696
   1590.0   0.86703
   1595.0   0.86885
   1600.0   0.86922
   1605.0   0.86965
   1610.0   0.87080
   1615.0   0.87187
   1620.0   0.87197
   1625.0   0.87328
   1630.0   0.87269
   1635.0   0.87298
   1640.0   0.87354
   1645.0   0.87396
   1650.0   0.87398
   1655.0   0.87363
   1660.0   0.87512
   1665.0   0.87654
   1670.0   0.87626
   1675.0   0.87534
   1680.0   0.87523
   1685.0   0.87568
   1690.0   0.87510
   1695.0   0.87416
   1700.0   0.87413
   1705.0   0.87393
   1710.0   0.87361
   1715.0   0.87158
   1720.0   0.87091
   1725.0   0.86948
   1730.0   0.86852
   1735.0   0.86671
   1740.0   0.86470
   1745.0   0.86329
   1750.0   0.86107
   1755.0   0.85934
   1760.0   0.85684
   1765.0   0.85625
   1770.0   0.85382
   1775.0   0.85184
   1780.0   0.84934
   1785.0   0.85034
   1790.0   0.84862
   1795.0   0.84579
   1800.0   0.84527
   1805.0   0.84445
   1810.0   0.84300
   1815.0   0.84177
   1820.0   0.84086
   1825.0   0.83942
   1830.0   0.83808
   1835.0   0.83275
   1840.0   0.83567
   1845.0   0.83184
   1850.0   0.82946
   1855.0   0.82308
   1860.0   0.81864
   1865.0   0.80604
   1870.0   0.78773
   1875.0   0.77066
   1880.0   0.73674
   1885.0   0.69322
   1890.0   0.63798
   1895.0   0.58002
   1900.0   0.54624
   1905.0   0.54601
   1910.0   0.56198
   1915.0   0.58715
   1920.0   0.60898
   1925.0   0.62360
   1930.0   0.63548
   1935.0   0.64355
   1940.0   0.64908
   1945.0   0.65240
   1950.0   0.65671
   1955.0   0.66069
   1960.0   0.66465
   1965.0   0.66954
   1970.0   0.67501
   1975.0   0.68126
   1980.0   0.68779
   1985.0   0.69393
   1990.0   0.70043
   1995.0   0.70750
   2000.0   0.71465
   2005.0   0.72047
   2010.0   0.72687
   2015.0   0.73278
   2020.0   0.73795
   2025.0   0.74162
   2030.0   0.74578
   2035.0   0.74957
   2040.0   0.75286
   2045.0   0.75548
   2050.0   0.75838
   2055.0   0.76083
   2060.0   0.76196
   2065.0   0.76309
   2070.0   0.76433
   2075.0   0.76430
   2080.0   0.76579
   2085.0   0.76510
   2090.0   0.76655
   2095.0   0.76793
   2100.0   0.76919
   2105.0   0.77065
   2110.0   0.77281
   2115.0   0.77441
   2120.0   0.77620
   2125.0   0.77511
   2130.0   0.77480
   2135.0   0.77323
   2140.0   0.77212
   2145.0   0.77001
   2150.0   0.76841
   2155.0   0.76446
   2160.0   0.75759
   2165.0   0.74809
   2170.0   0.73720
   2175.0   0.72381
   2180.0   0.71119
   2185.0   0.69723
   2190.0   0.68320
   2195.0   0.66635
   2200.0   0.65367
   2205.0   0.64948
   2210.0   0.65561
   2215.0   0.67093
   2220.0   0.68488
   2225.0   0.69243
   2230.0   0.69827
   2235.0   0.70356
   2240.0   0.71134
   2245.0   0.71912
   2250.0   0.72671
   2255.0   0.73108
   2260.0   0.73318
   2265.0   0.73281
   2270.0   0.73130
   2275.0   0.72934
   2280.0   0.72519
   2285.0   0.72163
   2290.0   0.71676
   2295.0   0.71284
   2300.0   0.70822
   2305.0   0.70344
   2310.0   0.69899
   2315.0   0.69507
   2320.0   0.69072
   2325.0   0.68545
   2330.0   0.68019
   2335.0   0.67468
   2340.0   0.66756
   2345.0   0.66102
   2350.0   0.65403
   2355.0   0.64858
   2360.0   0.64361
   2365.0   0.63905
   2370.0   0.63507
   2375.0   0.63085
   2380.0   0.62521
   2385.0   0.61986
   2390.0   0.61564
   2395.0   0.61003
   2400.0   0.60521
   2405.0   0.60065
   2410.0   0.59514
   2415.0   0.59108
   2420.0   0.58558
   2425.0   0.57964
   2430.0   0.57480
   2435.0   0.56862
   2440.0   0.56270
   2445.0   0.55703
   2450.0   0.55271
   2455.0   0.54808
   2460.0   0.54361
   2465.0   0.54060
   2470.0   0.53732
   2475.0   0.53522
   2480.0   0.53169
   2485.0   0.52899
   2490.0   0.52474
   2495.0   0.52174
   2500.0   0.51643
   2505.0   0.51328
   2510.0   0.50929
   2515.0   0.50603
   2520.0   0.50212
   2525.0   0.49930
   2530.0   0.49633
   2535.0   0.49628
   2540.0   0.49327
   2545.0   0.49287
   2550.0   0.49349
   2555.0   0.48952
   2560.0   0.48574
   2565.0   0.48957
   2570.0   0.48411
   2575.0   0.48571
   2580.0   0.47907
   2585.0   0.48252
   2590.0   0.47389
   2595.0   0.47934
   2600.0   0.47567
   2605.0   0.47268
   2610.0   0.46562
   2615.0   0.45788
   2620.0   0.45127
   2625.0   0.44202
   2630.0   0.43765
   2635.0   0.42971
   2640.0   0.42034
   2645.0   0.41290
   2650.0   0.40366
   2655.0   0.39462
   2660.0   0.38121
   2665.0   0.36213
   2670.0   0.33524
   2675.0   0.30691
   2680.0   0.27198
   2685.0   0.23029
   2690.0   0.19229
   2695.0   0.15297
   2700.0   0.12431
   2705.0   0.10509
   2710.0   0.08389
   2715.0   0.06316
   2720.0   0.04617
   2725.0   0.03486
   2730.0   0.02979
   2735.0   0.02434
   2740.0   0.02131
   2745.0   0.01935
   2750.0   0.01950
   2755.0   0.02046
   2760.0   0.02150
   2765.0   0.02362
   2770.0   0.02577
   2775.0   0.02722
   2780.0   0.02966
   2785.0   0.03186
   2790.0   0.03376
   2795.0   0.03554
   2800.0   0.03619
   2805.0   0.03613
   2810.0   0.03604
   2815.0   0.03524
   2820.0   0.03359
   2825.0   0.03227
   2830.0   0.03062
   2835.0   0.03005
   2840.0   0.02861
   2845.0   0.02793
   2850.0   0.02685
   2855.0   0.02646
   2860.0   0.02555
   2865.0   0.02526
   2870.0   0.02481
   2875.0   0.02468
   2880.0   0.02417
   2885.0   0.02345
   2890.0   0.02337
   2895.0   0.02300
   2900.0   0.02300
   2905.0   0.02363
   2910.0   0.02440
   2915.0   0.02460
   2920.0   0.02468
   2925.0   0.02483
   2930.0   0.02442
   2935.0   0.02390
   2940.0   0.02420
   2945.0   0.02452
   2950.0   0.02485
   2955.0   0.02509
   2960.0   0.02596
   2965.0   0.02601
   2970.0   0.02686
   2975.0   0.02705
   2980.0   0.02763
   2985.0   0.02782
   2990.0   0.02830
   2995.0   0.02837
   3000.0   0.02894
   3005.0   0.02907
   3010.0   0.02938
   3015.0   0.02961
   3020.0   0.03032
   3025.0   0.03051
   3030.0   0.03125
   3035.0   0.03188
   3040.0   0.03259
   3045.0   0.03297
   3050.0   0.03364
   3055.0   0.03387
   3060.0   0.03415
   3065.0   0.03440
   3070.0   0.03468
   3075.0   0.03486
   3080.0   0.03546
   3085.0   0.03594
   3090.0   0.03660
   3095.0   0.03716
   3100.0   0.03823
   3105.0   0.03887
   3110.0   0.03998
   3115.0   0.04069
   3120.0   0.04155
   3125.0   0.04254
   3130.0   0.04349
   3135.0   0.04435
   3140.0   0.04542
   3145.0   0.04674
   3150.0   0.04772
   3155.0   0.04917
   3160.0   0.05047
   3165.0   0.05194
   3170.0   0.05339
   3175.0   0.05484
   3180.0   0.05638
   3185.0   0.05816
   3190.0   0.05975
   3195.0   0.06119
   3200.0   0.06293
   3205.0   0.06442
   3210.0   0.06597
   3215.0   0.06738
   3220.0   0.06889
   3225.0   0.07057
   3230.0   0.07207
   3235.0   0.07373
   3240.0   0.07557
   3245.0   0.07758
   3250.0   0.07916
   3255.0   0.08123
   3260.0   0.08287
   3265.0   0.08497
   3270.0   0.08655
   3275.0   0.08825
   3280.0   0.09011
   3285.0   0.09207
   3290.0   0.09392
   3295.0   0.09614
   3300.0   0.09836
   3305.0   0.10032
   3310.0   0.10239
   3315.0   0.10419
   3320.0   0.10641
   3325.0   0.10840
   3330.0   0.11040
   3335.0   0.11276
   3340.0   0.11520
   3345.0   0.11746
   3350.0   0.12037
   3355.0   0.12361
   3360.0   0.12659
   3365.0   0.12925
   3370.0   0.13180
   3375.0   0.13433
   3380.0   0.13707
   3385.0   0.14010
   3390.0   0.14369
   3395.0   0.14705
   3400.0   0.14949
   3405.0   0.15084
   3410.0   0.15176
   3415.0   0.15196
   3420.0   0.15274
   3425.0   0.15421
   3430.0   0.15604
   3435.0   0.15799
   3440.0   0.16083
   3445.0   0.16307
   3450.0   0.16519
   3455.0   0.16749
   3460.0   0.17029
   3465.0   0.17295
   3470.0   0.17625
   3475.0   0.17985
   3480.0   0.18325
   3485.0   0.18590
   3490.0   0.18731
   3495.0   0.18814
   3500.0   0.18922
   3505.0   0.19030
   3510.0   0.19150
   3515.0   0.19394
   3520.0   0.19647
   3525.0   0.19836
   3530.0   0.20069
   3535.0   0.20295
   3540.0   0.20563
   3545.0   0.20839
   3550.0   0.21055
   3555.0   0.21301
   3560.0   0.21597
   3565.0   0.21815
   3570.0   0.22055
   3575.0   0.22391
   3580.0   0.22630
   3585.0   0.22794
   3590.0   0.23037
   3595.0   0.23206
   3600.0   0.23311



 C2JB35      .ASC                        

 JB-CMP-035                                                              
 C1JB35 + 2.6 - 3.6 RUN                                                  

 Source Ang: 30.00   Detect Ang:  0.00  Volt: 0.222
 Date: 23-AUG-93   Time: 12:54:33
