   661
    300.0   0.03223
    305.0   0.02721
    310.0   0.02715
    315.0   0.02570
    320.0   0.02611
    325.0   0.02482
    330.0   0.02502
    335.0   0.02582
    340.0   0.02607
    345.0   0.02637
    350.0   0.02742
    355.0   0.02867
    360.0   0.03060
    365.0   0.03308
    370.0   0.03604
    375.0   0.03974
    380.0   0.04389
    385.0   0.04843
    390.0   0.05321
    395.0   0.05869
    400.0   0.06443
    405.0   0.07105
    410.0   0.07840
    415.0   0.08532
    420.0   0.09334
    425.0   0.10283
    430.0   0.11244
    435.0   0.12247
    440.0   0.13235
    445.0   0.14086
    450.0   0.14837
    455.0   0.15473
    460.0   0.15957
    465.0   0.16313
    470.0   0.16678
    475.0   0.16937
    480.0   0.17319
    485.0   0.17854
    490.0   0.18623
    495.0   0.19732
    500.0   0.21200
    505.0   0.23077
    510.0   0.25357
    515.0   0.27987
    520.0   0.30812
    525.0   0.33728
    530.0   0.36648
    535.0   0.39510
    540.0   0.42247
    545.0   0.44739
    550.0   0.47090
    555.0   0.49230
    560.0   0.51222
    565.0   0.52936
    570.0   0.54535
    575.0   0.56017
    580.0   0.57390
    585.0   0.58486
    590.0   0.59512
    595.0   0.60518
    600.0   0.61367
    605.0   0.62114
    610.0   0.62828
    615.0   0.63459
    620.0   0.64102
    625.0   0.64704
    630.0   0.65295
    635.0   0.65997
    640.0   0.66483
    645.0   0.67056
    650.0   0.67671
    655.0   0.68262
    660.0   0.68905
    665.0   0.69573
    670.0   0.70155
    675.0   0.70753
    680.0   0.71310
    685.0   0.71894
    690.0   0.72457
    695.0   0.72951
    700.0   0.73446
    705.0   0.73861
    710.0   0.74188
    715.0   0.74489
    720.0   0.74643
    725.0   0.74760
    730.0   0.74687
    735.0   0.74771
    740.0   0.74822
    745.0   0.74637
    750.0   0.74544
    755.0   0.74537
    760.0   0.74392
    765.0   0.74263
    770.0   0.74133
    775.0   0.73883
    780.0   0.73555
    785.0   0.73294
    790.0   0.73094
    795.0   0.72789
    800.0   0.72691
    805.0   0.72381
    810.0   0.72190
    815.0   0.71914
    820.0   0.71844
    825.0   0.71707
    830.0   0.71462
    835.0   0.71394
    840.0   0.71116
    845.0   0.71149
    850.0   0.70977
    855.0   0.70911
    860.0   0.70825
    865.0   0.70850
    870.0   0.70791
    875.0   0.70771
    880.0   0.70792
    885.0   0.70900
    890.0   0.70893
    895.0   0.70952
    900.0   0.70929
    905.0   0.71038
    910.0   0.71097
    915.0   0.71225
    920.0   0.71219
    925.0   0.71353
    930.0   0.71570
    935.0   0.71669
    940.0   0.71886
    945.0   0.71933
    950.0   0.72027
    955.0   0.72248
    960.0   0.72336
    965.0   0.72600
    970.0   0.72786
    975.0   0.73207
    980.0   0.73476
    985.0   0.73709
    990.0   0.74086
    995.0   0.74259
   1000.0   0.74519
   1005.0   0.74788
   1010.0   0.75165
   1015.0   0.75538
   1020.0   0.75792
   1025.0   0.76125
   1030.0   0.76451
   1035.0   0.76712
   1040.0   0.77101
   1045.0   0.77431
   1050.0   0.77719
   1055.0   0.78091
   1060.0   0.78483
   1065.0   0.78762
   1070.0   0.79152
   1075.0   0.79458
   1080.0   0.79785
   1085.0   0.80148
   1090.0   0.80468
   1095.0   0.80700
   1100.0   0.81019
   1105.0   0.81344
   1110.0   0.81620
   1115.0   0.81825
   1120.0   0.82203
   1125.0   0.82435
   1130.0   0.82759
   1135.0   0.82916
   1140.0   0.83095
   1145.0   0.83073
   1150.0   0.83241
   1155.0   0.83460
   1160.0   0.83827
   1165.0   0.84191
   1170.0   0.84419
   1175.0   0.84718
   1180.0   0.84890
   1185.0   0.85131
   1190.0   0.85380
   1195.0   0.85525
   1200.0   0.85830
   1205.0   0.86078
   1210.0   0.86156
   1215.0   0.86546
   1220.0   0.86622
   1225.0   0.86740
   1230.0   0.86868
   1235.0   0.86994
   1240.0   0.87205
   1245.0   0.87413
   1250.0   0.87502
   1255.0   0.87604
   1260.0   0.87759
   1265.0   0.87858
   1270.0   0.88025
   1275.0   0.88022
   1280.0   0.88003
   1285.0   0.88019
   1290.0   0.88045
   1295.0   0.87952
   1300.0   0.87929
   1305.0   0.87921
   1310.0   0.87918
   1315.0   0.87805
   1320.0   0.87707
   1325.0   0.87548
   1330.0   0.87330
   1335.0   0.87225
   1340.0   0.87136
   1345.0   0.86856
   1350.0   0.86701
   1355.0   0.86293
   1360.0   0.85993
   1365.0   0.85703
   1370.0   0.84974
   1375.0   0.84151
   1380.0   0.82703
   1385.0   0.81010
   1390.0   0.78648
   1395.0   0.75638
   1400.0   0.73030
   1405.0   0.71112
   1410.0   0.70323
   1415.0   0.70879
   1420.0   0.72536
   1425.0   0.74330
   1430.0   0.75591
   1435.0   0.76496
   1440.0   0.77134
   1445.0   0.77434
   1450.0   0.77530
   1455.0   0.77565
   1460.0   0.77586
   1465.0   0.77847
   1470.0   0.78399
   1475.0   0.78872
   1480.0   0.79341
   1485.0   0.79695
   1490.0   0.80182
   1495.0   0.80539
   1500.0   0.80904
   1505.0   0.81193
   1510.0   0.81497
   1515.0   0.81752
   1520.0   0.81962
   1525.0   0.82224
   1530.0   0.82488
   1535.0   0.82650
   1540.0   0.82888
   1545.0   0.83091
   1550.0   0.83151
   1555.0   0.83212
   1560.0   0.83370
   1565.0   0.83473
   1570.0   0.83521
   1575.0   0.83698
   1580.0   0.83796
   1585.0   0.83875
   1590.0   0.84030
   1595.0   0.83955
   1600.0   0.84052
   1605.0   0.84170
   1610.0   0.84193
   1615.0   0.84254
   1620.0   0.84226
   1625.0   0.84186
   1630.0   0.84174
   1635.0   0.84082
   1640.0   0.84163
   1645.0   0.84142
   1650.0   0.84205
   1655.0   0.84086
   1660.0   0.83968
   1665.0   0.83983
   1670.0   0.83955
   1675.0   0.83959
   1680.0   0.83890
   1685.0   0.83753
   1690.0   0.83637
   1695.0   0.83630
   1700.0   0.83685
   1705.0   0.83511
   1710.0   0.83390
   1715.0   0.83270
   1720.0   0.83140
   1725.0   0.82984
   1730.0   0.82807
   1735.0   0.82621
   1740.0   0.82394
   1745.0   0.82306
   1750.0   0.82072
   1755.0   0.81879
   1760.0   0.81715
   1765.0   0.81603
   1770.0   0.81422
   1775.0   0.81189
   1780.0   0.81137
   1785.0   0.80980
   1790.0   0.80935
   1795.0   0.80950
   1800.0   0.80816
   1805.0   0.80698
   1810.0   0.80662
   1815.0   0.80614
   1820.0   0.80433
   1825.0   0.80481
   1830.0   0.80428
   1835.0   0.80347
   1840.0   0.80002
   1845.0   0.79781
   1850.0   0.79529
   1855.0   0.79010
   1860.0   0.78528
   1865.0   0.77899
   1870.0   0.76181
   1875.0   0.74245
   1880.0   0.71846
   1885.0   0.68324
   1890.0   0.63731
   1895.0   0.59375
   1900.0   0.56237
   1905.0   0.55576
   1910.0   0.56612
   1915.0   0.58169
   1920.0   0.59638
   1925.0   0.60821
   1930.0   0.61665
   1935.0   0.62301
   1940.0   0.62783
   1945.0   0.63043
   1950.0   0.63357
   1955.0   0.63649
   1960.0   0.64093
   1965.0   0.64420
   1970.0   0.64783
   1975.0   0.65281
   1980.0   0.65763
   1985.0   0.66221
   1990.0   0.66796
   1995.0   0.67349
   2000.0   0.67894
   2005.0   0.68388
   2010.0   0.68862
   2015.0   0.69395
   2020.0   0.69777
   2025.0   0.70210
   2030.0   0.70509
   2035.0   0.70831
   2040.0   0.71149
   2045.0   0.71413
   2050.0   0.71687
   2055.0   0.71807
   2060.0   0.71960
   2065.0   0.72102
   2070.0   0.72107
   2075.0   0.72152
   2080.0   0.72222
   2085.0   0.72284
   2090.0   0.72278
   2095.0   0.72378
   2100.0   0.72456
   2105.0   0.72688
   2110.0   0.72764
   2115.0   0.72844
   2120.0   0.72893
   2125.0   0.72954
   2130.0   0.72837
   2135.0   0.72695
   2140.0   0.72445
   2145.0   0.72280
   2150.0   0.72023
   2155.0   0.71543
   2160.0   0.70719
   2165.0   0.69869
   2170.0   0.68945
   2175.0   0.67806
   2180.0   0.66762
   2185.0   0.65683
   2190.0   0.64436
   2195.0   0.63278
   2200.0   0.62328
   2205.0   0.62267
   2210.0   0.63075
   2215.0   0.64398
   2220.0   0.65395
   2225.0   0.65953
   2230.0   0.66364
   2235.0   0.66768
   2240.0   0.67456
   2245.0   0.68061
   2250.0   0.68633
   2255.0   0.68913
   2260.0   0.69051
   2265.0   0.68982
   2270.0   0.68868
   2275.0   0.68648
   2280.0   0.68272
   2285.0   0.67960
   2290.0   0.67589
   2295.0   0.67237
   2300.0   0.66837
   2305.0   0.66407
   2310.0   0.65993
   2315.0   0.65644
   2320.0   0.65180
   2325.0   0.64711
   2330.0   0.64291
   2335.0   0.63700
   2340.0   0.63040
   2345.0   0.62469
   2350.0   0.61880
   2355.0   0.61444
   2360.0   0.61023
   2365.0   0.60592
   2370.0   0.60259
   2375.0   0.59899
   2380.0   0.59534
   2385.0   0.59048
   2390.0   0.58718
   2395.0   0.58225
   2400.0   0.57857
   2405.0   0.57439
   2410.0   0.57048
   2415.0   0.56503
   2420.0   0.56085
   2425.0   0.55584
   2430.0   0.55107
   2435.0   0.54456
   2440.0   0.53977
   2445.0   0.53510
   2450.0   0.53020
   2455.0   0.52644
   2460.0   0.52287
   2465.0   0.51978
   2470.0   0.51590
   2475.0   0.51320
   2480.0   0.50959
   2485.0   0.50665
   2490.0   0.50331
   2495.0   0.49900
   2500.0   0.49704
   2505.0   0.49296
   2510.0   0.49040
   2515.0   0.48732
   2520.0   0.48565
   2525.0   0.48340
   2530.0   0.48187
   2535.0   0.48142
   2540.0   0.48030
   2545.0   0.47856
   2550.0   0.47687
   2555.0   0.48007
   2560.0   0.47725
   2565.0   0.47602
   2570.0   0.47439
   2575.0   0.47325
   2580.0   0.47410
   2585.0   0.46846
   2590.0   0.46717
   2595.0   0.46258
   2600.0   0.46590
   2605.0   0.45643
   2610.0   0.45312
   2615.0   0.44453
   2620.0   0.43905
   2625.0   0.43217
   2630.0   0.42105
   2635.0   0.41600
   2640.0   0.40873
   2645.0   0.40073
   2650.0   0.39317
   2655.0   0.38487
   2660.0   0.37495
   2665.0   0.35280
   2670.0   0.31945
   2675.0   0.28528
   2680.0   0.25449
   2685.0   0.22159
   2690.0   0.18371
   2695.0   0.15159
   2700.0   0.12545
   2705.0   0.10534
   2710.0   0.08155
   2715.0   0.05971
   2720.0   0.04243
   2725.0   0.02928
   2730.0   0.02470
   2735.0   0.02336
   2740.0   0.01839
   2745.0   0.01625
   2750.0   0.01737
   2755.0   0.01798
   2760.0   0.01122
   2765.0   0.02124
   2770.0   0.02338
   2775.0   0.02507
   2780.0   0.02532
   2785.0   0.02601
   2790.0   0.03159
   2795.0   0.02883
   2800.0   0.02821
   2805.0   0.03217
   2810.0   0.03003
   2815.0   0.02925
   2820.0   0.02833
   2825.0   0.02735
   2830.0   0.02543
   2835.0   0.02531
   2840.0   0.02270
   2845.0   0.02356
   2850.0   0.02447
   2855.0   0.02221
   2860.0   0.02186
   2865.0   0.02267
   2870.0   0.02245
   2875.0   0.01983
   2880.0   0.01985
   2885.0   0.01826
   2890.0   0.02081
   2895.0   0.02090
   2900.0   0.02002
   2905.0   0.02123
   2910.0   0.01848
   2915.0   0.01871
   2920.0   0.01942
   2925.0   0.01943
   2930.0   0.02072
   2935.0   0.02128
   2940.0   0.01867
   2945.0   0.01897
   2950.0   0.02063
   2955.0   0.02159
   2960.0   0.02065
   2965.0   0.02243
   2970.0   0.02094
   2975.0   0.01941
   2980.0   0.02112
   2985.0   0.02190
   2990.0   0.02100
   2995.0   0.02119
   3000.0   0.02147
   3005.0   0.02269
   3010.0   0.02297
   3015.0   0.02300
   3020.0   0.02245
   3025.0   0.02313
   3030.0   0.02427
   3035.0   0.02412
   3040.0   0.02459
   3045.0   0.02352
   3050.0   0.02469
   3055.0   0.02511
   3060.0   0.02490
   3065.0   0.02531
   3070.0   0.02582
   3075.0   0.02615
   3080.0   0.02731
   3085.0   0.02549
   3090.0   0.02718
   3095.0   0.02753
   3100.0   0.02745
   3105.0   0.02817
   3110.0   0.02814
   3115.0   0.02817
   3120.0   0.02866
   3125.0   0.03096
   3130.0   0.03050
   3135.0   0.03063
   3140.0   0.03137
   3145.0   0.03326
   3150.0   0.03225
   3155.0   0.03354
   3160.0   0.03427
   3165.0   0.03527
   3170.0   0.03638
   3175.0   0.03691
   3180.0   0.03649
   3185.0   0.03865
   3190.0   0.03903
   3195.0   0.04011
   3200.0   0.04047
   3205.0   0.04106
   3210.0   0.04244
   3215.0   0.04238
   3220.0   0.04437
   3225.0   0.04436
   3230.0   0.04580
   3235.0   0.04643
   3240.0   0.04715
   3245.0   0.04722
   3250.0   0.04901
   3255.0   0.04885
   3260.0   0.04920
   3265.0   0.05022
   3270.0   0.05274
   3275.0   0.05306
   3280.0   0.05421
   3285.0   0.05601
   3290.0   0.05625
   3295.0   0.05749
   3300.0   0.05797
   3305.0   0.05836
   3310.0   0.06085
   3315.0   0.06228
   3320.0   0.06188
   3325.0   0.06462
   3330.0   0.06300
   3335.0   0.06519
   3340.0   0.06632
   3345.0   0.06788
   3350.0   0.06945
   3355.0   0.07116
   3360.0   0.07425
   3365.0   0.07454
   3370.0   0.07604
   3375.0   0.07710
   3380.0   0.07937
   3385.0   0.08070
   3390.0   0.08346
   3395.0   0.08701
   3400.0   0.08863
   3405.0   0.08963
   3410.0   0.08765
   3415.0   0.09120
   3420.0   0.09068
   3425.0   0.09118
   3430.0   0.09227
   3435.0   0.09459
   3440.0   0.09454
   3445.0   0.09559
   3450.0   0.09312
   3455.0   0.09441
   3460.0   0.09491
   3465.0   0.09995
   3470.0   0.09993
   3475.0   0.10336
   3480.0   0.10500
   3485.0   0.10796
   3490.0   0.10840
   3495.0   0.11019
   3500.0   0.10778
   3505.0   0.10792
   3510.0   0.11274
   3515.0   0.11240
   3520.0   0.11484
   3525.0   0.11506
   3530.0   0.11623
   3535.0   0.11715
   3540.0   0.12323
   3545.0   0.12316
   3550.0   0.12723
   3555.0   0.12482
   3560.0   0.12500
   3565.0   0.13150
   3570.0   0.12944
   3575.0   0.13073
   3580.0   0.13626
   3585.0   0.13005
   3590.0   0.13812
   3595.0   0.14324
   3600.0   0.14390



 C2JB116             .ASC                        

 JB-CMP-116                                                              
 RATIOS ADJUSTED USING NBS HALON CALIBRATION TABLE                       

 Source Ang: 30.00   Detect Ang:  0.00  Volt: 0.222
 Date: 25-AUG-93   Time: 14:48:26
