   641
    300.0   0.05849
    305.0   0.05513
    310.0   0.05521
    315.0   0.05634
    320.0   0.05739
    325.0   0.05908
    330.0   0.05920
    335.0   0.06096
    340.0   0.06237
    345.0   0.06393
    350.0   0.06520
    355.0   0.06803
    360.0   0.07095
    365.0   0.07403
    370.0   0.07832
    375.0   0.08356
    380.0   0.08949
    385.0   0.09612
    390.0   0.10290
    395.0   0.11007
    400.0   0.11753
    405.0   0.12557
    410.0   0.13309
    415.0   0.14073
    420.0   0.14940
    425.0   0.15876
    430.0   0.16943
    435.0   0.17978
    440.0   0.19056
    445.0   0.20103
    450.0   0.21118
    455.0   0.21973
    460.0   0.22684
    465.0   0.23395
    470.0   0.23939
    475.0   0.24546
    480.0   0.25316
    485.0   0.25967
    490.0   0.26820
    495.0   0.27809
    500.0   0.28928
    505.0   0.30156
    510.0   0.31514
    515.0   0.32973
    520.0   0.34526
    525.0   0.36262
    530.0   0.37809
    535.0   0.39414
    540.0   0.41094
    545.0   0.42667
    550.0   0.44269
    555.0   0.45887
    560.0   0.47388
    565.0   0.48880
    570.0   0.50243
    575.0   0.51557
    580.0   0.52852
    585.0   0.54086
    590.0   0.55351
    595.0   0.56498
    600.0   0.57406
    605.0   0.58331
    610.0   0.59174
    615.0   0.59940
    620.0   0.60569
    625.0   0.61236
    630.0   0.61847
    635.0   0.62303
    640.0   0.62794
    645.0   0.63297
    650.0   0.63682
    655.0   0.64195
    660.0   0.64544
    665.0   0.64985
    670.0   0.65375
    675.0   0.65709
    680.0   0.65999
    685.0   0.66329
    690.0   0.66618
    695.0   0.66942
    700.0   0.67298
    705.0   0.67547
    710.0   0.67786
    715.0   0.68100
    720.0   0.68141
    725.0   0.68468
    730.0   0.68447
    735.0   0.68589
    740.0   0.68692
    745.0   0.68745
    750.0   0.68901
    755.0   0.68954
    760.0   0.69008
    765.0   0.69083
    770.0   0.68994
    775.0   0.68905
    780.0   0.68773
    785.0   0.68755
    790.0   0.68598
    795.0   0.68547
    800.0   0.68585
    805.0   0.68452
    810.0   0.68446
    815.0   0.68428
    820.0   0.68313
    825.0   0.68259
    830.0   0.68133
    835.0   0.68114
    840.0   0.68030
    845.0   0.68023
    850.0   0.67969
    855.0   0.67916
    860.0   0.67900
    865.0   0.67914
    870.0   0.67824
    875.0   0.67736
    880.0   0.67904
    885.0   0.67743
    890.0   0.67703
    895.0   0.67800
    900.0   0.67854
    905.0   0.67783
    910.0   0.67885
    915.0   0.67818
    920.0   0.67963
    925.0   0.67997
    930.0   0.68016
    935.0   0.68084
    940.0   0.68171
    945.0   0.68191
    950.0   0.68192
    955.0   0.68186
    960.0   0.68205
    965.0   0.68335
    970.0   0.68531
    975.0   0.68695
    980.0   0.68890
    985.0   0.69029
    990.0   0.69148
    995.0   0.69264
   1000.0   0.69375
   1005.0   0.69504
   1010.0   0.69661
   1015.0   0.69817
   1020.0   0.69943
   1025.0   0.70057
   1030.0   0.70194
   1035.0   0.70361
   1040.0   0.70466
   1045.0   0.70590
   1050.0   0.70758
   1055.0   0.70916
   1060.0   0.71035
   1065.0   0.71115
   1070.0   0.71212
   1075.0   0.71404
   1080.0   0.71492
   1085.0   0.71617
   1090.0   0.71727
   1095.0   0.71868
   1100.0   0.71928
   1105.0   0.72125
   1110.0   0.72234
   1115.0   0.72275
   1120.0   0.72418
   1125.0   0.72486
   1130.0   0.72611
   1135.0   0.72703
   1140.0   0.72654
   1145.0   0.72590
   1150.0   0.72548
   1155.0   0.72762
   1160.0   0.72971
   1165.0   0.73134
   1170.0   0.73276
   1175.0   0.73450
   1180.0   0.73558
   1185.0   0.73721
   1190.0   0.73766
   1195.0   0.73834
   1200.0   0.73974
   1205.0   0.73992
   1210.0   0.74130
   1215.0   0.74280
   1220.0   0.74360
   1225.0   0.74426
   1230.0   0.74500
   1235.0   0.74545
   1240.0   0.74666
   1245.0   0.74748
   1250.0   0.74733
   1255.0   0.74876
   1260.0   0.74916
   1265.0   0.75069
   1270.0   0.75143
   1275.0   0.75151
   1280.0   0.75151
   1285.0   0.75134
   1290.0   0.75137
   1295.0   0.75113
   1300.0   0.75144
   1305.0   0.75163
   1310.0   0.75141
   1315.0   0.75134
   1320.0   0.75076
   1325.0   0.75003
   1330.0   0.74987
   1335.0   0.74976
   1340.0   0.74878
   1345.0   0.74671
   1350.0   0.74566
   1355.0   0.74451
   1360.0   0.74137
   1365.0   0.73821
   1370.0   0.73469
   1375.0   0.72542
   1380.0   0.71213
   1385.0   0.69957
   1390.0   0.67649
   1395.0   0.65136
   1400.0   0.62513
   1405.0   0.60604
   1410.0   0.59899
   1415.0   0.60956
   1420.0   0.63288
   1425.0   0.65601
   1430.0   0.67401
   1435.0   0.68778
   1440.0   0.69767
   1445.0   0.70185
   1450.0   0.70407
   1455.0   0.70343
   1460.0   0.70408
   1465.0   0.70800
   1470.0   0.71486
   1475.0   0.72094
   1480.0   0.72584
   1485.0   0.72961
   1490.0   0.73336
   1495.0   0.73546
   1500.0   0.73847
   1505.0   0.74117
   1510.0   0.74380
   1515.0   0.74560
   1520.0   0.74744
   1525.0   0.74940
   1530.0   0.75083
   1535.0   0.75247
   1540.0   0.75338
   1545.0   0.75492
   1550.0   0.75632
   1555.0   0.75786
   1560.0   0.75899
   1565.0   0.75906
   1570.0   0.76162
   1575.0   0.76130
   1580.0   0.76188
   1585.0   0.76299
   1590.0   0.76428
   1595.0   0.76499
   1600.0   0.76579
   1605.0   0.76544
   1610.0   0.76715
   1615.0   0.76799
   1620.0   0.76868
   1625.0   0.76841
   1630.0   0.76835
   1635.0   0.76935
   1640.0   0.76946
   1645.0   0.77054
   1650.0   0.77024
   1655.0   0.76979
   1660.0   0.77005
   1665.0   0.77005
   1670.0   0.77082
   1675.0   0.77055
   1680.0   0.77095
   1685.0   0.77100
   1690.0   0.77111
   1695.0   0.77158
   1700.0   0.77035
   1705.0   0.77125
   1710.0   0.77059
   1715.0   0.77002
   1720.0   0.76961
   1725.0   0.76854
   1730.0   0.76775
   1735.0   0.76493
   1740.0   0.76439
   1745.0   0.76340
   1750.0   0.76229
   1755.0   0.76141
   1760.0   0.75971
   1765.0   0.75854
   1770.0   0.75743
   1775.0   0.75631
   1780.0   0.75540
   1785.0   0.75436
   1790.0   0.75290
   1795.0   0.75142
   1800.0   0.74996
   1805.0   0.74994
   1810.0   0.74863
   1815.0   0.74684
   1820.0   0.74619
   1825.0   0.74499
   1830.0   0.74210
   1835.0   0.73883
   1840.0   0.73857
   1845.0   0.73590
   1850.0   0.73485
   1855.0   0.72981
   1860.0   0.72288
   1865.0   0.70864
   1870.0   0.69339
   1875.0   0.67254
   1880.0   0.63915
   1885.0   0.59114
   1890.0   0.53265
   1895.0   0.47830
   1900.0   0.45061
   1905.0   0.45479
   1910.0   0.47842
   1915.0   0.50897
   1920.0   0.53651
   1925.0   0.55608
   1930.0   0.57169
   1935.0   0.58093
   1940.0   0.58693
   1945.0   0.59157
   1950.0   0.59483
   1955.0   0.59843
   1960.0   0.60261
   1965.0   0.60775
   1970.0   0.61359
   1975.0   0.62012
   1980.0   0.62642
   1985.0   0.63277
   1990.0   0.63999
   1995.0   0.64763
   2000.0   0.65314
   2005.0   0.65984
   2010.0   0.66517
   2015.0   0.67154
   2020.0   0.67782
   2025.0   0.68192
   2030.0   0.68616
   2035.0   0.68923
   2040.0   0.69240
   2045.0   0.69349
   2050.0   0.69518
   2055.0   0.69633
   2060.0   0.69762
   2065.0   0.69757
   2070.0   0.69782
   2075.0   0.69740
   2080.0   0.69671
   2085.0   0.69659
   2090.0   0.69662
   2095.0   0.69765
   2100.0   0.69822
   2105.0   0.69880
   2110.0   0.70003
   2115.0   0.70229
   2120.0   0.70254
   2125.0   0.70243
   2130.0   0.70229
   2135.0   0.69955
   2140.0   0.69667
   2145.0   0.69419
   2150.0   0.69110
   2155.0   0.68530
   2160.0   0.67565
   2165.0   0.66368
   2170.0   0.64825
   2175.0   0.63222
   2180.0   0.61553
   2185.0   0.60125
   2190.0   0.58436
   2195.0   0.56681
   2200.0   0.55364
   2205.0   0.54949
   2210.0   0.55856
   2215.0   0.57522
   2220.0   0.58981
   2225.0   0.60014
   2230.0   0.60707
   2235.0   0.61437
   2240.0   0.62389
   2245.0   0.63483
   2250.0   0.64493
   2255.0   0.65263
   2260.0   0.65617
   2265.0   0.65727
   2270.0   0.65781
   2275.0   0.65650
   2280.0   0.65335
   2285.0   0.64893
   2290.0   0.64503
   2295.0   0.64086
   2300.0   0.63578
   2305.0   0.63135
   2310.0   0.62656
   2315.0   0.62214
   2320.0   0.61763
   2325.0   0.61289
   2330.0   0.60727
   2335.0   0.60050
   2340.0   0.59316
   2345.0   0.58626
   2350.0   0.57994
   2355.0   0.57344
   2360.0   0.56811
   2365.0   0.56486
   2370.0   0.56120
   2375.0   0.55589
   2380.0   0.55159
   2385.0   0.54643
   2390.0   0.54201
   2395.0   0.53695
   2400.0   0.53228
   2405.0   0.52809
   2410.0   0.52358
   2415.0   0.51799
   2420.0   0.51291
   2425.0   0.50794
   2430.0   0.50224
   2435.0   0.49642
   2440.0   0.49135
   2445.0   0.48648
   2450.0   0.48213
   2455.0   0.47914
   2460.0   0.47620
   2465.0   0.47367
   2470.0   0.47178
   2475.0   0.46984
   2480.0   0.46698
   2485.0   0.46465
   2490.0   0.46184
   2495.0   0.45828
   2500.0   0.45399
   2505.0   0.45131
   2510.0   0.44759
   2515.0   0.44471
   2520.0   0.44117
   2525.0   0.43719
   2530.0   0.43417
   2535.0   0.43378
   2540.0   0.42825
   2545.0   0.42697
   2550.0   0.42967
   2555.0   0.42542
   2560.0   0.41875
   2565.0   0.42022
   2570.0   0.41726
   2575.0   0.41597
   2580.0   0.41218
   2585.0   0.41131
   2590.0   0.40606
   2595.0   0.40717
   2600.0   0.40036
   2605.0   0.39876
   2610.0   0.39237
   2615.0   0.38841
   2620.0   0.38125
   2625.0   0.37403
   2630.0   0.36866
   2635.0   0.36318
   2640.0   0.35576
   2645.0   0.34812
   2650.0   0.33871
   2655.0   0.32861
   2660.0   0.31680
   2665.0   0.30105
   2670.0   0.27726
   2675.0   0.25350
   2680.0   0.22305
   2685.0   0.19139
   2690.0   0.15968
   2695.0   0.12913
   2700.0   0.10495
   2705.0   0.08673
   2710.0   0.07020
   2715.0   0.05491
   2720.0   0.04378
   2725.0   0.03360
   2730.0   0.02885
   2735.0   0.02614
   2740.0   0.02382
   2745.0   0.02523
   2750.0   0.02333
   2755.0   0.02117
   2760.0   0.02805
   2765.0   0.02790
   2770.0   0.03332
   2775.0   0.04182
   2780.0   0.04674
   2785.0   0.04354
   2790.0   0.04806
   2795.0   0.04937
   2800.0   0.05291
   2805.0   0.05558
   2810.0   0.05046
   2815.0   0.05208
   2820.0   0.04713
   2825.0   0.04683
   2830.0   0.04513
   2835.0   0.04463
   2840.0   0.04187
   2845.0   0.04223
   2850.0   0.04433
   2855.0   0.04287
   2860.0   0.04500
   2865.0   0.04046
   2870.0   0.04059
   2875.0   0.03805
   2880.0   0.03902
   2885.0   0.03802
   2890.0   0.03813
   2895.0   0.03848
   2900.0   0.03869
   2905.0   0.03640
   2910.0   0.03805
   2915.0   0.03879
   2920.0   0.03889
   2925.0   0.03906
   2930.0   0.03857
   2935.0   0.03988
   2940.0   0.03848
   2945.0   0.04186
   2950.0   0.04094
   2955.0   0.03994
   2960.0   0.04031
   2965.0   0.04217
   2970.0   0.04139
   2975.0   0.04368
   2980.0   0.04569
   2985.0   0.04733
   2990.0   0.04825
   2995.0   0.04931
   3000.0   0.04677
   3005.0   0.04977
   3010.0   0.04903
   3015.0   0.05142
   3020.0   0.05239
   3025.0   0.05215
   3030.0   0.05364
   3035.0   0.05386
   3040.0   0.05478
   3045.0   0.05604
   3050.0   0.05600
   3055.0   0.05820
   3060.0   0.05699
   3065.0   0.05695
   3070.0   0.05720
   3075.0   0.05775
   3080.0   0.05727
   3085.0   0.06103
   3090.0   0.06015
   3095.0   0.06142
   3100.0   0.06083
   3105.0   0.06350
   3110.0   0.06640
   3115.0   0.07001
   3120.0   0.07012
   3125.0   0.07218
   3130.0   0.07449
   3135.0   0.07612
   3140.0   0.08050
   3145.0   0.08221
   3150.0   0.08572
   3155.0   0.08697
   3160.0   0.08881
   3165.0   0.09207
   3170.0   0.09476
   3175.0   0.09559
   3180.0   0.09937
   3185.0   0.10417
   3190.0   0.10594
   3195.0   0.10843
   3200.0   0.11295
   3205.0   0.11476
   3210.0   0.11858
   3215.0   0.12339
   3220.0   0.12674
   3225.0   0.12801
   3230.0   0.13075
   3235.0   0.13582
   3240.0   0.13862
   3245.0   0.14208
   3250.0   0.14487
   3255.0   0.14665
   3260.0   0.15121
   3265.0   0.15432
   3270.0   0.15898
   3275.0   0.15992
   3280.0   0.16445
   3285.0   0.16910
   3290.0   0.17195
   3295.0   0.17515
   3300.0   0.18135
   3305.0   0.18383
   3310.0   0.18784
   3315.0   0.19186
   3320.0   0.19699
   3325.0   0.20020
   3330.0   0.20382
   3335.0   0.20800
   3340.0   0.21318
   3345.0   0.21735
   3350.0   0.22589
   3355.0   0.23412
   3360.0   0.23901
   3365.0   0.24736
   3370.0   0.25098
   3375.0   0.25435
   3380.0   0.25941
   3385.0   0.26694
   3390.0   0.27626
   3395.0   0.28194
   3400.0   0.28850
   3405.0   0.29162
   3410.0   0.29967
   3415.0   0.29663
   3420.0   0.29462
   3425.0   0.29285
   3430.0   0.29543
   3435.0   0.29593
   3440.0   0.29850
   3445.0   0.30344
   3450.0   0.30370
   3455.0   0.31124
   3460.0   0.31139
   3465.0   0.31508
   3470.0   0.32432
   3475.0   0.33512
   3480.0   0.33631
   3485.0   0.34098
   3490.0   0.34674
   3495.0   0.35101
   3500.0   0.35330



 C2JB01      .ASC                        

 JB-CMP-001   RERUN OF JLB 1                                             
 RATIOS ADJUSTED USING NBS HALON CALIBRATION TABLE                       

 Source Ang: 30.00   Detect Ang:  0.00  Volt: 0.222
 Date: 12-DEC-90   Time: 16:34:37
