   661
    300.0   0.06284
    305.0   0.06464
    310.0   0.06987
    315.0   0.07492
    320.0   0.08149
    325.0   0.08710
    330.0   0.09198
    335.0   0.09797
    340.0   0.10268
    345.0   0.10726
    350.0   0.11176
    355.0   0.11570
    360.0   0.11945
    365.0   0.12279
    370.0   0.12627
    375.0   0.13062
    380.0   0.13629
    385.0   0.14228
    390.0   0.14894
    395.0   0.15478
    400.0   0.16046
    405.0   0.16558
    410.0   0.17399
    415.0   0.17822
    420.0   0.18361
    425.0   0.18885
    430.0   0.19533
    435.0   0.20195
    440.0   0.20928
    445.0   0.21678
    450.0   0.22357
    455.0   0.22998
    460.0   0.23524
    465.0   0.23968
    470.0   0.24323
    475.0   0.24664
    480.0   0.25070
    485.0   0.25540
    490.0   0.25991
    495.0   0.26574
    500.0   0.27161
    505.0   0.27812
    510.0   0.28479
    515.0   0.29165
    520.0   0.29872
    525.0   0.30644
    530.0   0.31360
    535.0   0.32141
    540.0   0.32967
    545.0   0.33807
    550.0   0.34680
    555.0   0.35669
    560.0   0.36612
    565.0   0.37578
    570.0   0.38483
    575.0   0.39382
    580.0   0.40207
    585.0   0.41014
    590.0   0.41645
    595.0   0.42291
    600.0   0.42857
    605.0   0.43264
    610.0   0.43646
    615.0   0.43981
    620.0   0.44223
    625.0   0.44527
    630.0   0.44810
    635.0   0.45020
    640.0   0.45244
    645.0   0.45661
    650.0   0.45834
    655.0   0.46166
    660.0   0.46443
    665.0   0.46620
    670.0   0.46976
    675.0   0.47216
    680.0   0.47478
    685.0   0.47788
    690.0   0.47990
    695.0   0.48369
    700.0   0.48653
    705.0   0.48979
    710.0   0.49288
    715.0   0.49482
    720.0   0.49761
    725.0   0.49989
    730.0   0.50200
    735.0   0.50368
    740.0   0.50504
    745.0   0.50761
    750.0   0.50923
    755.0   0.51129
    760.0   0.51470
    765.0   0.51658
    770.0   0.51772
    775.0   0.51868
    780.0   0.51981
    785.0   0.52098
    790.0   0.52201
    795.0   0.52258
    800.0   0.52313
    805.0   0.52430
    810.0   0.52481
    815.0   0.52505
    820.0   0.52453
    825.0   0.52383
    830.0   0.52356
    835.0   0.52433
    840.0   0.52389
    845.0   0.52369
    850.0   0.52353
    855.0   0.52418
    860.0   0.52275
    865.0   0.52289
    870.0   0.52282
    875.0   0.52232
    880.0   0.52229
    885.0   0.52419
    890.0   0.52392
    895.0   0.52479
    900.0   0.52477
    905.0   0.52634
    910.0   0.52510
    915.0   0.52734
    920.0   0.52695
    925.0   0.52920
    930.0   0.52847
    935.0   0.53024
    940.0   0.53010
    945.0   0.53167
    950.0   0.53347
    955.0   0.53320
    960.0   0.53453
    965.0   0.53548
    970.0   0.53635
    975.0   0.53816
    980.0   0.53860
    985.0   0.53762
    990.0   0.53942
    995.0   0.54094
   1000.0   0.54124
   1005.0   0.54324
   1010.0   0.54410
   1015.0   0.54542
   1020.0   0.54598
   1025.0   0.54637
   1030.0   0.54771
   1035.0   0.54737
   1040.0   0.54910
   1045.0   0.54921
   1050.0   0.55024
   1055.0   0.54997
   1060.0   0.55111
   1065.0   0.55200
   1070.0   0.55232
   1075.0   0.55442
   1080.0   0.55524
   1085.0   0.55666
   1090.0   0.55726
   1095.0   0.55861
   1100.0   0.55833
   1105.0   0.55890
   1110.0   0.56242
   1115.0   0.56178
   1120.0   0.56099
   1125.0   0.56149
   1130.0   0.56352
   1135.0   0.56330
   1140.0   0.56422
   1145.0   0.56482
   1150.0   0.56509
   1155.0   0.56567
   1160.0   0.56462
   1165.0   0.56656
   1170.0   0.56657
   1175.0   0.56819
   1180.0   0.56867
   1185.0   0.56792
   1190.0   0.56906
   1195.0   0.56989
   1200.0   0.57145
   1205.0   0.57085
   1210.0   0.57106
   1215.0   0.57196
   1220.0   0.57310
   1225.0   0.57348
   1230.0   0.57296
   1235.0   0.57333
   1240.0   0.57481
   1245.0   0.57502
   1250.0   0.57604
   1255.0   0.57640
   1260.0   0.57670
   1265.0   0.57758
   1270.0   0.57943
   1275.0   0.57958
   1280.0   0.57835
   1285.0   0.57719
   1290.0   0.57989
   1295.0   0.58112
   1300.0   0.58240
   1305.0   0.58241
   1310.0   0.58116
   1315.0   0.58194
   1320.0   0.58257
   1325.0   0.58319
   1330.0   0.58308
   1335.0   0.58378
   1340.0   0.58367
   1345.0   0.58389
   1350.0   0.58298
   1355.0   0.58146
   1360.0   0.58297
   1365.0   0.58292
   1370.0   0.58503
   1375.0   0.58504
   1380.0   0.58133
   1385.0   0.57931
   1390.0   0.57817
   1395.0   0.56887
   1400.0   0.56137
   1405.0   0.55711
   1410.0   0.55069
   1415.0   0.54478
   1420.0   0.54505
   1425.0   0.55149
   1430.0   0.55708
   1435.0   0.56206
   1440.0   0.56422
   1445.0   0.56745
   1450.0   0.56932
   1455.0   0.57080
   1460.0   0.57261
   1465.0   0.57279
   1470.0   0.57343
   1475.0   0.57560
   1480.0   0.57652
   1485.0   0.57942
   1490.0   0.58002
   1495.0   0.58021
   1500.0   0.58034
   1505.0   0.58173
   1510.0   0.58344
   1515.0   0.58358
   1520.0   0.58417
   1525.0   0.58619
   1530.0   0.58830
   1535.0   0.58849
   1540.0   0.58861
   1545.0   0.58997
   1550.0   0.58998
   1555.0   0.59021
   1560.0   0.59036
   1565.0   0.59255
   1570.0   0.59278
   1575.0   0.59331
   1580.0   0.59233
   1585.0   0.59386
   1590.0   0.59260
   1595.0   0.59363
   1600.0   0.59446
   1605.0   0.59714
   1610.0   0.59658
   1615.0   0.59557
   1620.0   0.59508
   1625.0   0.59533
   1630.0   0.59553
   1635.0   0.59691
   1640.0   0.59745
   1645.0   0.59662
   1650.0   0.59800
   1655.0   0.59851
   1660.0   0.59929
   1665.0   0.59630
   1670.0   0.59599
   1675.0   0.59887
   1680.0   0.59884
   1685.0   0.59769
   1690.0   0.59969
   1695.0   0.59853
   1700.0   0.59848
   1705.0   0.59730
   1710.0   0.59841
   1715.0   0.59895
   1720.0   0.60037
   1725.0   0.59887
   1730.0   0.59693
   1735.0   0.59684
   1740.0   0.59712
   1745.0   0.59700
   1750.0   0.59697
   1755.0   0.59796
   1760.0   0.59657
   1765.0   0.59668
   1770.0   0.59836
   1775.0   0.59730
   1780.0   0.59730
   1785.0   0.59624
   1790.0   0.59699
   1795.0   0.59546
   1800.0   0.59448
   1805.0   0.59608
   1810.0   0.59630
   1815.0   0.59580
   1820.0   0.59431
   1825.0   0.59433
   1830.0   0.59550
   1835.0   0.59381
   1840.0   0.59214
   1845.0   0.59555
   1850.0   0.59606
   1855.0   0.59570
   1860.0   0.59350
   1865.0   0.59351
   1870.0   0.58776
   1875.0   0.58257
   1880.0   0.58432
   1885.0   0.57444
   1890.0   0.55937
   1895.0   0.54344
   1900.0   0.52322
   1905.0   0.49906
   1910.0   0.48211
   1915.0   0.47478
   1920.0   0.47651
   1925.0   0.48163
   1930.0   0.49057
   1935.0   0.49794
   1940.0   0.50400
   1945.0   0.50896
   1950.0   0.51306
   1955.0   0.51630
   1960.0   0.51893
   1965.0   0.52133
   1970.0   0.52554
   1975.0   0.53078
   1980.0   0.53287
   1985.0   0.53559
   1990.0   0.53853
   1995.0   0.54244
   2000.0   0.54439
   2005.0   0.54585
   2010.0   0.54952
   2015.0   0.55421
   2020.0   0.55513
   2025.0   0.55912
   2030.0   0.56039
   2035.0   0.56386
   2040.0   0.56590
   2045.0   0.56601
   2050.0   0.56714
   2055.0   0.56957
   2060.0   0.56958
   2065.0   0.57080
   2070.0   0.57193
   2075.0   0.57347
   2080.0   0.57251
   2085.0   0.57183
   2090.0   0.57249
   2095.0   0.56985
   2100.0   0.57177
   2105.0   0.57597
   2110.0   0.57541
   2115.0   0.57488
   2120.0   0.57402
   2125.0   0.57547
   2130.0   0.57662
   2135.0   0.57605
   2140.0   0.57469
   2145.0   0.57182
   2150.0   0.56946
   2155.0   0.56719
   2160.0   0.56642
   2165.0   0.56482
   2170.0   0.56312
   2175.0   0.55944
   2180.0   0.55501
   2185.0   0.55235
   2190.0   0.54698
   2195.0   0.54037
   2200.0   0.53510
   2205.0   0.52981
   2210.0   0.52407
   2215.0   0.52367
   2220.0   0.52864
   2225.0   0.52977
   2230.0   0.53283
   2235.0   0.53475
   2240.0   0.53601
   2245.0   0.53578
   2250.0   0.53613
   2255.0   0.53671
   2260.0   0.53764
   2265.0   0.53981
   2270.0   0.54289
   2275.0   0.54331
   2280.0   0.54407
   2285.0   0.54106
   2290.0   0.53886
   2295.0   0.53852
   2300.0   0.53646
   2305.0   0.53253
   2310.0   0.53005
   2315.0   0.52604
   2320.0   0.52474
   2325.0   0.52317
   2330.0   0.52180
   2335.0   0.52028
   2340.0   0.51662
   2345.0   0.51282
   2350.0   0.51031
   2355.0   0.50927
   2360.0   0.50821
   2365.0   0.50723
   2370.0   0.50526
   2375.0   0.50268
   2380.0   0.50074
   2385.0   0.49949
   2390.0   0.49608
   2395.0   0.49195
   2400.0   0.49265
   2405.0   0.49425
   2410.0   0.49146
   2415.0   0.48702
   2420.0   0.48276
   2425.0   0.47870
   2430.0   0.47452
   2435.0   0.46880
   2440.0   0.46705
   2445.0   0.46572
   2450.0   0.46334
   2455.0   0.45875
   2460.0   0.45649
   2465.0   0.45255
   2470.0   0.45102
   2475.0   0.44796
   2480.0   0.44506
   2485.0   0.44165
   2490.0   0.43812
   2495.0   0.43522
   2500.0   0.43512
   2505.0   0.43281
   2510.0   0.43228
   2515.0   0.43099
   2520.0   0.42910
   2525.0   0.42738
   2530.0   0.42511
   2535.0   0.42381
   2540.0   0.42741
   2545.0   0.42579
   2550.0   0.42467
   2555.0   0.42714
   2560.0   0.42300
   2565.0   0.41282
   2570.0   0.42600
   2575.0   0.41881
   2580.0   0.42068
   2585.0   0.41420
   2590.0   0.41598
   2595.0   0.41214
   2600.0   0.41601
   2605.0   0.41191
   2610.0   0.40948
   2615.0   0.41021
   2620.0   0.40331
   2625.0   0.40736
   2630.0   0.39822
   2635.0   0.39738
   2640.0   0.39739
   2645.0   0.38605
   2650.0   0.38044
   2655.0   0.37311
   2660.0   0.36395
   2665.0   0.35628
   2670.0   0.34387
   2675.0   0.33505
   2680.0   0.32378
   2685.0   0.30809
   2690.0   0.28046
   2695.0   0.24831
   2700.0   0.21397
   2705.0   0.17364
   2710.0   0.14153
   2715.0   0.11930
   2720.0   0.10658
   2725.0   0.09705
   2730.0   0.08691
   2735.0   0.07230
   2740.0   0.06150
   2745.0   0.05365
   2750.0   0.04595
   2755.0   0.03982
   2760.0   0.03440
   2765.0   0.02887
   2770.0   0.03298
   2775.0   0.03303
   2780.0   0.03618
   2785.0   0.04052
   2790.0   0.04149
   2795.0   0.04105
   2800.0   0.04571
   2805.0   0.04638
   2810.0   0.04680
   2815.0   0.04987
   2820.0   0.04469
   2825.0   0.04925
   2830.0   0.05015
   2835.0   0.04606
   2840.0   0.05176
   2845.0   0.04749
   2850.0   0.05045
   2855.0   0.04752
   2860.0   0.04747
   2865.0   0.04314
   2870.0   0.04442
   2875.0   0.04482
   2880.0   0.04396
   2885.0   0.04561
   2890.0   0.04260
   2895.0   0.04599
   2900.0   0.04404
   2905.0   0.04069
   2910.0   0.04246
   2915.0   0.04410
   2920.0   0.04566
   2925.0   0.04611
   2930.0   0.04326
   2935.0   0.04487
   2940.0   0.04528
   2945.0   0.04368
   2950.0   0.04367
   2955.0   0.04325
   2960.0   0.04542
   2965.0   0.04246
   2970.0   0.04489
   2975.0   0.04546
   2980.0   0.04700
   2985.0   0.04728
   2990.0   0.04737
   2995.0   0.04740
   3000.0   0.04865
   3005.0   0.04838
   3010.0   0.05009
   3015.0   0.05228
   3020.0   0.05199
   3025.0   0.05523
   3030.0   0.05235
   3035.0   0.05446
   3040.0   0.05492
   3045.0   0.05597
   3050.0   0.05746
   3055.0   0.05779
   3060.0   0.05530
   3065.0   0.05841
   3070.0   0.05916
   3075.0   0.05991
   3080.0   0.06069
   3085.0   0.06012
   3090.0   0.06030
   3095.0   0.06165
   3100.0   0.06323
   3105.0   0.06219
   3110.0   0.06445
   3115.0   0.06529
   3120.0   0.06683
   3125.0   0.06850
   3130.0   0.07006
   3135.0   0.07023
   3140.0   0.07212
   3145.0   0.07258
   3150.0   0.07702
   3155.0   0.07852
   3160.0   0.07978
   3165.0   0.08250
   3170.0   0.08307
   3175.0   0.08573
   3180.0   0.08705
   3185.0   0.08956
   3190.0   0.09025
   3195.0   0.09383
   3200.0   0.09507
   3205.0   0.09665
   3210.0   0.09928
   3215.0   0.10279
   3220.0   0.10514
   3225.0   0.10640
   3230.0   0.10970
   3235.0   0.11115
   3240.0   0.11329
   3245.0   0.11620
   3250.0   0.12044
   3255.0   0.11998
   3260.0   0.12334
   3265.0   0.12558
   3270.0   0.12738
   3275.0   0.12983
   3280.0   0.13309
   3285.0   0.13510
   3290.0   0.13870
   3295.0   0.14058
   3300.0   0.14364
   3305.0   0.14451
   3310.0   0.14805
   3315.0   0.15159
   3320.0   0.15443
   3325.0   0.15695
   3330.0   0.15909
   3335.0   0.16126
   3340.0   0.16469
   3345.0   0.16730
   3350.0   0.16863
   3355.0   0.16911
   3360.0   0.17045
   3365.0   0.17367
   3370.0   0.17544
   3375.0   0.17815
   3380.0   0.17958
   3385.0   0.18281
   3390.0   0.18307
   3395.0   0.18611
   3400.0   0.19045
   3405.0   0.18923
   3410.0   0.19520
   3415.0   0.19796
   3420.0   0.20123
   3425.0   0.20555
   3430.0   0.20781
   3435.0   0.20999
   3440.0   0.21293
   3445.0   0.21546
   3450.0   0.21777
   3455.0   0.21936
   3460.0   0.22222
   3465.0   0.22374
   3470.0   0.22613
   3475.0   0.22218
   3480.0   0.22415
   3485.0   0.22392
   3490.0   0.22698
   3495.0   0.23243
   3500.0   0.23375
   3505.0   0.23823
   3510.0   0.23711
   3515.0   0.24609
   3520.0   0.24458
   3525.0   0.25559
   3530.0   0.26104
   3535.0   0.26505
   3540.0   0.26864
   3545.0   0.26822
   3550.0   0.27028
   3555.0   0.27692
   3560.0   0.27662
   3565.0   0.28163
   3570.0   0.27891
   3575.0   0.29487
   3580.0   0.28438
   3585.0   0.29656
   3590.0   0.28651
   3595.0   0.30598
   3600.0   0.29246



 C2NV09      .ASC                        

 NV-RBS-009                                                              
 CN-22B @ I=35.5,E=0                                                     
 RATIOS ADJUSTED USING NBS HALON CALIBRATION TABLE                       

 Source Ang: 35.00   Detect Ang:  0.00  Volt: 0.222
 Date: 20-JAN-89   Time: 15:55:38
