   661
    300.0   0.07125
    305.0   0.06840
    310.0   0.06792
    315.0   0.06530
    320.0   0.06928
    325.0   0.07039
    330.0   0.07099
    335.0   0.07146
    340.0   0.07208
    345.0   0.07246
    350.0   0.07286
    355.0   0.07344
    360.0   0.07381
    365.0   0.07411
    370.0   0.07469
    375.0   0.07483
    380.0   0.07525
    385.0   0.07546
    390.0   0.07593
    395.0   0.07617
    400.0   0.07661
    405.0   0.07721
    410.0   0.07920
    415.0   0.07914
    420.0   0.07959
    425.0   0.08030
    430.0   0.08142
    435.0   0.08195
    440.0   0.08324
    445.0   0.08464
    450.0   0.08597
    455.0   0.08707
    460.0   0.08834
    465.0   0.08966
    470.0   0.09070
    475.0   0.09203
    480.0   0.09320
    485.0   0.09401
    490.0   0.09506
    495.0   0.09640
    500.0   0.09797
    505.0   0.09922
    510.0   0.10078
    515.0   0.10217
    520.0   0.10363
    525.0   0.10573
    530.0   0.10817
    535.0   0.11160
    540.0   0.11545
    545.0   0.12092
    550.0   0.12836
    555.0   0.13849
    560.0   0.15205
    565.0   0.16975
    570.0   0.19132
    575.0   0.21791
    580.0   0.24752
    585.0   0.27872
    590.0   0.31077
    595.0   0.34175
    600.0   0.36989
    605.0   0.39366
    610.0   0.41464
    615.0   0.43089
    620.0   0.44538
    625.0   0.45643
    630.0   0.46795
    635.0   0.47726
    640.0   0.48577
    645.0   0.49470
    650.0   0.50364
    655.0   0.51330
    660.0   0.52235
    665.0   0.53303
    670.0   0.54305
    675.0   0.55335
    680.0   0.56409
    685.0   0.57588
    690.0   0.58697
    695.0   0.59918
    700.0   0.61035
    705.0   0.62033
    710.0   0.63123
    715.0   0.64115
    720.0   0.64922
    725.0   0.65837
    730.0   0.66574
    735.0   0.67112
    740.0   0.67662
    745.0   0.67926
    750.0   0.68211
    755.0   0.68239
    760.0   0.68561
    765.0   0.68472
    770.0   0.68312
    775.0   0.67992
    780.0   0.67578
    785.0   0.67301
    790.0   0.66983
    795.0   0.66609
    800.0   0.66148
    805.0   0.65799
    810.0   0.65431
    815.0   0.65121
    820.0   0.64713
    825.0   0.64595
    830.0   0.64294
    835.0   0.64060
    840.0   0.63835
    845.0   0.63799
    850.0   0.63672
    855.0   0.63754
    860.0   0.63738
    865.0   0.63959
    870.0   0.63956
    875.0   0.64157
    880.0   0.64330
    885.0   0.64593
    890.0   0.65031
    895.0   0.65353
    900.0   0.65843
    905.0   0.66358
    910.0   0.66697
    915.0   0.67239
    920.0   0.67899
    925.0   0.68528
    930.0   0.69129
    935.0   0.69688
    940.0   0.70402
    945.0   0.71011
    950.0   0.71657
    955.0   0.72239
    960.0   0.72905
    965.0   0.73652
    970.0   0.74300
    975.0   0.74996
    980.0   0.75558
    985.0   0.75986
    990.0   0.76441
    995.0   0.76669
   1000.0   0.77084
   1005.0   0.77484
   1010.0   0.77779
   1015.0   0.78126
   1020.0   0.78319
   1025.0   0.78677
   1030.0   0.78926
   1035.0   0.79217
   1040.0   0.79515
   1045.0   0.79560
   1050.0   0.79415
   1055.0   0.79722
   1060.0   0.79799
   1065.0   0.79991
   1070.0   0.79946
   1075.0   0.79708
   1080.0   0.79357
   1085.0   0.80217
   1090.0   0.80188
   1095.0   0.80271
   1100.0   0.80361
   1105.0   0.80442
   1110.0   0.80511
   1115.0   0.80409
   1120.0   0.80373
   1125.0   0.80398
   1130.0   0.80489
   1135.0   0.80494
   1140.0   0.80581
   1145.0   0.80548
   1150.0   0.80480
   1155.0   0.80482
   1160.0   0.80660
   1165.0   0.80710
   1170.0   0.80543
   1175.0   0.80627
   1180.0   0.80386
   1185.0   0.80650
   1190.0   0.80501
   1195.0   0.80489
   1200.0   0.80768
   1205.0   0.80309
   1210.0   0.80169
   1215.0   0.80210
   1220.0   0.80423
   1225.0   0.80154
   1230.0   0.79918
   1235.0   0.79608
   1240.0   0.79591
   1245.0   0.79532
   1250.0   0.79493
   1255.0   0.79620
   1260.0   0.79438
   1265.0   0.79071
   1270.0   0.78860
   1275.0   0.78690
   1280.0   0.78905
   1285.0   0.79368
   1290.0   0.79639
   1295.0   0.79886
   1300.0   0.79927
   1305.0   0.79883
   1310.0   0.79883
   1315.0   0.80088
   1320.0   0.79687
   1325.0   0.79657
   1330.0   0.79658
   1335.0   0.79455
   1340.0   0.79092
   1345.0   0.79259
   1350.0   0.79051
   1355.0   0.79050
   1360.0   0.78894
   1365.0   0.79042
   1370.0   0.79434
   1375.0   0.79311
   1380.0   0.78865
   1385.0   0.78394
   1390.0   0.78597
   1395.0   0.77756
   1400.0   0.77372
   1405.0   0.77225
   1410.0   0.76533
   1415.0   0.75900
   1420.0   0.74591
   1425.0   0.71811
   1430.0   0.66174
   1435.0   0.68288
   1440.0   0.71771
   1445.0   0.73316
   1450.0   0.73711
   1455.0   0.72856
   1460.0   0.71717
   1465.0   0.71354
   1470.0   0.71062
   1475.0   0.68195
   1480.0   0.60865
   1485.0   0.65445
   1490.0   0.71511
   1495.0   0.73158
   1500.0   0.73639
   1505.0   0.74662
   1510.0   0.76027
   1515.0   0.77069
   1520.0   0.77699
   1525.0   0.77952
   1530.0   0.78310
   1535.0   0.78319
   1540.0   0.78566
   1545.0   0.78733
   1550.0   0.78857
   1555.0   0.79106
   1560.0   0.79028
   1565.0   0.79091
   1570.0   0.79258
   1575.0   0.79488
   1580.0   0.79486
   1585.0   0.79097
   1590.0   0.79288
   1595.0   0.79291
   1600.0   0.79270
   1605.0   0.79211
   1610.0   0.79471
   1615.0   0.79566
   1620.0   0.79610
   1625.0   0.79572
   1630.0   0.79606
   1635.0   0.79806
   1640.0   0.79678
   1645.0   0.79781
   1650.0   0.79605
   1655.0   0.79214
   1660.0   0.79089
   1665.0   0.79199
   1670.0   0.79138
   1675.0   0.79237
   1680.0   0.79246
   1685.0   0.78858
   1690.0   0.78755
   1695.0   0.78964
   1700.0   0.78690
   1705.0   0.78581
   1710.0   0.78469
   1715.0   0.78197
   1720.0   0.77821
   1725.0   0.77588
   1730.0   0.76818
   1735.0   0.75842
   1740.0   0.75057
   1745.0   0.74235
   1750.0   0.73304
   1755.0   0.72112
   1760.0   0.71395
   1765.0   0.70660
   1770.0   0.70200
   1775.0   0.70379
   1780.0   0.71453
   1785.0   0.72560
   1790.0   0.73809
   1795.0   0.75677
   1800.0   0.77065
   1805.0   0.77625
   1810.0   0.77865
   1815.0   0.78033
   1820.0   0.78176
   1825.0   0.78351
   1830.0   0.78322
   1835.0   0.78182
   1840.0   0.77907
   1845.0   0.78249
   1850.0   0.78213
   1855.0   0.78139
   1860.0   0.77915
   1865.0   0.77771
   1870.0   0.77030
   1875.0   0.76696
   1880.0   0.77762
   1885.0   0.77103
   1890.0   0.75913
   1895.0   0.75124
   1900.0   0.74048
   1905.0   0.72693
   1910.0   0.72421
   1915.0   0.72070
   1920.0   0.71850
   1925.0   0.71933
   1930.0   0.72230
   1935.0   0.72395
   1940.0   0.72573
   1945.0   0.72640
   1950.0   0.72537
   1955.0   0.72332
   1960.0   0.72344
   1965.0   0.72287
   1970.0   0.72142
   1975.0   0.72311
   1980.0   0.72797
   1985.0   0.72748
   1990.0   0.72477
   1995.0   0.71932
   2000.0   0.71375
   2005.0   0.70862
   2010.0   0.70037
   2015.0   0.69396
   2020.0   0.69334
   2025.0   0.69467
   2030.0   0.69401
   2035.0   0.69095
   2040.0   0.68574
   2045.0   0.68149
   2050.0   0.67632
   2055.0   0.67265
   2060.0   0.66774
   2065.0   0.66388
   2070.0   0.66364
   2075.0   0.66407
   2080.0   0.66270
   2085.0   0.66151
   2090.0   0.65781
   2095.0   0.65299
   2100.0   0.64679
   2105.0   0.63805
   2110.0   0.62638
   2115.0   0.61076
   2120.0   0.59227
   2125.0   0.57132
   2130.0   0.54827
   2135.0   0.53067
   2140.0   0.51755
   2145.0   0.50354
   2150.0   0.49010
   2155.0   0.47694
   2160.0   0.46056
   2165.0   0.45424
   2170.0   0.45395
   2175.0   0.45606
   2180.0   0.45940
   2185.0   0.45656
   2190.0   0.46584
   2195.0   0.48692
   2200.0   0.51539
   2205.0   0.53320
   2210.0   0.51093
   2215.0   0.49511
   2220.0   0.52511
   2225.0   0.57048
   2230.0   0.61453
   2235.0   0.64275
   2240.0   0.65727
   2245.0   0.66861
   2250.0   0.67798
   2255.0   0.68296
   2260.0   0.68453
   2265.0   0.68603
   2270.0   0.68716
   2275.0   0.68632
   2280.0   0.68351
   2285.0   0.67929
   2290.0   0.68111
   2295.0   0.67958
   2300.0   0.67252
   2305.0   0.66169
   2310.0   0.64167
   2315.0   0.60316
   2320.0   0.56712
   2325.0   0.55008
   2330.0   0.55679
   2335.0   0.57925
   2340.0   0.60082
   2345.0   0.62464
   2350.0   0.64581
   2355.0   0.65355
   2360.0   0.65893
   2365.0   0.65775
   2370.0   0.64941
   2375.0   0.63447
   2380.0   0.61077
   2385.0   0.58027
   2390.0   0.54547
   2395.0   0.51509
   2400.0   0.49834
   2405.0   0.49429
   2410.0   0.49473
   2415.0   0.49120
   2420.0   0.47842
   2425.0   0.46283
   2430.0   0.44388
   2435.0   0.42684
   2440.0   0.42566
   2445.0   0.43786
   2450.0   0.44576
   2455.0   0.44955
   2460.0   0.44623
   2465.0   0.43483
   2470.0   0.41996
   2475.0   0.41962
   2480.0   0.43320
   2485.0   0.44549
   2490.0   0.45037
   2495.0   0.43533
   2500.0   0.41379
   2505.0   0.39532
   2510.0   0.36791
   2515.0   0.34045
   2520.0   0.33202
   2525.0   0.34621
   2530.0   0.37183
   2535.0   0.39282
   2540.0   0.41048
   2545.0   0.42272
   2550.0   0.42751
   2555.0   0.44024
   2560.0   0.43913
   2565.0   0.42853
   2570.0   0.43393
   2575.0   0.43243
   2580.0   0.43533
   2585.0   0.43106
   2590.0   0.43305
   2595.0   0.43993
   2600.0   0.45452
   2605.0   0.46674
   2610.0   0.47177
   2615.0   0.48219
   2620.0   0.48963
   2625.0   0.49777
   2630.0   0.50373
   2635.0   0.51271
   2640.0   0.52323
   2645.0   0.52585
   2650.0   0.51778
   2655.0   0.50180
   2660.0   0.47915
   2665.0   0.45343
   2670.0   0.43249
   2675.0   0.41883
   2680.0   0.40677
   2685.0   0.38969
   2690.0   0.35684
   2695.0   0.31437
   2700.0   0.26619
   2705.0   0.20935
   2710.0   0.16185
   2715.0   0.12913
   2720.0   0.11307
   2725.0   0.11305
   2730.0   0.11995
   2735.0   0.11773
   2740.0   0.11180
   2745.0   0.10432
   2750.0   0.10094
   2755.0   0.09963
   2760.0   0.09383
   2765.0   0.08800
   2770.0   0.07167
   2775.0   0.07503
   2780.0   0.07434
   2785.0   0.07253
   2790.0   0.07592
   2795.0   0.07458
   2800.0   0.06612
   2805.0   0.06776
   2810.0   0.06973
   2815.0   0.06372
   2820.0   0.06106
   2825.0   0.05713
   2830.0   0.05713
   2835.0   0.05250
   2840.0   0.04822
   2845.0   0.04737
   2850.0   0.04520
   2855.0   0.04316
   2860.0   0.04596
   2865.0   0.05181
   2870.0   0.05601
   2875.0   0.05869
   2880.0   0.05686
   2885.0   0.05014
   2890.0   0.04723
   2895.0   0.04633
   2900.0   0.04178
   2905.0   0.04339
   2910.0   0.04310
   2915.0   0.04143
   2920.0   0.04390
   2925.0   0.04277
   2930.0   0.04296
   2935.0   0.04539
   2940.0   0.04832
   2945.0   0.04686
   2950.0   0.04881
   2955.0   0.04798
   2960.0   0.04864
   2965.0   0.04979
   2970.0   0.05422
   2975.0   0.05616
   2980.0   0.06036
   2985.0   0.05998
   2990.0   0.06316
   2995.0   0.06691
   3000.0   0.06979
   3005.0   0.07275
   3010.0   0.07692
   3015.0   0.07953
   3020.0   0.08045
   3025.0   0.08323
   3030.0   0.08382
   3035.0   0.08864
   3040.0   0.08972
   3045.0   0.09160
   3050.0   0.09366
   3055.0   0.09394
   3060.0   0.09524
   3065.0   0.09378
   3070.0   0.09495
   3075.0   0.09430
   3080.0   0.09465
   3085.0   0.09489
   3090.0   0.09658
   3095.0   0.09903
   3100.0   0.10220
   3105.0   0.10615
   3110.0   0.11078
   3115.0   0.11412
   3120.0   0.11616
   3125.0   0.11945
   3130.0   0.12149
   3135.0   0.12328
   3140.0   0.12528
   3145.0   0.12891
   3150.0   0.13366
   3155.0   0.13849
   3160.0   0.14041
   3165.0   0.14177
   3170.0   0.14334
   3175.0   0.14746
   3180.0   0.15012
   3185.0   0.15279
   3190.0   0.15491
   3195.0   0.15839
   3200.0   0.16125
   3205.0   0.16452
   3210.0   0.16545
   3215.0   0.16712
   3220.0   0.17048
   3225.0   0.17239
   3230.0   0.17304
   3235.0   0.17561
   3240.0   0.17807
   3245.0   0.17863
   3250.0   0.18073
   3255.0   0.18293
   3260.0   0.18594
   3265.0   0.18751
   3270.0   0.18894
   3275.0   0.19121
   3280.0   0.19335
   3285.0   0.19637
   3290.0   0.19757
   3295.0   0.19716
   3300.0   0.19883
   3305.0   0.20282
   3310.0   0.20262
   3315.0   0.20722
   3320.0   0.21046
   3325.0   0.21320
   3330.0   0.21736
   3335.0   0.22030
   3340.0   0.22486
   3345.0   0.22764
   3350.0   0.22904
   3355.0   0.23226
   3360.0   0.23885
   3365.0   0.24299
   3370.0   0.24458
   3375.0   0.25089
   3380.0   0.25448
   3385.0   0.25837
   3390.0   0.26107
   3395.0   0.26425
   3400.0   0.26813
   3405.0   0.27174
   3410.0   0.27251
   3415.0   0.27437
   3420.0   0.27843
   3425.0   0.28237
   3430.0   0.28470
   3435.0   0.29028
   3440.0   0.29502
   3445.0   0.30035
   3450.0   0.30622
   3455.0   0.30911
   3460.0   0.31336
   3465.0   0.31708
   3470.0   0.32297
   3475.0   0.32368
   3480.0   0.33016
   3485.0   0.32702
   3490.0   0.33010
   3495.0   0.33591
   3500.0   0.34331
   3505.0   0.34125
   3510.0   0.34598
   3515.0   0.35120
   3520.0   0.34844
   3525.0   0.35871
   3530.0   0.34892
   3535.0   0.36226
   3540.0   0.36272
   3545.0   0.37139
   3550.0   0.36915
   3555.0   0.37919
   3560.0   0.37828
   3565.0   0.38366
   3570.0   0.38414
   3575.0   0.39162
   3580.0   0.39557
   3585.0   0.39516
   3590.0   0.40377
   3595.0   0.40005
   3600.0   0.40032



 C2NV05      .ASC                        

 NV-RBS-005                                                              
 CN-16B CHIP  AT 35.5,0                                                  
 RATIOS ADJUSTED USING NBS HALON CALIBRATION TABLE                       

 Source Ang: 35.00   Detect Ang:  0.00  Volt: 0.222
 Date: 08-FEB-89   Time: 16:12:20
