   661
    300.0   0.25961
    305.0   0.26486
    310.0   0.27229
    315.0   0.27872
    320.0   0.28662
    325.0   0.29124
    330.0   0.29895
    335.0   0.30637
    340.0   0.31569
    345.0   0.32667
    350.0   0.33850
    355.0   0.35251
    360.0   0.37004
    365.0   0.38815
    370.0   0.40670
    375.0   0.42432
    380.0   0.44114
    385.0   0.45552
    390.0   0.46828
    395.0   0.47966
    400.0   0.48964
    405.0   0.49901
    410.0   0.51962
    415.0   0.52555
    420.0   0.53512
    425.0   0.54259
    430.0   0.55385
    435.0   0.56331
    440.0   0.57391
    445.0   0.58264
    450.0   0.59033
    455.0   0.59871
    460.0   0.60449
    465.0   0.61037
    470.0   0.61503
    475.0   0.61949
    480.0   0.62409
    485.0   0.62927
    490.0   0.63543
    495.0   0.64096
    500.0   0.64869
    505.0   0.65420
    510.0   0.66148
    515.0   0.66843
    520.0   0.67505
    525.0   0.68353
    530.0   0.68888
    535.0   0.69566
    540.0   0.70165
    545.0   0.70956
    550.0   0.71539
    555.0   0.72374
    560.0   0.73028
    565.0   0.73655
    570.0   0.74298
    575.0   0.74947
    580.0   0.75538
    585.0   0.75971
    590.0   0.76641
    595.0   0.76921
    600.0   0.77257
    605.0   0.77580
    610.0   0.77956
    615.0   0.78029
    620.0   0.78144
    625.0   0.78268
    630.0   0.78505
    635.0   0.78515
    640.0   0.78808
    645.0   0.78927
    650.0   0.79171
    655.0   0.79284
    660.0   0.79498
    665.0   0.79652
    670.0   0.79967
    675.0   0.80138
    680.0   0.80414
    685.0   0.80468
    690.0   0.80803
    695.0   0.80874
    700.0   0.81068
    705.0   0.81168
    710.0   0.81420
    715.0   0.81634
    720.0   0.81900
    725.0   0.82057
    730.0   0.81994
    735.0   0.82190
    740.0   0.82341
    745.0   0.82359
    750.0   0.82522
    755.0   0.82647
    760.0   0.82959
    765.0   0.83069
    770.0   0.83213
    775.0   0.83258
    780.0   0.83362
    785.0   0.83408
    790.0   0.83474
    795.0   0.83501
    800.0   0.83578
    805.0   0.83681
    810.0   0.83811
    815.0   0.83790
    820.0   0.83906
    825.0   0.83898
    830.0   0.83920
    835.0   0.83872
    840.0   0.83758
    845.0   0.83838
    850.0   0.83797
    855.0   0.83789
    860.0   0.83823
    865.0   0.83813
    870.0   0.83796
    875.0   0.83707
    880.0   0.83604
    885.0   0.83795
    890.0   0.83919
    895.0   0.83648
    900.0   0.83716
    905.0   0.83685
    910.0   0.83934
    915.0   0.83854
    920.0   0.83934
    925.0   0.83834
    930.0   0.83889
    935.0   0.83838
    940.0   0.83821
    945.0   0.83817
    950.0   0.83842
    955.0   0.83770
    960.0   0.83644
    965.0   0.83678
    970.0   0.83924
    975.0   0.83919
    980.0   0.84003
    985.0   0.84132
    990.0   0.84123
    995.0   0.84097
   1000.0   0.84176
   1005.0   0.84018
   1010.0   0.84207
   1015.0   0.84091
   1020.0   0.84209
   1025.0   0.84323
   1030.0   0.84196
   1035.0   0.84319
   1040.0   0.84401
   1045.0   0.84298
   1050.0   0.84413
   1055.0   0.84591
   1060.0   0.84613
   1065.0   0.84579
   1070.0   0.84562
   1075.0   0.84626
   1080.0   0.84597
   1085.0   0.84622
   1090.0   0.84614
   1095.0   0.84564
   1100.0   0.84599
   1105.0   0.84603
   1110.0   0.84722
   1115.0   0.84618
   1120.0   0.84607
   1125.0   0.84681
   1130.0   0.84619
   1135.0   0.84466
   1140.0   0.84543
   1145.0   0.84595
   1150.0   0.84357
   1155.0   0.84254
   1160.0   0.84228
   1165.0   0.84278
   1170.0   0.84386
   1175.0   0.84458
   1180.0   0.84383
   1185.0   0.84539
   1190.0   0.84488
   1195.0   0.84483
   1200.0   0.84462
   1205.0   0.84441
   1210.0   0.84449
   1215.0   0.84767
   1220.0   0.84676
   1225.0   0.84740
   1230.0   0.84827
   1235.0   0.84500
   1240.0   0.84364
   1245.0   0.84345
   1250.0   0.84470
   1255.0   0.84609
   1260.0   0.84719
   1265.0   0.84543
   1270.0   0.84676
   1275.0   0.84824
   1280.0   0.84842
   1285.0   0.84718
   1290.0   0.84591
   1295.0   0.84647
   1300.0   0.84875
   1305.0   0.84828
   1310.0   0.84798
   1315.0   0.84809
   1320.0   0.84581
   1325.0   0.84662
   1330.0   0.84553
   1335.0   0.84279
   1340.0   0.83898
   1345.0   0.83798
   1350.0   0.83474
   1355.0   0.82967
   1360.0   0.82842
   1365.0   0.83311
   1370.0   0.82259
   1375.0   0.81801
   1380.0   0.79862
   1385.0   0.79971
   1390.0   0.78846
   1395.0   0.77611
   1400.0   0.76972
   1405.0   0.76245
   1410.0   0.75669
   1415.0   0.75086
   1420.0   0.75364
   1425.0   0.75556
   1430.0   0.75696
   1435.0   0.75952
   1440.0   0.76428
   1445.0   0.76497
   1450.0   0.76570
   1455.0   0.76655
   1460.0   0.76434
   1465.0   0.76680
   1470.0   0.76842
   1475.0   0.76921
   1480.0   0.76773
   1485.0   0.77500
   1490.0   0.78079
   1495.0   0.78498
   1500.0   0.78766
   1505.0   0.78914
   1510.0   0.79269
   1515.0   0.79242
   1520.0   0.79386
   1525.0   0.79723
   1530.0   0.79937
   1535.0   0.80026
   1540.0   0.80139
   1545.0   0.80311
   1550.0   0.80429
   1555.0   0.80558
   1560.0   0.80830
   1565.0   0.81000
   1570.0   0.80920
   1575.0   0.80995
   1580.0   0.80932
   1585.0   0.81270
   1590.0   0.80975
   1595.0   0.81417
   1600.0   0.81222
   1605.0   0.81457
   1610.0   0.81614
   1615.0   0.81596
   1620.0   0.81296
   1625.0   0.81431
   1630.0   0.81177
   1635.0   0.81333
   1640.0   0.81306
   1645.0   0.80928
   1650.0   0.81088
   1655.0   0.80940
   1660.0   0.80952
   1665.0   0.81222
   1670.0   0.81022
   1675.0   0.81230
   1680.0   0.81168
   1685.0   0.81168
   1690.0   0.81291
   1695.0   0.81035
   1700.0   0.81136
   1705.0   0.80770
   1710.0   0.80884
   1715.0   0.80691
   1720.0   0.80812
   1725.0   0.80605
   1730.0   0.80447
   1735.0   0.80299
   1740.0   0.80125
   1745.0   0.79998
   1750.0   0.79917
   1755.0   0.79866
   1760.0   0.79783
   1765.0   0.79565
   1770.0   0.79469
   1775.0   0.79282
   1780.0   0.79242
   1785.0   0.79131
   1790.0   0.79230
   1795.0   0.79022
   1800.0   0.79075
   1805.0   0.79260
   1810.0   0.79302
   1815.0   0.79181
   1820.0   0.79121
   1825.0   0.79147
   1830.0   0.79151
   1835.0   0.78857
   1840.0   0.78810
   1845.0   0.79177
   1850.0   0.78792
   1855.0   0.78674
   1860.0   0.78022
   1865.0   0.77370
   1870.0   0.75139
   1875.0   0.73999
   1880.0   0.71911
   1885.0   0.68650
   1890.0   0.66189
   1895.0   0.63921
   1900.0   0.61475
   1905.0   0.60222
   1910.0   0.60125
   1915.0   0.60230
   1920.0   0.60714
   1925.0   0.61520
   1930.0   0.62064
   1935.0   0.62574
   1940.0   0.63026
   1945.0   0.63487
   1950.0   0.63755
   1955.0   0.64078
   1960.0   0.64710
   1965.0   0.65439
   1970.0   0.65817
   1975.0   0.66375
   1980.0   0.67038
   1985.0   0.67472
   1990.0   0.68006
   1995.0   0.68560
   2000.0   0.69020
   2005.0   0.69585
   2010.0   0.69836
   2015.0   0.70399
   2020.0   0.70943
   2025.0   0.71276
   2030.0   0.71317
   2035.0   0.71672
   2040.0   0.72176
   2045.0   0.72359
   2050.0   0.72576
   2055.0   0.72881
   2060.0   0.72780
   2065.0   0.72724
   2070.0   0.72890
   2075.0   0.73312
   2080.0   0.73392
   2085.0   0.73568
   2090.0   0.73500
   2095.0   0.73532
   2100.0   0.73542
   2105.0   0.73459
   2110.0   0.73290
   2115.0   0.73177
   2120.0   0.73165
   2125.0   0.73070
   2130.0   0.73035
   2135.0   0.73147
   2140.0   0.73100
   2145.0   0.72585
   2150.0   0.72464
   2155.0   0.71975
   2160.0   0.71649
   2165.0   0.71377
   2170.0   0.70805
   2175.0   0.70413
   2180.0   0.70105
   2185.0   0.69862
   2190.0   0.69566
   2195.0   0.69039
   2200.0   0.68538
   2205.0   0.68033
   2210.0   0.67417
   2215.0   0.67223
   2220.0   0.67523
   2225.0   0.67774
   2230.0   0.68033
   2235.0   0.67934
   2240.0   0.67872
   2245.0   0.67791
   2250.0   0.67706
   2255.0   0.67764
   2260.0   0.67697
   2265.0   0.67785
   2270.0   0.67855
   2275.0   0.67861
   2280.0   0.68121
   2285.0   0.68511
   2290.0   0.68595
   2295.0   0.68491
   2300.0   0.68643
   2305.0   0.68459
   2310.0   0.68154
   2315.0   0.68209
   2320.0   0.68176
   2325.0   0.68066
   2330.0   0.68196
   2335.0   0.68318
   2340.0   0.68232
   2345.0   0.68226
   2350.0   0.68411
   2355.0   0.68524
   2360.0   0.68404
   2365.0   0.68334
   2370.0   0.67932
   2375.0   0.67406
   2380.0   0.66995
   2385.0   0.66566
   2390.0   0.65999
   2395.0   0.65260
   2400.0   0.64733
   2405.0   0.64412
   2410.0   0.64109
   2415.0   0.63439
   2420.0   0.62876
   2425.0   0.62261
   2430.0   0.61816
   2435.0   0.61154
   2440.0   0.60600
   2445.0   0.59999
   2450.0   0.59500
   2455.0   0.59083
   2460.0   0.58452
   2465.0   0.58021
   2470.0   0.57400
   2475.0   0.56990
   2480.0   0.56813
   2485.0   0.56310
   2490.0   0.55984
   2495.0   0.55757
   2500.0   0.55312
   2505.0   0.54712
   2510.0   0.54203
   2515.0   0.53554
   2520.0   0.53664
   2525.0   0.53644
   2530.0   0.53390
   2535.0   0.53601
   2540.0   0.53968
   2545.0   0.53256
   2550.0   0.53935
   2555.0   0.54421
   2560.0   0.53021
   2565.0   0.52958
   2570.0   0.53339
   2575.0   0.52667
   2580.0   0.52479
   2585.0   0.51705
   2590.0   0.52540
   2595.0   0.51720
   2600.0   0.52606
   2605.0   0.51719
   2610.0   0.51784
   2615.0   0.51263
   2620.0   0.50912
   2625.0   0.50690
   2630.0   0.50400
   2635.0   0.50016
   2640.0   0.48942
   2645.0   0.47465
   2650.0   0.45810
   2655.0   0.44283
   2660.0   0.42396
   2665.0   0.40346
   2670.0   0.38779
   2675.0   0.37139
   2680.0   0.34913
   2685.0   0.31174
   2690.0   0.27445
   2695.0   0.23443
   2700.0   0.19847
   2705.0   0.16497
   2710.0   0.14211
   2715.0   0.12568
   2720.0   0.11209
   2725.0   0.10364
   2730.0   0.09162
   2735.0   0.08598
   2740.0   0.07861
   2745.0   0.07061
   2750.0   0.06604
   2755.0   0.06010
   2760.0   0.06368
   2765.0   0.06894
   2770.0   0.06941
   2775.0   0.06769
   2780.0   0.06313
   2785.0   0.06711
   2790.0   0.05937
   2795.0   0.05709
   2800.0   0.05826
   2805.0   0.05361
   2810.0   0.05766
   2815.0   0.05411
   2820.0   0.05667
   2825.0   0.05455
   2830.0   0.05093
   2835.0   0.05049
   2840.0   0.04854
   2845.0   0.04551
   2850.0   0.04523
   2855.0   0.04534
   2860.0   0.04162
   2865.0   0.04566
   2870.0   0.04046
   2875.0   0.04197
   2880.0   0.04241
   2885.0   0.04138
   2890.0   0.04066
   2895.0   0.04289
   2900.0   0.04400
   2905.0   0.04372
   2910.0   0.04535
   2915.0   0.04071
   2920.0   0.04436
   2925.0   0.04190
   2930.0   0.04567
   2935.0   0.04195
   2940.0   0.04224
   2945.0   0.04430
   2950.0   0.04713
   2955.0   0.04273
   2960.0   0.04335
   2965.0   0.04432
   2970.0   0.04466
   2975.0   0.04250
   2980.0   0.04375
   2985.0   0.04695
   2990.0   0.04512
   2995.0   0.04481
   3000.0   0.04556
   3005.0   0.04444
   3010.0   0.04468
   3015.0   0.04707
   3020.0   0.04646
   3025.0   0.04659
   3030.0   0.04689
   3035.0   0.04868
   3040.0   0.04922
   3045.0   0.04956
   3050.0   0.04720
   3055.0   0.04898
   3060.0   0.04962
   3065.0   0.04956
   3070.0   0.04976
   3075.0   0.05130
   3080.0   0.05134
   3085.0   0.05060
   3090.0   0.05049
   3095.0   0.05068
   3100.0   0.05067
   3105.0   0.05139
   3110.0   0.05227
   3115.0   0.05214
   3120.0   0.05406
   3125.0   0.05517
   3130.0   0.05591
   3135.0   0.05535
   3140.0   0.05679
   3145.0   0.05719
   3150.0   0.05860
   3155.0   0.06035
   3160.0   0.06080
   3165.0   0.06184
   3170.0   0.06384
   3175.0   0.06619
   3180.0   0.06626
   3185.0   0.06734
   3190.0   0.07021
   3195.0   0.06973
   3200.0   0.07077
   3205.0   0.07219
   3210.0   0.07254
   3215.0   0.07478
   3220.0   0.07569
   3225.0   0.07446
   3230.0   0.07623
   3235.0   0.07735
   3240.0   0.07862
   3245.0   0.07993
   3250.0   0.08168
   3255.0   0.08143
   3260.0   0.08325
   3265.0   0.08570
   3270.0   0.08564
   3275.0   0.08684
   3280.0   0.08921
   3285.0   0.09024
   3290.0   0.09230
   3295.0   0.09201
   3300.0   0.09485
   3305.0   0.09657
   3310.0   0.09893
   3315.0   0.10068
   3320.0   0.10185
   3325.0   0.10453
   3330.0   0.10706
   3335.0   0.10814
   3340.0   0.11296
   3345.0   0.11258
   3350.0   0.11678
   3355.0   0.11944
   3360.0   0.12258
   3365.0   0.12371
   3370.0   0.12475
   3375.0   0.12708
   3380.0   0.13002
   3385.0   0.13234
   3390.0   0.13536
   3395.0   0.13917
   3400.0   0.14032
   3405.0   0.14400
   3410.0   0.14372
   3415.0   0.14731
   3420.0   0.14667
   3425.0   0.14858
   3430.0   0.15592
   3435.0   0.15940
   3440.0   0.16096
   3445.0   0.15838
   3450.0   0.16411
   3455.0   0.16769
   3460.0   0.17523
   3465.0   0.17528
   3470.0   0.17521
   3475.0   0.17782
   3480.0   0.18443
   3485.0   0.18726
   3490.0   0.18657
   3495.0   0.19139
   3500.0   0.19322
   3505.0   0.19592
   3510.0   0.19891
   3515.0   0.20128
   3520.0   0.20376
   3525.0   0.20873
   3530.0   0.21459
   3535.0   0.21164
   3540.0   0.21777
   3545.0   0.22232
   3550.0   0.22503
   3555.0   0.21980
   3560.0   0.22772
   3565.0   0.23221
   3570.0   0.24500
   3575.0   0.24532
   3580.0   0.23194
   3585.0   0.23852
   3590.0   0.25674
   3595.0   0.24927
   3600.0   0.25872



 C2NV01      .ASC                        

 NV-RBS-001                                                              
 CN-7B CHIPA AT 35.5,0                                                   
 RATIOS ADJUSTED USING NBS HALON CALIBRATION TABLE                       

 Source Ang: 35.00   Detect Ang:  0.00  Volt: 0.222
 Date: 14-FEB-89   Time: 15:38:27
