   661
    300.0   0.41976
    305.0   0.43196
    310.0   0.44048
    315.0   0.44764
    320.0   0.45433
    325.0   0.45895
    330.0   0.46619
    335.0   0.47375
    340.0   0.48407
    345.0   0.49710
    350.0   0.51402
    355.0   0.53461
    360.0   0.55823
    365.0   0.58644
    370.0   0.61355
    375.0   0.63730
    380.0   0.66044
    385.0   0.67743
    390.0   0.69284
    395.0   0.70354
    400.0   0.71268
    405.0   0.71818
    410.0   0.73045
    415.0   0.73504
    420.0   0.73982
    425.0   0.74480
    430.0   0.75044
    435.0   0.75383
    440.0   0.76141
    445.0   0.76621
    450.0   0.77058
    455.0   0.77364
    460.0   0.77770
    465.0   0.78096
    470.0   0.78354
    475.0   0.78510
    480.0   0.78803
    485.0   0.79151
    490.0   0.79363
    495.0   0.79724
    500.0   0.80029
    505.0   0.80535
    510.0   0.80787
    515.0   0.81281
    520.0   0.81703
    525.0   0.82182
    530.0   0.82538
    535.0   0.83049
    540.0   0.83198
    545.0   0.83480
    550.0   0.83889
    555.0   0.84302
    560.0   0.84621
    565.0   0.84982
    570.0   0.85253
    575.0   0.85473
    580.0   0.85636
    585.0   0.85900
    590.0   0.86084
    595.0   0.86223
    600.0   0.86320
    605.0   0.86495
    610.0   0.86623
    615.0   0.86669
    620.0   0.86749
    625.0   0.86675
    630.0   0.86761
    635.0   0.86836
    640.0   0.86881
    645.0   0.86929
    650.0   0.86924
    655.0   0.86940
    660.0   0.86916
    665.0   0.86923
    670.0   0.86716
    675.0   0.86760
    680.0   0.86811
    685.0   0.86977
    690.0   0.87360
    695.0   0.87995
    700.0   0.88349
    705.0   0.88747
    710.0   0.88955
    715.0   0.89017
    720.0   0.89259
    725.0   0.89271
    730.0   0.89341
    735.0   0.89405
    740.0   0.89567
    745.0   0.89610
    750.0   0.89669
    755.0   0.89724
    760.0   0.89889
    765.0   0.90087
    770.0   0.90172
    775.0   0.90065
    780.0   0.90301
    785.0   0.90275
    790.0   0.90287
    795.0   0.90370
    800.0   0.90314
    805.0   0.90420
    810.0   0.90570
    815.0   0.90654
    820.0   0.90686
    825.0   0.90607
    830.0   0.90609
    835.0   0.90500
    840.0   0.90630
    845.0   0.90566
    850.0   0.90710
    855.0   0.90703
    860.0   0.90575
    865.0   0.90537
    870.0   0.90596
    875.0   0.90523
    880.0   0.90512
    885.0   0.90605
    890.0   0.90570
    895.0   0.90582
    900.0   0.90534
    905.0   0.90653
    910.0   0.90513
    915.0   0.90671
    920.0   0.90580
    925.0   0.90685
    930.0   0.90715
    935.0   0.90553
    940.0   0.90535
    945.0   0.90548
    950.0   0.90582
    955.0   0.90434
    960.0   0.90527
    965.0   0.90445
    970.0   0.90480
    975.0   0.90390
    980.0   0.90416
    985.0   0.90398
    990.0   0.90497
    995.0   0.90359
   1000.0   0.90340
   1005.0   0.90424
   1010.0   0.90485
   1015.0   0.90593
   1020.0   0.90659
   1025.0   0.90761
   1030.0   0.90920
   1035.0   0.91089
   1040.0   0.90967
   1045.0   0.91050
   1050.0   0.91046
   1055.0   0.90904
   1060.0   0.91091
   1065.0   0.91075
   1070.0   0.91144
   1075.0   0.91173
   1080.0   0.91166
   1085.0   0.91231
   1090.0   0.91167
   1095.0   0.91184
   1100.0   0.91231
   1105.0   0.91126
   1110.0   0.91424
   1115.0   0.91287
   1120.0   0.91302
   1125.0   0.91348
   1130.0   0.91427
   1135.0   0.91248
   1140.0   0.91292
   1145.0   0.91100
   1150.0   0.90904
   1155.0   0.90874
   1160.0   0.90651
   1165.0   0.90696
   1170.0   0.90895
   1175.0   0.90890
   1180.0   0.90764
   1185.0   0.90811
   1190.0   0.91015
   1195.0   0.90745
   1200.0   0.90869
   1205.0   0.90925
   1210.0   0.90851
   1215.0   0.90921
   1220.0   0.90926
   1225.0   0.90876
   1230.0   0.90736
   1235.0   0.90708
   1240.0   0.90589
   1245.0   0.90624
   1250.0   0.90637
   1255.0   0.90620
   1260.0   0.90570
   1265.0   0.90273
   1270.0   0.90242
   1275.0   0.90083
   1280.0   0.90389
   1285.0   0.90405
   1290.0   0.90693
   1295.0   0.90970
   1300.0   0.90942
   1305.0   0.90825
   1310.0   0.90731
   1315.0   0.90705
   1320.0   0.90600
   1325.0   0.90431
   1330.0   0.90303
   1335.0   0.89810
   1340.0   0.89462
   1345.0   0.89397
   1350.0   0.89249
   1355.0   0.88829
   1360.0   0.88674
   1365.0   0.88537
   1370.0   0.88451
   1375.0   0.88005
   1380.0   0.86959
   1385.0   0.86031
   1390.0   0.85147
   1395.0   0.83994
   1400.0   0.82715
   1405.0   0.81444
   1410.0   0.80501
   1415.0   0.79651
   1420.0   0.79157
   1425.0   0.77492
   1430.0   0.74201
   1435.0   0.75659
   1440.0   0.77800
   1445.0   0.78453
   1450.0   0.78339
   1455.0   0.77751
   1460.0   0.77144
   1465.0   0.77158
   1470.0   0.77526
   1475.0   0.76407
   1480.0   0.70999
   1485.0   0.74900
   1490.0   0.79079
   1495.0   0.80018
   1500.0   0.80621
   1505.0   0.81227
   1510.0   0.82111
   1515.0   0.82832
   1520.0   0.83371
   1525.0   0.83953
   1530.0   0.84055
   1535.0   0.84213
   1540.0   0.84551
   1545.0   0.84835
   1550.0   0.85078
   1555.0   0.85228
   1560.0   0.85490
   1565.0   0.85966
   1570.0   0.85858
   1575.0   0.86128
   1580.0   0.85934
   1585.0   0.86141
   1590.0   0.86277
   1595.0   0.86440
   1600.0   0.86616
   1605.0   0.86547
   1610.0   0.86808
   1615.0   0.86690
   1620.0   0.86569
   1625.0   0.86821
   1630.0   0.86809
   1635.0   0.86951
   1640.0   0.86846
   1645.0   0.86918
   1650.0   0.86995
   1655.0   0.86829
   1660.0   0.87147
   1665.0   0.86776
   1670.0   0.86748
   1675.0   0.86789
   1680.0   0.86573
   1685.0   0.86506
   1690.0   0.86614
   1695.0   0.86394
   1700.0   0.86239
   1705.0   0.86212
   1710.0   0.85977
   1715.0   0.85893
   1720.0   0.85754
   1725.0   0.85363
   1730.0   0.84771
   1735.0   0.84201
   1740.0   0.83789
   1745.0   0.82779
   1750.0   0.81983
   1755.0   0.81320
   1760.0   0.80694
   1765.0   0.80355
   1770.0   0.80104
   1775.0   0.80012
   1780.0   0.80610
   1785.0   0.81274
   1790.0   0.82032
   1795.0   0.82903
   1800.0   0.83626
   1805.0   0.83874
   1810.0   0.84236
   1815.0   0.84249
   1820.0   0.84198
   1825.0   0.84089
   1830.0   0.84160
   1835.0   0.84209
   1840.0   0.83914
   1845.0   0.84000
   1850.0   0.83920
   1855.0   0.83669
   1860.0   0.83055
   1865.0   0.82420
   1870.0   0.81232
   1875.0   0.79819
   1880.0   0.78193
   1885.0   0.75531
   1890.0   0.72696
   1895.0   0.69882
   1900.0   0.66928
   1905.0   0.64424
   1910.0   0.62916
   1915.0   0.62222
   1920.0   0.61940
   1925.0   0.61916
   1930.0   0.62131
   1935.0   0.62365
   1940.0   0.62713
   1945.0   0.63019
   1950.0   0.63214
   1955.0   0.63682
   1960.0   0.64069
   1965.0   0.64636
   1970.0   0.65166
   1975.0   0.65927
   1980.0   0.66423
   1985.0   0.67046
   1990.0   0.67517
   1995.0   0.67877
   2000.0   0.68012
   2005.0   0.68216
   2010.0   0.68636
   2015.0   0.69170
   2020.0   0.69473
   2025.0   0.69868
   2030.0   0.70221
   2035.0   0.70536
   2040.0   0.70746
   2045.0   0.70930
   2050.0   0.71218
   2055.0   0.71124
   2060.0   0.70993
   2065.0   0.71030
   2070.0   0.71061
   2075.0   0.71447
   2080.0   0.71618
   2085.0   0.71681
   2090.0   0.71862
   2095.0   0.71746
   2100.0   0.71726
   2105.0   0.71439
   2110.0   0.71024
   2115.0   0.70374
   2120.0   0.69233
   2125.0   0.67817
   2130.0   0.66443
   2135.0   0.65341
   2140.0   0.64660
   2145.0   0.63852
   2150.0   0.63152
   2155.0   0.62319
   2160.0   0.61165
   2165.0   0.60889
   2170.0   0.61087
   2175.0   0.61026
   2180.0   0.61281
   2185.0   0.60816
   2190.0   0.61589
   2195.0   0.62868
   2200.0   0.64338
   2205.0   0.65309
   2210.0   0.63646
   2215.0   0.62286
   2220.0   0.64369
   2225.0   0.67494
   2230.0   0.69959
   2235.0   0.71085
   2240.0   0.71595
   2245.0   0.71776
   2250.0   0.71866
   2255.0   0.71821
   2260.0   0.71805
   2265.0   0.71587
   2270.0   0.71649
   2275.0   0.71816
   2280.0   0.71826
   2285.0   0.71721
   2290.0   0.71641
   2295.0   0.71642
   2300.0   0.71210
   2305.0   0.70633
   2310.0   0.69424
   2315.0   0.67154
   2320.0   0.65051
   2325.0   0.64280
   2330.0   0.64783
   2335.0   0.66044
   2340.0   0.67386
   2345.0   0.68319
   2350.0   0.68938
   2355.0   0.69342
   2360.0   0.69166
   2365.0   0.68987
   2370.0   0.68205
   2375.0   0.67172
   2380.0   0.66027
   2385.0   0.64502
   2390.0   0.62341
   2395.0   0.60450
   2400.0   0.59366
   2405.0   0.59018
   2410.0   0.58902
   2415.0   0.58240
   2420.0   0.57248
   2425.0   0.56209
   2430.0   0.54881
   2435.0   0.53456
   2440.0   0.53350
   2445.0   0.54288
   2450.0   0.54697
   2455.0   0.54482
   2460.0   0.54059
   2465.0   0.53172
   2470.0   0.51701
   2475.0   0.51275
   2480.0   0.52088
   2485.0   0.52817
   2490.0   0.52808
   2495.0   0.51601
   2500.0   0.50439
   2505.0   0.49053
   2510.0   0.47510
   2515.0   0.45504
   2520.0   0.44840
   2525.0   0.45748
   2530.0   0.47542
   2535.0   0.48990
   2540.0   0.49609
   2545.0   0.49668
   2550.0   0.50380
   2555.0   0.50894
   2560.0   0.50452
   2565.0   0.49514
   2570.0   0.50132
   2575.0   0.49743
   2580.0   0.49829
   2585.0   0.49373
   2590.0   0.49270
   2595.0   0.49531
   2600.0   0.50151
   2605.0   0.50457
   2610.0   0.50514
   2615.0   0.50532
   2620.0   0.50257
   2625.0   0.50496
   2630.0   0.50083
   2635.0   0.49923
   2640.0   0.49949
   2645.0   0.49234
   2650.0   0.48702
   2655.0   0.48083
   2660.0   0.46843
   2665.0   0.45555
   2670.0   0.43757
   2675.0   0.42220
   2680.0   0.40271
   2685.0   0.37991
   2690.0   0.35500
   2695.0   0.32940
   2700.0   0.30357
   2705.0   0.27041
   2710.0   0.24180
   2715.0   0.21743
   2720.0   0.19625
   2725.0   0.17586
   2730.0   0.15622
   2735.0   0.13984
   2740.0   0.12641
   2745.0   0.11669
   2750.0   0.10771
   2755.0   0.10273
   2760.0   0.09660
   2765.0   0.08947
   2770.0   0.08470
   2775.0   0.07852
   2780.0   0.07988
   2785.0   0.06905
   2790.0   0.06513
   2795.0   0.06347
   2800.0   0.06139
   2805.0   0.05886
   2810.0   0.05395
   2815.0   0.05331
   2820.0   0.05459
   2825.0   0.05149
   2830.0   0.04654
   2835.0   0.04544
   2840.0   0.04300
   2845.0   0.04192
   2850.0   0.04034
   2855.0   0.03734
   2860.0   0.03834
   2865.0   0.03792
   2870.0   0.03856
   2875.0   0.04180
   2880.0   0.03751
   2885.0   0.03680
   2890.0   0.03578
   2895.0   0.03302
   2900.0   0.03486
   2905.0   0.03608
   2910.0   0.03938
   2915.0   0.03900
   2920.0   0.03880
   2925.0   0.04004
   2930.0   0.03660
   2935.0   0.03879
   2940.0   0.04072
   2945.0   0.04142
   2950.0   0.03859
   2955.0   0.04162
   2960.0   0.04055
   2965.0   0.04075
   2970.0   0.04188
   2975.0   0.04287
   2980.0   0.04519
   2985.0   0.04478
   2990.0   0.04580
   2995.0   0.04647
   3000.0   0.04851
   3005.0   0.04993
   3010.0   0.04879
   3015.0   0.05180
   3020.0   0.05198
   3025.0   0.05241
   3030.0   0.05361
   3035.0   0.05538
   3040.0   0.05397
   3045.0   0.05708
   3050.0   0.05712
   3055.0   0.05851
   3060.0   0.05761
   3065.0   0.05737
   3070.0   0.05797
   3075.0   0.05877
   3080.0   0.05795
   3085.0   0.05916
   3090.0   0.05942
   3095.0   0.06035
   3100.0   0.06235
   3105.0   0.06335
   3110.0   0.06596
   3115.0   0.06767
   3120.0   0.06826
   3125.0   0.07007
   3130.0   0.07105
   3135.0   0.07255
   3140.0   0.07405
   3145.0   0.07787
   3150.0   0.07771
   3155.0   0.07997
   3160.0   0.08118
   3165.0   0.08463
   3170.0   0.08433
   3175.0   0.08896
   3180.0   0.09053
   3185.0   0.09248
   3190.0   0.09295
   3195.0   0.09601
   3200.0   0.09663
   3205.0   0.09899
   3210.0   0.10015
   3215.0   0.10310
   3220.0   0.10659
   3225.0   0.10843
   3230.0   0.10985
   3235.0   0.11069
   3240.0   0.11531
   3245.0   0.11865
   3250.0   0.11746
   3255.0   0.12137
   3260.0   0.12395
   3265.0   0.12755
   3270.0   0.12902
   3275.0   0.13207
   3280.0   0.13454
   3285.0   0.13830
   3290.0   0.14030
   3295.0   0.14243
   3300.0   0.14466
   3305.0   0.14524
   3310.0   0.14935
   3315.0   0.15243
   3320.0   0.15466
   3325.0   0.15697
   3330.0   0.16073
   3335.0   0.16432
   3340.0   0.16667
   3345.0   0.16982
   3350.0   0.17252
   3355.0   0.17450
   3360.0   0.17868
   3365.0   0.18072
   3370.0   0.18446
   3375.0   0.18968
   3380.0   0.18814
   3385.0   0.19303
   3390.0   0.19619
   3395.0   0.19672
   3400.0   0.19999
   3405.0   0.20207
   3410.0   0.20637
   3415.0   0.21054
   3420.0   0.21127
   3425.0   0.21465
   3430.0   0.22128
   3435.0   0.22351
   3440.0   0.22787
   3445.0   0.23353
   3450.0   0.23094
   3455.0   0.23365
   3460.0   0.23978
   3465.0   0.24596
   3470.0   0.24709
   3475.0   0.24829
   3480.0   0.25071
   3485.0   0.25483
   3490.0   0.25651
   3495.0   0.26440
   3500.0   0.26942
   3505.0   0.27314
   3510.0   0.26634
   3515.0   0.27341
   3520.0   0.27743
   3525.0   0.28457
   3530.0   0.29136
   3535.0   0.29374
   3540.0   0.29438
   3545.0   0.29459
   3550.0   0.30602
   3555.0   0.30564
   3560.0   0.30501
   3565.0   0.32111
   3570.0   0.32079
   3575.0   0.32389
   3580.0   0.32707
   3585.0   0.32519
   3590.0   0.33294
   3595.0   0.33617
   3600.0   0.34436



 C2NV02      .ASC                        

 NV-RBS-002                                                              
 CN-9A @ 35.5,0                                                          
 RATIOS ADJUSTED USING NBS HALON CALIBRATION TABLE                       

 Source Ang: 35.00   Detect Ang:  0.00  Volt: 0.222
 Date: 20-JAN-89   Time: 12:14:10
