   661
    300.0   0.07630
    305.0   0.07615
    310.0   0.07580
    315.0   0.07579
    320.0   0.07753
    325.0   0.07712
    330.0   0.07829
    335.0   0.07945
    340.0   0.07986
    345.0   0.08022
    350.0   0.08094
    355.0   0.08166
    360.0   0.08167
    365.0   0.08180
    370.0   0.08222
    375.0   0.08217
    380.0   0.08245
    385.0   0.08240
    390.0   0.08304
    395.0   0.08329
    400.0   0.08393
    405.0   0.08435
    410.0   0.08508
    415.0   0.08556
    420.0   0.08614
    425.0   0.08712
    430.0   0.08806
    435.0   0.08952
    440.0   0.09112
    445.0   0.09275
    450.0   0.09469
    455.0   0.09663
    460.0   0.09860
    465.0   0.09994
    470.0   0.10184
    475.0   0.10334
    480.0   0.10477
    485.0   0.10662
    490.0   0.10798
    495.0   0.10963
    500.0   0.11144
    505.0   0.11340
    510.0   0.11503
    515.0   0.11691
    520.0   0.11878
    525.0   0.12109
    530.0   0.12402
    535.0   0.12746
    540.0   0.13186
    545.0   0.13759
    550.0   0.14558
    555.0   0.15557
    560.0   0.16775
    565.0   0.18297
    570.0   0.20022
    575.0   0.21986
    580.0   0.24048
    585.0   0.26124
    590.0   0.28081
    595.0   0.30003
    600.0   0.31623
    605.0   0.33082
    610.0   0.34251
    615.0   0.35272
    620.0   0.36069
    625.0   0.36683
    630.0   0.37270
    635.0   0.37881
    640.0   0.38281
    645.0   0.38756
    650.0   0.39211
    655.0   0.39732
    660.0   0.40216
    665.0   0.40731
    670.0   0.41207
    675.0   0.41828
    680.0   0.42448
    685.0   0.43009
    690.0   0.43664
    695.0   0.44335
    700.0   0.44976
    705.0   0.45604
    710.0   0.46232
    715.0   0.46810
    720.0   0.47381
    725.0   0.47890
    730.0   0.48180
    735.0   0.48610
    740.0   0.48763
    745.0   0.48954
    750.0   0.49079
    755.0   0.48980
    760.0   0.48840
    765.0   0.48684
    770.0   0.48442
    775.0   0.48122
    780.0   0.47800
    785.0   0.47561
    790.0   0.47199
    795.0   0.46863
    800.0   0.46592
    805.0   0.46302
    810.0   0.46108
    815.0   0.45752
    820.0   0.45462
    825.0   0.45266
    830.0   0.44990
    835.0   0.44905
    840.0   0.44755
    845.0   0.44546
    850.0   0.44608
    855.0   0.44508
    860.0   0.44406
    865.0   0.44448
    870.0   0.44528
    875.0   0.44596
    880.0   0.44703
    885.0   0.44992
    890.0   0.45043
    895.0   0.45221
    900.0   0.45484
    905.0   0.45628
    910.0   0.45846
    915.0   0.46214
    920.0   0.46520
    925.0   0.46956
    930.0   0.47272
    935.0   0.47673
    940.0   0.48144
    945.0   0.48624
    950.0   0.49082
    955.0   0.49458
    960.0   0.49977
    965.0   0.50526
    970.0   0.50922
    975.0   0.51603
    980.0   0.52089
    985.0   0.52687
    990.0   0.53155
    995.0   0.53570
   1000.0   0.53969
   1005.0   0.54383
   1010.0   0.54850
   1015.0   0.55291
   1020.0   0.55571
   1025.0   0.55866
   1030.0   0.56165
   1035.0   0.56433
   1040.0   0.56758
   1045.0   0.57060
   1050.0   0.57255
   1055.0   0.57439
   1060.0   0.57577
   1065.0   0.57791
   1070.0   0.57933
   1075.0   0.58162
   1080.0   0.58391
   1085.0   0.58506
   1090.0   0.58572
   1095.0   0.58798
   1100.0   0.58863
   1105.0   0.59087
   1110.0   0.59389
   1115.0   0.59506
   1120.0   0.59566
   1125.0   0.59705
   1130.0   0.59903
   1135.0   0.59878
   1140.0   0.60071
   1145.0   0.60139
   1150.0   0.60244
   1155.0   0.60349
   1160.0   0.60345
   1165.0   0.60324
   1170.0   0.60614
   1175.0   0.60743
   1180.0   0.60660
   1185.0   0.60845
   1190.0   0.60887
   1195.0   0.60933
   1200.0   0.60944
   1205.0   0.60997
   1210.0   0.61159
   1215.0   0.61125
   1220.0   0.61045
   1225.0   0.61233
   1230.0   0.61100
   1235.0   0.61148
   1240.0   0.61116
   1245.0   0.61053
   1250.0   0.61077
   1255.0   0.61236
   1260.0   0.61177
   1265.0   0.61248
   1270.0   0.61232
   1275.0   0.61287
   1280.0   0.61246
   1285.0   0.61170
   1290.0   0.61105
   1295.0   0.61143
   1300.0   0.61095
   1305.0   0.60944
   1310.0   0.60944
   1315.0   0.60843
   1320.0   0.60869
   1325.0   0.60819
   1330.0   0.60673
   1335.0   0.60594
   1340.0   0.60605
   1345.0   0.60524
   1350.0   0.60501
   1355.0   0.59945
   1360.0   0.59432
   1365.0   0.59417
   1370.0   0.59701
   1375.0   0.59493
   1380.0   0.58938
   1385.0   0.58132
   1390.0   0.57491
   1395.0   0.55484
   1400.0   0.54071
   1405.0   0.54940
   1410.0   0.54805
   1415.0   0.54395
   1420.0   0.52165
   1425.0   0.57237
   1430.0   0.57584
   1435.0   0.58245
   1440.0   0.58955
   1445.0   0.59376
   1450.0   0.59623
   1455.0   0.59430
   1460.0   0.59382
   1465.0   0.59522
   1470.0   0.59480
   1475.0   0.59249
   1480.0   0.58095
   1485.0   0.59007
   1490.0   0.59726
   1495.0   0.60014
   1500.0   0.60175
   1505.0   0.60366
   1510.0   0.60650
   1515.0   0.60816
   1520.0   0.60799
   1525.0   0.61035
   1530.0   0.61060
   1535.0   0.61029
   1540.0   0.61053
   1545.0   0.61153
   1550.0   0.61107
   1555.0   0.61145
   1560.0   0.61135
   1565.0   0.61238
   1570.0   0.61292
   1575.0   0.61335
   1580.0   0.61345
   1585.0   0.61284
   1590.0   0.61233
   1595.0   0.61274
   1600.0   0.61304
   1605.0   0.61414
   1610.0   0.61517
   1615.0   0.61450
   1620.0   0.61424
   1625.0   0.61655
   1630.0   0.61796
   1635.0   0.61705
   1640.0   0.61550
   1645.0   0.61693
   1650.0   0.61723
   1655.0   0.61569
   1660.0   0.61741
   1665.0   0.61598
   1670.0   0.61574
   1675.0   0.61818
   1680.0   0.61712
   1685.0   0.61697
   1690.0   0.61713
   1695.0   0.61753
   1700.0   0.61552
   1705.0   0.61544
   1710.0   0.61387
   1715.0   0.61384
   1720.0   0.61517
   1725.0   0.61465
   1730.0   0.61380
   1735.0   0.61103
   1740.0   0.61027
   1745.0   0.61038
   1750.0   0.60962
   1755.0   0.60891
   1760.0   0.60683
   1765.0   0.60495
   1770.0   0.60284
   1775.0   0.60368
   1780.0   0.60429
   1785.0   0.60594
   1790.0   0.60682
   1795.0   0.60841
   1800.0   0.61055
   1805.0   0.61126
   1810.0   0.61261
   1815.0   0.61176
   1820.0   0.61182
   1825.0   0.60999
   1830.0   0.60948
   1835.0   0.61066
   1840.0   0.61211
   1845.0   0.61140
   1850.0   0.61150
   1855.0   0.61027
   1860.0   0.61019
   1865.0   0.61084
   1870.0   0.61078
   1875.0   0.60721
   1880.0   0.60360
   1885.0   0.59933
   1890.0   0.59288
   1895.0   0.58304
   1900.0   0.57204
   1905.0   0.55989
   1910.0   0.54804
   1915.0   0.54190
   1920.0   0.54308
   1925.0   0.54777
   1930.0   0.55142
   1935.0   0.55444
   1940.0   0.55775
   1945.0   0.56083
   1950.0   0.56207
   1955.0   0.56408
   1960.0   0.56616
   1965.0   0.56665
   1970.0   0.56812
   1975.0   0.56979
   1980.0   0.57178
   1985.0   0.57360
   1990.0   0.57445
   1995.0   0.57567
   2000.0   0.57654
   2005.0   0.57473
   2010.0   0.57496
   2015.0   0.57748
   2020.0   0.57999
   2025.0   0.58163
   2030.0   0.58121
   2035.0   0.58002
   2040.0   0.57913
   2045.0   0.58059
   2050.0   0.57949
   2055.0   0.57611
   2060.0   0.57492
   2065.0   0.57457
   2070.0   0.57443
   2075.0   0.57268
   2080.0   0.57271
   2085.0   0.57360
   2090.0   0.57203
   2095.0   0.56798
   2100.0   0.56815
   2105.0   0.56644
   2110.0   0.56351
   2115.0   0.55563
   2120.0   0.55152
   2125.0   0.54704
   2130.0   0.54143
   2135.0   0.53555
   2140.0   0.52872
   2145.0   0.51926
   2150.0   0.50750
   2155.0   0.49194
   2160.0   0.47875
   2165.0   0.47089
   2170.0   0.46667
   2175.0   0.46737
   2180.0   0.46954
   2185.0   0.47078
   2190.0   0.47350
   2195.0   0.47032
   2200.0   0.46617
   2205.0   0.46031
   2210.0   0.43504
   2215.0   0.42450
   2220.0   0.46472
   2225.0   0.49806
   2230.0   0.51794
   2235.0   0.52729
   2240.0   0.53224
   2245.0   0.53227
   2250.0   0.53171
   2255.0   0.53210
   2260.0   0.53081
   2265.0   0.53106
   2270.0   0.52943
   2275.0   0.52772
   2280.0   0.52419
   2285.0   0.51978
   2290.0   0.51478
   2295.0   0.51281
   2300.0   0.51103
   2305.0   0.50401
   2310.0   0.49786
   2315.0   0.48957
   2320.0   0.48226
   2325.0   0.48001
   2330.0   0.48137
   2335.0   0.48094
   2340.0   0.48565
   2345.0   0.48810
   2350.0   0.48453
   2355.0   0.47960
   2360.0   0.47854
   2365.0   0.47493
   2370.0   0.47439
   2375.0   0.47128
   2380.0   0.46359
   2385.0   0.45462
   2390.0   0.44888
   2395.0   0.44922
   2400.0   0.44976
   2405.0   0.45327
   2410.0   0.45587
   2415.0   0.45065
   2420.0   0.44748
   2425.0   0.44245
   2430.0   0.43500
   2435.0   0.42658
   2440.0   0.42098
   2445.0   0.41795
   2450.0   0.41584
   2455.0   0.41444
   2460.0   0.41083
   2465.0   0.40652
   2470.0   0.40378
   2475.0   0.40101
   2480.0   0.40119
   2485.0   0.40000
   2490.0   0.39639
   2495.0   0.39247
   2500.0   0.38719
   2505.0   0.38243
   2510.0   0.37729
   2515.0   0.36954
   2520.0   0.36688
   2525.0   0.36805
   2530.0   0.37288
   2535.0   0.37642
   2540.0   0.37674
   2545.0   0.37581
   2550.0   0.37544
   2555.0   0.37534
   2560.0   0.37550
   2565.0   0.37361
   2570.0   0.37060
   2575.0   0.37038
   2580.0   0.36829
   2585.0   0.36700
   2590.0   0.36364
   2595.0   0.36326
   2600.0   0.35412
   2605.0   0.35709
   2610.0   0.35922
   2615.0   0.35912
   2620.0   0.35913
   2625.0   0.35702
   2630.0   0.35588
   2635.0   0.35320
   2640.0   0.34961
   2645.0   0.34699
   2650.0   0.34174
   2655.0   0.34851
   2660.0   0.34210
   2665.0   0.33580
   2670.0   0.32529
   2675.0   0.31615
   2680.0   0.30345
   2685.0   0.28779
   2690.0   0.27131
   2695.0   0.25385
   2700.0   0.23403
   2705.0   0.20852
   2710.0   0.18538
   2715.0   0.16601
   2720.0   0.15262
   2725.0   0.14259
   2730.0   0.13293
   2735.0   0.12148
   2740.0   0.10853
   2745.0   0.10200
   2750.0   0.09528
   2755.0   0.08615
   2760.0   0.07688
   2765.0   0.07214
   2770.0   0.06648
   2775.0   0.06086
   2780.0   0.06074
   2785.0   0.05801
   2790.0   0.05895
   2795.0   0.05770
   2800.0   0.05698
   2805.0   0.05350
   2810.0   0.05874
   2815.0   0.05316
   2820.0   0.05164
   2825.0   0.05188
   2830.0   0.04540
   2835.0   0.04694
   2840.0   0.04401
   2845.0   0.04513
   2850.0   0.03975
   2855.0   0.03864
   2860.0   0.03990
   2865.0   0.03988
   2870.0   0.04206
   2875.0   0.04146
   2880.0   0.04126
   2885.0   0.03904
   2890.0   0.03649
   2895.0   0.03624
   2900.0   0.03622
   2905.0   0.03706
   2910.0   0.03669
   2915.0   0.03857
   2920.0   0.03803
   2925.0   0.03816
   2930.0   0.04071
   2935.0   0.04004
   2940.0   0.04022
   2945.0   0.04046
   2950.0   0.03896
   2955.0   0.03915
   2960.0   0.04000
   2965.0   0.04223
   2970.0   0.04156
   2975.0   0.04270
   2980.0   0.04317
   2985.0   0.04328
   2990.0   0.04535
   2995.0   0.04546
   3000.0   0.04748
   3005.0   0.04714
   3010.0   0.04904
   3015.0   0.04913
   3020.0   0.05039
   3025.0   0.05029
   3030.0   0.05170
   3035.0   0.05180
   3040.0   0.05340
   3045.0   0.05393
   3050.0   0.05465
   3055.0   0.05463
   3060.0   0.05467
   3065.0   0.05506
   3070.0   0.05625
   3075.0   0.05700
   3080.0   0.05681
   3085.0   0.05933
   3090.0   0.05921
   3095.0   0.05968
   3100.0   0.06012
   3105.0   0.06163
   3110.0   0.06258
   3115.0   0.06497
   3120.0   0.06529
   3125.0   0.06658
   3130.0   0.06757
   3135.0   0.06816
   3140.0   0.07099
   3145.0   0.07204
   3150.0   0.07296
   3155.0   0.07427
   3160.0   0.07633
   3165.0   0.07751
   3170.0   0.07898
   3175.0   0.08037
   3180.0   0.08201
   3185.0   0.08317
   3190.0   0.08571
   3195.0   0.08663
   3200.0   0.08809
   3205.0   0.09004
   3210.0   0.09166
   3215.0   0.09216
   3220.0   0.09487
   3225.0   0.09554
   3230.0   0.09685
   3235.0   0.09913
   3240.0   0.10139
   3245.0   0.10246
   3250.0   0.10360
   3255.0   0.10632
   3260.0   0.10803
   3265.0   0.10920
   3270.0   0.11141
   3275.0   0.11328
   3280.0   0.11464
   3285.0   0.11603
   3290.0   0.11756
   3295.0   0.11946
   3300.0   0.12123
   3305.0   0.12274
   3310.0   0.12478
   3315.0   0.12518
   3320.0   0.12784
   3325.0   0.13104
   3330.0   0.13262
   3335.0   0.13470
   3340.0   0.13661
   3345.0   0.13837
   3350.0   0.14096
   3355.0   0.14159
   3360.0   0.14495
   3365.0   0.14520
   3370.0   0.14696
   3375.0   0.14876
   3380.0   0.14896
   3385.0   0.14947
   3390.0   0.15299
   3395.0   0.15388
   3400.0   0.15649
   3405.0   0.15771
   3410.0   0.15796
   3415.0   0.15814
   3420.0   0.16081
   3425.0   0.16157
   3430.0   0.16288
   3435.0   0.16399
   3440.0   0.16789
   3445.0   0.17351
   3450.0   0.17850
   3455.0   0.17967
   3460.0   0.18313
   3465.0   0.18499
   3470.0   0.18674
   3475.0   0.18787
   3480.0   0.19162
   3485.0   0.19178
   3490.0   0.19302
   3495.0   0.19470
   3500.0   0.19879
   3505.0   0.19713
   3510.0   0.20112
   3515.0   0.20775
   3520.0   0.20819
   3525.0   0.20988
   3530.0   0.21626
   3535.0   0.22292
   3540.0   0.22552
   3545.0   0.22364
   3550.0   0.22551
   3555.0   0.22541
   3560.0   0.22671
   3565.0   0.23200
   3570.0   0.22733
   3575.0   0.23265
   3580.0   0.24045
   3585.0   0.24092
   3590.0   0.24417
   3595.0   0.24149
   3600.0   0.24797



 C2NV06      .ASC                        

 NV-RBS-006                                                              
 CN-17B @ 35.5,0                                                         
 RATIOS ADJUSTED USING NBS HALON CALIBRATION TABLE                       

 Source Ang: 35.00   Detect Ang:  0.00  Volt: 0.222
 Date: 20-JAN-89   Time: 14:02:13
