   661
    300.0   0.05733
    305.0   0.05536
    310.0   0.05714
    315.0   0.05796
    320.0   0.05882
    325.0   0.05907
    330.0   0.05968
    335.0   0.05991
    340.0   0.06052
    345.0   0.06092
    350.0   0.06100
    355.0   0.06138
    360.0   0.06138
    365.0   0.06189
    370.0   0.06227
    375.0   0.06253
    380.0   0.06304
    385.0   0.06336
    390.0   0.06401
    395.0   0.06453
    400.0   0.06543
    405.0   0.06576
    410.0   0.06749
    415.0   0.06811
    420.0   0.06873
    425.0   0.06985
    430.0   0.07059
    435.0   0.07233
    440.0   0.07384
    445.0   0.07529
    450.0   0.07680
    455.0   0.07819
    460.0   0.07931
    465.0   0.08048
    470.0   0.08153
    475.0   0.08230
    480.0   0.08348
    485.0   0.08450
    490.0   0.08554
    495.0   0.08661
    500.0   0.08812
    505.0   0.08929
    510.0   0.09078
    515.0   0.09197
    520.0   0.09360
    525.0   0.09507
    530.0   0.09663
    535.0   0.09837
    540.0   0.10072
    545.0   0.10270
    550.0   0.10530
    555.0   0.10806
    560.0   0.11120
    565.0   0.11441
    570.0   0.11766
    575.0   0.12150
    580.0   0.12492
    585.0   0.12842
    590.0   0.13220
    595.0   0.13502
    600.0   0.13789
    605.0   0.14026
    610.0   0.14249
    615.0   0.14442
    620.0   0.14588
    625.0   0.14713
    630.0   0.14881
    635.0   0.15015
    640.0   0.15139
    645.0   0.15262
    650.0   0.15397
    655.0   0.15563
    660.0   0.15683
    665.0   0.15807
    670.0   0.15978
    675.0   0.16071
    680.0   0.16220
    685.0   0.16382
    690.0   0.16520
    695.0   0.16605
    700.0   0.16716
    705.0   0.16847
    710.0   0.16988
    715.0   0.17057
    720.0   0.17137
    725.0   0.17308
    730.0   0.17394
    735.0   0.17456
    740.0   0.17560
    745.0   0.17685
    750.0   0.17804
    755.0   0.17900
    760.0   0.18084
    765.0   0.18193
    770.0   0.18330
    775.0   0.18403
    780.0   0.18445
    785.0   0.18579
    790.0   0.18674
    795.0   0.18775
    800.0   0.18872
    805.0   0.18939
    810.0   0.19059
    815.0   0.19091
    820.0   0.19197
    825.0   0.19252
    830.0   0.19414
    835.0   0.19428
    840.0   0.19434
    845.0   0.19577
    850.0   0.19638
    855.0   0.19688
    860.0   0.19759
    865.0   0.19859
    870.0   0.19898
    875.0   0.19975
    880.0   0.19997
    885.0   0.20144
    890.0   0.20140
    895.0   0.20288
    900.0   0.20342
    905.0   0.20439
    910.0   0.20581
    915.0   0.20673
    920.0   0.20840
    925.0   0.20982
    930.0   0.21136
    935.0   0.21152
    940.0   0.21370
    945.0   0.21540
    950.0   0.21629
    955.0   0.21736
    960.0   0.21938
    965.0   0.22080
    970.0   0.22313
    975.0   0.22428
    980.0   0.22607
    985.0   0.22836
    990.0   0.22945
    995.0   0.23143
   1000.0   0.23309
   1005.0   0.23492
   1010.0   0.23745
   1015.0   0.23880
   1020.0   0.24129
   1025.0   0.24305
   1030.0   0.24536
   1035.0   0.24642
   1040.0   0.24856
   1045.0   0.24996
   1050.0   0.25158
   1055.0   0.25303
   1060.0   0.25494
   1065.0   0.25716
   1070.0   0.25821
   1075.0   0.26043
   1080.0   0.26169
   1085.0   0.26321
   1090.0   0.26437
   1095.0   0.26676
   1100.0   0.26857
   1105.0   0.26973
   1110.0   0.27208
   1115.0   0.27325
   1120.0   0.27537
   1125.0   0.27650
   1130.0   0.27795
   1135.0   0.27866
   1140.0   0.28004
   1145.0   0.28269
   1150.0   0.28376
   1155.0   0.28544
   1160.0   0.28646
   1165.0   0.28745
   1170.0   0.28996
   1175.0   0.29140
   1180.0   0.29224
   1185.0   0.29322
   1190.0   0.29442
   1195.0   0.29612
   1200.0   0.29627
   1205.0   0.29748
   1210.0   0.29809
   1215.0   0.29981
   1220.0   0.30131
   1225.0   0.30279
   1230.0   0.30385
   1235.0   0.30492
   1240.0   0.30570
   1245.0   0.30683
   1250.0   0.30858
   1255.0   0.31037
   1260.0   0.31191
   1265.0   0.31302
   1270.0   0.31265
   1275.0   0.31429
   1280.0   0.31546
   1285.0   0.31706
   1290.0   0.31808
   1295.0   0.31967
   1300.0   0.31964
   1305.0   0.32121
   1310.0   0.32311
   1315.0   0.32341
   1320.0   0.32426
   1325.0   0.32532
   1330.0   0.32631
   1335.0   0.32811
   1340.0   0.32875
   1345.0   0.33031
   1350.0   0.33075
   1355.0   0.33105
   1360.0   0.33257
   1365.0   0.33446
   1370.0   0.33351
   1375.0   0.33532
   1380.0   0.33348
   1385.0   0.33810
   1390.0   0.33811
   1395.0   0.33666
   1400.0   0.33822
   1405.0   0.33823
   1410.0   0.33786
   1415.0   0.33809
   1420.0   0.33855
   1425.0   0.33966
   1430.0   0.34199
   1435.0   0.34297
   1440.0   0.34505
   1445.0   0.34546
   1450.0   0.34573
   1455.0   0.34683
   1460.0   0.34771
   1465.0   0.34831
   1470.0   0.34893
   1475.0   0.35078
   1480.0   0.35225
   1485.0   0.35305
   1490.0   0.35417
   1495.0   0.35480
   1500.0   0.35488
   1505.0   0.35567
   1510.0   0.35646
   1515.0   0.35728
   1520.0   0.35874
   1525.0   0.35964
   1530.0   0.36098
   1535.0   0.36143
   1540.0   0.36277
   1545.0   0.36351
   1550.0   0.36503
   1555.0   0.36572
   1560.0   0.36685
   1565.0   0.36897
   1570.0   0.36817
   1575.0   0.36925
   1580.0   0.37041
   1585.0   0.37106
   1590.0   0.37277
   1595.0   0.37356
   1600.0   0.37234
   1605.0   0.37367
   1610.0   0.37499
   1615.0   0.37679
   1620.0   0.37685
   1625.0   0.37721
   1630.0   0.37777
   1635.0   0.37800
   1640.0   0.37954
   1645.0   0.37975
   1650.0   0.38171
   1655.0   0.38185
   1660.0   0.38244
   1665.0   0.38296
   1670.0   0.38275
   1675.0   0.38478
   1680.0   0.38551
   1685.0   0.38708
   1690.0   0.38853
   1695.0   0.38987
   1700.0   0.39045
   1705.0   0.39009
   1710.0   0.39109
   1715.0   0.39137
   1720.0   0.39270
   1725.0   0.39272
   1730.0   0.39348
   1735.0   0.39527
   1740.0   0.39600
   1745.0   0.39531
   1750.0   0.39654
   1755.0   0.39702
   1760.0   0.39777
   1765.0   0.39863
   1770.0   0.39922
   1775.0   0.40059
   1780.0   0.39907
   1785.0   0.39955
   1790.0   0.40141
   1795.0   0.40227
   1800.0   0.40362
   1805.0   0.40486
   1810.0   0.40602
   1815.0   0.40653
   1820.0   0.40682
   1825.0   0.40872
   1830.0   0.40847
   1835.0   0.40746
   1840.0   0.40830
   1845.0   0.41140
   1850.0   0.41167
   1855.0   0.41405
   1860.0   0.41408
   1865.0   0.41318
   1870.0   0.40994
   1875.0   0.41411
   1880.0   0.41945
   1885.0   0.41604
   1890.0   0.41172
   1895.0   0.40831
   1900.0   0.40291
   1905.0   0.39979
   1910.0   0.39892
   1915.0   0.39659
   1920.0   0.39623
   1925.0   0.39843
   1930.0   0.39978
   1935.0   0.40052
   1940.0   0.40167
   1945.0   0.40338
   1950.0   0.40451
   1955.0   0.40619
   1960.0   0.40939
   1965.0   0.41023
   1970.0   0.41113
   1975.0   0.41294
   1980.0   0.41456
   1985.0   0.41535
   1990.0   0.41697
   1995.0   0.41926
   2000.0   0.42128
   2005.0   0.42209
   2010.0   0.42320
   2015.0   0.42554
   2020.0   0.42671
   2025.0   0.42768
   2030.0   0.42928
   2035.0   0.43125
   2040.0   0.43202
   2045.0   0.43259
   2050.0   0.43463
   2055.0   0.43644
   2060.0   0.43591
   2065.0   0.43683
   2070.0   0.43866
   2075.0   0.43921
   2080.0   0.43998
   2085.0   0.44035
   2090.0   0.44136
   2095.0   0.44202
   2100.0   0.44286
   2105.0   0.44465
   2110.0   0.44512
   2115.0   0.44506
   2120.0   0.44602
   2125.0   0.44711
   2130.0   0.44804
   2135.0   0.44919
   2140.0   0.44961
   2145.0   0.44909
   2150.0   0.44936
   2155.0   0.44925
   2160.0   0.44950
   2165.0   0.44959
   2170.0   0.44864
   2175.0   0.44808
   2180.0   0.44618
   2185.0   0.44521
   2190.0   0.44474
   2195.0   0.44355
   2200.0   0.44384
   2205.0   0.44509
   2210.0   0.44455
   2215.0   0.44395
   2220.0   0.44596
   2225.0   0.44769
   2230.0   0.44883
   2235.0   0.44766
   2240.0   0.44863
   2245.0   0.44930
   2250.0   0.45129
   2255.0   0.45286
   2260.0   0.45464
   2265.0   0.45492
   2270.0   0.45528
   2275.0   0.45545
   2280.0   0.45689
   2285.0   0.45734
   2290.0   0.45768
   2295.0   0.45853
   2300.0   0.45883
   2305.0   0.45852
   2310.0   0.45933
   2315.0   0.46112
   2320.0   0.46275
   2325.0   0.46212
   2330.0   0.46103
   2335.0   0.46073
   2340.0   0.45915
   2345.0   0.46103
   2350.0   0.46171
   2355.0   0.46227
   2360.0   0.46287
   2365.0   0.46125
   2370.0   0.46093
   2375.0   0.46128
   2380.0   0.46225
   2385.0   0.46168
   2390.0   0.45979
   2395.0   0.45780
   2400.0   0.45927
   2405.0   0.45913
   2410.0   0.45654
   2415.0   0.45379
   2420.0   0.45367
   2425.0   0.45539
   2430.0   0.45504
   2435.0   0.45369
   2440.0   0.45137
   2445.0   0.44815
   2450.0   0.44597
   2455.0   0.44686
   2460.0   0.44698
   2465.0   0.44497
   2470.0   0.44454
   2475.0   0.44532
   2480.0   0.44228
   2485.0   0.44066
   2490.0   0.43887
   2495.0   0.43854
   2500.0   0.43796
   2505.0   0.43642
   2510.0   0.43762
   2515.0   0.43747
   2520.0   0.43721
   2525.0   0.43647
   2530.0   0.43438
   2535.0   0.43563
   2540.0   0.43769
   2545.0   0.43434
   2550.0   0.43770
   2555.0   0.43988
   2560.0   0.43572
   2565.0   0.43628
   2570.0   0.44109
   2575.0   0.43765
   2580.0   0.43848
   2585.0   0.43321
   2590.0   0.44144
   2595.0   0.43561
   2600.0   0.44499
   2605.0   0.43874
   2610.0   0.44029
   2615.0   0.43967
   2620.0   0.43754
   2625.0   0.43465
   2630.0   0.43533
   2635.0   0.43484
   2640.0   0.42946
   2645.0   0.42182
   2650.0   0.41370
   2655.0   0.40679
   2660.0   0.39866
   2665.0   0.38821
   2670.0   0.38102
   2675.0   0.37241
   2680.0   0.35937
   2685.0   0.32916
   2690.0   0.29481
   2695.0   0.25425
   2700.0   0.21811
   2705.0   0.18515
   2710.0   0.16249
   2715.0   0.14753
   2720.0   0.13649
   2725.0   0.12804
   2730.0   0.11550
   2735.0   0.10521
   2740.0   0.09637
   2745.0   0.08956
   2750.0   0.08886
   2755.0   0.08196
   2760.0   0.07662
   2765.0   0.08039
   2770.0   0.08048
   2775.0   0.07573
   2780.0   0.07597
   2785.0   0.08691
   2790.0   0.08298
   2795.0   0.07679
   2800.0   0.07591
   2805.0   0.07485
   2810.0   0.07374
   2815.0   0.07103
   2820.0   0.07154
   2825.0   0.07172
   2830.0   0.06733
   2835.0   0.07261
   2840.0   0.06953
   2845.0   0.06576
   2850.0   0.06568
   2855.0   0.06790
   2860.0   0.06764
   2865.0   0.06741
   2870.0   0.06313
   2875.0   0.06596
   2880.0   0.06406
   2885.0   0.06441
   2890.0   0.06326
   2895.0   0.06146
   2900.0   0.06219
   2905.0   0.06169
   2910.0   0.06095
   2915.0   0.05930
   2920.0   0.06035
   2925.0   0.05954
   2930.0   0.05991
   2935.0   0.05766
   2940.0   0.06025
   2945.0   0.06047
   2950.0   0.05986
   2955.0   0.05886
   2960.0   0.06042
   2965.0   0.06193
   2970.0   0.05927
   2975.0   0.05971
   2980.0   0.06072
   2985.0   0.06348
   2990.0   0.06293
   2995.0   0.06297
   3000.0   0.06321
   3005.0   0.06399
   3010.0   0.06461
   3015.0   0.06479
   3020.0   0.06560
   3025.0   0.06546
   3030.0   0.06635
   3035.0   0.06681
   3040.0   0.06613
   3045.0   0.06882
   3050.0   0.06735
   3055.0   0.06874
   3060.0   0.07029
   3065.0   0.06930
   3070.0   0.07084
   3075.0   0.07065
   3080.0   0.07059
   3085.0   0.07164
   3090.0   0.07150
   3095.0   0.07362
   3100.0   0.07346
   3105.0   0.07509
   3110.0   0.07548
   3115.0   0.07738
   3120.0   0.07827
   3125.0   0.07949
   3130.0   0.08050
   3135.0   0.08070
   3140.0   0.08401
   3145.0   0.08468
   3150.0   0.08502
   3155.0   0.08691
   3160.0   0.08862
   3165.0   0.08821
   3170.0   0.09063
   3175.0   0.09226
   3180.0   0.09399
   3185.0   0.09618
   3190.0   0.09708
   3195.0   0.09806
   3200.0   0.09989
   3205.0   0.10110
   3210.0   0.10290
   3215.0   0.10569
   3220.0   0.10617
   3225.0   0.10829
   3230.0   0.10942
   3235.0   0.11012
   3240.0   0.11243
   3245.0   0.11320
   3250.0   0.11415
   3255.0   0.11609
   3260.0   0.11753
   3265.0   0.11762
   3270.0   0.12043
   3275.0   0.12186
   3280.0   0.12346
   3285.0   0.12371
   3290.0   0.12553
   3295.0   0.12689
   3300.0   0.12984
   3305.0   0.13210
   3310.0   0.13310
   3315.0   0.13610
   3320.0   0.13891
   3325.0   0.14127
   3330.0   0.14221
   3335.0   0.14266
   3340.0   0.14372
   3345.0   0.14435
   3350.0   0.14554
   3355.0   0.14606
   3360.0   0.14795
   3365.0   0.14978
   3370.0   0.15096
   3375.0   0.15214
   3380.0   0.15527
   3385.0   0.15611
   3390.0   0.16027
   3395.0   0.16178
   3400.0   0.16435
   3405.0   0.16701
   3410.0   0.16662
   3415.0   0.16818
   3420.0   0.17239
   3425.0   0.17218
   3430.0   0.17634
   3435.0   0.17972
   3440.0   0.18288
   3445.0   0.18032
   3450.0   0.18605
   3455.0   0.18552
   3460.0   0.19163
   3465.0   0.18888
   3470.0   0.19058
   3475.0   0.18920
   3480.0   0.18834
   3485.0   0.19226
   3490.0   0.19677
   3495.0   0.19814
   3500.0   0.20208
   3505.0   0.20242
   3510.0   0.20438
   3515.0   0.21128
   3520.0   0.21881
   3525.0   0.22139
   3530.0   0.22427
   3535.0   0.22555
   3540.0   0.23319
   3545.0   0.23057
   3550.0   0.24098
   3555.0   0.23696
   3560.0   0.24875
   3565.0   0.25088
   3570.0   0.24911
   3575.0   0.25223
   3580.0   0.25283
   3585.0   0.25977
   3590.0   0.25837
   3595.0   0.26289
   3600.0   0.26172



 C2NV07      .ASC                        

 NV-RBS-007                                                              
 CN-18B AT 35,0                                                          
 RATIOS ADJUSTED USING NBS HALON CALIBRATION TABLE                       

 Source Ang: 35.00   Detect Ang:  0.00  Volt: 0.222
 Date: 16-FEB-89   Time: 15:35:09
