   661
    300.0   0.34907
    305.0   0.35891
    310.0   0.36428
    315.0   0.37331
    320.0   0.38421
    325.0   0.39053
    330.0   0.39937
    335.0   0.40493
    340.0   0.41198
    345.0   0.42499
    350.0   0.43242
    355.0   0.44770
    360.0   0.44567
    365.0   0.46937
    370.0   0.48025
    375.0   0.49322
    380.0   0.50588
    385.0   0.51791
    390.0   0.52937
    395.0   0.53861
    400.0   0.54653
    405.0   0.55489
    410.0   0.57359
    415.0   0.57830
    420.0   0.58595
    425.0   0.59402
    430.0   0.60260
    435.0   0.61217
    440.0   0.62189
    445.0   0.62951
    450.0   0.63830
    455.0   0.64542
    460.0   0.65003
    465.0   0.65388
    470.0   0.65843
    475.0   0.66113
    480.0   0.66584
    485.0   0.66992
    490.0   0.67610
    495.0   0.68002
    500.0   0.68683
    505.0   0.69333
    510.0   0.69979
    515.0   0.70658
    520.0   0.71321
    525.0   0.72061
    530.0   0.72590
    535.0   0.73446
    540.0   0.73910
    545.0   0.74645
    550.0   0.75416
    555.0   0.76291
    560.0   0.76913
    565.0   0.77654
    570.0   0.78443
    575.0   0.79039
    580.0   0.79650
    585.0   0.80164
    590.0   0.80598
    595.0   0.81130
    600.0   0.81448
    605.0   0.81881
    610.0   0.82150
    615.0   0.82322
    620.0   0.82458
    625.0   0.82566
    630.0   0.82614
    635.0   0.82774
    640.0   0.82947
    645.0   0.82998
    650.0   0.83273
    655.0   0.83595
    660.0   0.83600
    665.0   0.83811
    670.0   0.83913
    675.0   0.84021
    680.0   0.84218
    685.0   0.84355
    690.0   0.84553
    695.0   0.84914
    700.0   0.85117
    705.0   0.85434
    710.0   0.85625
    715.0   0.85831
    720.0   0.86005
    725.0   0.86114
    730.0   0.86240
    735.0   0.86523
    740.0   0.86746
    745.0   0.86735
    750.0   0.86928
    755.0   0.87054
    760.0   0.87571
    765.0   0.87559
    770.0   0.87785
    775.0   0.87869
    780.0   0.87895
    785.0   0.88127
    790.0   0.88179
    795.0   0.88322
    800.0   0.88477
    805.0   0.88406
    810.0   0.88455
    815.0   0.88618
    820.0   0.88583
    825.0   0.88501
    830.0   0.88509
    835.0   0.88715
    840.0   0.88472
    845.0   0.88496
    850.0   0.88492
    855.0   0.88522
    860.0   0.88450
    865.0   0.88479
    870.0   0.88559
    875.0   0.88434
    880.0   0.88192
    885.0   0.88109
    890.0   0.88363
    895.0   0.88266
    900.0   0.88281
    905.0   0.88278
    910.0   0.88373
    915.0   0.88279
    920.0   0.88448
    925.0   0.88473
    930.0   0.88509
    935.0   0.88622
    940.0   0.88574
    945.0   0.88412
    950.0   0.88689
    955.0   0.88646
    960.0   0.88826
    965.0   0.88830
    970.0   0.88802
    975.0   0.89005
    980.0   0.89417
    985.0   0.89021
    990.0   0.89039
    995.0   0.89058
   1000.0   0.88982
   1005.0   0.89127
   1010.0   0.88931
   1015.0   0.89205
   1020.0   0.89401
   1025.0   0.89498
   1030.0   0.89429
   1035.0   0.89423
   1040.0   0.89472
   1045.0   0.89622
   1050.0   0.89520
   1055.0   0.89659
   1060.0   0.89796
   1065.0   0.89883
   1070.0   0.89869
   1075.0   0.89667
   1080.0   0.89761
   1085.0   0.89901
   1090.0   0.90036
   1095.0   0.90184
   1100.0   0.90162
   1105.0   0.90250
   1110.0   0.90295
   1115.0   0.90251
   1120.0   0.90285
   1125.0   0.90313
   1130.0   0.90390
   1135.0   0.90436
   1140.0   0.90513
   1145.0   0.90403
   1150.0   0.90304
   1155.0   0.90494
   1160.0   0.90598
   1165.0   0.90669
   1170.0   0.90776
   1175.0   0.90865
   1180.0   0.90823
   1185.0   0.91136
   1190.0   0.90967
   1195.0   0.90900
   1200.0   0.90948
   1205.0   0.90984
   1210.0   0.91146
   1215.0   0.91090
   1220.0   0.91127
   1225.0   0.91083
   1230.0   0.91081
   1235.0   0.90971
   1240.0   0.91035
   1245.0   0.91109
   1250.0   0.91049
   1255.0   0.91358
   1260.0   0.91848
   1265.0   0.91567
   1270.0   0.91639
   1275.0   0.91660
   1280.0   0.91129
   1285.0   0.91491
   1290.0   0.91537
   1295.0   0.91776
   1300.0   0.91857
   1305.0   0.91812
   1310.0   0.91739
   1315.0   0.91667
   1320.0   0.91636
   1325.0   0.91672
   1330.0   0.91567
   1335.0   0.91392
   1340.0   0.91265
   1345.0   0.91421
   1350.0   0.91225
   1355.0   0.91106
   1360.0   0.90733
   1365.0   0.90560
   1370.0   0.90524
   1375.0   0.89996
   1380.0   0.89212
   1385.0   0.88465
   1390.0   0.88169
   1395.0   0.87606
   1400.0   0.87187
   1405.0   0.86205
   1410.0   0.85471
   1415.0   0.85337
   1420.0   0.85374
   1425.0   0.85873
   1430.0   0.86221
   1435.0   0.86607
   1440.0   0.86703
   1445.0   0.87282
   1450.0   0.87368
   1455.0   0.87665
   1460.0   0.87697
   1465.0   0.87423
   1470.0   0.87576
   1475.0   0.87956
   1480.0   0.88243
   1485.0   0.88562
   1490.0   0.88671
   1495.0   0.88878
   1500.0   0.88802
   1505.0   0.88949
   1510.0   0.89284
   1515.0   0.89286
   1520.0   0.89319
   1525.0   0.89454
   1530.0   0.89666
   1535.0   0.89679
   1540.0   0.89583
   1545.0   0.89626
   1550.0   0.89882
   1555.0   0.89973
   1560.0   0.90035
   1565.0   0.90133
   1570.0   0.90307
   1575.0   0.90380
   1580.0   0.90684
   1585.0   0.90237
   1590.0   0.90339
   1595.0   0.90293
   1600.0   0.90386
   1605.0   0.90365
   1610.0   0.90524
   1615.0   0.90630
   1620.0   0.90646
   1625.0   0.90369
   1630.0   0.90337
   1635.0   0.90616
   1640.0   0.90679
   1645.0   0.90573
   1650.0   0.90156
   1655.0   0.90019
   1660.0   0.90342
   1665.0   0.90345
   1670.0   0.90384
   1675.0   0.90396
   1680.0   0.90610
   1685.0   0.90514
   1690.0   0.90293
   1695.0   0.90243
   1700.0   0.90247
   1705.0   0.90163
   1710.0   0.90206
   1715.0   0.90161
   1720.0   0.90162
   1725.0   0.89927
   1730.0   0.89950
   1735.0   0.90076
   1740.0   0.90064
   1745.0   0.89833
   1750.0   0.89666
   1755.0   0.89666
   1760.0   0.89674
   1765.0   0.89661
   1770.0   0.89661
   1775.0   0.89780
   1780.0   0.89696
   1785.0   0.89553
   1790.0   0.89457
   1795.0   0.89587
   1800.0   0.89625
   1805.0   0.89425
   1810.0   0.89315
   1815.0   0.89264
   1820.0   0.89326
   1825.0   0.89225
   1830.0   0.89060
   1835.0   0.88897
   1840.0   0.88686
   1845.0   0.88923
   1850.0   0.89143
   1855.0   0.89017
   1860.0   0.88777
   1865.0   0.88454
   1870.0   0.87593
   1875.0   0.86661
   1880.0   0.86165
   1885.0   0.84050
   1890.0   0.81997
   1895.0   0.80385
   1900.0   0.78233
   1905.0   0.76028
   1910.0   0.74983
   1915.0   0.74707
   1920.0   0.74982
   1925.0   0.75720
   1930.0   0.76643
   1935.0   0.77319
   1940.0   0.77953
   1945.0   0.78500
   1950.0   0.78924
   1955.0   0.79520
   1960.0   0.79917
   1965.0   0.80404
   1970.0   0.80664
   1975.0   0.80999
   1980.0   0.81435
   1985.0   0.81697
   1990.0   0.82149
   1995.0   0.82538
   2000.0   0.83008
   2005.0   0.83184
   2010.0   0.83334
   2015.0   0.83900
   2020.0   0.84065
   2025.0   0.84248
   2030.0   0.84618
   2035.0   0.84853
   2040.0   0.85137
   2045.0   0.85335
   2050.0   0.85284
   2055.0   0.85472
   2060.0   0.85619
   2065.0   0.85733
   2070.0   0.85741
   2075.0   0.85731
   2080.0   0.85857
   2085.0   0.85681
   2090.0   0.85639
   2095.0   0.85699
   2100.0   0.85584
   2105.0   0.85919
   2110.0   0.86047
   2115.0   0.86201
   2120.0   0.86254
   2125.0   0.86132
   2130.0   0.85961
   2135.0   0.85701
   2140.0   0.85637
   2145.0   0.85726
   2150.0   0.85381
   2155.0   0.85054
   2160.0   0.84784
   2165.0   0.84717
   2170.0   0.84573
   2175.0   0.83896
   2180.0   0.83315
   2185.0   0.83036
   2190.0   0.82618
   2195.0   0.81911
   2200.0   0.81600
   2205.0   0.81381
   2210.0   0.80881
   2215.0   0.80570
   2220.0   0.80727
   2225.0   0.80917
   2230.0   0.81046
   2235.0   0.81198
   2240.0   0.81258
   2245.0   0.81182
   2250.0   0.81228
   2255.0   0.81362
   2260.0   0.81119
   2265.0   0.81033
   2270.0   0.81164
   2275.0   0.81253
   2280.0   0.81176
   2285.0   0.81266
   2290.0   0.81316
   2295.0   0.81348
   2300.0   0.81309
   2305.0   0.81361
   2310.0   0.81362
   2315.0   0.81460
   2320.0   0.81389
   2325.0   0.81205
   2330.0   0.81278
   2335.0   0.81340
   2340.0   0.81125
   2345.0   0.81284
   2350.0   0.81465
   2355.0   0.81499
   2360.0   0.81148
   2365.0   0.80935
   2370.0   0.80556
   2375.0   0.80235
   2380.0   0.79850
   2385.0   0.79393
   2390.0   0.79346
   2395.0   0.79044
   2400.0   0.78784
   2405.0   0.78341
   2410.0   0.77971
   2415.0   0.77569
   2420.0   0.77140
   2425.0   0.76812
   2430.0   0.76488
   2435.0   0.75888
   2440.0   0.75247
   2445.0   0.75398
   2450.0   0.74862
   2455.0   0.74479
   2460.0   0.74128
   2465.0   0.73800
   2470.0   0.73317
   2475.0   0.72949
   2480.0   0.72407
   2485.0   0.71955
   2490.0   0.71743
   2495.0   0.71444
   2500.0   0.71444
   2505.0   0.71033
   2510.0   0.70711
   2515.0   0.70369
   2520.0   0.70277
   2525.0   0.70306
   2530.0   0.69995
   2535.0   0.69776
   2540.0   0.70381
   2545.0   0.69563
   2550.0   0.68996
   2555.0   0.69422
   2560.0   0.69261
   2565.0   0.68329
   2570.0   0.69018
   2575.0   0.68512
   2580.0   0.68347
   2585.0   0.67903
   2590.0   0.67863
   2595.0   0.67648
   2600.0   0.67700
   2605.0   0.67703
   2610.0   0.67203
   2615.0   0.67134
   2620.0   0.66691
   2625.0   0.66403
   2630.0   0.66158
   2635.0   0.65990
   2640.0   0.65942
   2645.0   0.65253
   2650.0   0.64161
   2655.0   0.62836
   2660.0   0.61346
   2665.0   0.59634
   2670.0   0.57865
   2675.0   0.56234
   2680.0   0.54254
   2685.0   0.51418
   2690.0   0.47336
   2695.0   0.42959
   2700.0   0.38519
   2705.0   0.33578
   2710.0   0.29581
   2715.0   0.26405
   2720.0   0.24093
   2725.0   0.22093
   2730.0   0.20594
   2735.0   0.18664
   2740.0   0.17301
   2745.0   0.16015
   2750.0   0.14788
   2755.0   0.13735
   2760.0   0.13280
   2765.0   0.12427
   2770.0   0.12807
   2775.0   0.12588
   2780.0   0.13534
   2785.0   0.12733
   2790.0   0.13425
   2795.0   0.12674
   2800.0   0.12550
   2805.0   0.12323
   2810.0   0.12288
   2815.0   0.12523
   2820.0   0.12320
   2825.0   0.12445
   2830.0   0.11922
   2835.0   0.12342
   2840.0   0.11888
   2845.0   0.11737
   2850.0   0.11726
   2855.0   0.11448
   2860.0   0.11348
   2865.0   0.11177
   2870.0   0.10997
   2875.0   0.11006
   2880.0   0.10602
   2885.0   0.10842
   2890.0   0.10735
   2895.0   0.10495
   2900.0   0.10552
   2905.0   0.10390
   2910.0   0.10285
   2915.0   0.10221
   2920.0   0.10275
   2925.0   0.10126
   2930.0   0.09934
   2935.0   0.09989
   2940.0   0.09889
   2945.0   0.09644
   2950.0   0.09897
   2955.0   0.09918
   2960.0   0.09838
   2965.0   0.09897
   2970.0   0.10049
   2975.0   0.10187
   2980.0   0.10180
   2985.0   0.10108
   2990.0   0.10134
   2995.0   0.10190
   3000.0   0.10169
   3005.0   0.10435
   3010.0   0.10329
   3015.0   0.10580
   3020.0   0.10739
   3025.0   0.10640
   3030.0   0.10766
   3035.0   0.10827
   3040.0   0.10880
   3045.0   0.11109
   3050.0   0.11141
   3055.0   0.11193
   3060.0   0.11318
   3065.0   0.11402
   3070.0   0.11520
   3075.0   0.11482
   3080.0   0.11267
   3085.0   0.11552
   3090.0   0.11531
   3095.0   0.11692
   3100.0   0.11698
   3105.0   0.11788
   3110.0   0.11902
   3115.0   0.11959
   3120.0   0.12211
   3125.0   0.12332
   3130.0   0.12365
   3135.0   0.12664
   3140.0   0.12785
   3145.0   0.12981
   3150.0   0.13208
   3155.0   0.13399
   3160.0   0.13340
   3165.0   0.13635
   3170.0   0.13923
   3175.0   0.14114
   3180.0   0.14290
   3185.0   0.14478
   3190.0   0.14608
   3195.0   0.14945
   3200.0   0.15212
   3205.0   0.15477
   3210.0   0.15838
   3215.0   0.16051
   3220.0   0.16414
   3225.0   0.16601
   3230.0   0.16673
   3235.0   0.16815
   3240.0   0.17045
   3245.0   0.17227
   3250.0   0.17579
   3255.0   0.17877
   3260.0   0.17976
   3265.0   0.18293
   3270.0   0.18430
   3275.0   0.18829
   3280.0   0.19056
   3285.0   0.19175
   3290.0   0.19283
   3295.0   0.19568
   3300.0   0.19676
   3305.0   0.20114
   3310.0   0.20312
   3315.0   0.20555
   3320.0   0.20994
   3325.0   0.21252
   3330.0   0.21681
   3335.0   0.21914
   3340.0   0.22438
   3345.0   0.22573
   3350.0   0.22834
   3355.0   0.23521
   3360.0   0.23641
   3365.0   0.24162
   3370.0   0.24382
   3375.0   0.24787
   3380.0   0.25125
   3385.0   0.25521
   3390.0   0.25725
   3395.0   0.25991
   3400.0   0.26564
   3405.0   0.26829
   3410.0   0.27075
   3415.0   0.27462
   3420.0   0.27775
   3425.0   0.28160
   3430.0   0.28549
   3435.0   0.29013
   3440.0   0.29421
   3445.0   0.29703
   3450.0   0.29722
   3455.0   0.30352
   3460.0   0.30560
   3465.0   0.30715
   3470.0   0.31199
   3475.0   0.31547
   3480.0   0.31844
   3485.0   0.31810
   3490.0   0.32420
   3495.0   0.32864
   3500.0   0.33053
   3505.0   0.33411
   3510.0   0.33112
   3515.0   0.34190
   3520.0   0.34738
   3525.0   0.35199
   3530.0   0.35386
   3535.0   0.35757
   3540.0   0.36651
   3545.0   0.36825
   3550.0   0.36960
   3555.0   0.37536
   3560.0   0.37707
   3565.0   0.38363
   3570.0   0.38391
   3575.0   0.38972
   3580.0   0.39525
   3585.0   0.39778
   3590.0   0.39615
   3595.0   0.39717
   3600.0   0.39370



 C2NV08      .ASC                        

 NV-RBS-008                                                              
 CN-20B CHIP @ 35.5,0                                                    
 RATIOS ADJUSTED USING NBS HALON CALIBRATION TABLE                       

 Source Ang: 35.00   Detect Ang:  0.00  Volt: 0.222
 Date: 08-FEB-89   Time: 15:25:20
