   661
    300.0   0.10611
    305.0   0.12201
    310.0   0.13442
    315.0   0.15252
    320.0   0.17150
    325.0   0.18676
    330.0   0.20139
    335.0   0.21541
    340.0   0.22520
    345.0   0.23565
    350.0   0.24343
    355.0   0.25448
    360.0   0.26344
    365.0   0.27373
    370.0   0.28283
    375.0   0.29119
    380.0   0.29854
    385.0   0.30584
    390.0   0.31392
    395.0   0.32103
    400.0   0.32668
    405.0   0.33316
    410.0   0.34092
    415.0   0.34844
    420.0   0.35652
    425.0   0.36382
    430.0   0.37123
    435.0   0.37595
    440.0   0.37891
    445.0   0.38435
    450.0   0.38989
    455.0   0.39633
    460.0   0.40150
    465.0   0.40722
    470.0   0.41403
    475.0   0.42028
    480.0   0.42601
    485.0   0.43130
    490.0   0.43476
    495.0   0.43735
    500.0   0.44262
    505.0   0.44670
    510.0   0.45032
    515.0   0.45234
    520.0   0.45475
    525.0   0.45621
    530.0   0.45725
    535.0   0.45695
    540.0   0.45742
    545.0   0.45759
    550.0   0.45687
    555.0   0.45652
    560.0   0.45502
    565.0   0.45492
    570.0   0.45290
    575.0   0.45097
    580.0   0.44946
    585.0   0.44794
    590.0   0.44606
    595.0   0.44400
    600.0   0.44182
    605.0   0.43914
    610.0   0.43587
    615.0   0.43360
    620.0   0.43145
    625.0   0.42873
    630.0   0.42705
    635.0   0.42531
    640.0   0.42286
    645.0   0.42174
    650.0   0.41993
    655.0   0.41937
    660.0   0.41788
    665.0   0.41686
    670.0   0.41663
    675.0   0.41604
    680.0   0.41677
    685.0   0.41710
    690.0   0.41616
    695.0   0.41629
    700.0   0.41606
    705.0   0.41670
    710.0   0.41851
    715.0   0.41993
    720.0   0.42066
    725.0   0.42233
    730.0   0.42421
    735.0   0.42576
    740.0   0.42740
    745.0   0.42946
    750.0   0.43074
    755.0   0.43348
    760.0   0.43510
    765.0   0.43744
    770.0   0.44041
    775.0   0.44338
    780.0   0.44502
    785.0   0.44732
    790.0   0.44850
    795.0   0.44971
    800.0   0.45112
    805.0   0.45220
    810.0   0.45398
    815.0   0.45279
    820.0   0.45329
    825.0   0.45256
    830.0   0.45168
    835.0   0.45123
    840.0   0.45003
    845.0   0.44870
    850.0   0.44714
    855.0   0.44721
    860.0   0.44701
    865.0   0.44537
    870.0   0.44263
    875.0   0.44120
    880.0   0.44091
    885.0   0.44019
    890.0   0.43912
    895.0   0.43858
    900.0   0.43842
    905.0   0.43753
    910.0   0.43689
    915.0   0.43762
    920.0   0.43654
    925.0   0.43580
    930.0   0.43576
    935.0   0.43704
    940.0   0.43566
    945.0   0.43559
    950.0   0.43310
    955.0   0.43277
    960.0   0.43124
    965.0   0.42952
    970.0   0.42884
    975.0   0.42676
    980.0   0.42506
    985.0   0.42290
    990.0   0.42059
    995.0   0.41814
   1000.0   0.41676
   1005.0   0.41427
   1010.0   0.41266
   1015.0   0.41131
   1020.0   0.41011
   1025.0   0.40930
   1030.0   0.40876
   1035.0   0.40849
   1040.0   0.40873
   1045.0   0.40995
   1050.0   0.41132
   1055.0   0.41426
   1060.0   0.41818
   1065.0   0.42248
   1070.0   0.42754
   1075.0   0.43298
   1080.0   0.43797
   1085.0   0.44312
   1090.0   0.44916
   1095.0   0.45374
   1100.0   0.45768
   1105.0   0.46269
   1110.0   0.46751
   1115.0   0.47187
   1120.0   0.47586
   1125.0   0.48027
   1130.0   0.48322
   1135.0   0.48770
   1140.0   0.49025
   1145.0   0.49333
   1150.0   0.49611
   1155.0   0.49923
   1160.0   0.50233
   1165.0   0.50441
   1170.0   0.50733
   1175.0   0.51055
   1180.0   0.51303
   1185.0   0.51673
   1190.0   0.51922
   1195.0   0.52190
   1200.0   0.52621
   1205.0   0.52983
   1210.0   0.53197
   1215.0   0.53503
   1220.0   0.54000
   1225.0   0.54229
   1230.0   0.54457
   1235.0   0.54926
   1240.0   0.55202
   1245.0   0.55523
   1250.0   0.55857
   1255.0   0.56071
   1260.0   0.56297
   1265.0   0.56741
   1270.0   0.57015
   1275.0   0.57202
   1280.0   0.57523
   1285.0   0.57774
   1290.0   0.58114
   1295.0   0.58312
   1300.0   0.58539
   1305.0   0.58792
   1310.0   0.59069
   1315.0   0.59324
   1320.0   0.59678
   1325.0   0.59850
   1330.0   0.60164
   1335.0   0.60396
   1340.0   0.60606
   1345.0   0.60883
   1350.0   0.61353
   1355.0   0.61625
   1360.0   0.61994
   1365.0   0.62490
   1370.0   0.62377
   1375.0   0.62281
   1380.0   0.62289
   1385.0   0.62843
   1390.0   0.60198
   1395.0   0.53000
   1400.0   0.55930
   1405.0   0.61313
   1410.0   0.62597
   1415.0   0.62923
   1420.0   0.63150
   1425.0   0.63365
   1430.0   0.63465
   1435.0   0.63480
   1440.0   0.63551
   1445.0   0.63690
   1450.0   0.63940
   1455.0   0.64139
   1460.0   0.64385
   1465.0   0.64619
   1470.0   0.64711
   1475.0   0.64807
   1480.0   0.64944
   1485.0   0.65087
   1490.0   0.65283
   1495.0   0.65490
   1500.0   0.65598
   1505.0   0.65768
   1510.0   0.65945
   1515.0   0.65993
   1520.0   0.66118
   1525.0   0.66131
   1530.0   0.66261
   1535.0   0.66429
   1540.0   0.66618
   1545.0   0.66740
   1550.0   0.66851
   1555.0   0.66990
   1560.0   0.67047
   1565.0   0.67282
   1570.0   0.67380
   1575.0   0.67453
   1580.0   0.67644
   1585.0   0.67633
   1590.0   0.67845
   1595.0   0.67990
   1600.0   0.68054
   1605.0   0.68148
   1610.0   0.68167
   1615.0   0.68305
   1620.0   0.68398
   1625.0   0.68460
   1630.0   0.68520
   1635.0   0.68651
   1640.0   0.68715
   1645.0   0.68874
   1650.0   0.68918
   1655.0   0.69005
   1660.0   0.69054
   1665.0   0.69049
   1670.0   0.69118
   1675.0   0.69252
   1680.0   0.69373
   1685.0   0.69369
   1690.0   0.69420
   1695.0   0.69472
   1700.0   0.69550
   1705.0   0.69714
   1710.0   0.69757
   1715.0   0.69759
   1720.0   0.69792
   1725.0   0.69973
   1730.0   0.70003
   1735.0   0.69890
   1740.0   0.69856
   1745.0   0.70026
   1750.0   0.70210
   1755.0   0.70286
   1760.0   0.70329
   1765.0   0.70349
   1770.0   0.70319
   1775.0   0.70313
   1780.0   0.70332
   1785.0   0.70476
   1790.0   0.70572
   1795.0   0.70457
   1800.0   0.70573
   1805.0   0.70578
   1810.0   0.70674
   1815.0   0.70803
   1820.0   0.70694
   1825.0   0.70716
   1830.0   0.70743
   1835.0   0.70626
   1840.0   0.70732
   1845.0   0.70691
   1850.0   0.70512
   1855.0   0.70369
   1860.0   0.70485
   1865.0   0.70317
   1870.0   0.70382
   1875.0   0.70492
   1880.0   0.69958
   1885.0   0.69717
   1890.0   0.69824
   1895.0   0.69723
   1900.0   0.69629
   1905.0   0.69555
   1910.0   0.69081
   1915.0   0.68717
   1920.0   0.68566
   1925.0   0.68302
   1930.0   0.68194
   1935.0   0.68239
   1940.0   0.68194
   1945.0   0.68215
   1950.0   0.68215
   1955.0   0.68210
   1960.0   0.68109
   1965.0   0.67975
   1970.0   0.68066
   1975.0   0.68063
   1980.0   0.68090
   1985.0   0.68126
   1990.0   0.68059
   1995.0   0.67863
   2000.0   0.68006
   2005.0   0.68062
   2010.0   0.68053
   2015.0   0.68113
   2020.0   0.68168
   2025.0   0.68179
   2030.0   0.68362
   2035.0   0.68536
   2040.0   0.68584
   2045.0   0.68766
   2050.0   0.68742
   2055.0   0.68615
   2060.0   0.68481
   2065.0   0.68403
   2070.0   0.68374
   2075.0   0.68382
   2080.0   0.68340
   2085.0   0.68181
   2090.0   0.68231
   2095.0   0.68099
   2100.0   0.67911
   2105.0   0.67881
   2110.0   0.67694
   2115.0   0.67102
   2120.0   0.66768
   2125.0   0.66628
   2130.0   0.66767
   2135.0   0.66883
   2140.0   0.66815
   2145.0   0.67040
   2150.0   0.67207
   2155.0   0.67050
   2160.0   0.66858
   2165.0   0.66897
   2170.0   0.66992
   2175.0   0.66958
   2180.0   0.66875
   2185.0   0.66823
   2190.0   0.66649
   2195.0   0.66535
   2200.0   0.66377
   2205.0   0.66126
   2210.0   0.66069
   2215.0   0.65995
   2220.0   0.65753
   2225.0   0.65445
   2230.0   0.65167
   2235.0   0.64659
   2240.0   0.64014
   2245.0   0.63338
   2250.0   0.62712
   2255.0   0.62301
   2260.0   0.61913
   2265.0   0.61617
   2270.0   0.61037
   2275.0   0.59979
   2280.0   0.58921
   2285.0   0.57670
   2290.0   0.56592
   2295.0   0.54838
   2300.0   0.52573
   2305.0   0.50779
   2310.0   0.50470
   2315.0   0.49745
   2320.0   0.48675
   2325.0   0.48669
   2330.0   0.50135
   2335.0   0.52790
   2340.0   0.55251
   2345.0   0.56632
   2350.0   0.57369
   2355.0   0.57557
   2360.0   0.57561
   2365.0   0.57590
   2370.0   0.57067
   2375.0   0.56479
   2380.0   0.55284
   2385.0   0.53643
   2390.0   0.52218
   2395.0   0.52095
   2400.0   0.53261
   2405.0   0.55011
   2410.0   0.56475
   2415.0   0.57354
   2420.0   0.57456
   2425.0   0.57601
   2430.0   0.57751
   2435.0   0.57792
   2440.0   0.57679
   2445.0   0.57006
   2450.0   0.56764
   2455.0   0.56734
   2460.0   0.56591
   2465.0   0.56209
   2470.0   0.56190
   2475.0   0.56160
   2480.0   0.56063
   2485.0   0.55974
   2490.0   0.56186
   2495.0   0.56638
   2500.0   0.56638
   2505.0   0.56511
   2510.0   0.56621
   2515.0   0.56771
   2520.0   0.56769
   2525.0   0.56992
   2530.0   0.57239
   2535.0   0.57235
   2540.0   0.57391
   2545.0   0.57586
   2550.0   0.57448
   2555.0   0.57450
   2560.0   0.57170
   2565.0   0.57445
   2570.0   0.57182
   2575.0   0.57492
   2580.0   0.57645
   2585.0   0.58058
   2590.0   0.58101
   2595.0   0.58049
   2600.0   0.58083
   2605.0   0.58170
   2610.0   0.58357
   2615.0   0.58493
   2620.0   0.58402
   2625.0   0.58067
   2630.0   0.57950
   2635.0   0.57962
   2640.0   0.57984
   2645.0   0.57964
   2650.0   0.57989
   2655.0   0.58307
   2660.0   0.58464
   2665.0   0.58750
   2670.0   0.58837
   2675.0   0.58645
   2680.0   0.57863
   2685.0   0.54627
   2690.0   0.48083
   2695.0   0.44323
   2700.0   0.42803
   2705.0   0.42272
   2710.0   0.41924
   2715.0   0.41319
   2720.0   0.39583
   2725.0   0.36010
   2730.0   0.30218
   2735.0   0.22552
   2740.0   0.16700
   2745.0   0.13322
   2750.0   0.12937
   2755.0   0.13882
   2760.0   0.15557
   2765.0   0.16856
   2770.0   0.17460
   2775.0   0.16786
   2780.0   0.15637
   2785.0   0.14828
   2790.0   0.15177
   2795.0   0.13967
   2800.0   0.13436
   2805.0   0.11974
   2810.0   0.12704
   2815.0   0.12729
   2820.0   0.13612
   2825.0   0.13269
   2830.0   0.14026
   2835.0   0.14350
   2840.0   0.14488
   2845.0   0.14887
   2850.0   0.15235
   2855.0   0.15676
   2860.0   0.16007
   2865.0   0.15959
   2870.0   0.15831
   2875.0   0.15784
   2880.0   0.15573
   2885.0   0.15685
   2890.0   0.15698
   2895.0   0.15445
   2900.0   0.15221
   2905.0   0.15170
   2910.0   0.14844
   2915.0   0.14918
   2920.0   0.15246
   2925.0   0.15146
   2930.0   0.15103
   2935.0   0.15124
   2940.0   0.15112
   2945.0   0.15131
   2950.0   0.15132
   2955.0   0.15397
   2960.0   0.15739
   2965.0   0.15548
   2970.0   0.15755
   2975.0   0.16052
   2980.0   0.16408
   2985.0   0.16683
   2990.0   0.16900
   2995.0   0.17135
   3000.0   0.17384
   3005.0   0.17775
   3010.0   0.18013
   3015.0   0.18344
   3020.0   0.18747
   3025.0   0.19133
   3030.0   0.19573
   3035.0   0.19569
   3040.0   0.19923
   3045.0   0.20380
   3050.0   0.20620
   3055.0   0.21006
   3060.0   0.21704
   3065.0   0.21985
   3070.0   0.22321
   3075.0   0.22399
   3080.0   0.22765
   3085.0   0.23122
   3090.0   0.23472
   3095.0   0.23884
   3100.0   0.23940
   3105.0   0.24496
   3110.0   0.24662
   3115.0   0.24824
   3120.0   0.25309
   3125.0   0.25724
   3130.0   0.26038
   3135.0   0.26166
   3140.0   0.26686
   3145.0   0.27141
   3150.0   0.27367
   3155.0   0.28014
   3160.0   0.28117
   3165.0   0.28683
   3170.0   0.28646
   3175.0   0.29368
   3180.0   0.29560
   3185.0   0.29821
   3190.0   0.29929
   3195.0   0.30320
   3200.0   0.30838
   3205.0   0.31075
   3210.0   0.31527
   3215.0   0.31958
   3220.0   0.32264
   3225.0   0.32702
   3230.0   0.32876
   3235.0   0.33341
   3240.0   0.33711
   3245.0   0.34281
   3250.0   0.34538
   3255.0   0.34985
   3260.0   0.35285
   3265.0   0.35596
   3270.0   0.35916
   3275.0   0.36271
   3280.0   0.36407
   3285.0   0.36917
   3290.0   0.36807
   3295.0   0.37548
   3300.0   0.37567
   3305.0   0.37565
   3310.0   0.37605
   3315.0   0.37721
   3320.0   0.37971
   3325.0   0.38251
   3330.0   0.38221
   3335.0   0.39032
   3340.0   0.39399
   3345.0   0.39160
   3350.0   0.39144
   3355.0   0.39175
   3360.0   0.39236
   3365.0   0.39052
   3370.0   0.39341
   3375.0   0.38555
   3380.0   0.37849
   3385.0   0.37062
   3390.0   0.36836
   3395.0   0.36726
   3400.0   0.37206
   3405.0   0.37644
   3410.0   0.37706
   3415.0   0.37072
   3420.0   0.36192
   3425.0   0.34848
   3430.0   0.34146
   3435.0   0.34175
   3440.0   0.35213
   3445.0   0.36603
   3450.0   0.37978
   3455.0   0.39780
   3460.0   0.40609
   3465.0   0.41208
   3470.0   0.41676
   3475.0   0.42546
   3480.0   0.42851
   3485.0   0.42743
   3490.0   0.42820
   3495.0   0.42720
   3500.0   0.42348
   3505.0   0.42651
   3510.0   0.42597
   3515.0   0.41073
   3520.0   0.41152
   3525.0   0.42364
   3530.0   0.43760
   3535.0   0.45683
   3540.0   0.46569
   3545.0   0.47611
   3550.0   0.48101
   3555.0   0.48700
   3560.0   0.49510
   3565.0   0.49681
   3570.0   0.49679
   3575.0   0.50608
   3580.0   0.50635
   3585.0   0.51704
   3590.0   0.51646
   3595.0   0.51910
   3600.0   0.51934



 C2PA51      .ASC                        

 PA-CMP-051                                                              
 ACTINOLITE FROM BERKELEY,CA #14785  FROM RGB FOR JFM                    
 C1PA51 WITH NEW DATA FROM 1.6-3.6  NEW DATA RUN CHOPPED                 

 Source Ang: 30.00   Detect Ang:  0.00  Volt: 0.222
 Date: 20-JUL-89   Time: 15:51:56
