   661
    300.0   0.14300
    305.0   0.15487
    310.0   0.17040
    315.0   0.18893
    320.0   0.20394
    325.0   0.21908
    330.0   0.23269
    335.0   0.24232
    340.0   0.25192
    345.0   0.26187
    350.0   0.27074
    355.0   0.28012
    360.0   0.28733
    365.0   0.29672
    370.0   0.30480
    375.0   0.31122
    380.0   0.31862
    385.0   0.32516
    390.0   0.33259
    395.0   0.33943
    400.0   0.34584
    405.0   0.35347
    410.0   0.36416
    415.0   0.37222
    420.0   0.37922
    425.0   0.38770
    430.0   0.39610
    435.0   0.40444
    440.0   0.41059
    445.0   0.41742
    450.0   0.42397
    455.0   0.43144
    460.0   0.43815
    465.0   0.44545
    470.0   0.45155
    475.0   0.45804
    480.0   0.46402
    485.0   0.47021
    490.0   0.47593
    495.0   0.48064
    500.0   0.48650
    505.0   0.49194
    510.0   0.49440
    515.0   0.49792
    520.0   0.50262
    525.0   0.50578
    530.0   0.50905
    535.0   0.51277
    540.0   0.51677
    545.0   0.51972
    550.0   0.52309
    555.0   0.52596
    560.0   0.52803
    565.0   0.53067
    570.0   0.53361
    575.0   0.53481
    580.0   0.53615
    585.0   0.53803
    590.0   0.53906
    595.0   0.53987
    600.0   0.54098
    605.0   0.54193
    610.0   0.54227
    615.0   0.54265
    620.0   0.54337
    625.0   0.54408
    630.0   0.54414
    635.0   0.54529
    640.0   0.54568
    645.0   0.54585
    650.0   0.54626
    655.0   0.54684
    660.0   0.54795
    665.0   0.54845
    670.0   0.54842
    675.0   0.54892
    680.0   0.54895
    685.0   0.54975
    690.0   0.54980
    695.0   0.54915
    700.0   0.54959
    705.0   0.55087
    710.0   0.55099
    715.0   0.55134
    720.0   0.55061
    725.0   0.55112
    730.0   0.55169
    735.0   0.55202
    740.0   0.55362
    745.0   0.55344
    750.0   0.55445
    755.0   0.55619
    760.0   0.55780
    765.0   0.55836
    770.0   0.55913
    775.0   0.55965
    780.0   0.56204
    785.0   0.56296
    790.0   0.56326
    795.0   0.56352
    800.0   0.56344
    805.0   0.56311
    810.0   0.56441
    815.0   0.56308
    820.0   0.56248
    825.0   0.56157
    830.0   0.55963
    835.0   0.55837
    840.0   0.55645
    845.0   0.55490
    850.0   0.55332
    855.0   0.55075
    860.0   0.54713
    865.0   0.54512
    870.0   0.54288
    875.0   0.54237
    880.0   0.54110
    885.0   0.53801
    890.0   0.53696
    895.0   0.53479
    900.0   0.53477
    905.0   0.53339
    910.0   0.53238
    915.0   0.53064
    920.0   0.53019
    925.0   0.52827
    930.0   0.52853
    935.0   0.52664
    940.0   0.52577
    945.0   0.52450
    950.0   0.52011
    955.0   0.52221
    960.0   0.52239
    965.0   0.52157
    970.0   0.52045
    975.0   0.51900
    980.0   0.51733
    985.0   0.51666
    990.0   0.51478
    995.0   0.51345
   1000.0   0.51225
   1005.0   0.51115
   1010.0   0.51033
   1015.0   0.50906
   1020.0   0.50845
   1025.0   0.50784
   1030.0   0.50725
   1035.0   0.50811
   1040.0   0.50878
   1045.0   0.50964
   1050.0   0.51188
   1055.0   0.51422
   1060.0   0.51741
   1065.0   0.52126
   1070.0   0.52501
   1075.0   0.52890
   1080.0   0.53406
   1085.0   0.53845
   1090.0   0.54280
   1095.0   0.54643
   1100.0   0.55015
   1105.0   0.55375
   1110.0   0.55728
   1115.0   0.56020
   1120.0   0.56368
   1125.0   0.56681
   1130.0   0.56946
   1135.0   0.57237
   1140.0   0.57610
   1145.0   0.57844
   1150.0   0.58143
   1155.0   0.58364
   1160.0   0.58663
   1165.0   0.58915
   1170.0   0.59229
   1175.0   0.59537
   1180.0   0.59924
   1185.0   0.60145
   1190.0   0.60485
   1195.0   0.60734
   1200.0   0.60889
   1205.0   0.61130
   1210.0   0.61416
   1215.0   0.61667
   1220.0   0.62096
   1225.0   0.62440
   1230.0   0.62710
   1235.0   0.62944
   1240.0   0.63220
   1245.0   0.63548
   1250.0   0.63897
   1255.0   0.64286
   1260.0   0.64545
   1265.0   0.64775
   1270.0   0.64985
   1275.0   0.65213
   1280.0   0.65578
   1285.0   0.65983
   1290.0   0.66344
   1295.0   0.66498
   1300.0   0.66631
   1305.0   0.66913
   1310.0   0.67283
   1315.0   0.67546
   1320.0   0.67853
   1325.0   0.68121
   1330.0   0.68225
   1335.0   0.68412
   1340.0   0.68543
   1345.0   0.68679
   1350.0   0.68922
   1355.0   0.69079
   1360.0   0.68996
   1365.0   0.69101
   1370.0   0.69059
   1375.0   0.69169
   1380.0   0.69120
   1385.0   0.69143
   1390.0   0.58010
   1395.0   0.58323
   1400.0   0.63842
   1405.0   0.68390
   1410.0   0.70081
   1415.0   0.70324
   1420.0   0.70427
   1425.0   0.70829
   1430.0   0.70993
   1435.0   0.71176
   1440.0   0.71367
   1445.0   0.71474
   1450.0   0.71442
   1455.0   0.71608
   1460.0   0.71642
   1465.0   0.71777
   1470.0   0.71847
   1475.0   0.72066
   1480.0   0.72258
   1485.0   0.72412
   1490.0   0.72454
   1495.0   0.72502
   1500.0   0.72492
   1505.0   0.72596
   1510.0   0.72727
   1515.0   0.72853
   1520.0   0.72980
   1525.0   0.73170
   1530.0   0.73184
   1535.0   0.73192
   1540.0   0.73201
   1545.0   0.73207
   1550.0   0.73380
   1555.0   0.73451
   1560.0   0.73625
   1565.0   0.73705
   1570.0   0.73804
   1575.0   0.73826
   1580.0   0.73958
   1585.0   0.73999
   1590.0   0.74017
   1595.0   0.74021
   1600.0   0.74087
   1605.0   0.74083
   1610.0   0.74293
   1615.0   0.74254
   1620.0   0.74343
   1625.0   0.74422
   1630.0   0.74462
   1635.0   0.74550
   1640.0   0.74613
   1645.0   0.74679
   1650.0   0.74596
   1655.0   0.74616
   1660.0   0.74898
   1665.0   0.75193
   1670.0   0.75266
   1675.0   0.75243
   1680.0   0.75338
   1685.0   0.75407
   1690.0   0.75337
   1695.0   0.75417
   1700.0   0.75388
   1705.0   0.75369
   1710.0   0.75435
   1715.0   0.75306
   1720.0   0.75392
   1725.0   0.75491
   1730.0   0.75597
   1735.0   0.75606
   1740.0   0.75495
   1745.0   0.75627
   1750.0   0.75547
   1755.0   0.75649
   1760.0   0.75724
   1765.0   0.75730
   1770.0   0.75733
   1775.0   0.75839
   1780.0   0.75795
   1785.0   0.75847
   1790.0   0.75890
   1795.0   0.75838
   1800.0   0.76018
   1805.0   0.75988
   1810.0   0.76092
   1815.0   0.76359
   1820.0   0.76196
   1825.0   0.76250
   1830.0   0.76335
   1835.0   0.76739
   1840.0   0.76866
   1845.0   0.76603
   1850.0   0.76584
   1855.0   0.76419
   1860.0   0.76444
   1865.0   0.76362
   1870.0   0.76889
   1875.0   0.76663
   1880.0   0.76199
   1885.0   0.76033
   1890.0   0.75881
   1895.0   0.75710
   1900.0   0.75920
   1905.0   0.75712
   1910.0   0.75375
   1915.0   0.75170
   1920.0   0.74801
   1925.0   0.74641
   1930.0   0.74487
   1935.0   0.74263
   1940.0   0.74275
   1945.0   0.74049
   1950.0   0.73961
   1955.0   0.74068
   1960.0   0.73988
   1965.0   0.73993
   1970.0   0.73855
   1975.0   0.73870
   1980.0   0.73784
   1985.0   0.73633
   1990.0   0.73563
   1995.0   0.73441
   2000.0   0.73358
   2005.0   0.73633
   2010.0   0.73596
   2015.0   0.73618
   2020.0   0.73706
   2025.0   0.73826
   2030.0   0.73851
   2035.0   0.73608
   2040.0   0.73537
   2045.0   0.73228
   2050.0   0.72845
   2055.0   0.72747
   2060.0   0.72795
   2065.0   0.72848
   2070.0   0.72658
   2075.0   0.72573
   2080.0   0.72415
   2085.0   0.72170
   2090.0   0.72083
   2095.0   0.72149
   2100.0   0.71983
   2105.0   0.70659
   2110.0   0.69124
   2115.0   0.69334
   2120.0   0.69605
   2125.0   0.69717
   2130.0   0.69733
   2135.0   0.70383
   2140.0   0.70808
   2145.0   0.70618
   2150.0   0.70753
   2155.0   0.70929
   2160.0   0.71135
   2165.0   0.71329
   2170.0   0.71414
   2175.0   0.71199
   2180.0   0.71231
   2185.0   0.71396
   2190.0   0.71444
   2195.0   0.71369
   2200.0   0.71442
   2205.0   0.71482
   2210.0   0.71568
   2215.0   0.71586
   2220.0   0.71622
   2225.0   0.71540
   2230.0   0.71483
   2235.0   0.71039
   2240.0   0.70473
   2245.0   0.69944
   2250.0   0.69662
   2255.0   0.69094
   2260.0   0.67993
   2265.0   0.65715
   2270.0   0.63065
   2275.0   0.60342
   2280.0   0.57765
   2285.0   0.55786
   2290.0   0.52729
   2295.0   0.48011
   2300.0   0.46858
   2305.0   0.47882
   2310.0   0.46827
   2315.0   0.45699
   2320.0   0.46928
   2325.0   0.51934
   2330.0   0.58383
   2335.0   0.63203
   2340.0   0.65493
   2345.0   0.65853
   2350.0   0.64962
   2355.0   0.64275
   2360.0   0.63384
   2365.0   0.61485
   2370.0   0.59011
   2375.0   0.55393
   2380.0   0.51405
   2385.0   0.49378
   2390.0   0.50714
   2395.0   0.54225
   2400.0   0.58502
   2405.0   0.60867
   2410.0   0.61321
   2415.0   0.60658
   2420.0   0.61072
   2425.0   0.62211
   2430.0   0.62709
   2435.0   0.61894
   2440.0   0.60093
   2445.0   0.59777
   2450.0   0.60106
   2455.0   0.59291
   2460.0   0.58512
   2465.0   0.58786
   2470.0   0.59255
   2475.0   0.59403
   2480.0   0.59531
   2485.0   0.60056
   2490.0   0.60406
   2495.0   0.60327
   2500.0   0.60773
   2505.0   0.61060
   2510.0   0.61227
   2515.0   0.61349
   2520.0   0.62140
   2525.0   0.62648
   2530.0   0.63052
   2535.0   0.63411
   2540.0   0.63506
   2545.0   0.63616
   2550.0   0.63623
   2555.0   0.62954
   2560.0   0.62638
   2565.0   0.62769
   2570.0   0.62584
   2575.0   0.62909
   2580.0   0.63150
   2585.0   0.63942
   2590.0   0.63983
   2595.0   0.64711
   2600.0   0.64862
   2605.0   0.65301
   2610.0   0.65675
   2615.0   0.65607
   2620.0   0.66034
   2625.0   0.65600
   2630.0   0.66420
   2635.0   0.66259
   2640.0   0.66226
   2645.0   0.66867
   2650.0   0.67150
   2655.0   0.67480
   2660.0   0.68000
   2665.0   0.68577
   2670.0   0.68566
   2675.0   0.68615
   2680.0   0.68039
   2685.0   0.65689
   2690.0   0.61638
   2695.0   0.58585
   2700.0   0.55924
   2705.0   0.53795
   2710.0   0.52466
   2715.0   0.51297
   2720.0   0.49889
   2725.0   0.46798
   2730.0   0.40334
   2735.0   0.30345
   2740.0   0.21589
   2745.0   0.17996
   2750.0   0.19428
   2755.0   0.23723
   2760.0   0.32110
   2765.0   0.37120
   2770.0   0.40412
   2775.0   0.41989
   2780.0   0.42433
   2785.0   0.42642
   2790.0   0.42085
   2795.0   0.41034
   2800.0   0.41278
   2805.0   0.40335
   2810.0   0.40035
   2815.0   0.39245
   2820.0   0.39161
   2825.0   0.39290
   2830.0   0.38900
   2835.0   0.38457
   2840.0   0.38413
   2845.0   0.37953
   2850.0   0.37740
   2855.0   0.37876
   2860.0   0.37609
   2865.0   0.37285
   2870.0   0.37064
   2875.0   0.36539
   2880.0   0.36046
   2885.0   0.36121
   2890.0   0.35574
   2895.0   0.34938
   2900.0   0.35178
   2905.0   0.34392
   2910.0   0.34730
   2915.0   0.34958
   2920.0   0.34696
   2925.0   0.34549
   2930.0   0.34452
   2935.0   0.34068
   2940.0   0.33562
   2945.0   0.33349
   2950.0   0.33351
   2955.0   0.33104
   2960.0   0.33428
   2965.0   0.33070
   2970.0   0.33302
   2975.0   0.33891
   2980.0   0.33901
   2985.0   0.33713
   2990.0   0.33857
   2995.0   0.33870
   3000.0   0.34119
   3005.0   0.34186
   3010.0   0.34235
   3015.0   0.34631
   3020.0   0.34675
   3025.0   0.35197
   3030.0   0.35046
   3035.0   0.35274
   3040.0   0.35637
   3045.0   0.35658
   3050.0   0.35944
   3055.0   0.36131
   3060.0   0.36390
   3065.0   0.36242
   3070.0   0.36727
   3075.0   0.36732
   3080.0   0.37116
   3085.0   0.37072
   3090.0   0.37534
   3095.0   0.37260
   3100.0   0.37634
   3105.0   0.38000
   3110.0   0.38121
   3115.0   0.38372
   3120.0   0.38333
   3125.0   0.38899
   3130.0   0.39170
   3135.0   0.39359
   3140.0   0.39423
   3145.0   0.39768
   3150.0   0.40031
   3155.0   0.40319
   3160.0   0.40529
   3165.0   0.40628
   3170.0   0.40886
   3175.0   0.40949
   3180.0   0.41302
   3185.0   0.41516
   3190.0   0.42266
   3195.0   0.42073
   3200.0   0.42380
   3205.0   0.43270
   3210.0   0.43446
   3215.0   0.44394
   3220.0   0.44921
   3225.0   0.45207
   3230.0   0.45440
   3235.0   0.45873
   3240.0   0.46273
   3245.0   0.46657
   3250.0   0.46796
   3255.0   0.46792
   3260.0   0.46744
   3265.0   0.46998
   3270.0   0.47630
   3275.0   0.47916
   3280.0   0.48171
   3285.0   0.48251
   3290.0   0.48361
   3295.0   0.48403
   3300.0   0.48116
   3305.0   0.47336
   3310.0   0.47354
   3315.0   0.47053
   3320.0   0.47101
   3325.0   0.47150
   3330.0   0.47368
   3335.0   0.47685
   3340.0   0.47339
   3345.0   0.47481
   3350.0   0.47074
   3355.0   0.46174
   3360.0   0.46133
   3365.0   0.46341
   3370.0   0.46567
   3375.0   0.46831
   3380.0   0.47325
   3385.0   0.47280
   3390.0   0.47676
   3395.0   0.47353
   3400.0   0.47648
   3405.0   0.47881
   3410.0   0.47727
   3415.0   0.47220
   3420.0   0.46899
   3425.0   0.45640
   3430.0   0.45448
   3435.0   0.44866
   3440.0   0.45609
   3445.0   0.46897
   3450.0   0.48629
   3455.0   0.49445
   3460.0   0.50315
   3465.0   0.50838
   3470.0   0.50886
   3475.0   0.51710
   3480.0   0.51626
   3485.0   0.51568
   3490.0   0.51436
   3495.0   0.51580
   3500.0   0.51126
   3505.0   0.51037
   3510.0   0.50670
   3515.0   0.50411
   3520.0   0.50310
   3525.0   0.50725
   3530.0   0.52561
   3535.0   0.54575
   3540.0   0.56447
   3545.0   0.57372
   3550.0   0.57657
   3555.0   0.58591
   3560.0   0.59207
   3565.0   0.60154
   3570.0   0.59506
   3575.0   0.60077
   3580.0   0.60811
   3585.0   0.61048
   3590.0   0.61160
   3595.0   0.60819
   3600.0   0.61088



 C2PA44      .ASC                        

 PA-CMP-044                                                              
 C1PA44 WITH 2.5-3.5 RUN SPLICED ON SAMPLE IS JFM ACT 12                 

 Source Ang: 30.00   Detect Ang:  0.00  Volt: 0.222
 Date: 19-JUL-89   Time: 15:36:06
