   661
    300.0   0.04478
    305.0   0.04649
    310.0   0.04759
    315.0   0.05157
    320.0   0.05244
    325.0   0.05607
    330.0   0.05811
    335.0   0.05892
    340.0   0.06169
    345.0   0.06311
    350.0   0.06348
    355.0   0.06535
    360.0   0.06827
    365.0   0.07007
    370.0   0.07023
    375.0   0.07278
    380.0   0.07386
    385.0   0.07447
    390.0   0.07590
    395.0   0.07845
    400.0   0.08065
    405.0   0.08148
    410.0   0.08158
    415.0   0.08472
    420.0   0.08664
    425.0   0.09001
    430.0   0.09217
    435.0   0.09519
    440.0   0.09653
    445.0   0.09883
    450.0   0.10033
    455.0   0.10281
    460.0   0.10427
    465.0   0.10579
    470.0   0.10789
    475.0   0.11075
    480.0   0.11549
    485.0   0.11715
    490.0   0.11870
    495.0   0.11934
    500.0   0.12116
    505.0   0.12538
    510.0   0.12670
    515.0   0.12881
    520.0   0.13123
    525.0   0.13123
    530.0   0.13096
    535.0   0.13174
    540.0   0.13256
    545.0   0.13220
    550.0   0.13387
    555.0   0.13418
    560.0   0.13375
    565.0   0.13416
    570.0   0.13336
    575.0   0.13198
    580.0   0.13057
    585.0   0.12918
    590.0   0.12837
    595.0   0.12683
    600.0   0.12608
    605.0   0.12641
    610.0   0.12578
    615.0   0.12385
    620.0   0.12298
    625.0   0.12250
    630.0   0.12100
    635.0   0.11921
    640.0   0.11787
    645.0   0.11652
    650.0   0.11660
    655.0   0.11681
    660.0   0.11571
    665.0   0.11437
    670.0   0.11500
    675.0   0.11498
    680.0   0.11423
    685.0   0.11274
    690.0   0.11224
    695.0   0.11214
    700.0   0.11180
    705.0   0.11112
    710.0   0.11113
    715.0   0.11106
    720.0   0.10990
    725.0   0.11038
    730.0   0.11196
    735.0   0.11365
    740.0   0.11371
    745.0   0.11389
    750.0   0.11411
    755.0   0.11542
    760.0   0.11703
    765.0   0.11752
    770.0   0.11830
    775.0   0.11904
    780.0   0.11990
    785.0   0.12094
    790.0   0.12197
    795.0   0.12315
    800.0   0.12462
    805.0   0.12608
    810.0   0.12719
    815.0   0.12752
    820.0   0.12871
    825.0   0.13001
    830.0   0.12995
    835.0   0.13102
    840.0   0.13184
    845.0   0.13139
    850.0   0.13063
    855.0   0.13056
    860.0   0.13105
    865.0   0.13005
    870.0   0.12919
    875.0   0.12874
    880.0   0.12931
    885.0   0.12976
    890.0   0.12873
    895.0   0.12794
    900.0   0.12785
    905.0   0.12739
    910.0   0.12790
    915.0   0.12772
    920.0   0.12689
    925.0   0.12755
    930.0   0.12820
    935.0   0.12920
    940.0   0.12896
    945.0   0.12975
    950.0   0.13000
    955.0   0.13055
    960.0   0.13119
    965.0   0.13189
    970.0   0.13265
    975.0   0.13289
    980.0   0.13421
    985.0   0.13452
    990.0   0.13507
    995.0   0.13547
   1000.0   0.13553
   1005.0   0.13655
   1010.0   0.13737
   1015.0   0.13788
   1020.0   0.13839
   1025.0   0.13930
   1030.0   0.13990
   1035.0   0.14027
   1040.0   0.14055
   1045.0   0.14154
   1050.0   0.14213
   1055.0   0.14314
   1060.0   0.14402
   1065.0   0.14514
   1070.0   0.14597
   1075.0   0.14737
   1080.0   0.14873
   1085.0   0.14967
   1090.0   0.15142
   1095.0   0.15281
   1100.0   0.15377
   1105.0   0.15528
   1110.0   0.15746
   1115.0   0.15845
   1120.0   0.15961
   1125.0   0.16222
   1130.0   0.16325
   1135.0   0.16501
   1140.0   0.16632
   1145.0   0.16764
   1150.0   0.16946
   1155.0   0.17114
   1160.0   0.17257
   1165.0   0.17474
   1170.0   0.17674
   1175.0   0.17823
   1180.0   0.18043
   1185.0   0.18270
   1190.0   0.18480
   1195.0   0.18667
   1200.0   0.19084
   1205.0   0.19262
   1210.0   0.19424
   1215.0   0.19649
   1220.0   0.20016
   1225.0   0.20275
   1230.0   0.20530
   1235.0   0.20872
   1240.0   0.21086
   1245.0   0.21348
   1250.0   0.21702
   1255.0   0.22007
   1260.0   0.22358
   1265.0   0.22633
   1270.0   0.22965
   1275.0   0.23298
   1280.0   0.23631
   1285.0   0.24000
   1290.0   0.24404
   1295.0   0.24707
   1300.0   0.25016
   1305.0   0.25399
   1310.0   0.25727
   1315.0   0.26076
   1320.0   0.26481
   1325.0   0.26830
   1330.0   0.27275
   1335.0   0.27616
   1340.0   0.27918
   1345.0   0.28284
   1350.0   0.28889
   1355.0   0.29473
   1360.0   0.30125
   1365.0   0.30818
   1370.0   0.31031
   1375.0   0.31206
   1380.0   0.31488
   1385.0   0.32340
   1390.0   0.32044
   1395.0   0.32008
   1400.0   0.30716
   1405.0   0.30435
   1410.0   0.32149
   1415.0   0.31312
   1420.0   0.33259
   1425.0   0.34103
   1430.0   0.34615
   1435.0   0.35087
   1440.0   0.35432
   1445.0   0.35742
   1450.0   0.36040
   1455.0   0.36302
   1460.0   0.36580
   1465.0   0.36977
   1470.0   0.37341
   1475.0   0.37689
   1480.0   0.38003
   1485.0   0.38386
   1490.0   0.38687
   1495.0   0.38977
   1500.0   0.39304
   1505.0   0.39598
   1510.0   0.39954
   1515.0   0.40252
   1520.0   0.40600
   1525.0   0.40950
   1530.0   0.41284
   1535.0   0.41632
   1540.0   0.41921
   1545.0   0.42166
   1550.0   0.42506
   1555.0   0.42775
   1560.0   0.43056
   1565.0   0.43498
   1570.0   0.43899
   1575.0   0.44178
   1580.0   0.44564
   1585.0   0.44746
   1590.0   0.45078
   1595.0   0.45409
   1600.0   0.45764
   1605.0   0.46023
   1610.0   0.46317
   1615.0   0.46591
   1620.0   0.46991
   1625.0   0.47280
   1630.0   0.47556
   1635.0   0.47846
   1640.0   0.48133
   1645.0   0.48411
   1650.0   0.48703
   1655.0   0.48967
   1660.0   0.49373
   1665.0   0.49645
   1670.0   0.50008
   1675.0   0.50255
   1680.0   0.50611
   1685.0   0.50868
   1690.0   0.51228
   1695.0   0.51467
   1700.0   0.51742
   1705.0   0.52033
   1710.0   0.52351
   1715.0   0.52556
   1720.0   0.52823
   1725.0   0.53108
   1730.0   0.53397
   1735.0   0.53602
   1740.0   0.53889
   1745.0   0.54083
   1750.0   0.54482
   1755.0   0.54884
   1760.0   0.55196
   1765.0   0.55425
   1770.0   0.55684
   1775.0   0.55939
   1780.0   0.56194
   1785.0   0.56509
   1790.0   0.56651
   1795.0   0.56751
   1800.0   0.56989
   1805.0   0.57452
   1810.0   0.57688
   1815.0   0.57950
   1820.0   0.58107
   1825.0   0.58319
   1830.0   0.58510
   1835.0   0.58823
   1840.0   0.58916
   1845.0   0.59174
   1850.0   0.59483
   1855.0   0.59654
   1860.0   0.59879
   1865.0   0.60039
   1870.0   0.60227
   1875.0   0.60667
   1880.0   0.60777
   1885.0   0.60769
   1890.0   0.60969
   1895.0   0.61173
   1900.0   0.61441
   1905.0   0.61532
   1910.0   0.61777
   1915.0   0.61904
   1920.0   0.62021
   1925.0   0.62166
   1930.0   0.62339
   1935.0   0.62463
   1940.0   0.62760
   1945.0   0.63006
   1950.0   0.62937
   1955.0   0.63085
   1960.0   0.63180
   1965.0   0.63423
   1970.0   0.63533
   1975.0   0.63726
   1980.0   0.63758
   1985.0   0.63851
   1990.0   0.64049
   1995.0   0.64271
   2000.0   0.64472
   2005.0   0.64577
   2010.0   0.64570
   2015.0   0.64733
   2020.0   0.64864
   2025.0   0.64906
   2030.0   0.64991
   2035.0   0.65049
   2040.0   0.65199
   2045.0   0.65210
   2050.0   0.65339
   2055.0   0.65516
   2060.0   0.65561
   2065.0   0.65643
   2070.0   0.65579
   2075.0   0.65670
   2080.0   0.65858
   2085.0   0.65883
   2090.0   0.65885
   2095.0   0.65838
   2100.0   0.65589
   2105.0   0.65453
   2110.0   0.65480
   2115.0   0.65344
   2120.0   0.65250
   2125.0   0.65163
   2130.0   0.64972
   2135.0   0.64780
   2140.0   0.64870
   2145.0   0.64825
   2150.0   0.64997
   2155.0   0.65132
   2160.0   0.65262
   2165.0   0.65270
   2170.0   0.65220
   2175.0   0.65283
   2180.0   0.65413
   2185.0   0.65820
   2190.0   0.65988
   2195.0   0.66012
   2200.0   0.65798
   2205.0   0.65672
   2210.0   0.65690
   2215.0   0.65675
   2220.0   0.65505
   2225.0   0.65398
   2230.0   0.65257
   2235.0   0.65247
   2240.0   0.65144
   2245.0   0.65013
   2250.0   0.64757
   2255.0   0.64459
   2260.0   0.64121
   2265.0   0.63856
   2270.0   0.63610
   2275.0   0.63349
   2280.0   0.62791
   2285.0   0.61733
   2290.0   0.60538
   2295.0   0.58809
   2300.0   0.56874
   2305.0   0.54987
   2310.0   0.53225
   2315.0   0.51781
   2320.0   0.50893
   2325.0   0.50202
   2330.0   0.49750
   2335.0   0.49535
   2340.0   0.49796
   2345.0   0.50827
   2350.0   0.52399
   2355.0   0.54306
   2360.0   0.56200
   2365.0   0.58100
   2370.0   0.59360
   2375.0   0.60004
   2380.0   0.59888
   2385.0   0.59319
   2390.0   0.58209
   2395.0   0.56485
   2400.0   0.54948
   2405.0   0.53966
   2410.0   0.53812
   2415.0   0.54137
   2420.0   0.54910
   2425.0   0.55979
   2430.0   0.56979
   2435.0   0.57979
   2440.0   0.58833
   2445.0   0.59488
   2450.0   0.60050
   2455.0   0.60448
   2460.0   0.60542
   2465.0   0.60458
   2470.0   0.60201
   2475.0   0.60028
   2480.0   0.60019
   2485.0   0.59996
   2490.0   0.60301
   2495.0   0.60256
   2500.0   0.60194
   2505.0   0.60094
   2510.0   0.60027
   2515.0   0.59814
   2520.0   0.59605
   2525.0   0.59765
   2530.0   0.59910
   2535.0   0.59793
   2540.0   0.60356
   2545.0   0.60800
   2550.0   0.60869
   2555.0   0.61061
   2560.0   0.61256
   2565.0   0.61387
   2570.0   0.61778
   2575.0   0.61853
   2580.0   0.62108
   2585.0   0.62153
   2590.0   0.62306
   2595.0   0.62397
   2600.0   0.62290
   2605.0   0.62532
   2610.0   0.62675
   2615.0   0.62745
   2620.0   0.62619
   2625.0   0.62578
   2630.0   0.62521
   2635.0   0.62328
   2640.0   0.62010
   2645.0   0.62046
   2650.0   0.61931
   2655.0   0.61876
   2660.0   0.62066
   2665.0   0.62201
   2670.0   0.62103
   2675.0   0.61964
   2680.0   0.61939
   2685.0   0.62157
   2690.0   0.62297
   2695.0   0.62133
   2700.0   0.61305
   2705.0   0.60004
   2710.0   0.57601
   2715.0   0.54901
   2720.0   0.51690
   2725.0   0.48251
   2730.0   0.42967
   2735.0   0.35144
   2740.0   0.26187
   2745.0   0.19238
   2750.0   0.16411
   2755.0   0.15017
   2760.0   0.14307
   2765.0   0.14270
   2770.0   0.14736
   2775.0   0.15032
   2780.0   0.17495
   2785.0   0.21169
   2790.0   0.24820
   2795.0   0.29765
   2800.0   0.35920
   2805.0   0.39821
   2810.0   0.43216
   2815.0   0.44477
   2820.0   0.43913
   2825.0   0.44801
   2830.0   0.45255
   2835.0   0.44716
   2840.0   0.44939
   2845.0   0.45463
   2850.0   0.44999
   2855.0   0.44699
   2860.0   0.44801
   2865.0   0.43900
   2870.0   0.44195
   2875.0   0.43544
   2880.0   0.42836
   2885.0   0.42676
   2890.0   0.42540
   2895.0   0.41882
   2900.0   0.40939
   2905.0   0.41101
   2910.0   0.40741
   2915.0   0.40745
   2920.0   0.41108
   2925.0   0.41804
   2930.0   0.41524
   2935.0   0.41207
   2940.0   0.41493
   2945.0   0.40829
   2950.0   0.41113
   2955.0   0.40691
   2960.0   0.40715
   2965.0   0.40498
   2970.0   0.40374
   2975.0   0.40486
   2980.0   0.40344
   2985.0   0.40464
   2990.0   0.39914
   2995.0   0.39798
   3000.0   0.39762
   3005.0   0.40128
   3010.0   0.40156
   3015.0   0.40393
   3020.0   0.40123
   3025.0   0.40222
   3030.0   0.40237
   3035.0   0.39851
   3040.0   0.39867
   3045.0   0.39819
   3050.0   0.40241
   3055.0   0.40374
   3060.0   0.40542
   3065.0   0.40358
   3070.0   0.40566
   3075.0   0.40446
   3080.0   0.40288
   3085.0   0.40208
   3090.0   0.40626
   3095.0   0.40216
   3100.0   0.40650
   3105.0   0.40934
   3110.0   0.40930
   3115.0   0.40530
   3120.0   0.40630
   3125.0   0.40645
   3130.0   0.40625
   3135.0   0.40723
   3140.0   0.40659
   3145.0   0.40540
   3150.0   0.40916
   3155.0   0.41037
   3160.0   0.41092
   3165.0   0.41439
   3170.0   0.41324
   3175.0   0.41160
   3180.0   0.41023
   3185.0   0.41512
   3190.0   0.41544
   3195.0   0.41471
   3200.0   0.42041
   3205.0   0.42082
   3210.0   0.42667
   3215.0   0.42661
   3220.0   0.43094
   3225.0   0.43488
   3230.0   0.43726
   3235.0   0.44139
   3240.0   0.44449
   3245.0   0.45089
   3250.0   0.45519
   3255.0   0.45884
   3260.0   0.45889
   3265.0   0.46386
   3270.0   0.46849
   3275.0   0.47235
   3280.0   0.47579
   3285.0   0.47533
   3290.0   0.47687
   3295.0   0.48196
   3300.0   0.48133
   3305.0   0.47985
   3310.0   0.47810
   3315.0   0.48086
   3320.0   0.48334
   3325.0   0.48707
   3330.0   0.48897
   3335.0   0.48770
   3340.0   0.48765
   3345.0   0.49342
   3350.0   0.49084
   3355.0   0.49417
   3360.0   0.49674
   3365.0   0.49673
   3370.0   0.50030
   3375.0   0.50039
   3380.0   0.49992
   3385.0   0.49757
   3390.0   0.49721
   3395.0   0.50111
   3400.0   0.50225
   3405.0   0.50752
   3410.0   0.51681
   3415.0   0.51157
   3420.0   0.50267
   3425.0   0.49810
   3430.0   0.49003
   3435.0   0.49165
   3440.0   0.49401
   3445.0   0.50529
   3450.0   0.51156
   3455.0   0.52605
   3460.0   0.52862
   3465.0   0.54292
   3470.0   0.54653
   3475.0   0.55097
   3480.0   0.54814
   3485.0   0.55751
   3490.0   0.55932
   3495.0   0.55815
   3500.0   0.56379
   3505.0   0.55707
   3510.0   0.55056
   3515.0   0.54824
   3520.0   0.54117
   3525.0   0.55270
   3530.0   0.55608
   3535.0   0.57471
   3540.0   0.58502
   3545.0   0.58460
   3550.0   0.59066
   3555.0   0.58611
   3560.0   0.58671
   3565.0   0.59496
   3570.0   0.58715
   3575.0   0.59351
   3580.0   0.59155
   3585.0   0.60185
   3590.0   0.60022
   3595.0   0.59972
   3600.0   0.59484



 C2PA53      .ASC                        

 PA-CMP-053                                                              
 ACTINOLITE FROM CUMBERLAND, RI USNM #44973  FROM RGB FOR JFM            
 C1PA53 WITH NEW DATA RUN IN CHOPPED MODE FROM 1.6 - 3.6                 

 Source Ang: 30.00   Detect Ang:  0.00  Volt: 0.222
 Date: 20-JUL-89   Time: 16:36:21
