   661
    300.0   0.01972
    305.0   0.02323
    310.0   0.02316
    315.0   0.02467
    320.0   0.02487
    325.0   0.02773
    330.0   0.02901
    335.0   0.03029
    340.0   0.03211
    345.0   0.03457
    350.0   0.03654
    355.0   0.03825
    360.0   0.04077
    365.0   0.04378
    370.0   0.04605
    375.0   0.04789
    380.0   0.04990
    385.0   0.05217
    390.0   0.05434
    395.0   0.05658
    400.0   0.05784
    405.0   0.06003
    410.0   0.06164
    415.0   0.06414
    420.0   0.06659
    425.0   0.06989
    430.0   0.07316
    435.0   0.07603
    440.0   0.07780
    445.0   0.07863
    450.0   0.08081
    455.0   0.08318
    460.0   0.08593
    465.0   0.08871
    470.0   0.09171
    475.0   0.09515
    480.0   0.09872
    485.0   0.10160
    490.0   0.10360
    495.0   0.10469
    500.0   0.10709
    505.0   0.10915
    510.0   0.10881
    515.0   0.11022
    520.0   0.11183
    525.0   0.11206
    530.0   0.11190
    535.0   0.11206
    540.0   0.11177
    545.0   0.11145
    550.0   0.11020
    555.0   0.10997
    560.0   0.10955
    565.0   0.10864
    570.0   0.10742
    575.0   0.10597
    580.0   0.10465
    585.0   0.10349
    590.0   0.10220
    595.0   0.10037
    600.0   0.09934
    605.0   0.09795
    610.0   0.09691
    615.0   0.09562
    620.0   0.09404
    625.0   0.09284
    630.0   0.09183
    635.0   0.09047
    640.0   0.08962
    645.0   0.08838
    650.0   0.08764
    655.0   0.08713
    660.0   0.08620
    665.0   0.08542
    670.0   0.08478
    675.0   0.08384
    680.0   0.08345
    685.0   0.08271
    690.0   0.08206
    695.0   0.08193
    700.0   0.08165
    705.0   0.08123
    710.0   0.08103
    715.0   0.08088
    720.0   0.08082
    725.0   0.08082
    730.0   0.08076
    735.0   0.08127
    740.0   0.08178
    745.0   0.08192
    750.0   0.08238
    755.0   0.08296
    760.0   0.08339
    765.0   0.08461
    770.0   0.08500
    775.0   0.08584
    780.0   0.08649
    785.0   0.08769
    790.0   0.08891
    795.0   0.08986
    800.0   0.09049
    805.0   0.09108
    810.0   0.09212
    815.0   0.09266
    820.0   0.09269
    825.0   0.09336
    830.0   0.09284
    835.0   0.09258
    840.0   0.09277
    845.0   0.09194
    850.0   0.09156
    855.0   0.09046
    860.0   0.08986
    865.0   0.08982
    870.0   0.08921
    875.0   0.08761
    880.0   0.08568
    885.0   0.08581
    890.0   0.08576
    895.0   0.08410
    900.0   0.08351
    905.0   0.08309
    910.0   0.08254
    915.0   0.08166
    920.0   0.08102
    925.0   0.08083
    930.0   0.07991
    935.0   0.07967
    940.0   0.07968
    945.0   0.07950
    950.0   0.07878
    955.0   0.07930
    960.0   0.07830
    965.0   0.07806
    970.0   0.07793
    975.0   0.07767
    980.0   0.07783
    985.0   0.07704
    990.0   0.07749
    995.0   0.07713
   1000.0   0.07708
   1005.0   0.07732
   1010.0   0.07711
   1015.0   0.07680
   1020.0   0.07674
   1025.0   0.07725
   1030.0   0.07765
   1035.0   0.07806
   1040.0   0.07854
   1045.0   0.07890
   1050.0   0.07926
   1055.0   0.07954
   1060.0   0.08087
   1065.0   0.08177
   1070.0   0.08347
   1075.0   0.08580
   1080.0   0.08791
   1085.0   0.08982
   1090.0   0.09163
   1095.0   0.09403
   1100.0   0.09570
   1105.0   0.09814
   1110.0   0.10035
   1115.0   0.10256
   1120.0   0.10522
   1125.0   0.10745
   1130.0   0.10949
   1135.0   0.11114
   1140.0   0.11303
   1145.0   0.11458
   1150.0   0.11692
   1155.0   0.11883
   1160.0   0.12081
   1165.0   0.12275
   1170.0   0.12481
   1175.0   0.12709
   1180.0   0.12949
   1185.0   0.13086
   1190.0   0.13317
   1195.0   0.13481
   1200.0   0.13858
   1205.0   0.14135
   1210.0   0.14349
   1215.0   0.14528
   1220.0   0.14861
   1225.0   0.15174
   1230.0   0.15436
   1235.0   0.15821
   1240.0   0.16098
   1245.0   0.16439
   1250.0   0.16715
   1255.0   0.17051
   1260.0   0.17360
   1265.0   0.17744
   1270.0   0.18051
   1275.0   0.18412
   1280.0   0.18754
   1285.0   0.19117
   1290.0   0.19466
   1295.0   0.19779
   1300.0   0.20167
   1305.0   0.20519
   1310.0   0.20924
   1315.0   0.21293
   1320.0   0.21697
   1325.0   0.22047
   1330.0   0.22473
   1335.0   0.22818
   1340.0   0.23110
   1345.0   0.23478
   1350.0   0.23929
   1355.0   0.24365
   1360.0   0.24789
   1365.0   0.25310
   1370.0   0.25541
   1375.0   0.25702
   1380.0   0.25895
   1385.0   0.26706
   1390.0   0.26531
   1395.0   0.25813
   1400.0   0.23143
   1405.0   0.23431
   1410.0   0.26066
   1415.0   0.25173
   1420.0   0.27914
   1425.0   0.28593
   1430.0   0.29056
   1435.0   0.29367
   1440.0   0.29724
   1445.0   0.29965
   1450.0   0.30280
   1455.0   0.30670
   1460.0   0.30880
   1465.0   0.31225
   1470.0   0.31477
   1475.0   0.31797
   1480.0   0.32074
   1485.0   0.32421
   1490.0   0.32666
   1495.0   0.32889
   1500.0   0.33101
   1505.0   0.33408
   1510.0   0.33700
   1515.0   0.33983
   1520.0   0.34187
   1525.0   0.34518
   1530.0   0.34780
   1535.0   0.35039
   1540.0   0.35326
   1545.0   0.35556
   1550.0   0.35866
   1555.0   0.36078
   1560.0   0.36311
   1565.0   0.36676
   1570.0   0.37007
   1575.0   0.37140
   1580.0   0.37505
   1585.0   0.37732
   1590.0   0.38012
   1595.0   0.38169
   1600.0   0.38612
   1605.0   0.38850
   1610.0   0.39105
   1615.0   0.39318
   1620.0   0.39581
   1625.0   0.39773
   1630.0   0.40018
   1635.0   0.40250
   1640.0   0.40421
   1645.0   0.40583
   1650.0   0.40806
   1655.0   0.41042
   1660.0   0.41382
   1665.0   0.41563
   1670.0   0.41791
   1675.0   0.41968
   1680.0   0.42167
   1685.0   0.42428
   1690.0   0.42638
   1695.0   0.42896
   1700.0   0.42990
   1705.0   0.42890
   1710.0   0.43204
   1715.0   0.43424
   1720.0   0.43632
   1725.0   0.43867
   1730.0   0.43961
   1735.0   0.44083
   1740.0   0.44268
   1745.0   0.44533
   1750.0   0.44845
   1755.0   0.45157
   1760.0   0.45277
   1765.0   0.45345
   1770.0   0.45576
   1775.0   0.45693
   1780.0   0.45812
   1785.0   0.46013
   1790.0   0.46150
   1795.0   0.46383
   1800.0   0.46596
   1805.0   0.46951
   1810.0   0.47226
   1815.0   0.47280
   1820.0   0.47273
   1825.0   0.47514
   1830.0   0.47679
   1835.0   0.47870
   1840.0   0.47884
   1845.0   0.48083
   1850.0   0.48209
   1855.0   0.48101
   1860.0   0.48212
   1865.0   0.48656
   1870.0   0.48742
   1875.0   0.48986
   1880.0   0.48746
   1885.0   0.48714
   1890.0   0.48799
   1895.0   0.48862
   1900.0   0.49073
   1905.0   0.49196
   1910.0   0.49240
   1915.0   0.49288
   1920.0   0.49319
   1925.0   0.49295
   1930.0   0.49444
   1935.0   0.49473
   1940.0   0.49693
   1945.0   0.49812
   1950.0   0.49971
   1955.0   0.49866
   1960.0   0.49873
   1965.0   0.49722
   1970.0   0.49839
   1975.0   0.49910
   1980.0   0.49835
   1985.0   0.49705
   1990.0   0.49677
   1995.0   0.49620
   2000.0   0.49624
   2005.0   0.49576
   2010.0   0.49461
   2015.0   0.49304
   2020.0   0.49265
   2025.0   0.49199
   2030.0   0.49128
   2035.0   0.49029
   2040.0   0.49022
   2045.0   0.49054
   2050.0   0.49071
   2055.0   0.48852
   2060.0   0.48801
   2065.0   0.48763
   2070.0   0.48599
   2075.0   0.48577
   2080.0   0.48508
   2085.0   0.48425
   2090.0   0.48267
   2095.0   0.48138
   2100.0   0.47790
   2105.0   0.47691
   2110.0   0.47519
   2115.0   0.47541
   2120.0   0.47214
   2125.0   0.46512
   2130.0   0.46238
   2135.0   0.46041
   2140.0   0.45865
   2145.0   0.45845
   2150.0   0.45935
   2155.0   0.45817
   2160.0   0.45801
   2165.0   0.45804
   2170.0   0.45710
   2175.0   0.45639
   2180.0   0.45578
   2185.0   0.45593
   2190.0   0.45521
   2195.0   0.45284
   2200.0   0.45128
   2205.0   0.44928
   2210.0   0.44686
   2215.0   0.44410
   2220.0   0.44239
   2225.0   0.44238
   2230.0   0.44097
   2235.0   0.43863
   2240.0   0.43631
   2245.0   0.43567
   2250.0   0.43312
   2255.0   0.43273
   2260.0   0.42984
   2265.0   0.42793
   2270.0   0.42259
   2275.0   0.41959
   2280.0   0.41532
   2285.0   0.40580
   2290.0   0.39468
   2295.0   0.38256
   2300.0   0.36844
   2305.0   0.35478
   2310.0   0.34191
   2315.0   0.33284
   2320.0   0.32739
   2325.0   0.32242
   2330.0   0.31836
   2335.0   0.31650
   2340.0   0.32224
   2345.0   0.33336
   2350.0   0.34918
   2355.0   0.36520
   2360.0   0.37526
   2365.0   0.38404
   2370.0   0.38598
   2375.0   0.38352
   2380.0   0.37805
   2385.0   0.37229
   2390.0   0.36286
   2395.0   0.35127
   2400.0   0.34257
   2405.0   0.33998
   2410.0   0.34200
   2415.0   0.34661
   2420.0   0.35226
   2425.0   0.35808
   2430.0   0.36226
   2435.0   0.36537
   2440.0   0.36834
   2445.0   0.37060
   2450.0   0.37052
   2455.0   0.37189
   2460.0   0.37176
   2465.0   0.37108
   2470.0   0.36960
   2475.0   0.36650
   2480.0   0.36514
   2485.0   0.36453
   2490.0   0.36571
   2495.0   0.36652
   2500.0   0.36671
   2505.0   0.36555
   2510.0   0.36570
   2515.0   0.36456
   2520.0   0.36385
   2525.0   0.36351
   2530.0   0.36311
   2535.0   0.36462
   2540.0   0.36714
   2545.0   0.36806
   2550.0   0.36890
   2555.0   0.36881
   2560.0   0.37056
   2565.0   0.37253
   2570.0   0.37366
   2575.0   0.37471
   2580.0   0.37619
   2585.0   0.37812
   2590.0   0.38014
   2595.0   0.38096
   2600.0   0.38145
   2605.0   0.38316
   2610.0   0.38781
   2615.0   0.38752
   2620.0   0.38868
   2625.0   0.38995
   2630.0   0.39168
   2635.0   0.39116
   2640.0   0.39192
   2645.0   0.39256
   2650.0   0.39150
   2655.0   0.39218
   2660.0   0.39382
   2665.0   0.39407
   2670.0   0.39346
   2675.0   0.39219
   2680.0   0.39333
   2685.0   0.39894
   2690.0   0.40467
   2695.0   0.40458
   2700.0   0.39670
   2705.0   0.38855
   2710.0   0.38057
   2715.0   0.36849
   2720.0   0.35456
   2725.0   0.33422
   2730.0   0.29462
   2735.0   0.22476
   2740.0   0.14605
   2745.0   0.09855
   2750.0   0.08620
   2755.0   0.08162
   2760.0   0.08227
   2765.0   0.08648
   2770.0   0.08897
   2775.0   0.11500
   2780.0   0.14633
   2785.0   0.19774
   2790.0   0.23819
   2795.0   0.28253
   2800.0   0.31583
   2805.0   0.34226
   2810.0   0.34925
   2815.0   0.35976
   2820.0   0.36061
   2825.0   0.37060
   2830.0   0.37243
   2835.0   0.38040
   2840.0   0.38823
   2845.0   0.38294
   2850.0   0.38796
   2855.0   0.38889
   2860.0   0.38933
   2865.0   0.38779
   2870.0   0.38314
   2875.0   0.38773
   2880.0   0.38672
   2885.0   0.38683
   2890.0   0.39022
   2895.0   0.39079
   2900.0   0.38846
   2905.0   0.39021
   2910.0   0.38852
   2915.0   0.39295
   2920.0   0.39448
   2925.0   0.40388
   2930.0   0.40267
   2935.0   0.40014
   2940.0   0.40111
   2945.0   0.40086
   2950.0   0.40085
   2955.0   0.40246
   2960.0   0.39849
   2965.0   0.39990
   2970.0   0.39678
   2975.0   0.39522
   2980.0   0.40045
   2985.0   0.39729
   2990.0   0.39440
   2995.0   0.39969
   3000.0   0.40086
   3005.0   0.40087
   3010.0   0.40045
   3015.0   0.40435
   3020.0   0.40011
   3025.0   0.40479
   3030.0   0.40737
   3035.0   0.41018
   3040.0   0.41027
   3045.0   0.41047
   3050.0   0.41547
   3055.0   0.41572
   3060.0   0.41242
   3065.0   0.41550
   3070.0   0.42006
   3075.0   0.41892
   3080.0   0.41922
   3085.0   0.42098
   3090.0   0.42261
   3095.0   0.42531
   3100.0   0.42605
   3105.0   0.42854
   3110.0   0.42695
   3115.0   0.42861
   3120.0   0.42848
   3125.0   0.43003
   3130.0   0.43403
   3135.0   0.43031
   3140.0   0.43562
   3145.0   0.43725
   3150.0   0.43406
   3155.0   0.43460
   3160.0   0.43527
   3165.0   0.43525
   3170.0   0.43492
   3175.0   0.43235
   3180.0   0.43423
   3185.0   0.43085
   3190.0   0.43176
   3195.0   0.43071
   3200.0   0.43513
   3205.0   0.43519
   3210.0   0.43550
   3215.0   0.43343
   3220.0   0.43985
   3225.0   0.44306
   3230.0   0.44484
   3235.0   0.44458
   3240.0   0.44652
   3245.0   0.45152
   3250.0   0.45194
   3255.0   0.45361
   3260.0   0.45574
   3265.0   0.45985
   3270.0   0.45997
   3275.0   0.45947
   3280.0   0.45906
   3285.0   0.45979
   3290.0   0.46064
   3295.0   0.46197
   3300.0   0.45868
   3305.0   0.45376
   3310.0   0.45218
   3315.0   0.44852
   3320.0   0.44267
   3325.0   0.44222
   3330.0   0.43931
   3335.0   0.43724
   3340.0   0.43280
   3345.0   0.43355
   3350.0   0.43596
   3355.0   0.43196
   3360.0   0.43265
   3365.0   0.43366
   3370.0   0.43021
   3375.0   0.43211
   3380.0   0.43292
   3385.0   0.42929
   3390.0   0.43862
   3395.0   0.43716
   3400.0   0.43695
   3405.0   0.44199
   3410.0   0.44870
   3415.0   0.45254
   3420.0   0.45188
   3425.0   0.44910
   3430.0   0.44526
   3435.0   0.44378
   3440.0   0.45139
   3445.0   0.46020
   3450.0   0.46316
   3455.0   0.46495
   3460.0   0.46615
   3465.0   0.47263
   3470.0   0.47076
   3475.0   0.47742
   3480.0   0.47137
   3485.0   0.47880
   3490.0   0.47823
   3495.0   0.47759
   3500.0   0.47592
   3505.0   0.47765
   3510.0   0.47321
   3515.0   0.47538
   3520.0   0.47777
   3525.0   0.47479
   3530.0   0.47706
   3535.0   0.47383
   3540.0   0.47258
   3545.0   0.47699
   3550.0   0.47310
   3555.0   0.47981
   3560.0   0.48426
   3565.0   0.48549
   3570.0   0.48419
   3575.0   0.48324
   3580.0   0.48657
   3585.0   0.48643
   3590.0   0.48044
   3595.0   0.47791
   3600.0   0.47732



 C2PA52      .ASC                        

 PA-CMP-052                                                              
 ACTINOLITE FROM QUEBEC MUELLER 12BA  FROM RGB FOR JFM                   
 C1PA52 WITH NEW DATA RUN IN CHOPPED MODE FROM 1600-3600                 

 Source Ang: 30.00   Detect Ang:  0.00  Volt: 0.222
 Date: 19-JUL-89   Time: 16:16:17
