   661
    300.0   0.50713
    305.0   0.50755
    310.0   0.51688
    315.0   0.52345
    320.0   0.52950
    325.0   0.53937
    330.0   0.54899
    335.0   0.56110
    340.0   0.57417
    345.0   0.58714
    350.0   0.60296
    355.0   0.61551
    360.0   0.63024
    365.0   0.64401
    370.0   0.65805
    375.0   0.67226
    380.0   0.68344
    385.0   0.69715
    390.0   0.70725
    395.0   0.71376
    400.0   0.72600
    405.0   0.73199
    410.0   0.74232
    415.0   0.74814
    420.0   0.75491
    425.0   0.76108
    430.0   0.76696
    435.0   0.77249
    440.0   0.77634
    445.0   0.78213
    450.0   0.78540
    455.0   0.79033
    460.0   0.79456
    465.0   0.79928
    470.0   0.80443
    475.0   0.80786
    480.0   0.81143
    485.0   0.81649
    490.0   0.82032
    495.0   0.82380
    500.0   0.82827
    505.0   0.83151
    510.0   0.83658
    515.0   0.83929
    520.0   0.84525
    525.0   0.84740
    530.0   0.85166
    535.0   0.85543
    540.0   0.85967
    545.0   0.86273
    550.0   0.86510
    555.0   0.86898
    560.0   0.87042
    565.0   0.87429
    570.0   0.87538
    575.0   0.87795
    580.0   0.87947
    585.0   0.88266
    590.0   0.88354
    595.0   0.88551
    600.0   0.88562
    605.0   0.88865
    610.0   0.88844
    615.0   0.89026
    620.0   0.89044
    625.0   0.89166
    630.0   0.89236
    635.0   0.89312
    640.0   0.89456
    645.0   0.89544
    650.0   0.89638
    655.0   0.89864
    660.0   0.90031
    665.0   0.90068
    670.0   0.90217
    675.0   0.90431
    680.0   0.90423
    685.0   0.90499
    690.0   0.90559
    695.0   0.90729
    700.0   0.90839
    705.0   0.90884
    710.0   0.90893
    715.0   0.90888
    720.0   0.90962
    725.0   0.91060
    730.0   0.91015
    735.0   0.90977
    740.0   0.91019
    745.0   0.90952
    750.0   0.90717
    755.0   0.90603
    760.0   0.90599
    765.0   0.90591
    770.0   0.90461
    775.0   0.90311
    780.0   0.89918
    785.0   0.89699
    790.0   0.89607
    795.0   0.89334
    800.0   0.89142
    805.0   0.88879
    810.0   0.88832
    815.0   0.88341
    820.0   0.88104
    825.0   0.87576
    830.0   0.87363
    835.0   0.86925
    840.0   0.86541
    845.0   0.86243
    850.0   0.85832
    855.0   0.85102
    860.0   0.85042
    865.0   0.84728
    870.0   0.84305
    875.0   0.83702
    880.0   0.83343
    885.0   0.82915
    890.0   0.82465
    895.0   0.82174
    900.0   0.81829
    905.0   0.81331
    910.0   0.81056
    915.0   0.80543
    920.0   0.80116
    925.0   0.79769
    930.0   0.79239
    935.0   0.78797
    940.0   0.78416
    945.0   0.77908
    950.0   0.77700
    955.0   0.77437
    960.0   0.77082
    965.0   0.76722
    970.0   0.76398
    975.0   0.76139
    980.0   0.75771
    985.0   0.75608
    990.0   0.75338
    995.0   0.75094
   1000.0   0.74976
   1005.0   0.74713
   1010.0   0.74616
   1015.0   0.74468
   1020.0   0.74304
   1025.0   0.74324
   1030.0   0.74221
   1035.0   0.74135
   1040.0   0.74207
   1045.0   0.74113
   1050.0   0.74243
   1055.0   0.74205
   1060.0   0.74227
   1065.0   0.74364
   1070.0   0.74483
   1075.0   0.74451
   1080.0   0.74623
   1085.0   0.74576
   1090.0   0.74536
   1095.0   0.74829
   1100.0   0.74933
   1105.0   0.75093
   1110.0   0.75061
   1115.0   0.75208
   1120.0   0.75185
   1125.0   0.75356
   1130.0   0.75513
   1135.0   0.75308
   1140.0   0.75519
   1145.0   0.75460
   1150.0   0.75728
   1155.0   0.75740
   1160.0   0.75919
   1165.0   0.75950
   1170.0   0.75861
   1175.0   0.75928
   1180.0   0.75902
   1185.0   0.76034
   1190.0   0.75991
   1195.0   0.75892
   1200.0   0.76172
   1205.0   0.76157
   1210.0   0.76005
   1215.0   0.76135
   1220.0   0.76085
   1225.0   0.76195
   1230.0   0.76204
   1235.0   0.76330
   1240.0   0.76302
   1245.0   0.76193
   1250.0   0.76311
   1255.0   0.76268
   1260.0   0.76259
   1265.0   0.76441
   1270.0   0.76369
   1275.0   0.76366
   1280.0   0.76371
   1285.0   0.76478
   1290.0   0.76608
   1295.0   0.76847
   1300.0   0.76902
   1305.0   0.77023
   1310.0   0.77193
   1315.0   0.77279
   1320.0   0.77431
   1325.0   0.77595
   1330.0   0.77589
   1335.0   0.77980
   1340.0   0.78060
   1345.0   0.78153
   1350.0   0.77833
   1355.0   0.77555
   1360.0   0.77276
   1365.0   0.77738
   1370.0   0.78014
   1375.0   0.78694
   1380.0   0.78521
   1385.0   0.78889
   1390.0   0.79486
   1395.0   0.79020
   1400.0   0.79500
   1405.0   0.79771
   1410.0   0.80368
   1415.0   0.80716
   1420.0   0.80924
   1425.0   0.81316
   1430.0   0.81442
   1435.0   0.81857
   1440.0   0.82106
   1445.0   0.82238
   1450.0   0.82617
   1455.0   0.82898
   1460.0   0.83003
   1465.0   0.83233
   1470.0   0.83459
   1475.0   0.83650
   1480.0   0.83955
   1485.0   0.84256
   1490.0   0.84550
   1495.0   0.84832
   1500.0   0.85039
   1505.0   0.85221
   1510.0   0.85267
   1515.0   0.85581
   1520.0   0.85846
   1525.0   0.86057
   1530.0   0.86218
   1535.0   0.86355
   1540.0   0.86617
   1545.0   0.86859
   1550.0   0.87201
   1555.0   0.87168
   1560.0   0.87419
   1565.0   0.87659
   1570.0   0.87544
   1575.0   0.87862
   1580.0   0.87988
   1585.0   0.87904
   1590.0   0.88309
   1595.0   0.88769
   1600.0   0.88692
   1605.0   0.88902
   1610.0   0.89170
   1615.0   0.89186
   1620.0   0.89268
   1625.0   0.89177
   1630.0   0.89318
   1635.0   0.89279
   1640.0   0.89422
   1645.0   0.89631
   1650.0   0.89454
   1655.0   0.89764
   1660.0   0.89568
   1665.0   0.89780
   1670.0   0.89848
   1675.0   0.89962
   1680.0   0.90237
   1685.0   0.90028
   1690.0   0.89997
   1695.0   0.90192
   1700.0   0.90242
   1705.0   0.90089
   1710.0   0.90167
   1715.0   0.90273
   1720.0   0.90311
   1725.0   0.90291
   1730.0   0.90399
   1735.0   0.90399
   1740.0   0.90595
   1745.0   0.90649
   1750.0   0.90538
   1755.0   0.90744
   1760.0   0.91041
   1765.0   0.91364
   1770.0   0.91193
   1775.0   0.91321
   1780.0   0.91255
   1785.0   0.91095
   1790.0   0.91194
   1795.0   0.91040
   1800.0   0.90923
   1805.0   0.90672
   1810.0   0.90643
   1815.0   0.90368
   1820.0   0.90251
   1825.0   0.90014
   1830.0   0.89982
   1835.0   0.89574
   1840.0   0.89292
   1845.0   0.89113
   1850.0   0.88754
   1855.0   0.88365
   1860.0   0.88172
   1865.0   0.88467
   1870.0   0.88531
   1875.0   0.89608
   1880.0   0.90502
   1885.0   0.90793
   1890.0   0.90740
   1895.0   0.90782
   1900.0   0.90301
   1905.0   0.90071
   1910.0   0.90087
   1915.0   0.90038
   1920.0   0.90104
   1925.0   0.90186
   1930.0   0.89966
   1935.0   0.89758
   1940.0   0.89442
   1945.0   0.89466
   1950.0   0.89415
   1955.0   0.89521
   1960.0   0.89424
   1965.0   0.88967
   1970.0   0.88742
   1975.0   0.88486
   1980.0   0.88245
   1985.0   0.88341
   1990.0   0.88838
   1995.0   0.89313
   2000.0   0.89797
   2005.0   0.90595
   2010.0   0.91038
   2015.0   0.91115
   2020.0   0.91383
   2025.0   0.91499
   2030.0   0.91507
   2035.0   0.91637
   2040.0   0.91611
   2045.0   0.91635
   2050.0   0.91560
   2055.0   0.91666
   2060.0   0.91610
   2065.0   0.91262
   2070.0   0.90998
   2075.0   0.90803
   2080.0   0.90572
   2085.0   0.90579
   2090.0   0.90486
   2095.0   0.90561
   2100.0   0.90385
   2105.0   0.90258
   2110.0   0.90144
   2115.0   0.89897
   2120.0   0.89680
   2125.0   0.89356
   2130.0   0.88730
   2135.0   0.88429
   2140.0   0.88378
   2145.0   0.88383
   2150.0   0.88623
   2155.0   0.89010
   2160.0   0.89042
   2165.0   0.88995
   2170.0   0.89130
   2175.0   0.89000
   2180.0   0.88891
   2185.0   0.88687
   2190.0   0.88074
   2195.0   0.87637
   2200.0   0.87380
   2205.0   0.86908
   2210.0   0.86382
   2215.0   0.85748
   2220.0   0.85551
   2225.0   0.85149
   2230.0   0.84500
   2235.0   0.83592
   2240.0   0.82805
   2245.0   0.81535
   2250.0   0.80497
   2255.0   0.78865
   2260.0   0.77634
   2265.0   0.76682
   2270.0   0.75763
   2275.0   0.75330
   2280.0   0.74628
   2285.0   0.74318
   2290.0   0.73709
   2295.0   0.73025
   2300.0   0.72172
   2305.0   0.71431
   2310.0   0.70710
   2315.0   0.70089
   2320.0   0.69694
   2325.0   0.69479
   2330.0   0.70296
   2335.0   0.71957
   2340.0   0.74419
   2345.0   0.77058
   2350.0   0.80459
   2355.0   0.83070
   2360.0   0.84379
   2365.0   0.84951
   2370.0   0.85541
   2375.0   0.85875
   2380.0   0.85007
   2385.0   0.84609
   2390.0   0.84402
   2395.0   0.83611
   2400.0   0.83113
   2405.0   0.82616
   2410.0   0.82037
   2415.0   0.81204
   2420.0   0.80275
   2425.0   0.79077
   2430.0   0.77724
   2435.0   0.76020
   2440.0   0.74482
   2445.0   0.72668
   2450.0   0.71025
   2455.0   0.69803
   2460.0   0.68528
   2465.0   0.67454
   2470.0   0.67123
   2475.0   0.66968
   2480.0   0.66400
   2485.0   0.65385
   2490.0   0.63944
   2495.0   0.62439
   2500.0   0.61464
   2505.0   0.60562
   2510.0   0.59460
   2515.0   0.58842
   2520.0   0.58978
   2525.0   0.60203
   2530.0   0.61629
   2535.0   0.64888
   2540.0   0.68886
   2545.0   0.72485
   2550.0   0.76128
   2555.0   0.79101
   2560.0   0.79911
   2565.0   0.82348
   2570.0   0.84085
   2575.0   0.84878
   2580.0   0.85525
   2585.0   0.86513
   2590.0   0.87063
   2595.0   0.87073
   2600.0   0.87450
   2605.0   0.87306
   2610.0   0.87041
   2615.0   0.87747
   2620.0   0.86829
   2625.0   0.87044
   2630.0   0.87606
   2635.0   0.85650
   2640.0   0.86153
   2645.0   0.86027
   2650.0   0.85723
   2655.0   0.84784
   2660.0   0.84587
   2665.0   0.83984
   2670.0   0.82782
   2675.0   0.82490
   2680.0   0.81036
   2685.0   0.79665
   2690.0   0.78172
   2695.0   0.77336
   2700.0   0.76799
   2705.0   0.76593
   2710.0   0.76029
   2715.0   0.75779
   2720.0   0.75171
   2725.0   0.73023
   2730.0   0.71692
   2735.0   0.71321
   2740.0   0.69908
   2745.0   0.67344
   2750.0   0.65393
   2755.0   0.63504
   2760.0   0.62320
   2765.0   0.60535
   2770.0   0.58563
   2775.0   0.57921
   2780.0   0.59264
   2785.0   0.59673
   2790.0   0.62638
   2795.0   0.62982
   2800.0   0.63307
   2805.0   0.64656
   2810.0   0.65782
   2815.0   0.65953
   2820.0   0.66865
   2825.0   0.66715
   2830.0   0.66566
   2835.0   0.66710
   2840.0   0.66370
   2845.0   0.65615
   2850.0   0.65549
   2855.0   0.64795
   2860.0   0.64865
   2865.0   0.64739
   2870.0   0.65221
   2875.0   0.64842
   2880.0   0.64852
   2885.0   0.64302
   2890.0   0.64541
   2895.0   0.63605
   2900.0   0.64053
   2905.0   0.64102
   2910.0   0.63327
   2915.0   0.63721
   2920.0   0.63728
   2925.0   0.63031
   2930.0   0.62601
   2935.0   0.62879
   2940.0   0.62998
   2945.0   0.62628
   2950.0   0.62486
   2955.0   0.62846
   2960.0   0.62625
   2965.0   0.62376
   2970.0   0.61848
   2975.0   0.61998
   2980.0   0.61587
   2985.0   0.61527
   2990.0   0.61817
   2995.0   0.61475
   3000.0   0.61379
   3005.0   0.61351
   3010.0   0.61287
   3015.0   0.60952
   3020.0   0.60239
   3025.0   0.59704
   3030.0   0.59192
   3035.0   0.58820
   3040.0   0.58344
   3045.0   0.57913
   3050.0   0.58025
   3055.0   0.57720
   3060.0   0.57238
   3065.0   0.56717
   3070.0   0.56511
   3075.0   0.55723
   3080.0   0.55701
   3085.0   0.55345
   3090.0   0.55011
   3095.0   0.55524
   3100.0   0.55768
   3105.0   0.56009
   3110.0   0.55926
   3115.0   0.56257
   3120.0   0.56328
   3125.0   0.56580
   3130.0   0.56303
   3135.0   0.56266
   3140.0   0.55919
   3145.0   0.56320
   3150.0   0.57044
   3155.0   0.57856
   3160.0   0.58585
   3165.0   0.58958
   3170.0   0.59148
   3175.0   0.59219
   3180.0   0.58947
   3185.0   0.58631
   3190.0   0.58493
   3195.0   0.58491
   3200.0   0.57965
   3205.0   0.57699
   3210.0   0.57040
   3215.0   0.56587
   3220.0   0.56110
   3225.0   0.55770
   3230.0   0.54929
   3235.0   0.54098
   3240.0   0.53572
   3245.0   0.52568
   3250.0   0.51137
   3255.0   0.50218
   3260.0   0.48831
   3265.0   0.47475
   3270.0   0.46000
   3275.0   0.43935
   3280.0   0.42578
   3285.0   0.39551
   3290.0   0.35470
   3295.0   0.29833
   3300.0   0.23220
   3305.0   0.17793
   3310.0   0.14882
   3315.0   0.13850
   3320.0   0.13941
   3325.0   0.14596
   3330.0   0.14968
   3335.0   0.15280
   3340.0   0.15634
   3345.0   0.15817
   3350.0   0.16301
   3355.0   0.17246
   3360.0   0.17963
   3365.0   0.19007
   3370.0   0.20172
   3375.0   0.21037
   3380.0   0.21079
   3385.0   0.20468
   3390.0   0.19833
   3395.0   0.19305
   3400.0   0.18799
   3405.0   0.18667
   3410.0   0.17933
   3415.0   0.17976
   3420.0   0.17137
   3425.0   0.16160
   3430.0   0.15424
   3435.0   0.14500
   3440.0   0.12797
   3445.0   0.11628
   3450.0   0.10804
   3455.0   0.09803
   3460.0   0.10130
   3465.0   0.10390
   3470.0   0.11118
   3475.0   0.11678
   3480.0   0.12498
   3485.0   0.13781
   3490.0   0.15740
   3495.0   0.17480
   3500.0   0.19745
   3505.0   0.23569
   3510.0   0.28160
   3515.0   0.31484
   3520.0   0.35324
   3525.0   0.38524
   3530.0   0.42270
   3535.0   0.44191
   3540.0   0.45538
   3545.0   0.47056
   3550.0   0.46925
   3555.0   0.48537
   3560.0   0.50658
   3565.0   0.53271
   3570.0   0.55498
   3575.0   0.58082
   3580.0   0.59281
   3585.0   0.58826
   3590.0   0.59983
   3595.0   0.59761
   3600.0   0.59676



 C2PD05      .ASC                        

 PD-SJG-005                                                              
 2501 DOLOMITE  ALL NEW DATA                                             
 RATIOS ADJUSTED USING NBS HALON CALIBRATION TABLE                       

 Source Ang: 30.00   Detect Ang:  0.00  Volt: 0.222
 Date: 12-MAY-89   Time: 15:15:47
