   661
    300.0   0.04446
    305.0   0.04560
    310.0   0.04614
    315.0   0.04615
    320.0   0.04794
    325.0   0.05035
    330.0   0.05144
    335.0   0.05395
    340.0   0.05594
    345.0   0.05858
    350.0   0.06035
    355.0   0.06179
    360.0   0.06407
    365.0   0.06616
    370.0   0.06782
    375.0   0.06978
    380.0   0.07171
    385.0   0.07354
    390.0   0.07505
    395.0   0.07723
    400.0   0.07842
    405.0   0.07963
    410.0   0.08466
    415.0   0.08543
    420.0   0.08650
    425.0   0.08723
    430.0   0.08821
    435.0   0.08896
    440.0   0.08929
    445.0   0.08970
    450.0   0.09020
    455.0   0.09165
    460.0   0.09299
    465.0   0.09421
    470.0   0.09529
    475.0   0.09644
    480.0   0.09770
    485.0   0.09866
    490.0   0.10023
    495.0   0.10195
    500.0   0.10395
    505.0   0.10595
    510.0   0.10757
    515.0   0.10927
    520.0   0.11148
    525.0   0.11351
    530.0   0.11626
    535.0   0.11891
    540.0   0.12210
    545.0   0.12530
    550.0   0.13003
    555.0   0.13519
    560.0   0.14178
    565.0   0.14946
    570.0   0.15864
    575.0   0.16827
    580.0   0.17825
    585.0   0.18880
    590.0   0.19881
    595.0   0.20861
    600.0   0.21677
    605.0   0.22394
    610.0   0.23079
    615.0   0.23512
    620.0   0.23881
    625.0   0.24239
    630.0   0.24529
    635.0   0.24810
    640.0   0.25028
    645.0   0.25285
    650.0   0.25534
    655.0   0.25766
    660.0   0.25941
    665.0   0.26164
    670.0   0.26403
    675.0   0.26610
    680.0   0.26866
    685.0   0.27077
    690.0   0.27267
    695.0   0.27402
    700.0   0.27664
    705.0   0.27769
    710.0   0.27917
    715.0   0.27951
    720.0   0.28146
    725.0   0.28269
    730.0   0.28295
    735.0   0.28360
    740.0   0.28382
    745.0   0.28378
    750.0   0.28469
    755.0   0.28381
    760.0   0.28640
    765.0   0.28527
    770.0   0.28487
    775.0   0.28452
    780.0   0.28353
    785.0   0.28233
    790.0   0.28129
    795.0   0.27995
    800.0   0.27831
    805.0   0.27712
    810.0   0.27565
    815.0   0.27389
    820.0   0.27204
    825.0   0.27060
    830.0   0.26887
    835.0   0.26801
    840.0   0.26715
    845.0   0.26501
    850.0   0.26493
    855.0   0.26286
    860.0   0.26195
    865.0   0.26071
    870.0   0.25875
    875.0   0.25750
    880.0   0.25582
    885.0   0.25462
    890.0   0.25256
    895.0   0.25243
    900.0   0.25075
    905.0   0.24901
    910.0   0.24902
    915.0   0.24736
    920.0   0.24601
    925.0   0.24599
    930.0   0.24501
    935.0   0.24381
    940.0   0.24377
    945.0   0.24196
    950.0   0.24046
    955.0   0.24007
    960.0   0.23935
    965.0   0.23877
    970.0   0.23728
    975.0   0.23620
    980.0   0.23561
    985.0   0.23434
    990.0   0.23344
    995.0   0.23221
   1000.0   0.23018
   1005.0   0.22896
   1010.0   0.22830
   1015.0   0.22725
   1020.0   0.22668
   1025.0   0.22602
   1030.0   0.22482
   1035.0   0.22464
   1040.0   0.22274
   1045.0   0.22174
   1050.0   0.22085
   1055.0   0.22005
   1060.0   0.21961
   1065.0   0.21799
   1070.0   0.21693
   1075.0   0.21637
   1080.0   0.21569
   1085.0   0.21424
   1090.0   0.21321
   1095.0   0.21215
   1100.0   0.21064
   1105.0   0.21014
   1110.0   0.20858
   1115.0   0.20805
   1120.0   0.20719
   1125.0   0.20683
   1130.0   0.20521
   1135.0   0.20302
   1140.0   0.20270
   1145.0   0.20124
   1150.0   0.20065
   1155.0   0.19968
   1160.0   0.19820
   1165.0   0.19710
   1170.0   0.19678
   1175.0   0.19510
   1180.0   0.19371
   1185.0   0.19253
   1190.0   0.19160
   1195.0   0.19063
   1200.0   0.18909
   1205.0   0.18834
   1210.0   0.18685
   1215.0   0.18716
   1220.0   0.18525
   1225.0   0.18388
   1230.0   0.18321
   1235.0   0.18220
   1240.0   0.18115
   1245.0   0.18004
   1250.0   0.17955
   1255.0   0.17908
   1260.0   0.17726
   1265.0   0.17751
   1270.0   0.17665
   1275.0   0.17579
   1280.0   0.17533
   1285.0   0.17492
   1290.0   0.17391
   1295.0   0.17376
   1300.0   0.17304
   1305.0   0.17273
   1310.0   0.17257
   1315.0   0.17119
   1320.0   0.17016
   1325.0   0.16998
   1330.0   0.17008
   1335.0   0.16927
   1340.0   0.16791
   1345.0   0.16692
   1350.0   0.16645
   1355.0   0.16480
   1360.0   0.16445
   1365.0   0.16461
   1370.0   0.16333
   1375.0   0.16391
   1380.0   0.15976
   1385.0   0.16217
   1390.0   0.16023
   1395.0   0.15862
   1400.0   0.15889
   1405.0   0.15835
   1410.0   0.15682
   1415.0   0.15590
   1420.0   0.15545
   1425.0   0.15498
   1430.0   0.15577
   1435.0   0.15480
   1440.0   0.15423
   1445.0   0.15350
   1450.0   0.15343
   1455.0   0.15295
   1460.0   0.15235
   1465.0   0.15169
   1470.0   0.15135
   1475.0   0.15103
   1480.0   0.15039
   1485.0   0.14977
   1490.0   0.14855
   1495.0   0.14852
   1500.0   0.14713
   1505.0   0.14703
   1510.0   0.14628
   1515.0   0.14575
   1520.0   0.14613
   1525.0   0.14526
   1530.0   0.14532
   1535.0   0.14442
   1540.0   0.14372
   1545.0   0.14301
   1550.0   0.14280
   1555.0   0.14340
   1560.0   0.14271
   1565.0   0.14156
   1570.0   0.14128
   1575.0   0.14064
   1580.0   0.14142
   1585.0   0.14062
   1590.0   0.13994
   1595.0   0.14026
   1600.0   0.13985
   1605.0   0.13931
   1610.0   0.13920
   1615.0   0.13861
   1620.0   0.13795
   1625.0   0.13782
   1630.0   0.13708
   1635.0   0.13751
   1640.0   0.13698
   1645.0   0.13699
   1650.0   0.13598
   1655.0   0.13618
   1660.0   0.13422
   1665.0   0.13346
   1670.0   0.13368
   1675.0   0.13436
   1680.0   0.13327
   1685.0   0.13309
   1690.0   0.13262
   1695.0   0.13272
   1700.0   0.13262
   1705.0   0.13209
   1710.0   0.13239
   1715.0   0.13228
   1720.0   0.13206
   1725.0   0.13154
   1730.0   0.13159
   1735.0   0.13118
   1740.0   0.13062
   1745.0   0.12994
   1750.0   0.12939
   1755.0   0.12914
   1760.0   0.12911
   1765.0   0.12916
   1770.0   0.12919
   1775.0   0.12906
   1780.0   0.12869
   1785.0   0.12825
   1790.0   0.12800
   1795.0   0.12785
   1800.0   0.12763
   1805.0   0.12731
   1810.0   0.12695
   1815.0   0.12664
   1820.0   0.12645
   1825.0   0.12633
   1830.0   0.12612
   1835.0   0.12579
   1840.0   0.12549
   1845.0   0.12519
   1850.0   0.12480
   1855.0   0.12470
   1860.0   0.12482
   1865.0   0.12447
   1870.0   0.12409
   1875.0   0.12467
   1880.0   0.12532
   1885.0   0.12489
   1890.0   0.12380
   1895.0   0.12239
   1900.0   0.12087
   1905.0   0.11983
   1910.0   0.11932
   1915.0   0.11903
   1920.0   0.11896
   1925.0   0.11912
   1930.0   0.11922
   1935.0   0.11921
   1940.0   0.11915
   1945.0   0.11898
   1950.0   0.11877
   1955.0   0.11860
   1960.0   0.11863
   1965.0   0.11879
   1970.0   0.11894
   1975.0   0.11902
   1980.0   0.11907
   1985.0   0.11921
   1990.0   0.11925
   1995.0   0.11888
   2000.0   0.11839
   2005.0   0.11819
   2010.0   0.11819
   2015.0   0.11821
   2020.0   0.11827
   2025.0   0.11830
   2030.0   0.11824
   2035.0   0.11822
   2040.0   0.11817
   2045.0   0.11799
   2050.0   0.11785
   2055.0   0.11795
   2060.0   0.11807
   2065.0   0.11806
   2070.0   0.11809
   2075.0   0.11815
   2080.0   0.11809
   2085.0   0.11806
   2090.0   0.11829
   2095.0   0.11862
   2100.0   0.11887
   2105.0   0.11890
   2110.0   0.11880
   2115.0   0.11875
   2120.0   0.11875
   2125.0   0.11866
   2130.0   0.11848
   2135.0   0.11837
   2140.0   0.11835
   2145.0   0.11852
   2150.0   0.11868
   2155.0   0.11873
   2160.0   0.11845
   2165.0   0.11791
   2170.0   0.11748
   2175.0   0.11738
   2180.0   0.11728
   2185.0   0.11678
   2190.0   0.11615
   2195.0   0.11588
   2200.0   0.11606
   2205.0   0.11624
   2210.0   0.11611
   2215.0   0.11586
   2220.0   0.11574
   2225.0   0.11555
   2230.0   0.11521
   2235.0   0.11479
   2240.0   0.11441
   2245.0   0.11411
   2250.0   0.11394
   2255.0   0.11402
   2260.0   0.11422
   2265.0   0.11421
   2270.0   0.11408
   2275.0   0.11396
   2280.0   0.11379
   2285.0   0.11357
   2290.0   0.11343
   2295.0   0.11347
   2300.0   0.11361
   2305.0   0.11386
   2310.0   0.11409
   2315.0   0.11422
   2320.0   0.11432
   2325.0   0.11432
   2330.0   0.11420
   2335.0   0.11418
   2340.0   0.11436
   2345.0   0.11461
   2350.0   0.11489
   2355.0   0.11546
   2360.0   0.11601
   2365.0   0.11599
   2370.0   0.11543
   2375.0   0.11469
   2380.0   0.11423
   2385.0   0.11424
   2390.0   0.11438
   2395.0   0.11440
   2400.0   0.11433
   2405.0   0.11407
   2410.0   0.11366
   2415.0   0.11338
   2420.0   0.11313
   2425.0   0.11269
   2430.0   0.11206
   2435.0   0.11150
   2440.0   0.11117
   2445.0   0.11103
   2450.0   0.11085
   2455.0   0.11042
   2460.0   0.10999
   2465.0   0.10998
   2470.0   0.11025
   2475.0   0.11034
   2480.0   0.11014
   2485.0   0.10989
   2490.0   0.10987
   2495.0   0.11013
   2500.0   0.11055
   2505.0   0.11078
   2510.0   0.11092
   2515.0   0.11076
   2520.0   0.11030
   2525.0   0.10980
   2530.0   0.10960
   2535.0   0.10972
   2540.0   0.10976
   2545.0   0.10977
   2550.0   0.11032
   2555.0   0.11059
   2560.0   0.10998
   2565.0   0.10975
   2570.0   0.10976
   2575.0   0.10877
   2580.0   0.10735
   2585.0   0.10682
   2590.0   0.10742
   2595.0   0.10850
   2600.0   0.10897
   2605.0   0.10888
   2610.0   0.10892
   2615.0   0.10893
   2620.0   0.10907
   2625.0   0.10897
   2630.0   0.10911
   2635.0   0.11002
   2640.0   0.10954
   2645.0   0.10733
   2650.0   0.10718
   2655.0   0.10375
   2660.0   0.10035
   2665.0   0.09749
   2670.0   0.09805
   2675.0   0.10093
   2680.0   0.10317
   2685.0   0.10154
   2690.0   0.09679
   2695.0   0.09029
   2700.0   0.08550
   2705.0   0.07830
   2710.0   0.07332
   2715.0   0.06888
   2720.0   0.06512
   2725.0   0.06243
   2730.0   0.05723
   2735.0   0.05444
   2740.0   0.04955
   2745.0   0.04522
   2750.0   0.04531
   2755.0   0.04324
   2760.0   0.04277
   2765.0   0.04683
   2770.0   0.04496
   2775.0   0.04823
   2780.0   0.04909
   2785.0   0.04136
   2790.0   0.04875
   2795.0   0.04512
   2800.0   0.04424
   2805.0   0.04043
   2810.0   0.03901
   2815.0   0.04637
   2820.0   0.04335
   2825.0   0.04429
   2830.0   0.04460
   2835.0   0.04455
   2840.0   0.04463
   2845.0   0.03985
   2850.0   0.04365
   2855.0   0.04304
   2860.0   0.04265
   2865.0   0.04511
   2870.0   0.04205
   2875.0   0.04531
   2880.0   0.04366
   2885.0   0.04165
   2890.0   0.04437
   2895.0   0.04170
   2900.0   0.04620
   2905.0   0.03999
   2910.0   0.04021
   2915.0   0.04199
   2920.0   0.04239
   2925.0   0.04632
   2930.0   0.04273
   2935.0   0.04575
   2940.0   0.04208
   2945.0   0.03984
   2950.0   0.04288
   2955.0   0.04275
   2960.0   0.04296
   2965.0   0.04247
   2970.0   0.04601
   2975.0   0.04432
   2980.0   0.04425
   2985.0   0.04210
   2990.0   0.04470
   2995.0   0.04296
   3000.0   0.04176
   3005.0   0.04521
   3010.0   0.04289
   3015.0   0.04353
   3020.0   0.04304
   3025.0   0.04382
   3030.0   0.04363
   3035.0   0.04218
   3040.0   0.04385
   3045.0   0.04135
   3050.0   0.04323
   3055.0   0.04482
   3060.0   0.04540
   3065.0   0.04377
   3070.0   0.04572
   3075.0   0.04445
   3080.0   0.04766
   3085.0   0.04713
   3090.0   0.04627
   3095.0   0.04691
   3100.0   0.04612
   3105.0   0.04861
   3110.0   0.04675
   3115.0   0.04751
   3120.0   0.04715
   3125.0   0.04739
   3130.0   0.04821
   3135.0   0.04895
   3140.0   0.04936
   3145.0   0.04921
   3150.0   0.05118
   3155.0   0.05003
   3160.0   0.05208
   3165.0   0.05116
   3170.0   0.05071
   3175.0   0.05028
   3180.0   0.05160
   3185.0   0.05144
   3190.0   0.05238
   3195.0   0.05201
   3200.0   0.05220
   3205.0   0.05387
   3210.0   0.05395
   3215.0   0.05304
   3220.0   0.05412
   3225.0   0.05348
   3230.0   0.05408
   3235.0   0.05408
   3240.0   0.05419
   3245.0   0.05490
   3250.0   0.05635
   3255.0   0.05372
   3260.0   0.05564
   3265.0   0.05823
   3270.0   0.05512
   3275.0   0.05503
   3280.0   0.05544
   3285.0   0.05620
   3290.0   0.05800
   3295.0   0.05654
   3300.0   0.06043
   3305.0   0.05925
   3310.0   0.06146
   3315.0   0.06056
   3320.0   0.06105
   3325.0   0.05912
   3330.0   0.05918
   3335.0   0.06168
   3340.0   0.05855
   3345.0   0.05849
   3350.0   0.06002
   3355.0   0.05995
   3360.0   0.05931
   3365.0   0.05874
   3370.0   0.05949
   3375.0   0.05577
   3380.0   0.05808
   3385.0   0.05598
   3390.0   0.05657
   3395.0   0.05772
   3400.0   0.05656
   3405.0   0.05750
   3410.0   0.05691
   3415.0   0.05690
   3420.0   0.05591
   3425.0   0.05797
   3430.0   0.05941
   3435.0   0.06273
   3440.0   0.05968
   3445.0   0.05684
   3450.0   0.05941
   3455.0   0.06299
   3460.0   0.06127
   3465.0   0.06341
   3470.0   0.06400
   3475.0   0.05955
   3480.0   0.06263
   3485.0   0.05672
   3490.0   0.05938
   3495.0   0.05637
   3500.0   0.05984
   3505.0   0.05703
   3510.0   0.06082
   3515.0   0.05824
   3520.0   0.06424
   3525.0   0.06112
   3530.0   0.06270
   3535.0   0.06477
   3540.0   0.06808
   3545.0   0.06728
   3550.0   0.06534
   3555.0   0.06412
   3560.0   0.06735
   3565.0   0.07439
   3570.0   0.07140
   3575.0   0.06645
   3580.0   0.07745
   3585.0   0.07318
   3590.0   0.07943
   3595.0   0.08484
   3600.0   0.07479



 C2RB30      .ASC                        

 RB-CMP-030                                                              
 TOP WEATHERED ALTERED PORTION OF A PIECE OF TAOS, NEW MEXICO BASALT     
 RATIOS ADJUSTED USING NBS HALON CALIBRATION TABLE                       

 Source Ang: 30.00   Detect Ang:  0.00  Volt: 0.777
 Date: 15-DEC-88   Time: 17:36:15
