   661
    300.0   0.13354
    305.0   0.13446
    310.0   0.14793
    315.0   0.16392
    320.0   0.18128
    325.0   0.20016
    330.0   0.21601
    335.0   0.23026
    340.0   0.24386
    345.0   0.25372
    350.0   0.26213
    355.0   0.27139
    360.0   0.28135
    365.0   0.29467
    370.0   0.30421
    375.0   0.30898
    380.0   0.31319
    385.0   0.31775
    390.0   0.32268
    395.0   0.32591
    400.0   0.33214
    405.0   0.33563
    410.0   0.34007
    415.0   0.34686
    420.0   0.35258
    425.0   0.36229
    430.0   0.37269
    435.0   0.38420
    440.0   0.39023
    445.0   0.38872
    450.0   0.39309
    455.0   0.39947
    460.0   0.40640
    465.0   0.41183
    470.0   0.41906
    475.0   0.42784
    480.0   0.43609
    485.0   0.44338
    490.0   0.44898
    495.0   0.45314
    500.0   0.45772
    505.0   0.46508
    510.0   0.46947
    515.0   0.47303
    520.0   0.47597
    525.0   0.47579
    530.0   0.47574
    535.0   0.47521
    540.0   0.47678
    545.0   0.47627
    550.0   0.47688
    555.0   0.47642
    560.0   0.47702
    565.0   0.47455
    570.0   0.47274
    575.0   0.47047
    580.0   0.46827
    585.0   0.46538
    590.0   0.46228
    595.0   0.45908
    600.0   0.45499
    605.0   0.45216
    610.0   0.45022
    615.0   0.44680
    620.0   0.44536
    625.0   0.44254
    630.0   0.43317
    635.0   0.42902
    640.0   0.42595
    645.0   0.42459
    650.0   0.42164
    655.0   0.42022
    660.0   0.41803
    665.0   0.41636
    670.0   0.41462
    675.0   0.41337
    680.0   0.41170
    685.0   0.41061
    690.0   0.41086
    695.0   0.40866
    700.0   0.40850
    705.0   0.40781
    710.0   0.40817
    715.0   0.40842
    720.0   0.40788
    725.0   0.40718
    730.0   0.40816
    735.0   0.40876
    740.0   0.41061
    745.0   0.41048
    750.0   0.41237
    755.0   0.41381
    760.0   0.41771
    765.0   0.41750
    770.0   0.42095
    775.0   0.42308
    780.0   0.42590
    785.0   0.42790
    790.0   0.43119
    795.0   0.43319
    800.0   0.43453
    805.0   0.43687
    810.0   0.43796
    815.0   0.43766
    820.0   0.43735
    825.0   0.43717
    830.0   0.43594
    835.0   0.43488
    840.0   0.43226
    845.0   0.43044
    850.0   0.42876
    855.0   0.42684
    860.0   0.42556
    865.0   0.42230
    870.0   0.42120
    875.0   0.41899
    880.0   0.41777
    885.0   0.41781
    890.0   0.41659
    895.0   0.41517
    900.0   0.41379
    905.0   0.41230
    910.0   0.41056
    915.0   0.40882
    920.0   0.40822
    925.0   0.40714
    930.0   0.40540
    935.0   0.40472
    940.0   0.40280
    945.0   0.40107
    950.0   0.39467
    955.0   0.39442
    960.0   0.39289
    965.0   0.39187
    970.0   0.39025
    975.0   0.38814
    980.0   0.38769
    985.0   0.38619
    990.0   0.38258
    995.0   0.38065
   1000.0   0.37845
   1005.0   0.37673
   1010.0   0.37448
   1015.0   0.37443
   1020.0   0.37496
   1025.0   0.37484
   1030.0   0.37511
   1035.0   0.37099
   1040.0   0.37253
   1045.0   0.37435
   1050.0   0.37476
   1055.0   0.37886
   1060.0   0.38360
   1065.0   0.38845
   1070.0   0.39336
   1075.0   0.39865
   1080.0   0.40456
   1085.0   0.40986
   1090.0   0.41631
   1095.0   0.42174
   1100.0   0.42696
   1105.0   0.43123
   1110.0   0.43630
   1115.0   0.44130
   1120.0   0.44670
   1125.0   0.45291
   1130.0   0.45697
   1135.0   0.46081
   1140.0   0.46643
   1145.0   0.46954
   1150.0   0.47334
   1155.0   0.48046
   1160.0   0.48446
   1165.0   0.49002
   1170.0   0.49252
   1175.0   0.49571
   1180.0   0.49893
   1185.0   0.50132
   1190.0   0.50642
   1195.0   0.51145
   1200.0   0.51640
   1205.0   0.52110
   1210.0   0.52613
   1215.0   0.52884
   1220.0   0.53398
   1225.0   0.53918
   1230.0   0.54401
   1235.0   0.54750
   1240.0   0.55164
   1245.0   0.55475
   1250.0   0.56013
   1255.0   0.56577
   1260.0   0.56929
   1265.0   0.57367
   1270.0   0.57939
   1275.0   0.58252
   1280.0   0.58905
   1285.0   0.59465
   1290.0   0.59973
   1295.0   0.60248
   1300.0   0.60604
   1305.0   0.61004
   1310.0   0.61539
   1315.0   0.61938
   1320.0   0.62352
   1325.0   0.62767
   1330.0   0.63169
   1335.0   0.63637
   1340.0   0.63981
   1345.0   0.64392
   1350.0   0.64670
   1355.0   0.64966
   1360.0   0.65325
   1365.0   0.65557
   1370.0   0.65984
   1375.0   0.65920
   1380.0   0.66119
   1385.0   0.66427
   1390.0   0.63206
   1395.0   0.44141
   1400.0   0.50342
   1405.0   0.63081
   1410.0   0.66130
   1415.0   0.67467
   1420.0   0.68374
   1425.0   0.68798
   1430.0   0.69202
   1435.0   0.69533
   1440.0   0.69741
   1445.0   0.70049
   1450.0   0.70090
   1455.0   0.70343
   1460.0   0.70568
   1465.0   0.70872
   1470.0   0.70921
   1475.0   0.71286
   1480.0   0.71445
   1485.0   0.71662
   1490.0   0.72025
   1495.0   0.72149
   1500.0   0.72352
   1505.0   0.71963
   1510.0   0.72661
   1515.0   0.72999
   1520.0   0.73040
   1525.0   0.73369
   1530.0   0.73521
   1535.0   0.73418
   1540.0   0.73875
   1545.0   0.73960
   1550.0   0.74249
   1555.0   0.74466
   1560.0   0.74514
   1565.0   0.74795
   1570.0   0.75064
   1575.0   0.75222
   1580.0   0.75175
   1585.0   0.75614
   1590.0   0.75586
   1595.0   0.75914
   1600.0   0.75833
   1605.0   0.76006
   1610.0   0.76217
   1615.0   0.76304
   1620.0   0.76514
   1625.0   0.76423
   1630.0   0.76324
   1635.0   0.76562
   1640.0   0.76658
   1645.0   0.76744
   1650.0   0.76889
   1655.0   0.77153
   1660.0   0.77315
   1665.0   0.77515
   1670.0   0.77575
   1675.0   0.77772
   1680.0   0.78035
   1685.0   0.78105
   1690.0   0.78037
   1695.0   0.77980
   1700.0   0.78301
   1705.0   0.78086
   1710.0   0.78098
   1715.0   0.78257
   1720.0   0.78260
   1725.0   0.78384
   1730.0   0.78233
   1735.0   0.78207
   1740.0   0.78371
   1745.0   0.78726
   1750.0   0.78855
   1755.0   0.78880
   1760.0   0.78764
   1765.0   0.78640
   1770.0   0.78738
   1775.0   0.78826
   1780.0   0.78909
   1785.0   0.78948
   1790.0   0.79159
   1795.0   0.78984
   1800.0   0.79210
   1805.0   0.79116
   1810.0   0.79065
   1815.0   0.79292
   1820.0   0.79384
   1825.0   0.79446
   1830.0   0.79201
   1835.0   0.79072
   1840.0   0.79240
   1845.0   0.79306
   1850.0   0.79134
   1855.0   0.79041
   1860.0   0.79027
   1865.0   0.78787
   1870.0   0.78487
   1875.0   0.78526
   1880.0   0.78530
   1885.0   0.78592
   1890.0   0.78575
   1895.0   0.78564
   1900.0   0.78523
   1905.0   0.78482
   1910.0   0.78326
   1915.0   0.78326
   1920.0   0.78373
   1925.0   0.78378
   1930.0   0.78447
   1935.0   0.78060
   1940.0   0.77833
   1945.0   0.77874
   1950.0   0.77936
   1955.0   0.78078
   1960.0   0.77829
   1965.0   0.77653
   1970.0   0.77614
   1975.0   0.77502
   1980.0   0.77275
   1985.0   0.76848
   1990.0   0.76447
   1995.0   0.76246
   2000.0   0.76006
   2005.0   0.75801
   2010.0   0.75523
   2015.0   0.75361
   2020.0   0.75472
   2025.0   0.75869
   2030.0   0.76058
   2035.0   0.76194
   2040.0   0.76022
   2045.0   0.75732
   2050.0   0.75086
   2055.0   0.74640
   2060.0   0.74472
   2065.0   0.74038
   2070.0   0.73942
   2075.0   0.73180
   2080.0   0.72504
   2085.0   0.72410
   2090.0   0.72415
   2095.0   0.72254
   2100.0   0.72447
   2105.0   0.72175
   2110.0   0.70679
   2115.0   0.69465
   2120.0   0.69022
   2125.0   0.69126
   2130.0   0.68940
   2135.0   0.68940
   2140.0   0.69388
   2145.0   0.69584
   2150.0   0.69433
   2155.0   0.69913
   2160.0   0.70331
   2165.0   0.70491
   2170.0   0.70231
   2175.0   0.69844
   2180.0   0.69762
   2185.0   0.69949
   2190.0   0.70121
   2195.0   0.70345
   2200.0   0.70315
   2205.0   0.70131
   2210.0   0.70140
   2215.0   0.70243
   2220.0   0.70228
   2225.0   0.69701
   2230.0   0.68612
   2235.0   0.67838
   2240.0   0.67413
   2245.0   0.66802
   2250.0   0.66289
   2255.0   0.65972
   2260.0   0.65437
   2265.0   0.63741
   2270.0   0.60718
   2275.0   0.57330
   2280.0   0.53495
   2285.0   0.49020
   2290.0   0.44399
   2295.0   0.40887
   2300.0   0.39456
   2305.0   0.38499
   2310.0   0.36395
   2315.0   0.33634
   2320.0   0.34927
   2325.0   0.38778
   2330.0   0.45071
   2335.0   0.52580
   2340.0   0.57857
   2345.0   0.60262
   2350.0   0.60360
   2355.0   0.59325
   2360.0   0.58674
   2365.0   0.57629
   2370.0   0.55139
   2375.0   0.51770
   2380.0   0.47433
   2385.0   0.43875
   2390.0   0.42308
   2395.0   0.43633
   2400.0   0.47503
   2405.0   0.52275
   2410.0   0.55142
   2415.0   0.56067
   2420.0   0.55692
   2425.0   0.55615
   2430.0   0.55962
   2435.0   0.56314
   2440.0   0.55089
   2445.0   0.54229
   2450.0   0.54430
   2455.0   0.53987
   2460.0   0.52521
   2465.0   0.51702
   2470.0   0.51999
   2475.0   0.53443
   2480.0   0.54414
   2485.0   0.55357
   2490.0   0.55804
   2495.0   0.55488
   2500.0   0.55292
   2505.0   0.55654
   2510.0   0.55885
   2515.0   0.55731
   2520.0   0.56041
   2525.0   0.56636
   2530.0   0.56878
   2535.0   0.57210
   2540.0   0.57685
   2545.0   0.57955
   2550.0   0.58174
   2555.0   0.57791
   2560.0   0.57600
   2565.0   0.57429
   2570.0   0.57096
   2575.0   0.56931
   2580.0   0.57592
   2585.0   0.58150
   2590.0   0.58794
   2595.0   0.59049
   2600.0   0.60225
   2605.0   0.60276
   2610.0   0.61177
   2615.0   0.61361
   2620.0   0.61949
   2625.0   0.62359
   2630.0   0.62533
   2635.0   0.63326
   2640.0   0.63943
   2645.0   0.64647
   2650.0   0.65090
   2655.0   0.64970
   2660.0   0.65091
   2665.0   0.64805
   2670.0   0.64774
   2675.0   0.63781
   2680.0   0.62578
   2685.0   0.61667
   2690.0   0.59899
   2695.0   0.57399
   2700.0   0.55313
   2705.0   0.55005
   2710.0   0.53300
   2715.0   0.50800
   2720.0   0.46613
   2725.0   0.39983
   2730.0   0.30528
   2735.0   0.21031
   2740.0   0.14933
   2745.0   0.12597
   2750.0   0.13132
   2755.0   0.15499
   2760.0   0.20671
   2765.0   0.24841
   2770.0   0.26378
   2775.0   0.30312
   2780.0   0.35195
   2785.0   0.37112
   2790.0   0.39182
   2795.0   0.42007
   2800.0   0.44564
   2805.0   0.46491
   2810.0   0.46760
   2815.0   0.46531
   2820.0   0.47294
   2825.0   0.48454
   2830.0   0.47908
   2835.0   0.47565
   2840.0   0.46537
   2845.0   0.47006
   2850.0   0.46719
   2855.0   0.45991
   2860.0   0.45379
   2865.0   0.45302
   2870.0   0.44127
   2875.0   0.44052
   2880.0   0.43765
   2885.0   0.42703
   2890.0   0.42167
   2895.0   0.42335
   2900.0   0.41431
   2905.0   0.41192
   2910.0   0.41345
   2915.0   0.41613
   2920.0   0.41906
   2925.0   0.42279
   2930.0   0.42193
   2935.0   0.41952
   2940.0   0.42146
   2945.0   0.41873
   2950.0   0.42234
   2955.0   0.41258
   2960.0   0.41519
   2965.0   0.41369
   2970.0   0.41338
   2975.0   0.40931
   2980.0   0.40861
   2985.0   0.40925
   2990.0   0.40936
   2995.0   0.41311
   3000.0   0.41576
   3005.0   0.41440
   3010.0   0.41497
   3015.0   0.41731
   3020.0   0.42333
   3025.0   0.42544
   3030.0   0.42612
   3035.0   0.42844
   3040.0   0.43165
   3045.0   0.43491
   3050.0   0.43997
   3055.0   0.43461
   3060.0   0.43943
   3065.0   0.43892
   3070.0   0.44351
   3075.0   0.45070
   3080.0   0.45308
   3085.0   0.45394
   3090.0   0.46061
   3095.0   0.46371
   3100.0   0.46200
   3105.0   0.46629
   3110.0   0.47232
   3115.0   0.47631
   3120.0   0.47475
   3125.0   0.47803
   3130.0   0.48092
   3135.0   0.48492
   3140.0   0.48438
   3145.0   0.48767
   3150.0   0.48941
   3155.0   0.48783
   3160.0   0.49320
   3165.0   0.49100
   3170.0   0.49273
   3175.0   0.48378
   3180.0   0.48549
   3185.0   0.48947
   3190.0   0.49157
   3195.0   0.49963
   3200.0   0.50419
   3205.0   0.51397
   3210.0   0.52052
   3215.0   0.52956
   3220.0   0.54096
   3225.0   0.54288
   3230.0   0.54548
   3235.0   0.55230
   3240.0   0.55575
   3245.0   0.55855
   3250.0   0.56301
   3255.0   0.56964
   3260.0   0.56874
   3265.0   0.57721
   3270.0   0.57863
   3275.0   0.58208
   3280.0   0.58439
   3285.0   0.58385
   3290.0   0.57971
   3295.0   0.56668
   3300.0   0.55624
   3305.0   0.54394
   3310.0   0.52805
   3315.0   0.51611
   3320.0   0.51322
   3325.0   0.50799
   3330.0   0.50798
   3335.0   0.52145
   3340.0   0.52738
   3345.0   0.52570
   3350.0   0.52141
   3355.0   0.51591
   3360.0   0.50916
   3365.0   0.50726
   3370.0   0.51520
   3375.0   0.52506
   3380.0   0.52963
   3385.0   0.53876
   3390.0   0.53286
   3395.0   0.54002
   3400.0   0.54687
   3405.0   0.55045
   3410.0   0.55083
   3415.0   0.54716
   3420.0   0.54199
   3425.0   0.52549
   3430.0   0.52088
   3435.0   0.51711
   3440.0   0.52364
   3445.0   0.53992
   3450.0   0.56827
   3455.0   0.58161
   3460.0   0.59469
   3465.0   0.59644
   3470.0   0.60818
   3475.0   0.61602
   3480.0   0.62080
   3485.0   0.61952
   3490.0   0.61583
   3495.0   0.62042
   3500.0   0.60866
   3505.0   0.60432
   3510.0   0.59400
   3515.0   0.58485
   3520.0   0.59281
   3525.0   0.60361
   3530.0   0.62509
   3535.0   0.64902
   3540.0   0.66419
   3545.0   0.66664
   3550.0   0.66959
   3555.0   0.67260
   3560.0   0.67638
   3565.0   0.68150
   3570.0   0.67921
   3575.0   0.68519
   3580.0   0.68705
   3585.0   0.69659
   3590.0   0.69015
   3595.0   0.68864
   3600.0   0.69056



 C2RK94      .ASC                        

 RK-CMP-094                                                              
 C1RK94 WITH 2.5-3.5 RUN SPLICED ON  SAMPLE IS JFM ACT 4                 

 Source Ang: 30.00   Detect Ang:  0.00  Volt: 0.222
 Date: 19-JUL-89   Time: 14:50:31
