   641
    300.0   0.01111
    305.0   0.01491
    310.0   0.01248
    315.0   0.01330
    320.0   0.01236
    325.0   0.01299
    330.0   0.01295
    335.0   0.01290
    340.0   0.01303
    345.0   0.01380
    350.0   0.01571
    355.0   0.01520
    360.0   0.01536
    365.0   0.01547
    370.0   0.01625
    375.0   0.01651
    380.0   0.01712
    385.0   0.01772
    390.0   0.01876
    395.0   0.01969
    400.0   0.02063
    405.0   0.02183
    410.0   0.02251
    415.0   0.02358
    420.0   0.02474
    425.0   0.02617
    430.0   0.02764
    435.0   0.02955
    440.0   0.03151
    445.0   0.03353
    450.0   0.03556
    455.0   0.03654
    460.0   0.03814
    465.0   0.03968
    470.0   0.04098
    475.0   0.04217
    480.0   0.04377
    485.0   0.04547
    490.0   0.04760
    495.0   0.04998
    500.0   0.05278
    505.0   0.05586
    510.0   0.05946
    515.0   0.06334
    520.0   0.06768
    525.0   0.07215
    530.0   0.07763
    535.0   0.08294
    540.0   0.08853
    545.0   0.09474
    550.0   0.10108
    555.0   0.10774
    560.0   0.11491
    565.0   0.12193
    570.0   0.12897
    575.0   0.13692
    580.0   0.14480
    585.0   0.15217
    590.0   0.16003
    595.0   0.16784
    600.0   0.17475
    605.0   0.18228
    610.0   0.18953
    615.0   0.19634
    620.0   0.20284
    625.0   0.20900
    630.0   0.21501
    635.0   0.22031
    640.0   0.22584
    645.0   0.23038
    650.0   0.23522
    655.0   0.23926
    660.0   0.24350
    665.0   0.24742
    670.0   0.25131
    675.0   0.25485
    680.0   0.25754
    685.0   0.26104
    690.0   0.26430
    695.0   0.26674
    700.0   0.27007
    705.0   0.27313
    710.0   0.27513
    715.0   0.27786
    720.0   0.27978
    725.0   0.28230
    730.0   0.28348
    735.0   0.28585
    740.0   0.28748
    745.0   0.28853
    750.0   0.28915
    755.0   0.29039
    760.0   0.29020
    765.0   0.29114
    770.0   0.28982
    775.0   0.29050
    780.0   0.29041
    785.0   0.29021
    790.0   0.28931
    795.0   0.28682
    800.0   0.28716
    805.0   0.28822
    810.0   0.28732
    815.0   0.28432
    820.0   0.28485
    825.0   0.28388
    830.0   0.28327
    835.0   0.27967
    840.0   0.27865
    845.0   0.27805
    850.0   0.27721
    855.0   0.27649
    860.0   0.27285
    865.0   0.27294
    870.0   0.27221
    875.0   0.27182
    880.0   0.27159
    885.0   0.26852
    890.0   0.26807
    895.0   0.26745
    900.0   0.26651
    905.0   0.26665
    910.0   0.26568
    915.0   0.26393
    920.0   0.26408
    925.0   0.26322
    930.0   0.26349
    935.0   0.26269
    940.0   0.26282
    945.0   0.26280
    950.0   0.26299
    955.0   0.26335
    960.0   0.26307
    965.0   0.26231
    970.0   0.26310
    975.0   0.26255
    980.0   0.26355
    985.0   0.26434
    990.0   0.26406
    995.0   0.26508
   1000.0   0.26488
   1005.0   0.26565
   1010.0   0.26616
   1015.0   0.26656
   1020.0   0.26684
   1025.0   0.26744
   1030.0   0.26689
   1035.0   0.26891
   1040.0   0.26963
   1045.0   0.26988
   1050.0   0.27099
   1055.0   0.27151
   1060.0   0.27261
   1065.0   0.27194
   1070.0   0.27262
   1075.0   0.27332
   1080.0   0.27532
   1085.0   0.27547
   1090.0   0.27803
   1095.0   0.27783
   1100.0   0.27856
   1105.0   0.27906
   1110.0   0.27936
   1115.0   0.28154
   1120.0   0.28207
   1125.0   0.28213
   1130.0   0.28429
   1135.0   0.28542
   1140.0   0.28462
   1145.0   0.28528
   1150.0   0.28723
   1155.0   0.28894
   1160.0   0.28954
   1165.0   0.29008
   1170.0   0.29065
   1175.0   0.29175
   1180.0   0.29259
   1185.0   0.29277
   1190.0   0.29435
   1195.0   0.29498
   1200.0   0.29614
   1205.0   0.29685
   1210.0   0.29738
   1215.0   0.29781
   1220.0   0.29944
   1225.0   0.29931
   1230.0   0.30036
   1235.0   0.30127
   1240.0   0.30096
   1245.0   0.30223
   1250.0   0.30199
   1255.0   0.30247
   1260.0   0.30330
   1265.0   0.30306
   1270.0   0.30347
   1275.0   0.30454
   1280.0   0.30460
   1285.0   0.30551
   1290.0   0.30388
   1295.0   0.30518
   1300.0   0.30618
   1305.0   0.30854
   1310.0   0.30769
   1315.0   0.30758
   1320.0   0.30824
   1325.0   0.30893
   1330.0   0.30869
   1335.0   0.30868
   1340.0   0.30919
   1345.0   0.31035
   1350.0   0.30929
   1355.0   0.31097
   1360.0   0.30954
   1365.0   0.30918
   1370.0   0.30847
   1375.0   0.31066
   1380.0   0.31084
   1385.0   0.31025
   1390.0   0.31137
   1395.0   0.30957
   1400.0   0.30900
   1405.0   0.30974
   1410.0   0.31020
   1415.0   0.30913
   1420.0   0.30939
   1425.0   0.31045
   1430.0   0.31125
   1435.0   0.31129
   1440.0   0.31043
   1445.0   0.31136
   1450.0   0.31262
   1455.0   0.31256
   1460.0   0.31130
   1465.0   0.31143
   1470.0   0.31179
   1475.0   0.31250
   1480.0   0.31372
   1485.0   0.31414
   1490.0   0.31490
   1495.0   0.31437
   1500.0   0.31469
   1505.0   0.31438
   1510.0   0.31557
   1515.0   0.31606
   1520.0   0.31693
   1525.0   0.31548
   1530.0   0.31520
   1535.0   0.31629
   1540.0   0.31639
   1545.0   0.31567
   1550.0   0.31795
   1555.0   0.31737
   1560.0   0.31837
   1565.0   0.31801
   1570.0   0.31721
   1575.0   0.31690
   1580.0   0.31696
   1585.0   0.31811
   1590.0   0.31858
   1595.0   0.31900
   1600.0   0.31760
   1605.0   0.31912
   1610.0   0.31987
   1615.0   0.31953
   1620.0   0.31855
   1625.0   0.31805
   1630.0   0.31769
   1635.0   0.31938
   1640.0   0.32006
   1645.0   0.31993
   1650.0   0.32081
   1655.0   0.31864
   1660.0   0.32011
   1665.0   0.31989
   1670.0   0.32139
   1675.0   0.32133
   1680.0   0.31959
   1685.0   0.31933
   1690.0   0.32086
   1695.0   0.32216
   1700.0   0.32307
   1705.0   0.32178
   1710.0   0.32157
   1715.0   0.32046
   1720.0   0.32015
   1725.0   0.31936
   1730.0   0.32073
   1735.0   0.32129
   1740.0   0.32209
   1745.0   0.32226
   1750.0   0.32178
   1755.0   0.32264
   1760.0   0.32223
   1765.0   0.32086
   1770.0   0.32135
   1775.0   0.32245
   1780.0   0.32286
   1785.0   0.32217
   1790.0   0.32342
   1795.0   0.32406
   1800.0   0.32446
   1805.0   0.32472
   1810.0   0.32507
   1815.0   0.32583
   1820.0   0.32496
   1825.0   0.32357
   1830.0   0.32265
   1835.0   0.32328
   1840.0   0.32349
   1845.0   0.32318
   1850.0   0.32347
   1855.0   0.32308
   1860.0   0.32512
   1865.0   0.32603
   1870.0   0.32464
   1875.0   0.32203
   1880.0   0.32178
   1885.0   0.32282
   1890.0   0.32268
   1895.0   0.32161
   1900.0   0.31799
   1905.0   0.31655
   1910.0   0.31562
   1915.0   0.31539
   1920.0   0.31563
   1925.0   0.31473
   1930.0   0.31508
   1935.0   0.31568
   1940.0   0.31646
   1945.0   0.31698
   1950.0   0.31664
   1955.0   0.31747
   1960.0   0.31783
   1965.0   0.31748
   1970.0   0.31747
   1975.0   0.31877
   1980.0   0.31873
   1985.0   0.31716
   1990.0   0.31913
   1995.0   0.31984
   2000.0   0.32127
   2005.0   0.32183
   2010.0   0.32141
   2015.0   0.32198
   2020.0   0.32316
   2025.0   0.32257
   2030.0   0.32367
   2035.0   0.32416
   2040.0   0.32443
   2045.0   0.32481
   2050.0   0.32456
   2055.0   0.32414
   2060.0   0.32676
   2065.0   0.32779
   2070.0   0.32631
   2075.0   0.32646
   2080.0   0.32663
   2085.0   0.32807
   2090.0   0.33048
   2095.0   0.32905
   2100.0   0.32959
   2105.0   0.32917
   2110.0   0.32837
   2115.0   0.32991
   2120.0   0.33062
   2125.0   0.33086
   2130.0   0.33296
   2135.0   0.33466
   2140.0   0.33288
   2145.0   0.33387
   2150.0   0.33170
   2155.0   0.33008
   2160.0   0.33187
   2165.0   0.33112
   2170.0   0.32882
   2175.0   0.33101
   2180.0   0.33019
   2185.0   0.33120
   2190.0   0.33025
   2195.0   0.32763
   2200.0   0.32739
   2205.0   0.32579
   2210.0   0.32714
   2215.0   0.32809
   2220.0   0.32727
   2225.0   0.32661
   2230.0   0.32790
   2235.0   0.32584
   2240.0   0.32503
   2245.0   0.32512
   2250.0   0.32291
   2255.0   0.32209
   2260.0   0.32192
   2265.0   0.32351
   2270.0   0.32475
   2275.0   0.32335
   2280.0   0.32145
   2285.0   0.32046
   2290.0   0.31959
   2295.0   0.31919
   2300.0   0.31807
   2305.0   0.31791
   2310.0   0.31754
   2315.0   0.31722
   2320.0   0.31842
   2325.0   0.31856
   2330.0   0.31681
   2335.0   0.31757
   2340.0   0.31754
   2345.0   0.31478
   2350.0   0.31532
   2355.0   0.31537
   2360.0   0.31376
   2365.0   0.31354
   2370.0   0.31386
   2375.0   0.31444
   2380.0   0.31514
   2385.0   0.31626
   2390.0   0.31631
   2395.0   0.31444
   2400.0   0.31573
   2405.0   0.31482
   2410.0   0.31431
   2415.0   0.31404
   2420.0   0.31400
   2425.0   0.31325
   2430.0   0.31357
   2435.0   0.31172
   2440.0   0.31221
   2445.0   0.31251
   2450.0   0.31277
   2455.0   0.31129
   2460.0   0.30983
   2465.0   0.31104
   2470.0   0.31121
   2475.0   0.31072
   2480.0   0.31089
   2485.0   0.31122
   2490.0   0.31027
   2495.0   0.30898
   2500.0   0.31004
   2505.0   0.30835
   2510.0   0.30768
   2515.0   0.30803
   2520.0   0.30711
   2525.0   0.30693
   2530.0   0.30605
   2535.0   0.30616
   2540.0   0.30655
   2545.0   0.30680
   2550.0   0.30570
   2555.0   0.30644
   2560.0   0.30556
   2565.0   0.30420
   2570.0   0.30597
   2575.0   0.30623
   2580.0   0.30587
   2585.0   0.30354
   2590.0   0.30541
   2595.0   0.30522
   2600.0   0.30520
   2605.0   0.30292
   2610.0   0.30171
   2615.0   0.30197
   2620.0   0.29946
   2625.0   0.29788
   2630.0   0.29575
   2635.0   0.29518
   2640.0   0.29289
   2645.0   0.28959
   2650.0   0.28842
   2655.0   0.28862
   2660.0   0.28992
   2665.0   0.28973
   2670.0   0.29059
   2675.0   0.28934
   2680.0   0.28350
   2685.0   0.27319
   2690.0   0.26448
   2695.0   0.25939
   2700.0   0.25366
   2705.0   0.24595
   2710.0   0.23562
   2715.0   0.22519
   2720.0   0.21471
   2725.0   0.20358
   2730.0   0.19063
   2735.0   0.17100
   2740.0   0.15055
   2745.0   0.13751
   2750.0   0.13062
   2755.0   0.11737
   2760.0   0.09923
   2765.0   0.08898
   2770.0   0.08191
   2775.0   0.07149
   2780.0   0.06124
   2785.0   0.05722
   2790.0   0.05464
   2795.0   0.04553
   2800.0   0.04415
   2805.0   0.04533
   2810.0   0.04073
   2815.0   0.03507
   2820.0   0.03708
   2825.0   0.03441
   2830.0   0.03811
   2835.0   0.03515
   2840.0   0.03429
   2845.0   0.02584
   2850.0   0.03129
   2855.0   0.03112
   2860.0   0.02589
   2865.0   0.02879
   2870.0   0.02749
   2875.0   0.02518
   2880.0   0.02515
   2885.0   0.02368
   2890.0   0.02232
   2895.0   0.01999
   2900.0   0.02049
   2905.0   0.01860
   2910.0   0.02213
   2915.0   0.02112
   2920.0   0.02306
   2925.0   0.02508
   2930.0   0.02355
   2935.0   0.02210
   2940.0   0.02136
   2945.0   0.02171
   2950.0   0.02123
   2955.0   0.02052
   2960.0   0.01994
   2965.0   0.02133
   2970.0   0.02226
   2975.0   0.02125
   2980.0   0.02310
   2985.0   0.02202
   2990.0   0.02124
   2995.0   0.02072
   3000.0   0.02225
   3005.0   0.02112
   3010.0   0.02118
   3015.0   0.02046
   3020.0   0.02221
   3025.0   0.02205
   3030.0   0.02221
   3035.0   0.02150
   3040.0   0.02137
   3045.0   0.02185
   3050.0   0.02070
   3055.0   0.02106
   3060.0   0.02298
   3065.0   0.02115
   3070.0   0.02298
   3075.0   0.02268
   3080.0   0.02298
   3085.0   0.02326
   3090.0   0.02257
   3095.0   0.02404
   3100.0   0.02326
   3105.0   0.02478
   3110.0   0.02335
   3115.0   0.02425
   3120.0   0.02497
   3125.0   0.02405
   3130.0   0.02574
   3135.0   0.02585
   3140.0   0.02490
   3145.0   0.02709
   3150.0   0.02612
   3155.0   0.02541
   3160.0   0.02690
   3165.0   0.02847
   3170.0   0.02631
   3175.0   0.02957
   3180.0   0.02958
   3185.0   0.02938
   3190.0   0.02960
   3195.0   0.02987
   3200.0   0.03093
   3205.0   0.03153
   3210.0   0.03188
   3215.0   0.03241
   3220.0   0.03257
   3225.0   0.03322
   3230.0   0.03373
   3235.0   0.03478
   3240.0   0.03519
   3245.0   0.03592
   3250.0   0.03513
   3255.0   0.03639
   3260.0   0.03597
   3265.0   0.03781
   3270.0   0.03721
   3275.0   0.04098
   3280.0   0.04023
   3285.0   0.04028
   3290.0   0.04110
   3295.0   0.04109
   3300.0   0.04138
   3305.0   0.04287
   3310.0   0.04257
   3315.0   0.04309
   3320.0   0.04558
   3325.0   0.04480
   3330.0   0.04603
   3335.0   0.04668
   3340.0   0.04679
   3345.0   0.04720
   3350.0   0.04649
   3355.0   0.04769
   3360.0   0.04763
   3365.0   0.04735
   3370.0   0.04890
   3375.0   0.04785
   3380.0   0.04855
   3385.0   0.04664
   3390.0   0.04795
   3395.0   0.04729
   3400.0   0.04676
   3405.0   0.04917
   3410.0   0.04909
   3415.0   0.04824
   3420.0   0.04574
   3425.0   0.04778
   3430.0   0.04395
   3435.0   0.04607
   3440.0   0.04986
   3445.0   0.04901
   3450.0   0.05378
   3455.0   0.05394
   3460.0   0.05558
   3465.0   0.05988
   3470.0   0.06097
   3475.0   0.06006
   3480.0   0.06438
   3485.0   0.06481
   3490.0   0.05726
   3495.0   0.05852
   3500.0   0.05910



 C2SN01      .ASC                        

 SN-CMP-001                                                              
 OXIDIZED SEDIMENT COLLECTED BY CMP  C1SN01 WITH UV AND IR RUNS SPLICED O

 Source Ang: 30.00   Detect Ang:  0.00  Volt: 0.222
 Date: 12-JUL-89   Time: 14:05:36
