   661
    300.0   0.08374
    305.0   0.08730
    310.0   0.09449
    315.0   0.10164
    320.0   0.10841
    325.0   0.11617
    330.0   0.12205
    335.0   0.12846
    340.0   0.13427
    345.0   0.14003
    350.0   0.14549
    355.0   0.15107
    360.0   0.15514
    365.0   0.15905
    370.0   0.16339
    375.0   0.16850
    380.0   0.17544
    385.0   0.18229
    390.0   0.19041
    395.0   0.19746
    400.0   0.20360
    405.0   0.21103
    410.0   0.21878
    415.0   0.22391
    420.0   0.22981
    425.0   0.23659
    430.0   0.24408
    435.0   0.25238
    440.0   0.26086
    445.0   0.26948
    450.0   0.27731
    455.0   0.28453
    460.0   0.28979
    465.0   0.29463
    470.0   0.29982
    475.0   0.30351
    480.0   0.30762
    485.0   0.31228
    490.0   0.31763
    495.0   0.32363
    500.0   0.33143
    505.0   0.33868
    510.0   0.34577
    515.0   0.35305
    520.0   0.36045
    525.0   0.36923
    530.0   0.37728
    535.0   0.38579
    540.0   0.39505
    545.0   0.40446
    550.0   0.41414
    555.0   0.42433
    560.0   0.43490
    565.0   0.44416
    570.0   0.45474
    575.0   0.46417
    580.0   0.47293
    585.0   0.47987
    590.0   0.48710
    595.0   0.49295
    600.0   0.49819
    605.0   0.50238
    610.0   0.50663
    615.0   0.50989
    620.0   0.51244
    625.0   0.51638
    630.0   0.51925
    635.0   0.52197
    640.0   0.52322
    645.0   0.52629
    650.0   0.52926
    655.0   0.53099
    660.0   0.53394
    665.0   0.53693
    670.0   0.53895
    675.0   0.54135
    680.0   0.54482
    685.0   0.54740
    690.0   0.55076
    695.0   0.55360
    700.0   0.55569
    705.0   0.55872
    710.0   0.56136
    715.0   0.56420
    720.0   0.56615
    725.0   0.56944
    730.0   0.57126
    735.0   0.57275
    740.0   0.57486
    745.0   0.57605
    750.0   0.57765
    755.0   0.57890
    760.0   0.58146
    765.0   0.58212
    770.0   0.58517
    775.0   0.58517
    780.0   0.58676
    785.0   0.58675
    790.0   0.58710
    795.0   0.58810
    800.0   0.58865
    805.0   0.58874
    810.0   0.58922
    815.0   0.58853
    820.0   0.59009
    825.0   0.59046
    830.0   0.59070
    835.0   0.59010
    840.0   0.59058
    845.0   0.59009
    850.0   0.58844
    855.0   0.58833
    860.0   0.58923
    865.0   0.58899
    870.0   0.58918
    875.0   0.58891
    880.0   0.58837
    885.0   0.58803
    890.0   0.58925
    895.0   0.58909
    900.0   0.58991
    905.0   0.59065
    910.0   0.59009
    915.0   0.59115
    920.0   0.59152
    925.0   0.59105
    930.0   0.59257
    935.0   0.59340
    940.0   0.59360
    945.0   0.59494
    950.0   0.59522
    955.0   0.59726
    960.0   0.59741
    965.0   0.59912
    970.0   0.59867
    975.0   0.60041
    980.0   0.60135
    985.0   0.60250
    990.0   0.60291
    995.0   0.60551
   1000.0   0.60644
   1005.0   0.60600
   1010.0   0.60656
   1015.0   0.60747
   1020.0   0.60850
   1025.0   0.60991
   1030.0   0.61085
   1035.0   0.61060
   1040.0   0.60992
   1045.0   0.61242
   1050.0   0.61165
   1055.0   0.61271
   1060.0   0.61383
   1065.0   0.61505
   1070.0   0.61649
   1075.0   0.61503
   1080.0   0.61671
   1085.0   0.61679
   1090.0   0.61718
   1095.0   0.61831
   1100.0   0.61893
   1105.0   0.61921
   1110.0   0.62106
   1115.0   0.62088
   1120.0   0.62125
   1125.0   0.62281
   1130.0   0.62348
   1135.0   0.62334
   1140.0   0.62306
   1145.0   0.62382
   1150.0   0.62366
   1155.0   0.62630
   1160.0   0.62489
   1165.0   0.62532
   1170.0   0.62654
   1175.0   0.62594
   1180.0   0.62728
   1185.0   0.62903
   1190.0   0.62950
   1195.0   0.62805
   1200.0   0.62587
   1205.0   0.62744
   1210.0   0.62785
   1215.0   0.62701
   1220.0   0.62883
   1225.0   0.62974
   1230.0   0.62890
   1235.0   0.63095
   1240.0   0.63244
   1245.0   0.63327
   1250.0   0.63369
   1255.0   0.63353
   1260.0   0.63552
   1265.0   0.63315
   1270.0   0.63492
   1275.0   0.63528
   1280.0   0.63523
   1285.0   0.63669
   1290.0   0.63782
   1295.0   0.63731
   1300.0   0.63694
   1305.0   0.63667
   1310.0   0.63804
   1315.0   0.63755
   1320.0   0.63643
   1325.0   0.63665
   1330.0   0.63654
   1335.0   0.63753
   1340.0   0.63751
   1345.0   0.63639
   1350.0   0.63585
   1355.0   0.63663
   1360.0   0.63707
   1365.0   0.63674
   1370.0   0.63596
   1375.0   0.63377
   1380.0   0.63412
   1385.0   0.63227
   1390.0   0.62946
   1395.0   0.62365
   1400.0   0.61918
   1405.0   0.61400
   1410.0   0.60868
   1415.0   0.60311
   1420.0   0.60862
   1425.0   0.61069
   1430.0   0.61189
   1435.0   0.61702
   1440.0   0.62144
   1445.0   0.62446
   1450.0   0.62542
   1455.0   0.62769
   1460.0   0.62648
   1465.0   0.62493
   1470.0   0.62760
   1475.0   0.62962
   1480.0   0.63172
   1485.0   0.63203
   1490.0   0.63135
   1495.0   0.63174
   1500.0   0.63525
   1505.0   0.63469
   1510.0   0.63737
   1515.0   0.63702
   1520.0   0.63508
   1525.0   0.63788
   1530.0   0.63899
   1535.0   0.64122
   1540.0   0.63984
   1545.0   0.63795
   1550.0   0.63829
   1555.0   0.64247
   1560.0   0.64326
   1565.0   0.64225
   1570.0   0.64108
   1575.0   0.64143
   1580.0   0.64390
   1585.0   0.64384
   1590.0   0.64479
   1595.0   0.64397
   1600.0   0.64441
   1605.0   0.64585
   1610.0   0.64579
   1615.0   0.64347
   1620.0   0.64588
   1625.0   0.64244
   1630.0   0.64423
   1635.0   0.64502
   1640.0   0.64793
   1645.0   0.64570
   1650.0   0.64446
   1655.0   0.64144
   1660.0   0.64496
   1665.0   0.64435
   1670.0   0.64531
   1675.0   0.64607
   1680.0   0.64536
   1685.0   0.65018
   1690.0   0.64906
   1695.0   0.64456
   1700.0   0.64830
   1705.0   0.64813
   1710.0   0.64919
   1715.0   0.64954
   1720.0   0.64855
   1725.0   0.64772
   1730.0   0.64766
   1735.0   0.64800
   1740.0   0.64813
   1745.0   0.64798
   1750.0   0.64625
   1755.0   0.64583
   1760.0   0.64687
   1765.0   0.64820
   1770.0   0.64660
   1775.0   0.64530
   1780.0   0.64595
   1785.0   0.64590
   1790.0   0.64555
   1795.0   0.64396
   1800.0   0.64420
   1805.0   0.64394
   1810.0   0.64322
   1815.0   0.64490
   1820.0   0.64567
   1825.0   0.64544
   1830.0   0.64522
   1835.0   0.64480
   1840.0   0.64398
   1845.0   0.64348
   1850.0   0.64362
   1855.0   0.64372
   1860.0   0.64348
   1865.0   0.64162
   1870.0   0.63678
   1875.0   0.63733
   1880.0   0.63342
   1885.0   0.62672
   1890.0   0.61603
   1895.0   0.59997
   1900.0   0.58080
   1905.0   0.56436
   1910.0   0.55102
   1915.0   0.54847
   1920.0   0.55403
   1925.0   0.56213
   1930.0   0.56826
   1935.0   0.57171
   1940.0   0.57579
   1945.0   0.57923
   1950.0   0.58143
   1955.0   0.58364
   1960.0   0.58613
   1965.0   0.58769
   1970.0   0.59242
   1975.0   0.59463
   1980.0   0.59707
   1985.0   0.59940
   1990.0   0.60129
   1995.0   0.60574
   2000.0   0.60867
   2005.0   0.61018
   2010.0   0.61134
   2015.0   0.61355
   2020.0   0.61552
   2025.0   0.61782
   2030.0   0.61878
   2035.0   0.62147
   2040.0   0.62038
   2045.0   0.62052
   2050.0   0.62338
   2055.0   0.62221
   2060.0   0.61961
   2065.0   0.61922
   2070.0   0.61980
   2075.0   0.61828
   2080.0   0.61868
   2085.0   0.61922
   2090.0   0.61799
   2095.0   0.62060
   2100.0   0.62085
   2105.0   0.62063
   2110.0   0.61991
   2115.0   0.61906
   2120.0   0.61964
   2125.0   0.61968
   2130.0   0.61970
   2135.0   0.61941
   2140.0   0.62014
   2145.0   0.62127
   2150.0   0.61973
   2155.0   0.61525
   2160.0   0.61430
   2165.0   0.61112
   2170.0   0.60861
   2175.0   0.60947
   2180.0   0.60687
   2185.0   0.60350
   2190.0   0.59805
   2195.0   0.59293
   2200.0   0.58861
   2205.0   0.58375
   2210.0   0.58013
   2215.0   0.58302
   2220.0   0.58778
   2225.0   0.58877
   2230.0   0.58956
   2235.0   0.58965
   2240.0   0.58793
   2245.0   0.58889
   2250.0   0.58846
   2255.0   0.58901
   2260.0   0.59126
   2265.0   0.59520
   2270.0   0.59525
   2275.0   0.59523
   2280.0   0.59415
   2285.0   0.59027
   2290.0   0.58787
   2295.0   0.58671
   2300.0   0.58582
   2305.0   0.58694
   2310.0   0.58537
   2315.0   0.58268
   2320.0   0.57955
   2325.0   0.57628
   2330.0   0.57289
   2335.0   0.57370
   2340.0   0.57019
   2345.0   0.56661
   2350.0   0.56409
   2355.0   0.56328
   2360.0   0.56506
   2365.0   0.56548
   2370.0   0.56253
   2375.0   0.56039
   2380.0   0.56070
   2385.0   0.55828
   2390.0   0.55527
   2395.0   0.55477
   2400.0   0.55285
   2405.0   0.55110
   2410.0   0.54795
   2415.0   0.54419
   2420.0   0.54080
   2425.0   0.53669
   2430.0   0.53190
   2435.0   0.53075
   2440.0   0.52767
   2445.0   0.52547
   2450.0   0.52515
   2455.0   0.52255
   2460.0   0.51981
   2465.0   0.51570
   2470.0   0.51256
   2475.0   0.51225
   2480.0   0.50975
   2485.0   0.50750
   2490.0   0.50589
   2495.0   0.50421
   2500.0   0.50339
   2505.0   0.50228
   2510.0   0.50030
   2515.0   0.50108
   2520.0   0.49933
   2525.0   0.49766
   2530.0   0.49745
   2535.0   0.49229
   2540.0   0.49363
   2545.0   0.49527
   2550.0   0.49484
   2555.0   0.49630
   2560.0   0.49641
   2565.0   0.49574
   2570.0   0.49581
   2575.0   0.49353
   2580.0   0.49339
   2585.0   0.49199
   2590.0   0.49037
   2595.0   0.48701
   2600.0   0.48749
   2605.0   0.48483
   2610.0   0.48283
   2615.0   0.48103
   2620.0   0.47868
   2625.0   0.47509
   2630.0   0.47247
   2635.0   0.46909
   2640.0   0.46575
   2645.0   0.46268
   2650.0   0.45729
   2655.0   0.45097
   2660.0   0.44259
   2665.0   0.43374
   2670.0   0.42149
   2675.0   0.40480
   2680.0   0.38095
   2685.0   0.35063
   2690.0   0.31127
   2695.0   0.26584
   2700.0   0.22241
   2705.0   0.18164
   2710.0   0.15922
   2715.0   0.14521
   2720.0   0.13469
   2725.0   0.11956
   2730.0   0.10190
   2735.0   0.08516
   2740.0   0.07601
   2745.0   0.06638
   2750.0   0.05881
   2755.0   0.05281
   2760.0   0.04923
   2765.0   0.04893
   2770.0   0.05014
   2775.0   0.05343
   2780.0   0.05584
   2785.0   0.05746
   2790.0   0.06096
   2795.0   0.05803
   2800.0   0.06620
   2805.0   0.06812
   2810.0   0.06668
   2815.0   0.06944
   2820.0   0.07388
   2825.0   0.06689
   2830.0   0.06680
   2835.0   0.06810
   2840.0   0.06951
   2845.0   0.06805
   2850.0   0.06845
   2855.0   0.06746
   2860.0   0.06818
   2865.0   0.06475
   2870.0   0.06501
   2875.0   0.06333
   2880.0   0.06420
   2885.0   0.06344
   2890.0   0.06422
   2895.0   0.06253
   2900.0   0.06446
   2905.0   0.06409
   2910.0   0.06400
   2915.0   0.06292
   2920.0   0.06404
   2925.0   0.06096
   2930.0   0.06257
   2935.0   0.06191
   2940.0   0.06042
   2945.0   0.06026
   2950.0   0.06188
   2955.0   0.06212
   2960.0   0.06379
   2965.0   0.06392
   2970.0   0.06444
   2975.0   0.06625
   2980.0   0.06849
   2985.0   0.06697
   2990.0   0.06803
   2995.0   0.07018
   3000.0   0.07271
   3005.0   0.07201
   3010.0   0.07347
   3015.0   0.07598
   3020.0   0.07608
   3025.0   0.07801
   3030.0   0.07835
   3035.0   0.08014
   3040.0   0.07945
   3045.0   0.08238
   3050.0   0.08294
   3055.0   0.08219
   3060.0   0.08331
   3065.0   0.08374
   3070.0   0.08544
   3075.0   0.08523
   3080.0   0.08705
   3085.0   0.08794
   3090.0   0.08933
   3095.0   0.08968
   3100.0   0.09033
   3105.0   0.09265
   3110.0   0.09303
   3115.0   0.09555
   3120.0   0.09704
   3125.0   0.09939
   3130.0   0.10204
   3135.0   0.10394
   3140.0   0.10592
   3145.0   0.10734
   3150.0   0.10923
   3155.0   0.11127
   3160.0   0.11503
   3165.0   0.11610
   3170.0   0.11685
   3175.0   0.11872
   3180.0   0.12482
   3185.0   0.12724
   3190.0   0.12979
   3195.0   0.13203
   3200.0   0.13512
   3205.0   0.13778
   3210.0   0.14184
   3215.0   0.14432
   3220.0   0.14691
   3225.0   0.14965
   3230.0   0.15280
   3235.0   0.15497
   3240.0   0.15775
   3245.0   0.16110
   3250.0   0.16323
   3255.0   0.16754
   3260.0   0.17018
   3265.0   0.17203
   3270.0   0.17519
   3275.0   0.17837
   3280.0   0.18285
   3285.0   0.18644
   3290.0   0.18810
   3295.0   0.19148
   3300.0   0.19440
   3305.0   0.19769
   3310.0   0.20072
   3315.0   0.20265
   3320.0   0.20583
   3325.0   0.20947
   3330.0   0.21174
   3335.0   0.21313
   3340.0   0.21527
   3345.0   0.21752
   3350.0   0.21948
   3355.0   0.21983
   3360.0   0.22082
   3365.0   0.22435
   3370.0   0.22823
   3375.0   0.22701
   3380.0   0.23083
   3385.0   0.23146
   3390.0   0.23567
   3395.0   0.23359
   3400.0   0.23523
   3405.0   0.23505
   3410.0   0.23422
   3415.0   0.23626
   3420.0   0.24047
   3425.0   0.24501
   3430.0   0.24555
   3435.0   0.25045
   3440.0   0.25830
   3445.0   0.26298
   3450.0   0.26314
   3455.0   0.26412
   3460.0   0.26965
   3465.0   0.26853
   3470.0   0.27289
   3475.0   0.27323
   3480.0   0.27781
   3485.0   0.27615
   3490.0   0.28285
   3495.0   0.28950
   3500.0   0.27851
   3505.0   0.28765
   3510.0   0.29185
   3515.0   0.29793
   3520.0   0.30544
   3525.0   0.31160
   3530.0   0.31155
   3535.0   0.31850
   3540.0   0.32105
   3545.0   0.33025
   3550.0   0.33373
   3555.0   0.33719
   3560.0   0.33686
   3565.0   0.34730
   3570.0   0.34038
   3575.0   0.34012
   3580.0   0.35199
   3585.0   0.35386
   3590.0   0.35041
   3595.0   0.34716
   3600.0   0.35211



 C3NV10      .ASC                        

 NV-RBS-010                                                              
 CN-22C CHIP AT 15,0                                                     
 RATIOS ADJUSTED USING NBS HALON CALIBRATION TABLE                       

 Source Ang: 60.00   Detect Ang:  0.00  Volt: 0.222
 Date: 13-FEB-89   Time: 13:10:29
