   661
    300.0   0.42387
    305.0   0.43220
    310.0   0.44002
    315.0   0.44458
    320.0   0.45038
    325.0   0.45574
    330.0   0.45957
    335.0   0.46604
    340.0   0.47664
    345.0   0.48859
    350.0   0.50525
    355.0   0.52316
    360.0   0.54657
    365.0   0.57372
    370.0   0.59969
    375.0   0.62399
    380.0   0.64531
    385.0   0.66329
    390.0   0.67726
    395.0   0.68825
    400.0   0.69984
    405.0   0.70483
    410.0   0.71298
    415.0   0.71768
    420.0   0.72227
    425.0   0.72769
    430.0   0.73315
    435.0   0.73662
    440.0   0.74301
    445.0   0.74867
    450.0   0.75388
    455.0   0.75808
    460.0   0.76076
    465.0   0.76333
    470.0   0.76475
    475.0   0.76819
    480.0   0.77088
    485.0   0.77235
    490.0   0.77601
    495.0   0.77853
    500.0   0.78285
    505.0   0.78606
    510.0   0.79101
    515.0   0.79630
    520.0   0.79944
    525.0   0.80417
    530.0   0.80785
    535.0   0.81178
    540.0   0.81440
    545.0   0.81682
    550.0   0.82160
    555.0   0.82740
    560.0   0.83020
    565.0   0.83404
    570.0   0.83773
    575.0   0.83840
    580.0   0.84155
    585.0   0.84301
    590.0   0.84521
    595.0   0.84602
    600.0   0.84792
    605.0   0.84962
    610.0   0.85050
    615.0   0.84927
    620.0   0.85055
    625.0   0.85035
    630.0   0.85045
    635.0   0.85214
    640.0   0.85183
    645.0   0.85164
    650.0   0.85326
    655.0   0.85251
    660.0   0.85151
    665.0   0.85101
    670.0   0.85014
    675.0   0.85031
    680.0   0.85003
    685.0   0.85083
    690.0   0.85630
    695.0   0.86165
    700.0   0.86536
    705.0   0.86930
    710.0   0.87035
    715.0   0.87188
    720.0   0.87283
    725.0   0.87423
    730.0   0.87481
    735.0   0.87648
    740.0   0.87713
    745.0   0.87742
    750.0   0.87842
    755.0   0.87897
    760.0   0.88017
    765.0   0.88034
    770.0   0.88063
    775.0   0.88209
    780.0   0.88157
    785.0   0.88243
    790.0   0.88357
    795.0   0.88352
    800.0   0.88275
    805.0   0.88398
    810.0   0.88419
    815.0   0.88407
    820.0   0.88374
    825.0   0.88517
    830.0   0.88352
    835.0   0.88504
    840.0   0.88361
    845.0   0.88498
    850.0   0.88474
    855.0   0.88520
    860.0   0.88588
    865.0   0.88420
    870.0   0.88495
    875.0   0.88425
    880.0   0.88443
    885.0   0.88370
    890.0   0.88512
    895.0   0.88452
    900.0   0.88332
    905.0   0.88516
    910.0   0.88732
    915.0   0.88629
    920.0   0.88589
    925.0   0.88617
    930.0   0.88540
    935.0   0.88676
    940.0   0.88603
    945.0   0.88645
    950.0   0.88578
    955.0   0.88550
    960.0   0.88586
    965.0   0.88490
    970.0   0.88395
    975.0   0.88425
    980.0   0.88419
    985.0   0.88427
    990.0   0.88472
    995.0   0.88249
   1000.0   0.88340
   1005.0   0.88299
   1010.0   0.88303
   1015.0   0.88472
   1020.0   0.88584
   1025.0   0.88580
   1030.0   0.88704
   1035.0   0.88821
   1040.0   0.88724
   1045.0   0.88975
   1050.0   0.88815
   1055.0   0.89014
   1060.0   0.89021
   1065.0   0.88942
   1070.0   0.89134
   1075.0   0.89175
   1080.0   0.89003
   1085.0   0.89060
   1090.0   0.89240
   1095.0   0.89207
   1100.0   0.89208
   1105.0   0.89126
   1110.0   0.89024
   1115.0   0.89162
   1120.0   0.89273
   1125.0   0.89132
   1130.0   0.89109
   1135.0   0.88885
   1140.0   0.88913
   1145.0   0.88826
   1150.0   0.88560
   1155.0   0.88473
   1160.0   0.88525
   1165.0   0.88567
   1170.0   0.88533
   1175.0   0.88574
   1180.0   0.88596
   1185.0   0.88544
   1190.0   0.88538
   1195.0   0.88468
   1200.0   0.88391
   1205.0   0.88531
   1210.0   0.88625
   1215.0   0.88487
   1220.0   0.88402
   1225.0   0.88407
   1230.0   0.88525
   1235.0   0.88515
   1240.0   0.88431
   1245.0   0.88378
   1250.0   0.88276
   1255.0   0.88342
   1260.0   0.88206
   1265.0   0.87992
   1270.0   0.87772
   1275.0   0.87668
   1280.0   0.87998
   1285.0   0.88288
   1290.0   0.88401
   1295.0   0.88532
   1300.0   0.88524
   1305.0   0.88292
   1310.0   0.88222
   1315.0   0.88306
   1320.0   0.87946
   1325.0   0.87886
   1330.0   0.87548
   1335.0   0.87329
   1340.0   0.86867
   1345.0   0.86635
   1350.0   0.86399
   1355.0   0.86212
   1360.0   0.85897
   1365.0   0.85688
   1370.0   0.85482
   1375.0   0.84893
   1380.0   0.83965
   1385.0   0.83038
   1390.0   0.81816
   1395.0   0.80738
   1400.0   0.79379
   1405.0   0.78240
   1410.0   0.77079
   1415.0   0.76195
   1420.0   0.75658
   1425.0   0.74175
   1430.0   0.71460
   1435.0   0.72805
   1440.0   0.74685
   1445.0   0.75142
   1450.0   0.75137
   1455.0   0.74590
   1460.0   0.74126
   1465.0   0.74047
   1470.0   0.74073
   1475.0   0.73229
   1480.0   0.68760
   1485.0   0.72198
   1490.0   0.75777
   1495.0   0.76706
   1500.0   0.77317
   1505.0   0.78028
   1510.0   0.78853
   1515.0   0.79488
   1520.0   0.79606
   1525.0   0.80285
   1530.0   0.80588
   1535.0   0.80764
   1540.0   0.81101
   1545.0   0.81518
   1550.0   0.81929
   1555.0   0.81794
   1560.0   0.82117
   1565.0   0.82109
   1570.0   0.82424
   1575.0   0.82481
   1580.0   0.82737
   1585.0   0.82957
   1590.0   0.83073
   1595.0   0.83048
   1600.0   0.83121
   1605.0   0.83137
   1610.0   0.83219
   1615.0   0.83257
   1620.0   0.83403
   1625.0   0.83497
   1630.0   0.83561
   1635.0   0.83311
   1640.0   0.83594
   1645.0   0.83707
   1650.0   0.83665
   1655.0   0.83560
   1660.0   0.83410
   1665.0   0.83398
   1670.0   0.83408
   1675.0   0.83412
   1680.0   0.83436
   1685.0   0.83321
   1690.0   0.83128
   1695.0   0.83102
   1700.0   0.82987
   1705.0   0.82798
   1710.0   0.82703
   1715.0   0.82646
   1720.0   0.82410
   1725.0   0.82029
   1730.0   0.81680
   1735.0   0.81294
   1740.0   0.80741
   1745.0   0.79938
   1750.0   0.79299
   1755.0   0.78602
   1760.0   0.78041
   1765.0   0.77763
   1770.0   0.77255
   1775.0   0.77136
   1780.0   0.77585
   1785.0   0.78207
   1790.0   0.78844
   1795.0   0.79597
   1800.0   0.80168
   1805.0   0.80549
   1810.0   0.80773
   1815.0   0.80960
   1820.0   0.81046
   1825.0   0.80918
   1830.0   0.80935
   1835.0   0.80670
   1840.0   0.80656
   1845.0   0.80525
   1850.0   0.80142
   1855.0   0.79882
   1860.0   0.79550
   1865.0   0.78891
   1870.0   0.78034
   1875.0   0.76905
   1880.0   0.74944
   1885.0   0.72595
   1890.0   0.69935
   1895.0   0.67087
   1900.0   0.64156
   1905.0   0.61775
   1910.0   0.60158
   1915.0   0.59353
   1920.0   0.58970
   1925.0   0.58984
   1930.0   0.59369
   1935.0   0.59341
   1940.0   0.59576
   1945.0   0.59716
   1950.0   0.60197
   1955.0   0.60632
   1960.0   0.60870
   1965.0   0.61369
   1970.0   0.61749
   1975.0   0.62350
   1980.0   0.63028
   1985.0   0.63562
   1990.0   0.64187
   1995.0   0.64723
   2000.0   0.65039
   2005.0   0.65220
   2010.0   0.65537
   2015.0   0.65879
   2020.0   0.66316
   2025.0   0.66627
   2030.0   0.67101
   2035.0   0.67394
   2040.0   0.67425
   2045.0   0.67471
   2050.0   0.67743
   2055.0   0.67659
   2060.0   0.67602
   2065.0   0.67825
   2070.0   0.68027
   2075.0   0.68212
   2080.0   0.68533
   2085.0   0.68718
   2090.0   0.68703
   2095.0   0.68577
   2100.0   0.68606
   2105.0   0.68537
   2110.0   0.68179
   2115.0   0.67398
   2120.0   0.66461
   2125.0   0.65748
   2130.0   0.64515
   2135.0   0.63542
   2140.0   0.62996
   2145.0   0.62277
   2150.0   0.61854
   2155.0   0.61070
   2160.0   0.60095
   2165.0   0.59681
   2170.0   0.59655
   2175.0   0.59525
   2180.0   0.59820
   2185.0   0.59493
   2190.0   0.59743
   2195.0   0.60833
   2200.0   0.62240
   2205.0   0.63186
   2210.0   0.61545
   2215.0   0.59993
   2220.0   0.61504
   2225.0   0.64087
   2230.0   0.66415
   2235.0   0.67520
   2240.0   0.68165
   2245.0   0.68558
   2250.0   0.68394
   2255.0   0.68364
   2260.0   0.68187
   2265.0   0.68212
   2270.0   0.68259
   2275.0   0.68193
   2280.0   0.68169
   2285.0   0.68010
   2290.0   0.67719
   2295.0   0.67538
   2300.0   0.67281
   2305.0   0.66737
   2310.0   0.66125
   2315.0   0.64737
   2320.0   0.62915
   2325.0   0.62172
   2330.0   0.62473
   2335.0   0.63214
   2340.0   0.64135
   2345.0   0.64740
   2350.0   0.65451
   2355.0   0.65988
   2360.0   0.65765
   2365.0   0.65540
   2370.0   0.65213
   2375.0   0.64340
   2380.0   0.62997
   2385.0   0.61699
   2390.0   0.59980
   2395.0   0.58327
   2400.0   0.57465
   2405.0   0.57204
   2410.0   0.57032
   2415.0   0.56496
   2420.0   0.55604
   2425.0   0.54599
   2430.0   0.53453
   2435.0   0.52311
   2440.0   0.52093
   2445.0   0.52508
   2450.0   0.52758
   2455.0   0.52817
   2460.0   0.52423
   2465.0   0.51622
   2470.0   0.50475
   2475.0   0.49899
   2480.0   0.50347
   2485.0   0.50835
   2490.0   0.50661
   2495.0   0.49760
   2500.0   0.48582
   2505.0   0.47361
   2510.0   0.46181
   2515.0   0.44512
   2520.0   0.44003
   2525.0   0.44288
   2530.0   0.45843
   2535.0   0.47189
   2540.0   0.47913
   2545.0   0.48225
   2550.0   0.48450
   2555.0   0.48820
   2560.0   0.48482
   2565.0   0.47740
   2570.0   0.47679
   2575.0   0.47718
   2580.0   0.47741
   2585.0   0.47618
   2590.0   0.47470
   2595.0   0.47766
   2600.0   0.48187
   2605.0   0.48408
   2610.0   0.48284
   2615.0   0.48055
   2620.0   0.47839
   2625.0   0.47661
   2630.0   0.47484
   2635.0   0.47223
   2640.0   0.47021
   2645.0   0.46694
   2650.0   0.46145
   2655.0   0.45438
   2660.0   0.44243
   2665.0   0.42965
   2670.0   0.41718
   2675.0   0.40132
   2680.0   0.38279
   2685.0   0.36003
   2690.0   0.33569
   2695.0   0.31234
   2700.0   0.28917
   2705.0   0.26204
   2710.0   0.23569
   2715.0   0.21135
   2720.0   0.19053
   2725.0   0.17228
   2730.0   0.15526
   2735.0   0.13955
   2740.0   0.12758
   2745.0   0.11808
   2750.0   0.10781
   2755.0   0.09662
   2760.0   0.09005
   2765.0   0.08346
   2770.0   0.08155
   2775.0   0.07325
   2780.0   0.07063
   2785.0   0.06299
   2790.0   0.06494
   2795.0   0.06004
   2800.0   0.05421
   2805.0   0.05422
   2810.0   0.05347
   2815.0   0.04991
   2820.0   0.05018
   2825.0   0.04613
   2830.0   0.04188
   2835.0   0.04026
   2840.0   0.03876
   2845.0   0.03971
   2850.0   0.03700
   2855.0   0.03443
   2860.0   0.03595
   2865.0   0.03813
   2870.0   0.04031
   2875.0   0.04025
   2880.0   0.03796
   2885.0   0.03696
   2890.0   0.03727
   2895.0   0.03478
   2900.0   0.03494
   2905.0   0.03597
   2910.0   0.03664
   2915.0   0.03965
   2920.0   0.03783
   2925.0   0.03975
   2930.0   0.04043
   2935.0   0.03982
   2940.0   0.03923
   2945.0   0.03983
   2950.0   0.04032
   2955.0   0.03889
   2960.0   0.03878
   2965.0   0.04069
   2970.0   0.04108
   2975.0   0.04303
   2980.0   0.04293
   2985.0   0.04391
   2990.0   0.04625
   2995.0   0.04717
   3000.0   0.04897
   3005.0   0.04893
   3010.0   0.05125
   3015.0   0.05081
   3020.0   0.05224
   3025.0   0.05287
   3030.0   0.05467
   3035.0   0.05494
   3040.0   0.05607
   3045.0   0.05608
   3050.0   0.05729
   3055.0   0.05680
   3060.0   0.05816
   3065.0   0.05812
   3070.0   0.05855
   3075.0   0.05971
   3080.0   0.06003
   3085.0   0.06110
   3090.0   0.06035
   3095.0   0.06199
   3100.0   0.06364
   3105.0   0.06534
   3110.0   0.06673
   3115.0   0.06846
   3120.0   0.06960
   3125.0   0.07095
   3130.0   0.07224
   3135.0   0.07390
   3140.0   0.07469
   3145.0   0.07780
   3150.0   0.08004
   3155.0   0.08165
   3160.0   0.08297
   3165.0   0.08405
   3170.0   0.08578
   3175.0   0.08714
   3180.0   0.08906
   3185.0   0.09149
   3190.0   0.09289
   3195.0   0.09392
   3200.0   0.09603
   3205.0   0.09786
   3210.0   0.10213
   3215.0   0.10341
   3220.0   0.10518
   3225.0   0.10772
   3230.0   0.11020
   3235.0   0.11264
   3240.0   0.11515
   3245.0   0.11661
   3250.0   0.11747
   3255.0   0.12109
   3260.0   0.12271
   3265.0   0.12471
   3270.0   0.12624
   3275.0   0.12947
   3280.0   0.13073
   3285.0   0.13276
   3290.0   0.13621
   3295.0   0.13712
   3300.0   0.14103
   3305.0   0.14310
   3310.0   0.14618
   3315.0   0.14699
   3320.0   0.15008
   3325.0   0.15148
   3330.0   0.15447
   3335.0   0.15711
   3340.0   0.16065
   3345.0   0.16345
   3350.0   0.16684
   3355.0   0.16820
   3360.0   0.17199
   3365.0   0.17466
   3370.0   0.17797
   3375.0   0.18053
   3380.0   0.18226
   3385.0   0.18576
   3390.0   0.18831
   3395.0   0.19010
   3400.0   0.19401
   3405.0   0.19617
   3410.0   0.19819
   3415.0   0.20028
   3420.0   0.20299
   3425.0   0.20261
   3430.0   0.20768
   3435.0   0.20946
   3440.0   0.21537
   3445.0   0.22002
   3450.0   0.22571
   3455.0   0.22964
   3460.0   0.23217
   3465.0   0.23244
   3470.0   0.23981
   3475.0   0.23453
   3480.0   0.23680
   3485.0   0.24046
   3490.0   0.24409
   3495.0   0.24920
   3500.0   0.24947
   3505.0   0.25389
   3510.0   0.25620
   3515.0   0.26019
   3520.0   0.26247
   3525.0   0.26521
   3530.0   0.27149
   3535.0   0.27373
   3540.0   0.27802
   3545.0   0.28222
   3550.0   0.28776
   3555.0   0.28444
   3560.0   0.29098
   3565.0   0.28997
   3570.0   0.29194
   3575.0   0.30141
   3580.0   0.30468
   3585.0   0.31493
   3590.0   0.30592
   3595.0   0.31148
   3600.0   0.30514



 C3NV02      .ASC                        

 NV-RBS-002                                                              
 CN-9A AT 15,0  <2 MM PARTICLES ONLY USED                                
 RATIOS ADJUSTED USING NBS HALON CALIBRATION TABLE                       

 Source Ang: 15.00   Detect Ang:  0.00  Volt: 0.222
 Date: 25-JAN-89   Time: 14:42:24
