   661
    300.0   0.06978
    305.0   0.07468
    310.0   0.07878
    315.0   0.08615
    320.0   0.09261
    325.0   0.09913
    330.0   0.10557
    335.0   0.11086
    340.0   0.11559
    345.0   0.12056
    350.0   0.12427
    355.0   0.12878
    360.0   0.13243
    365.0   0.13568
    370.0   0.13938
    375.0   0.14411
    380.0   0.14977
    385.0   0.15591
    390.0   0.16199
    395.0   0.16862
    400.0   0.17405
    405.0   0.17886
    410.0   0.18631
    415.0   0.19103
    420.0   0.19587
    425.0   0.20162
    430.0   0.20743
    435.0   0.21429
    440.0   0.22141
    445.0   0.22805
    450.0   0.23472
    455.0   0.24143
    460.0   0.24643
    465.0   0.24996
    470.0   0.25362
    475.0   0.25737
    480.0   0.26090
    485.0   0.26456
    490.0   0.26947
    495.0   0.27435
    500.0   0.28065
    505.0   0.28690
    510.0   0.29371
    515.0   0.29968
    520.0   0.30667
    525.0   0.31318
    530.0   0.32067
    535.0   0.32820
    540.0   0.33627
    545.0   0.34396
    550.0   0.35270
    555.0   0.36150
    560.0   0.37071
    565.0   0.38011
    570.0   0.38902
    575.0   0.39725
    580.0   0.40466
    585.0   0.41185
    590.0   0.41799
    595.0   0.42358
    600.0   0.42810
    605.0   0.43214
    610.0   0.43659
    615.0   0.43922
    620.0   0.44230
    625.0   0.44441
    630.0   0.44726
    635.0   0.44944
    640.0   0.45213
    645.0   0.45437
    650.0   0.45674
    655.0   0.45927
    660.0   0.46221
    665.0   0.46416
    670.0   0.46602
    675.0   0.46894
    680.0   0.47195
    685.0   0.47465
    690.0   0.47702
    695.0   0.47936
    700.0   0.48184
    705.0   0.48432
    710.0   0.48741
    715.0   0.48965
    720.0   0.49188
    725.0   0.49433
    730.0   0.49618
    735.0   0.49754
    740.0   0.49988
    745.0   0.50144
    750.0   0.50382
    755.0   0.50437
    760.0   0.50644
    765.0   0.50822
    770.0   0.50916
    775.0   0.50969
    780.0   0.51100
    785.0   0.51186
    790.0   0.51264
    795.0   0.51373
    800.0   0.51385
    805.0   0.51435
    810.0   0.51473
    815.0   0.51542
    820.0   0.51456
    825.0   0.51553
    830.0   0.51443
    835.0   0.51422
    840.0   0.51434
    845.0   0.51423
    850.0   0.51383
    855.0   0.51346
    860.0   0.51373
    865.0   0.51358
    870.0   0.51326
    875.0   0.51313
    880.0   0.51305
    885.0   0.51372
    890.0   0.51343
    895.0   0.51408
    900.0   0.51423
    905.0   0.51559
    910.0   0.51618
    915.0   0.51638
    920.0   0.51706
    925.0   0.51695
    930.0   0.51874
    935.0   0.51856
    940.0   0.51952
    945.0   0.52135
    950.0   0.52153
    955.0   0.52240
    960.0   0.52299
    965.0   0.52386
    970.0   0.52462
    975.0   0.52779
    980.0   0.52765
    985.0   0.52862
    990.0   0.52822
    995.0   0.52884
   1000.0   0.53089
   1005.0   0.53163
   1010.0   0.53175
   1015.0   0.53170
   1020.0   0.53359
   1025.0   0.53425
   1030.0   0.53453
   1035.0   0.53549
   1040.0   0.53594
   1045.0   0.53744
   1050.0   0.53781
   1055.0   0.53899
   1060.0   0.53988
   1065.0   0.53986
   1070.0   0.53953
   1075.0   0.54131
   1080.0   0.54087
   1085.0   0.54292
   1090.0   0.54424
   1095.0   0.54402
   1100.0   0.54463
   1105.0   0.54380
   1110.0   0.54519
   1115.0   0.54617
   1120.0   0.54640
   1125.0   0.54675
   1130.0   0.54921
   1135.0   0.54826
   1140.0   0.54999
   1145.0   0.54938
   1150.0   0.54983
   1155.0   0.55134
   1160.0   0.55106
   1165.0   0.55163
   1170.0   0.55203
   1175.0   0.55231
   1180.0   0.55312
   1185.0   0.55408
   1190.0   0.55356
   1195.0   0.55422
   1200.0   0.55400
   1205.0   0.55502
   1210.0   0.55651
   1215.0   0.55694
   1220.0   0.55673
   1225.0   0.55570
   1230.0   0.55846
   1235.0   0.55933
   1240.0   0.55977
   1245.0   0.56036
   1250.0   0.56009
   1255.0   0.56050
   1260.0   0.55975
   1265.0   0.56042
   1270.0   0.56201
   1275.0   0.56275
   1280.0   0.56238
   1285.0   0.56393
   1290.0   0.56396
   1295.0   0.56354
   1300.0   0.56425
   1305.0   0.56441
   1310.0   0.56402
   1315.0   0.56607
   1320.0   0.56468
   1325.0   0.56540
   1330.0   0.56481
   1335.0   0.56538
   1340.0   0.56489
   1345.0   0.56578
   1350.0   0.56499
   1355.0   0.56490
   1360.0   0.56461
   1365.0   0.56365
   1370.0   0.56419
   1375.0   0.56504
   1380.0   0.56253
   1385.0   0.56032
   1390.0   0.55836
   1395.0   0.55098
   1400.0   0.54285
   1405.0   0.53759
   1410.0   0.53119
   1415.0   0.52723
   1420.0   0.52753
   1425.0   0.53311
   1430.0   0.53684
   1435.0   0.54285
   1440.0   0.54560
   1445.0   0.54841
   1450.0   0.55191
   1455.0   0.55352
   1460.0   0.55448
   1465.0   0.55434
   1470.0   0.55351
   1475.0   0.55476
   1480.0   0.55886
   1485.0   0.55892
   1490.0   0.55965
   1495.0   0.56035
   1500.0   0.56173
   1505.0   0.56395
   1510.0   0.56607
   1515.0   0.56603
   1520.0   0.56406
   1525.0   0.56690
   1530.0   0.56801
   1535.0   0.56732
   1540.0   0.56743
   1545.0   0.57009
   1550.0   0.57272
   1555.0   0.57084
   1560.0   0.57147
   1565.0   0.57091
   1570.0   0.57222
   1575.0   0.57096
   1580.0   0.57268
   1585.0   0.57235
   1590.0   0.57575
   1595.0   0.57471
   1600.0   0.57512
   1605.0   0.57520
   1610.0   0.57476
   1615.0   0.57514
   1620.0   0.57418
   1625.0   0.57631
   1630.0   0.57616
   1635.0   0.57460
   1640.0   0.57363
   1645.0   0.57669
   1650.0   0.57772
   1655.0   0.57640
   1660.0   0.57587
   1665.0   0.57596
   1670.0   0.57772
   1675.0   0.57617
   1680.0   0.57806
   1685.0   0.57824
   1690.0   0.57900
   1695.0   0.58032
   1700.0   0.57856
   1705.0   0.57706
   1710.0   0.57707
   1715.0   0.57670
   1720.0   0.57726
   1725.0   0.57719
   1730.0   0.57687
   1735.0   0.57634
   1740.0   0.57697
   1745.0   0.57593
   1750.0   0.57488
   1755.0   0.57454
   1760.0   0.57621
   1765.0   0.57508
   1770.0   0.57466
   1775.0   0.57607
   1780.0   0.57534
   1785.0   0.57605
   1790.0   0.57606
   1795.0   0.57547
   1800.0   0.57494
   1805.0   0.57456
   1810.0   0.57534
   1815.0   0.57558
   1820.0   0.57563
   1825.0   0.57456
   1830.0   0.57613
   1835.0   0.57514
   1840.0   0.57308
   1845.0   0.57354
   1850.0   0.57406
   1855.0   0.57168
   1860.0   0.56911
   1865.0   0.56902
   1870.0   0.56960
   1875.0   0.56707
   1880.0   0.56589
   1885.0   0.55914
   1890.0   0.54820
   1895.0   0.53365
   1900.0   0.51357
   1905.0   0.49176
   1910.0   0.47365
   1915.0   0.46381
   1920.0   0.46638
   1925.0   0.47106
   1930.0   0.47957
   1935.0   0.48707
   1940.0   0.49203
   1945.0   0.49536
   1950.0   0.49872
   1955.0   0.50346
   1960.0   0.50636
   1965.0   0.50800
   1970.0   0.51061
   1975.0   0.51387
   1980.0   0.51671
   1985.0   0.51813
   1990.0   0.52041
   1995.0   0.52485
   2000.0   0.52745
   2005.0   0.53114
   2010.0   0.53507
   2015.0   0.53940
   2020.0   0.54060
   2025.0   0.54193
   2030.0   0.54512
   2035.0   0.54719
   2040.0   0.54693
   2045.0   0.54711
   2050.0   0.54800
   2055.0   0.54791
   2060.0   0.54888
   2065.0   0.54973
   2070.0   0.54978
   2075.0   0.55033
   2080.0   0.55189
   2085.0   0.55280
   2090.0   0.55322
   2095.0   0.55244
   2100.0   0.55592
   2105.0   0.55566
   2110.0   0.55607
   2115.0   0.55432
   2120.0   0.55341
   2125.0   0.55350
   2130.0   0.55417
   2135.0   0.55506
   2140.0   0.55361
   2145.0   0.55239
   2150.0   0.55334
   2155.0   0.55014
   2160.0   0.54661
   2165.0   0.54470
   2170.0   0.54189
   2175.0   0.53891
   2180.0   0.53616
   2185.0   0.53225
   2190.0   0.52628
   2195.0   0.52319
   2200.0   0.51701
   2205.0   0.51285
   2210.0   0.50546
   2215.0   0.50347
   2220.0   0.50635
   2225.0   0.50931
   2230.0   0.51211
   2235.0   0.51400
   2240.0   0.51524
   2245.0   0.51933
   2250.0   0.51841
   2255.0   0.51798
   2260.0   0.52067
   2265.0   0.52211
   2270.0   0.52299
   2275.0   0.52324
   2280.0   0.52534
   2285.0   0.52522
   2290.0   0.52396
   2295.0   0.52218
   2300.0   0.51969
   2305.0   0.51691
   2310.0   0.51421
   2315.0   0.51303
   2320.0   0.50938
   2325.0   0.50830
   2330.0   0.50759
   2335.0   0.50643
   2340.0   0.50166
   2345.0   0.49716
   2350.0   0.49532
   2355.0   0.49534
   2360.0   0.49328
   2365.0   0.49194
   2370.0   0.49209
   2375.0   0.48820
   2380.0   0.48340
   2385.0   0.48054
   2390.0   0.47748
   2395.0   0.47705
   2400.0   0.47650
   2405.0   0.47501
   2410.0   0.47304
   2415.0   0.47009
   2420.0   0.46800
   2425.0   0.46463
   2430.0   0.46062
   2435.0   0.45588
   2440.0   0.45292
   2445.0   0.45126
   2450.0   0.44724
   2455.0   0.44693
   2460.0   0.44444
   2465.0   0.44372
   2470.0   0.44083
   2475.0   0.43917
   2480.0   0.43801
   2485.0   0.43403
   2490.0   0.43181
   2495.0   0.42930
   2500.0   0.42683
   2505.0   0.42312
   2510.0   0.42166
   2515.0   0.42198
   2520.0   0.42020
   2525.0   0.41686
   2530.0   0.41364
   2535.0   0.41426
   2540.0   0.41791
   2545.0   0.41546
   2550.0   0.41527
   2555.0   0.41560
   2560.0   0.41475
   2565.0   0.40863
   2570.0   0.41252
   2575.0   0.40951
   2580.0   0.41021
   2585.0   0.40975
   2590.0   0.40857
   2595.0   0.40834
   2600.0   0.40664
   2605.0   0.40533
   2610.0   0.40359
   2615.0   0.40231
   2620.0   0.40120
   2625.0   0.39915
   2630.0   0.39607
   2635.0   0.39222
   2640.0   0.38764
   2645.0   0.38237
   2650.0   0.37715
   2655.0   0.37205
   2660.0   0.36635
   2665.0   0.35954
   2670.0   0.35204
   2675.0   0.34108
   2680.0   0.32718
   2685.0   0.30811
   2690.0   0.28193
   2695.0   0.25242
   2700.0   0.22153
   2705.0   0.18422
   2710.0   0.15338
   2715.0   0.12999
   2720.0   0.11538
   2725.0   0.10620
   2730.0   0.09525
   2735.0   0.08064
   2740.0   0.06797
   2745.0   0.06067
   2750.0   0.05402
   2755.0   0.04695
   2760.0   0.04163
   2765.0   0.04257
   2770.0   0.04010
   2775.0   0.04013
   2780.0   0.03442
   2785.0   0.04018
   2790.0   0.04822
   2795.0   0.04888
   2800.0   0.04521
   2805.0   0.05195
   2810.0   0.05468
   2815.0   0.05386
   2820.0   0.05577
   2825.0   0.05617
   2830.0   0.05413
   2835.0   0.05378
   2840.0   0.05575
   2845.0   0.05177
   2850.0   0.05454
   2855.0   0.05421
   2860.0   0.05305
   2865.0   0.05297
   2870.0   0.05301
   2875.0   0.05112
   2880.0   0.05108
   2885.0   0.05168
   2890.0   0.05143
   2895.0   0.04999
   2900.0   0.04942
   2905.0   0.04992
   2910.0   0.05025
   2915.0   0.05004
   2920.0   0.05099
   2925.0   0.04942
   2930.0   0.05005
   2935.0   0.04883
   2940.0   0.04841
   2945.0   0.04838
   2950.0   0.04837
   2955.0   0.04983
   2960.0   0.04981
   2965.0   0.04909
   2970.0   0.05034
   2975.0   0.05104
   2980.0   0.05237
   2985.0   0.05294
   2990.0   0.05297
   2995.0   0.05458
   3000.0   0.05587
   3005.0   0.05568
   3010.0   0.05683
   3015.0   0.05730
   3020.0   0.05933
   3025.0   0.05919
   3030.0   0.05996
   3035.0   0.06057
   3040.0   0.06036
   3045.0   0.06246
   3050.0   0.06297
   3055.0   0.06087
   3060.0   0.06379
   3065.0   0.06395
   3070.0   0.06475
   3075.0   0.06500
   3080.0   0.06586
   3085.0   0.06657
   3090.0   0.06634
   3095.0   0.06914
   3100.0   0.06959
   3105.0   0.07023
   3110.0   0.07204
   3115.0   0.07319
   3120.0   0.07386
   3125.0   0.07575
   3130.0   0.07658
   3135.0   0.07893
   3140.0   0.08088
   3145.0   0.08349
   3150.0   0.08446
   3155.0   0.08667
   3160.0   0.08831
   3165.0   0.08819
   3170.0   0.09100
   3175.0   0.09297
   3180.0   0.09550
   3185.0   0.09768
   3190.0   0.09842
   3195.0   0.10136
   3200.0   0.10380
   3205.0   0.10540
   3210.0   0.10859
   3215.0   0.11043
   3220.0   0.11323
   3225.0   0.11511
   3230.0   0.11693
   3235.0   0.11990
   3240.0   0.12159
   3245.0   0.12359
   3250.0   0.12691
   3255.0   0.12961
   3260.0   0.13192
   3265.0   0.13488
   3270.0   0.13704
   3275.0   0.13743
   3280.0   0.13979
   3285.0   0.14286
   3290.0   0.14425
   3295.0   0.14600
   3300.0   0.14964
   3305.0   0.15249
   3310.0   0.15377
   3315.0   0.15789
   3320.0   0.16024
   3325.0   0.16210
   3330.0   0.16454
   3335.0   0.16768
   3340.0   0.16889
   3345.0   0.17018
   3350.0   0.17264
   3355.0   0.17389
   3360.0   0.17672
   3365.0   0.17767
   3370.0   0.17961
   3375.0   0.18329
   3380.0   0.18612
   3385.0   0.18740
   3390.0   0.19065
   3395.0   0.19243
   3400.0   0.19471
   3405.0   0.19797
   3410.0   0.19930
   3415.0   0.20134
   3420.0   0.20377
   3425.0   0.20578
   3430.0   0.20714
   3435.0   0.21007
   3440.0   0.21317
   3445.0   0.21640
   3450.0   0.22038
   3455.0   0.22311
   3460.0   0.22286
   3465.0   0.22600
   3470.0   0.22727
   3475.0   0.22652
   3480.0   0.23022
   3485.0   0.22875
   3490.0   0.22976
   3495.0   0.23672
   3500.0   0.23831
   3505.0   0.24029
   3510.0   0.24658
   3515.0   0.24251
   3520.0   0.24999
   3525.0   0.25338
   3530.0   0.25769
   3535.0   0.26184
   3540.0   0.26879
   3545.0   0.26660
   3550.0   0.27650
   3555.0   0.27102
   3560.0   0.27552
   3565.0   0.27864
   3570.0   0.27744
   3575.0   0.27778
   3580.0   0.28927
   3585.0   0.28771
   3590.0   0.29017
   3595.0   0.28971
   3600.0   0.30077



 C3NV09      .ASC                        

 NV-RBS-009                                                              
 CN-22B AT I=15 E=0    <2MM PARTICLES ONLY USED                          
 RATIOS ADJUSTED USING NBS HALON CALIBRATION TABLE                       

 Source Ang: 15.00   Detect Ang:  0.00  Volt: 0.222
 Date: 25-JAN-89   Time: 13:47:19
