   617
    320.0   0.72731
    325.0   0.73279
    330.0   0.73788
    335.0   0.73598
    340.0   0.74387
    345.0   0.74952
    350.0   0.75873
    355.0   0.76048
    360.0   0.76519
    365.0   0.77201
    370.0   0.77560
    375.0   0.78154
    380.0   0.78594
    385.0   0.79037
    390.0   0.79594
    395.0   0.79866
    400.0   0.80381
    405.0   0.80640
    410.0   0.81116
    415.0   0.81396
    420.0   0.81408
    425.0   0.81836
    430.0   0.82042
    435.0   0.82652
    440.0   0.82972
    445.0   0.83146
    450.0   0.83435
    455.0   0.83535
    460.0   0.83579
    465.0   0.83723
    470.0   0.83881
    475.0   0.83837
    480.0   0.84008
    485.0   0.84028
    490.0   0.84140
    495.0   0.84163
    500.0   0.84320
    505.0   0.84329
    510.0   0.84417
    515.0   0.84429
    520.0   0.84438
    525.0   0.84471
    530.0   0.84507
    535.0   0.84436
    540.0   0.84412
    545.0   0.84497
    550.0   0.84500
    555.0   0.84541
    560.0   0.84566
    565.0   0.84541
    570.0   0.84579
    575.0   0.84620
    580.0   0.84758
    585.0   0.84717
    590.0   0.84712
    595.0   0.84693
    600.0   0.84755
    605.0   0.84808
    610.0   0.84717
    615.0   0.84741
    620.0   0.84699
    625.0   0.84640
    630.0   0.84675
    635.0   0.84799
    640.0   0.84730
    645.0   0.84677
    650.0   0.84653
    655.0   0.84680
    660.0   0.84640
    665.0   0.84768
    670.0   0.84787
    675.0   0.84869
    680.0   0.84774
    685.0   0.84815
    690.0   0.84888
    695.0   0.84901
    700.0   0.84974
    705.0   0.84925
    710.0   0.84953
    715.0   0.84868
    720.0   0.84891
    725.0   0.84759
    730.0   0.84700
    735.0   0.84685
    740.0   0.84602
    745.0   0.84574
    750.0   0.84516
    755.0   0.84599
    760.0   0.84628
    765.0   0.84487
    770.0   0.84568
    775.0   0.84642
    780.0   0.84854
    785.0   0.84810
    790.0   0.84783
    795.0   0.84843
    800.0   0.84912
    805.0   0.84701
    810.0   0.84951
    815.0   0.84620
    820.0   0.84991
    825.0   0.84879
    830.0   0.84883
    835.0   0.85002
    840.0   0.85097
    845.0   0.84982
    850.0   0.85080
    855.0   0.84924
    860.0   0.84885
    865.0   0.85045
    870.0   0.85168
    875.0   0.85513
    880.0   0.85045
    885.0   0.85537
    890.0   0.85235
    895.0   0.85080
    900.0   0.85248
    905.0   0.85102
    910.0   0.84874
    915.0   0.85017
    920.0   0.85035
    925.0   0.84997
    930.0   0.85007
    935.0   0.85123
    940.0   0.85162
    945.0   0.85191
    950.0   0.85352
    955.0   0.85126
    960.0   0.85206
    965.0   0.85239
    970.0   0.85103
    975.0   0.85195
    980.0   0.85224
    985.0   0.85137
    990.0   0.85033
    995.0   0.85020
   1000.0   0.85005
   1005.0   0.85089
   1010.0   0.85056
   1015.0   0.84891
   1020.0   0.84982
   1025.0   0.85090
   1030.0   0.84982
   1035.0   0.85149
   1040.0   0.85017
   1045.0   0.84933
   1050.0   0.84946
   1055.0   0.85106
   1060.0   0.84956
   1065.0   0.84976
   1070.0   0.84962
   1075.0   0.85042
   1080.0   0.85001
   1085.0   0.84978
   1090.0   0.85118
   1095.0   0.85192
   1100.0   0.85364
   1105.0   0.85226
   1110.0   0.85302
   1115.0   0.85174
   1120.0   0.85063
   1125.0   0.84975
   1130.0   0.85103
   1135.0   0.84892
   1140.0   0.85082
   1145.0   0.84907
   1150.0   0.85057
   1155.0   0.84961
   1160.0   0.85068
   1165.0   0.85101
   1170.0   0.85194
   1175.0   0.85287
   1180.0   0.85404
   1185.0   0.85357
   1190.0   0.85265
   1195.0   0.85206
   1200.0   0.84892
   1205.0   0.84907
   1210.0   0.84994
   1215.0   0.85049
   1220.0   0.85006
   1225.0   0.85008
   1230.0   0.85049
   1235.0   0.84894
   1240.0   0.85040
   1245.0   0.85149
   1250.0   0.85049
   1255.0   0.85122
   1260.0   0.85250
   1265.0   0.85253
   1270.0   0.85309
   1275.0   0.85388
   1280.0   0.85339
   1285.0   0.85269
   1290.0   0.85264
   1295.0   0.85289
   1300.0   0.85076
   1305.0   0.85181
   1310.0   0.85251
   1315.0   0.85407
   1320.0   0.85421
   1325.0   0.85425
   1330.0   0.85368
   1335.0   0.85355
   1340.0   0.85517
   1345.0   0.85211
   1350.0   0.84880
   1355.0   0.83982
   1360.0   0.83340
   1365.0   0.83669
   1370.0   0.83830
   1375.0   0.84342
   1380.0   0.83474
   1385.0   0.83725
   1390.0   0.84067
   1395.0   0.83836
   1400.0   0.83903
   1405.0   0.84081
   1410.0   0.84552
   1415.0   0.84590
   1420.0   0.84767
   1425.0   0.84854
   1430.0   0.84826
   1435.0   0.84958
   1440.0   0.85179
   1445.0   0.85182
   1450.0   0.85078
   1455.0   0.85244
   1460.0   0.85336
   1465.0   0.85220
   1470.0   0.85226
   1475.0   0.85356
   1480.0   0.85242
   1485.0   0.85368
   1490.0   0.85510
   1495.0   0.85616
   1500.0   0.85521
   1505.0   0.85549
   1510.0   0.85657
   1515.0   0.85637
   1520.0   0.85866
   1525.0   0.85476
   1530.0   0.85645
   1535.0   0.85705
   1540.0   0.85593
   1545.0   0.85566
   1550.0   0.85470
   1555.0   0.85560
   1560.0   0.85594
   1565.0   0.85503
   1570.0   0.85464
   1575.0   0.85880
   1580.0   0.86065
   1585.0   0.86176
   1590.0   0.86265
   1595.0   0.86290
   1600.0   0.86300
   1605.0   0.86251
   1610.0   0.86180
   1615.0   0.86432
   1620.0   0.86286
   1625.0   0.86225
   1630.0   0.86162
   1635.0   0.86315
   1640.0   0.86142
   1645.0   0.86191
   1650.0   0.86049
   1655.0   0.86156
   1660.0   0.86191
   1665.0   0.85953
   1670.0   0.86175
   1675.0   0.86177
   1680.0   0.86083
   1685.0   0.85978
   1690.0   0.86011
   1695.0   0.86091
   1700.0   0.85939
   1705.0   0.85619
   1710.0   0.85579
   1715.0   0.85540
   1720.0   0.85283
   1725.0   0.85232
   1730.0   0.85132
   1735.0   0.84906
   1740.0   0.85078
   1745.0   0.84869
   1750.0   0.84776
   1755.0   0.84629
   1760.0   0.84649
   1765.0   0.84755
   1770.0   0.85230
   1775.0   0.85477
   1780.0   0.85600
   1785.0   0.85617
   1790.0   0.85548
   1795.0   0.85272
   1800.0   0.84886
   1805.0   0.84576
   1810.0   0.84152
   1815.0   0.84142
   1820.0   0.83732
   1825.0   0.83515
   1830.0   0.82954
   1835.0   0.81952
   1840.0   0.81199
   1845.0   0.80883
   1850.0   0.80648
   1855.0   0.80609
   1860.0   0.80086
   1865.0   0.78879
   1870.0   0.76752
   1875.0   0.75537
   1880.0   0.76627
   1885.0   0.78978
   1890.0   0.81417
   1895.0   0.82586
   1900.0   0.82709
   1905.0   0.83154
   1910.0   0.83283
   1915.0   0.83324
   1920.0   0.83873
   1925.0   0.84130
   1930.0   0.84174
   1935.0   0.84328
   1940.0   0.84399
   1945.0   0.84318
   1950.0   0.84074
   1955.0   0.83481
   1960.0   0.82658
   1965.0   0.82247
   1970.0   0.81762
   1975.0   0.81465
   1980.0   0.81240
   1985.0   0.80632
   1990.0   0.79506
   1995.0   0.77439
   2000.0   0.76986
   2005.0   0.78706
   2010.0   0.81272
   2015.0   0.82839
   2020.0   0.83566
   2025.0   0.84190
   2030.0   0.84898
   2035.0   0.85384
   2040.0   0.85708
   2045.0   0.85798
   2050.0   0.85939
   2055.0   0.86001
   2060.0   0.85971
   2065.0   0.85888
   2070.0   0.85889
   2075.0   0.85997
   2080.0   0.86019
   2085.0   0.85678
   2090.0   0.85367
   2095.0   0.85433
   2100.0   0.85094
   2105.0   0.84727
   2110.0   0.84349
   2115.0   0.83725
   2120.0   0.83405
   2125.0   0.83042
   2130.0   0.82482
   2135.0   0.81997
   2140.0   0.80958
   2145.0   0.79180
   2150.0   0.77690
   2155.0   0.76880
   2160.0   0.76735
   2165.0   0.77309
   2170.0   0.78262
   2175.0   0.79382
   2180.0   0.79984
   2185.0   0.80299
   2190.0   0.80336
   2195.0   0.80242
   2200.0   0.80134
   2205.0   0.79708
   2210.0   0.79277
   2215.0   0.78642
   2220.0   0.77761
   2225.0   0.76760
   2230.0   0.75584
   2235.0   0.74466
   2240.0   0.73149
   2245.0   0.71742
   2250.0   0.70191
   2255.0   0.68278
   2260.0   0.66295
   2265.0   0.64098
   2270.0   0.62128
   2275.0   0.59354
   2280.0   0.56581
   2285.0   0.53778
   2290.0   0.51304
   2295.0   0.49306
   2300.0   0.48183
   2305.0   0.47217
   2310.0   0.46400
   2315.0   0.45505
   2320.0   0.44120
   2325.0   0.42097
   2330.0   0.39541
   2335.0   0.37070
   2340.0   0.35874
   2345.0   0.36042
   2350.0   0.38459
   2355.0   0.43197
   2360.0   0.49598
   2365.0   0.57106
   2370.0   0.63710
   2375.0   0.68178
   2380.0   0.70727
   2385.0   0.72358
   2390.0   0.73293
   2395.0   0.73114
   2400.0   0.72227
   2405.0   0.71961
   2410.0   0.72298
   2415.0   0.71928
   2420.0   0.70767
   2425.0   0.69016
   2430.0   0.66742
   2435.0   0.64184
   2440.0   0.61639
   2445.0   0.59561
   2450.0   0.57107
   2455.0   0.53992
   2460.0   0.50706
   2465.0   0.47012
   2470.0   0.43342
   2475.0   0.39445
   2480.0   0.36373
   2485.0   0.33863
   2490.0   0.32232
   2495.0   0.31403
   2500.0   0.30772
   2505.0   0.30109
   2510.0   0.29240
   2515.0   0.28125
   2520.0   0.26415
   2525.0   0.23984
   2530.0   0.21023
   2535.0   0.19132
   2540.0   0.18952
   2545.0   0.21197
   2550.0   0.27166
   2555.0   0.35329
   2560.0   0.39643
   2565.0   0.48998
   2570.0   0.54205
   2575.0   0.57816
   2580.0   0.59401
   2585.0   0.60792
   2590.0   0.64541
   2595.0   0.68005
   2600.0   0.70443
   2605.0   0.70796
   2610.0   0.74568
   2615.0   0.73792
   2620.0   0.77225
   2625.0   0.76198
   2630.0   0.77156
   2635.0   0.79717
   2640.0   0.78399
   2645.0   0.79065
   2650.0   0.78621
   2655.0   0.78372
   2660.0   0.77540
   2665.0   0.78905
   2670.0   0.81650
   2675.0   0.80493
   2680.0   0.79660
   2685.0   0.79387
   2690.0   0.75500
   2695.0   0.73202
   2700.0   0.69932
   2705.0   0.65814
   2710.0   0.63250
   2715.0   0.58981
   2720.0   0.55849
   2725.0   0.57165
   2730.0   0.51678
   2735.0   0.50353
   2740.0   0.54512
   2745.0   0.52285
   2750.0   0.49373
   2755.0   0.63644
   2760.0   0.44434
   2765.0   0.49249
   2770.0   0.40772
   2775.0   0.35030
   2780.0   0.38051
   2785.0   0.27259
   2790.0   0.24882
   2795.0   0.29132
   2800.0   0.33301
   2805.0   0.37243
   2810.0   0.46743
   2815.0   0.47069
   2820.0   0.50564
   2825.0   0.51742
   2830.0   0.54035
   2835.0   0.60988
   2840.0   0.62384
   2845.0   0.60473
   2850.0   0.62510
   2855.0   0.63522
   2860.0   0.63673
   2865.0   0.66865
   2870.0   0.65887
   2875.0   0.65684
   2880.0   0.65790
   2885.0   0.67158
   2890.0   0.67343
   2895.0   0.67477
   2900.0   0.68444
   2905.0   0.68577
   2910.0   0.68746
   2915.0   0.66935
   2920.0   0.67254
   2925.0   0.66398
   2930.0   0.64737
   2935.0   0.65600
   2940.0   0.67554
   2945.0   0.66436
   2950.0   0.65854
   2955.0   0.64178
   2960.0   0.64057
   2965.0   0.63736
   2970.0   0.66646
   2975.0   0.67140
   2980.0   0.64971
   2985.0   0.65097
   2990.0   0.62925
   2995.0   0.63263
   3000.0   0.60411
   3005.0   0.60534
   3010.0   0.57346
   3015.0   0.56559
   3020.0   0.53718
   3025.0   0.52610
   3030.0   0.50157
   3035.0   0.48374
   3040.0   0.46604
   3045.0   0.45511
   3050.0   0.46489
   3055.0   0.43781
   3060.0   0.40570
   3065.0   0.40189
   3070.0   0.38052
   3075.0   0.37300
   3080.0   0.34472
   3085.0   0.34391
   3090.0   0.30385
   3095.0   0.28050
   3100.0   0.26584
   3105.0   0.24161
   3110.0   0.21925
   3115.0   0.23301
   3120.0   0.25067
   3125.0   0.27792
   3130.0   0.30191
   3135.0   0.27831
   3140.0   0.27009
   3145.0   0.25121
   3150.0   0.23738
   3155.0   0.24106
   3160.0   0.26066
   3165.0   0.29628
   3170.0   0.32912
   3175.0   0.33074
   3180.0   0.34883
   3185.0   0.35394
   3190.0   0.34498
   3195.0   0.34446
   3200.0   0.33928
   3205.0   0.33029
   3210.0   0.32073
   3215.0   0.29579
   3220.0   0.29334
   3225.0   0.27720
   3230.0   0.26214
   3235.0   0.27064
   3240.0   0.24759
   3245.0   0.23377
   3250.0   0.22901
   3255.0   0.21753
   3260.0   0.21002
   3265.0   0.21236
   3270.0   0.19564
   3275.0   0.19273
   3280.0   0.17928
   3285.0   0.16132
   3290.0   0.14759
   3295.0   0.14903
   3300.0   0.11838
   3305.0   0.11175
   3310.0   0.09361
   3315.0   0.08796
   3320.0   0.09055
   3325.0   0.07778
   3330.0   0.04889
   3335.0   0.01832
   3340.0   0.01580
   3345.0   0.00802
   3350.0   0.01545
   3355.0   0.02377
   3360.0   0.00412
   3365.0   0.01211
   3370.0   0.00651
   3375.0   0.01841
   3380.0   0.00746
   3385.0   0.00000
   3390.0   0.00545
   3395.0   0.02931
   3400.0   0.03168



 C3PC13      .ASC                        

 PC-SJG-013                                                              
 SUE GAFFEY CALCITE  FULL SPECTRUM AT 5 NM RESOLUTION                    
 RATIOS ADJUSTED USING NBS HALON CALIBRATION TABLE                       

 Source Ang: 30.00   Detect Ang:  0.00  Volt: 0.777
 Date: 05-JUN-87   Time: 16:35:04
