   641
    300.0   0.03703
    305.0   0.03397
    310.0   0.03755
    315.0   0.03715
    320.0   0.03785
    325.0   0.03780
    330.0   0.03915
    335.0   0.03961
    340.0   0.04087
    345.0   0.04221
    350.0   0.04235
    355.0   0.04311
    360.0   0.04443
    365.0   0.04555
    370.0   0.04720
    375.0   0.04864
    380.0   0.05047
    385.0   0.05273
    390.0   0.05473
    395.0   0.05690
    400.0   0.05890
    405.0   0.06079
    410.0   0.06382
    415.0   0.06598
    420.0   0.06878
    425.0   0.07163
    430.0   0.07509
    435.0   0.07906
    440.0   0.08301
    445.0   0.08666
    450.0   0.08939
    455.0   0.09191
    460.0   0.09376
    465.0   0.09534
    470.0   0.09647
    475.0   0.09786
    480.0   0.10025
    485.0   0.10312
    490.0   0.10684
    495.0   0.11105
    500.0   0.11569
    505.0   0.12037
    510.0   0.12550
    515.0   0.13097
    520.0   0.13652
    525.0   0.14192
    530.0   0.14777
    535.0   0.15339
    540.0   0.15886
    545.0   0.16382
    550.0   0.16879
    555.0   0.17364
    560.0   0.17792
    565.0   0.18245
    570.0   0.18639
    575.0   0.19015
    580.0   0.19450
    585.0   0.19710
    590.0   0.20072
    595.0   0.20392
    600.0   0.20651
    605.0   0.20862
    610.0   0.21099
    615.0   0.21317
    620.0   0.21524
    625.0   0.21652
    630.0   0.21844
    635.0   0.22012
    640.0   0.22137
    645.0   0.22289
    650.0   0.22428
    655.0   0.22656
    660.0   0.22731
    665.0   0.22883
    670.0   0.23019
    675.0   0.23143
    680.0   0.23277
    685.0   0.23379
    690.0   0.23544
    695.0   0.23703
    700.0   0.23807
    705.0   0.23911
    710.0   0.24018
    715.0   0.24129
    720.0   0.24285
    725.0   0.24365
    730.0   0.24434
    735.0   0.24536
    740.0   0.24607
    745.0   0.24704
    750.0   0.24784
    755.0   0.24865
    760.0   0.24927
    765.0   0.24954
    770.0   0.24998
    775.0   0.25094
    780.0   0.25117
    785.0   0.25140
    790.0   0.25191
    795.0   0.25184
    800.0   0.25168
    805.0   0.25188
    810.0   0.25223
    815.0   0.25194
    820.0   0.25153
    825.0   0.25228
    830.0   0.25212
    835.0   0.25210
    840.0   0.25193
    845.0   0.25150
    850.0   0.25162
    855.0   0.25260
    860.0   0.25133
    865.0   0.25119
    870.0   0.25071
    875.0   0.25085
    880.0   0.25090
    885.0   0.25004
    890.0   0.25001
    895.0   0.24971
    900.0   0.24931
    905.0   0.24930
    910.0   0.24874
    915.0   0.24888
    920.0   0.24775
    925.0   0.24887
    930.0   0.24856
    935.0   0.24705
    940.0   0.24737
    945.0   0.24722
    950.0   0.24752
    955.0   0.24643
    960.0   0.24668
    965.0   0.24610
    970.0   0.24559
    975.0   0.24549
    980.0   0.24504
    985.0   0.24510
    990.0   0.24460
    995.0   0.24405
   1000.0   0.24419
   1005.0   0.24483
   1010.0   0.24344
   1015.0   0.24389
   1020.0   0.24442
   1025.0   0.24480
   1030.0   0.24458
   1035.0   0.24462
   1040.0   0.24427
   1045.0   0.24528
   1050.0   0.24506
   1055.0   0.24518
   1060.0   0.24567
   1065.0   0.24602
   1070.0   0.24645
   1075.0   0.24660
   1080.0   0.24662
   1085.0   0.24647
   1090.0   0.24784
   1095.0   0.24853
   1100.0   0.24761
   1105.0   0.24840
   1110.0   0.24774
   1115.0   0.24828
   1120.0   0.24912
   1125.0   0.24966
   1130.0   0.25013
   1135.0   0.24926
   1140.0   0.24985
   1145.0   0.25106
   1150.0   0.25109
   1155.0   0.25090
   1160.0   0.25037
   1165.0   0.25091
   1170.0   0.25137
   1175.0   0.25043
   1180.0   0.25115
   1185.0   0.25044
   1190.0   0.25054
   1195.0   0.25112
   1200.0   0.25056
   1205.0   0.25072
   1210.0   0.25099
   1215.0   0.25099
   1220.0   0.25056
   1225.0   0.25076
   1230.0   0.25070
   1235.0   0.25095
   1240.0   0.25044
   1245.0   0.25109
   1250.0   0.25133
   1255.0   0.25070
   1260.0   0.25128
   1265.0   0.24991
   1270.0   0.25081
   1275.0   0.24977
   1280.0   0.24996
   1285.0   0.24963
   1290.0   0.24993
   1295.0   0.24926
   1300.0   0.24970
   1305.0   0.24922
   1310.0   0.24914
   1315.0   0.24983
   1320.0   0.24910
   1325.0   0.24926
   1330.0   0.24928
   1335.0   0.25016
   1340.0   0.24920
   1345.0   0.24925
   1350.0   0.24893
   1355.0   0.24763
   1360.0   0.24705
   1365.0   0.24780
   1370.0   0.24759
   1375.0   0.24782
   1380.0   0.24680
   1385.0   0.24589
   1390.0   0.24611
   1395.0   0.24486
   1400.0   0.24556
   1405.0   0.24464
   1410.0   0.24332
   1415.0   0.24361
   1420.0   0.24377
   1425.0   0.24345
   1430.0   0.24193
   1435.0   0.24203
   1440.0   0.24276
   1445.0   0.24148
   1450.0   0.24145
   1455.0   0.24162
   1460.0   0.24130
   1465.0   0.24176
   1470.0   0.24221
   1475.0   0.24215
   1480.0   0.24157
   1485.0   0.24290
   1490.0   0.24240
   1495.0   0.24175
   1500.0   0.24128
   1505.0   0.24095
   1510.0   0.24174
   1515.0   0.24114
   1520.0   0.24187
   1525.0   0.24106
   1530.0   0.24105
   1535.0   0.24100
   1540.0   0.24210
   1545.0   0.24221
   1550.0   0.24234
   1555.0   0.24251
   1560.0   0.24146
   1565.0   0.24193
   1570.0   0.24220
   1575.0   0.24153
   1580.0   0.24161
   1585.0   0.24120
   1590.0   0.24097
   1595.0   0.24025
   1600.0   0.24108
   1605.0   0.24237
   1610.0   0.24237
   1615.0   0.24245
   1620.0   0.24281
   1625.0   0.24255
   1630.0   0.24210
   1635.0   0.24190
   1640.0   0.24119
   1645.0   0.24075
   1650.0   0.24100
   1655.0   0.24141
   1660.0   0.24070
   1665.0   0.24087
   1670.0   0.24026
   1675.0   0.24062
   1680.0   0.24022
   1685.0   0.23994
   1690.0   0.23996
   1695.0   0.24047
   1700.0   0.23886
   1705.0   0.23852
   1710.0   0.23867
   1715.0   0.23794
   1720.0   0.23777
   1725.0   0.23793
   1730.0   0.23761
   1735.0   0.23782
   1740.0   0.23790
   1745.0   0.23718
   1750.0   0.23879
   1755.0   0.23796
   1760.0   0.23754
   1765.0   0.23824
   1770.0   0.23833
   1775.0   0.23782
   1780.0   0.23711
   1785.0   0.23642
   1790.0   0.23635
   1795.0   0.23617
   1800.0   0.23695
   1805.0   0.23658
   1810.0   0.23666
   1815.0   0.23611
   1820.0   0.23634
   1825.0   0.23675
   1830.0   0.23698
   1835.0   0.23613
   1840.0   0.23597
   1845.0   0.23652
   1850.0   0.23680
   1855.0   0.23680
   1860.0   0.23629
   1865.0   0.23560
   1870.0   0.23378
   1875.0   0.23263
   1880.0   0.23694
   1885.0   0.23619
   1890.0   0.23343
   1895.0   0.23072
   1900.0   0.22794
   1905.0   0.22450
   1910.0   0.22224
   1915.0   0.21961
   1920.0   0.21798
   1925.0   0.21638
   1930.0   0.21634
   1935.0   0.21519
   1940.0   0.21493
   1945.0   0.21461
   1950.0   0.21515
   1955.0   0.21544
   1960.0   0.21626
   1965.0   0.21646
   1970.0   0.21605
   1975.0   0.21620
   1980.0   0.21675
   1985.0   0.21823
   1990.0   0.21950
   1995.0   0.22111
   2000.0   0.22258
   2005.0   0.22303
   2010.0   0.22312
   2015.0   0.22311
   2020.0   0.22293
   2025.0   0.22335
   2030.0   0.22308
   2035.0   0.22287
   2040.0   0.22457
   2045.0   0.22552
   2050.0   0.22539
   2055.0   0.22442
   2060.0   0.22399
   2065.0   0.22411
   2070.0   0.22506
   2075.0   0.22531
   2080.0   0.22463
   2085.0   0.22490
   2090.0   0.22479
   2095.0   0.22479
   2100.0   0.22484
   2105.0   0.22451
   2110.0   0.22520
   2115.0   0.22513
   2120.0   0.22479
   2125.0   0.22428
   2130.0   0.22527
   2135.0   0.22498
   2140.0   0.22527
   2145.0   0.22498
   2150.0   0.22356
   2155.0   0.22318
   2160.0   0.22271
   2165.0   0.22268
   2170.0   0.22348
   2175.0   0.22248
   2180.0   0.22154
   2185.0   0.22161
   2190.0   0.22239
   2195.0   0.22152
   2200.0   0.22027
   2205.0   0.22043
   2210.0   0.21969
   2215.0   0.21972
   2220.0   0.21953
   2225.0   0.21876
   2230.0   0.21793
   2235.0   0.21887
   2240.0   0.22036
   2245.0   0.22060
   2250.0   0.22038
   2255.0   0.21905
   2260.0   0.21889
   2265.0   0.21841
   2270.0   0.21780
   2275.0   0.21832
   2280.0   0.21859
   2285.0   0.21777
   2290.0   0.21638
   2295.0   0.21604
   2300.0   0.21551
   2305.0   0.21560
   2310.0   0.21616
   2315.0   0.21603
   2320.0   0.21691
   2325.0   0.21703
   2330.0   0.21805
   2335.0   0.21812
   2340.0   0.21742
   2345.0   0.21590
   2350.0   0.21453
   2355.0   0.21513
   2360.0   0.21617
   2365.0   0.21645
   2370.0   0.21577
   2375.0   0.21459
   2380.0   0.21339
   2385.0   0.21270
   2390.0   0.21280
   2395.0   0.21191
   2400.0   0.21095
   2405.0   0.21046
   2410.0   0.21035
   2415.0   0.21020
   2420.0   0.20929
   2425.0   0.20994
   2430.0   0.20875
   2435.0   0.20691
   2440.0   0.20594
   2445.0   0.20598
   2450.0   0.20462
   2455.0   0.20484
   2460.0   0.20352
   2465.0   0.20170
   2470.0   0.20156
   2475.0   0.19967
   2480.0   0.19945
   2485.0   0.19904
   2490.0   0.19945
   2495.0   0.19849
   2500.0   0.19894
   2505.0   0.19829
   2510.0   0.19741
   2515.0   0.19739
   2520.0   0.19625
   2525.0   0.19610
   2530.0   0.19498
   2535.0   0.19446
   2540.0   0.19589
   2545.0   0.19452
   2550.0   0.19394
   2555.0   0.19656
   2560.0   0.19713
   2565.0   0.19381
   2570.0   0.19689
   2575.0   0.19659
   2580.0   0.19664
   2585.0   0.19611
   2590.0   0.19381
   2595.0   0.19464
   2600.0   0.19555
   2605.0   0.19326
   2610.0   0.19437
   2615.0   0.19341
   2620.0   0.19393
   2625.0   0.19423
   2630.0   0.19461
   2635.0   0.19235
   2640.0   0.19250
   2645.0   0.19246
   2650.0   0.18957
   2655.0   0.18625
   2660.0   0.18127
   2665.0   0.17737
   2670.0   0.17238
   2675.0   0.16701
   2680.0   0.16291
   2685.0   0.16074
   2690.0   0.15475
   2695.0   0.14535
   2700.0   0.13396
   2705.0   0.12137
   2710.0   0.10843
   2715.0   0.09823
   2720.0   0.08995
   2725.0   0.08185
   2730.0   0.07319
   2735.0   0.06705
   2740.0   0.06252
   2745.0   0.05748
   2750.0   0.05415
   2755.0   0.05004
   2760.0   0.04451
   2765.0   0.03950
   2770.0   0.03598
   2775.0   0.03670
   2780.0   0.03404
   2785.0   0.03691
   2790.0   0.03347
   2795.0   0.03180
   2800.0   0.02440
   2805.0   0.02992
   2810.0   0.02764
   2815.0   0.02366
   2820.0   0.02537
   2825.0   0.02910
   2830.0   0.03190
   2835.0   0.02817
   2840.0   0.03080
   2845.0   0.02398
   2850.0   0.02731
   2855.0   0.02586
   2860.0   0.02648
   2865.0   0.02790
   2870.0   0.02352
   2875.0   0.02770
   2880.0   0.02698
   2885.0   0.02704
   2890.0   0.02662
   2895.0   0.02427
   2900.0   0.02243
   2905.0   0.02594
   2910.0   0.02552
   2915.0   0.02320
   2920.0   0.02597
   2925.0   0.02263
   2930.0   0.02837
   2935.0   0.02484
   2940.0   0.02600
   2945.0   0.02438
   2950.0   0.02655
   2955.0   0.02663
   2960.0   0.02490
   2965.0   0.02442
   2970.0   0.02507
   2975.0   0.02737
   2980.0   0.02557
   2985.0   0.02671
   2990.0   0.02635
   2995.0   0.02629
   3000.0   0.02759
   3005.0   0.02951
   3010.0   0.02551
   3015.0   0.02858
   3020.0   0.02617
   3025.0   0.02497
   3030.0   0.02666
   3035.0   0.02824
   3040.0   0.02630
   3045.0   0.02741
   3050.0   0.02694
   3055.0   0.02618
   3060.0   0.02870
   3065.0   0.02867
   3070.0   0.02641
   3075.0   0.02808
   3080.0   0.02965
   3085.0   0.02901
   3090.0   0.02926
   3095.0   0.03063
   3100.0   0.03015
   3105.0   0.03002
   3110.0   0.03050
   3115.0   0.03016
   3120.0   0.03036
   3125.0   0.02887
   3130.0   0.03081
   3135.0   0.03195
   3140.0   0.03267
   3145.0   0.03254
   3150.0   0.03206
   3155.0   0.03141
   3160.0   0.03207
   3165.0   0.03330
   3170.0   0.03362
   3175.0   0.03260
   3180.0   0.03371
   3185.0   0.03545
   3190.0   0.03393
   3195.0   0.03422
   3200.0   0.03425
   3205.0   0.03429
   3210.0   0.03585
   3215.0   0.03567
   3220.0   0.03733
   3225.0   0.03587
   3230.0   0.03546
   3235.0   0.03776
   3240.0   0.03770
   3245.0   0.03637
   3250.0   0.03745
   3255.0   0.03670
   3260.0   0.03781
   3265.0   0.03875
   3270.0   0.03917
   3275.0   0.04052
   3280.0   0.03936
   3285.0   0.03857
   3290.0   0.04111
   3295.0   0.04088
   3300.0   0.04063
   3305.0   0.04238
   3310.0   0.04175
   3315.0   0.04163
   3320.0   0.04288
   3325.0   0.04200
   3330.0   0.04392
   3335.0   0.04333
   3340.0   0.04578
   3345.0   0.04496
   3350.0   0.04477
   3355.0   0.04621
   3360.0   0.04580
   3365.0   0.04654
   3370.0   0.04698
   3375.0   0.04530
   3380.0   0.04661
   3385.0   0.04621
   3390.0   0.04538
   3395.0   0.04621
   3400.0   0.04513
   3405.0   0.04671
   3410.0   0.04659
   3415.0   0.04818
   3420.0   0.04606
   3425.0   0.04629
   3430.0   0.04636
   3435.0   0.04855
   3440.0   0.04789
   3445.0   0.04964
   3450.0   0.05136
   3455.0   0.05185
   3460.0   0.05096
   3465.0   0.05444
   3470.0   0.05654
   3475.0   0.05589
   3480.0   0.05380
   3485.0   0.05435
   3490.0   0.05509
   3495.0   0.05603
   3500.0   0.05847



 C3RS14      .ASC                        

 RS-CMP-014                                                              
 KONA (HAWAII) BASALT WEATHERED PORTION  LESS YELLOW MORE BROWN          
 RATIOS ADJUSTED USING NBS HALON CALIBRATION TABLE                       

 Source Ang: 30.00   Detect Ang:  0.00  Volt: 0.222
 Date: 13-JUL-89   Time: 10:34:18
