   661
    300.0   0.05718
    305.0   0.05841
    310.0   0.06373
    315.0   0.06887
    320.0   0.07474
    325.0   0.08123
    330.0   0.08634
    335.0   0.09147
    340.0   0.09564
    345.0   0.09993
    350.0   0.10347
    355.0   0.10667
    360.0   0.11040
    365.0   0.11316
    370.0   0.11705
    375.0   0.12112
    380.0   0.12635
    385.0   0.13200
    390.0   0.13747
    395.0   0.14305
    400.0   0.14828
    405.0   0.15300
    410.0   0.16047
    415.0   0.16483
    420.0   0.16927
    425.0   0.17455
    430.0   0.18040
    435.0   0.18673
    440.0   0.19391
    445.0   0.20066
    450.0   0.20700
    455.0   0.21270
    460.0   0.21737
    465.0   0.22144
    470.0   0.22486
    475.0   0.22793
    480.0   0.23180
    485.0   0.23575
    490.0   0.24062
    495.0   0.24572
    500.0   0.25143
    505.0   0.25793
    510.0   0.26363
    515.0   0.26995
    520.0   0.27696
    525.0   0.28405
    530.0   0.29056
    535.0   0.29863
    540.0   0.30526
    545.0   0.31349
    550.0   0.32201
    555.0   0.33115
    560.0   0.33988
    565.0   0.34959
    570.0   0.35825
    575.0   0.36589
    580.0   0.37452
    585.0   0.38099
    590.0   0.38746
    595.0   0.39294
    600.0   0.39786
    605.0   0.40210
    610.0   0.40566
    615.0   0.40804
    620.0   0.41039
    625.0   0.41266
    630.0   0.41455
    635.0   0.41678
    640.0   0.41896
    645.0   0.42141
    650.0   0.42409
    655.0   0.42709
    660.0   0.42929
    665.0   0.43219
    670.0   0.43533
    675.0   0.43802
    680.0   0.44035
    685.0   0.44366
    690.0   0.44616
    695.0   0.44855
    700.0   0.45172
    705.0   0.45512
    710.0   0.45726
    715.0   0.45913
    720.0   0.46197
    725.0   0.46377
    730.0   0.46665
    735.0   0.46873
    740.0   0.47069
    745.0   0.47228
    750.0   0.47413
    755.0   0.47537
    760.0   0.47835
    765.0   0.48079
    770.0   0.48164
    775.0   0.48308
    780.0   0.48281
    785.0   0.48431
    790.0   0.48481
    795.0   0.48600
    800.0   0.48614
    805.0   0.48670
    810.0   0.48688
    815.0   0.48725
    820.0   0.48749
    825.0   0.48648
    830.0   0.48674
    835.0   0.48621
    840.0   0.48676
    845.0   0.48763
    850.0   0.48733
    855.0   0.48639
    860.0   0.48892
    865.0   0.48778
    870.0   0.48858
    875.0   0.48862
    880.0   0.48724
    885.0   0.48731
    890.0   0.48863
    895.0   0.48858
    900.0   0.48881
    905.0   0.49113
    910.0   0.48892
    915.0   0.49151
    920.0   0.49270
    925.0   0.49310
    930.0   0.49486
    935.0   0.49362
    940.0   0.49432
    945.0   0.49547
    950.0   0.49654
    955.0   0.49816
    960.0   0.49923
    965.0   0.50011
    970.0   0.50017
    975.0   0.50114
    980.0   0.50211
    985.0   0.50373
    990.0   0.50575
    995.0   0.50644
   1000.0   0.50680
   1005.0   0.50782
   1010.0   0.50865
   1015.0   0.50980
   1020.0   0.51105
   1025.0   0.51134
   1030.0   0.51357
   1035.0   0.51249
   1040.0   0.51248
   1045.0   0.51435
   1050.0   0.51603
   1055.0   0.51629
   1060.0   0.51778
   1065.0   0.51813
   1070.0   0.51776
   1075.0   0.51906
   1080.0   0.51975
   1085.0   0.52062
   1090.0   0.52033
   1095.0   0.52243
   1100.0   0.52192
   1105.0   0.52279
   1110.0   0.52402
   1115.0   0.52357
   1120.0   0.52478
   1125.0   0.52539
   1130.0   0.52605
   1135.0   0.52578
   1140.0   0.52917
   1145.0   0.52811
   1150.0   0.52817
   1155.0   0.52964
   1160.0   0.53129
   1165.0   0.53068
   1170.0   0.53093
   1175.0   0.53232
   1180.0   0.53336
   1185.0   0.53393
   1190.0   0.53567
   1195.0   0.53511
   1200.0   0.53620
   1205.0   0.53456
   1210.0   0.53574
   1215.0   0.53710
   1220.0   0.53692
   1225.0   0.53773
   1230.0   0.53676
   1235.0   0.53821
   1240.0   0.53777
   1245.0   0.53805
   1250.0   0.53916
   1255.0   0.54077
   1260.0   0.54057
   1265.0   0.54135
   1270.0   0.54220
   1275.0   0.54455
   1280.0   0.54309
   1285.0   0.54440
   1290.0   0.54555
   1295.0   0.54624
   1300.0   0.54690
   1305.0   0.54746
   1310.0   0.54654
   1315.0   0.54793
   1320.0   0.54878
   1325.0   0.54833
   1330.0   0.54784
   1335.0   0.54960
   1340.0   0.54968
   1345.0   0.55022
   1350.0   0.54976
   1355.0   0.54834
   1360.0   0.54826
   1365.0   0.55048
   1370.0   0.54906
   1375.0   0.54913
   1380.0   0.54328
   1385.0   0.54394
   1390.0   0.54071
   1395.0   0.53222
   1400.0   0.52715
   1405.0   0.52179
   1410.0   0.51543
   1415.0   0.51085
   1420.0   0.51184
   1425.0   0.51799
   1430.0   0.52168
   1435.0   0.52761
   1440.0   0.53220
   1445.0   0.53448
   1450.0   0.53489
   1455.0   0.53694
   1460.0   0.53669
   1465.0   0.53822
   1470.0   0.53840
   1475.0   0.54094
   1480.0   0.54183
   1485.0   0.54314
   1490.0   0.54412
   1495.0   0.54822
   1500.0   0.54649
   1505.0   0.54925
   1510.0   0.55267
   1515.0   0.55232
   1520.0   0.55250
   1525.0   0.55243
   1530.0   0.55490
   1535.0   0.55482
   1540.0   0.55320
   1545.0   0.55491
   1550.0   0.55729
   1555.0   0.55733
   1560.0   0.55729
   1565.0   0.55940
   1570.0   0.55781
   1575.0   0.55815
   1580.0   0.55628
   1585.0   0.55838
   1590.0   0.55874
   1595.0   0.56111
   1600.0   0.56134
   1605.0   0.56134
   1610.0   0.56184
   1615.0   0.56198
   1620.0   0.56084
   1625.0   0.56128
   1630.0   0.55984
   1635.0   0.56092
   1640.0   0.56278
   1645.0   0.56230
   1650.0   0.56165
   1655.0   0.56113
   1660.0   0.56059
   1665.0   0.56181
   1670.0   0.56250
   1675.0   0.56422
   1680.0   0.56531
   1685.0   0.56568
   1690.0   0.56384
   1695.0   0.56410
   1700.0   0.56328
   1705.0   0.56451
   1710.0   0.56426
   1715.0   0.56419
   1720.0   0.56360
   1725.0   0.56421
   1730.0   0.56554
   1735.0   0.56501
   1740.0   0.56406
   1745.0   0.56503
   1750.0   0.56397
   1755.0   0.56200
   1760.0   0.56268
   1765.0   0.56317
   1770.0   0.56273
   1775.0   0.56189
   1780.0   0.56093
   1785.0   0.56159
   1790.0   0.56176
   1795.0   0.56176
   1800.0   0.56378
   1805.0   0.56187
   1810.0   0.56225
   1815.0   0.56113
   1820.0   0.56198
   1825.0   0.56512
   1830.0   0.56560
   1835.0   0.56406
   1840.0   0.56387
   1845.0   0.56506
   1850.0   0.56321
   1855.0   0.56320
   1860.0   0.56254
   1865.0   0.56107
   1870.0   0.55470
   1875.0   0.55384
   1880.0   0.55273
   1885.0   0.54322
   1890.0   0.52973
   1895.0   0.51271
   1900.0   0.49185
   1905.0   0.47203
   1910.0   0.45960
   1915.0   0.45534
   1920.0   0.45926
   1925.0   0.46679
   1930.0   0.47435
   1935.0   0.48085
   1940.0   0.48524
   1945.0   0.48864
   1950.0   0.49347
   1955.0   0.49723
   1960.0   0.49879
   1965.0   0.49927
   1970.0   0.50046
   1975.0   0.50359
   1980.0   0.50582
   1985.0   0.50821
   1990.0   0.51191
   1995.0   0.51635
   2000.0   0.51936
   2005.0   0.52320
   2010.0   0.52586
   2015.0   0.52923
   2020.0   0.53110
   2025.0   0.53354
   2030.0   0.53542
   2035.0   0.53669
   2040.0   0.53819
   2045.0   0.54022
   2050.0   0.54078
   2055.0   0.54052
   2060.0   0.54086
   2065.0   0.54171
   2070.0   0.54324
   2075.0   0.54500
   2080.0   0.54570
   2085.0   0.54569
   2090.0   0.54730
   2095.0   0.54494
   2100.0   0.54587
   2105.0   0.54551
   2110.0   0.54505
   2115.0   0.54463
   2120.0   0.54514
   2125.0   0.54528
   2130.0   0.54489
   2135.0   0.54443
   2140.0   0.54286
   2145.0   0.54245
   2150.0   0.54324
   2155.0   0.54068
   2160.0   0.53762
   2165.0   0.53574
   2170.0   0.53205
   2175.0   0.52841
   2180.0   0.52467
   2185.0   0.52253
   2190.0   0.51692
   2195.0   0.51135
   2200.0   0.50630
   2205.0   0.50078
   2210.0   0.49466
   2215.0   0.49633
   2220.0   0.50155
   2225.0   0.50454
   2230.0   0.50776
   2235.0   0.50825
   2240.0   0.50781
   2245.0   0.50860
   2250.0   0.50968
   2255.0   0.51177
   2260.0   0.51441
   2265.0   0.51610
   2270.0   0.51684
   2275.0   0.51745
   2280.0   0.51707
   2285.0   0.51676
   2290.0   0.51247
   2295.0   0.50968
   2300.0   0.50962
   2305.0   0.50857
   2310.0   0.50760
   2315.0   0.50745
   2320.0   0.50355
   2325.0   0.49967
   2330.0   0.49609
   2335.0   0.49167
   2340.0   0.49028
   2345.0   0.48938
   2350.0   0.48766
   2355.0   0.48578
   2360.0   0.48663
   2365.0   0.48592
   2370.0   0.48228
   2375.0   0.47896
   2380.0   0.47772
   2385.0   0.47599
   2390.0   0.47140
   2395.0   0.47015
   2400.0   0.47009
   2405.0   0.46983
   2410.0   0.46775
   2415.0   0.46450
   2420.0   0.46038
   2425.0   0.45655
   2430.0   0.45116
   2435.0   0.44666
   2440.0   0.44355
   2445.0   0.44223
   2450.0   0.44143
   2455.0   0.43927
   2460.0   0.43795
   2465.0   0.43432
   2470.0   0.42984
   2475.0   0.43019
   2480.0   0.42558
   2485.0   0.42352
   2490.0   0.42314
   2495.0   0.42139
   2500.0   0.42005
   2505.0   0.41635
   2510.0   0.41513
   2515.0   0.41476
   2520.0   0.41573
   2525.0   0.41166
   2530.0   0.40977
   2535.0   0.40914
   2540.0   0.41079
   2545.0   0.40969
   2550.0   0.41095
   2555.0   0.41526
   2560.0   0.40695
   2565.0   0.40527
   2570.0   0.41007
   2575.0   0.40350
   2580.0   0.40478
   2585.0   0.40044
   2590.0   0.40556
   2595.0   0.40092
   2600.0   0.40804
   2605.0   0.40252
   2610.0   0.40090
   2615.0   0.39835
   2620.0   0.39511
   2625.0   0.39205
   2630.0   0.38914
   2635.0   0.38869
   2640.0   0.38462
   2645.0   0.37683
   2650.0   0.36793
   2655.0   0.35805
   2660.0   0.34897
   2665.0   0.33736
   2670.0   0.32936
   2675.0   0.32122
   2680.0   0.30641
   2685.0   0.28140
   2690.0   0.24810
   2695.0   0.20967
   2700.0   0.17314
   2705.0   0.13877
   2710.0   0.11693
   2715.0   0.10436
   2720.0   0.09628
   2725.0   0.08710
   2730.0   0.07270
   2735.0   0.06006
   2740.0   0.05231
   2745.0   0.04802
   2750.0   0.04178
   2755.0   0.03820
   2760.0   0.03711
   2765.0   0.03715
   2770.0   0.03599
   2775.0   0.03770
   2780.0   0.02952
   2785.0   0.04275
   2790.0   0.04775
   2795.0   0.04670
   2800.0   0.04152
   2805.0   0.04451
   2810.0   0.04829
   2815.0   0.04950
   2820.0   0.05403
   2825.0   0.05044
   2830.0   0.05150
   2835.0   0.05046
   2840.0   0.04989
   2845.0   0.05219
   2850.0   0.04754
   2855.0   0.04670
   2860.0   0.05184
   2865.0   0.04873
   2870.0   0.04722
   2875.0   0.04718
   2880.0   0.04656
   2885.0   0.04599
   2890.0   0.04469
   2895.0   0.04457
   2900.0   0.04387
   2905.0   0.04415
   2910.0   0.04276
   2915.0   0.04457
   2920.0   0.04282
   2925.0   0.04444
   2930.0   0.04242
   2935.0   0.04306
   2940.0   0.04239
   2945.0   0.04372
   2950.0   0.04246
   2955.0   0.04549
   2960.0   0.04438
   2965.0   0.04495
   2970.0   0.04568
   2975.0   0.04601
   2980.0   0.04832
   2985.0   0.04939
   2990.0   0.05007
   2995.0   0.04878
   3000.0   0.05133
   3005.0   0.05162
   3010.0   0.05110
   3015.0   0.05391
   3020.0   0.05432
   3025.0   0.05486
   3030.0   0.05507
   3035.0   0.05772
   3040.0   0.05884
   3045.0   0.05748
   3050.0   0.05885
   3055.0   0.05919
   3060.0   0.05881
   3065.0   0.05955
   3070.0   0.06014
   3075.0   0.06111
   3080.0   0.06176
   3085.0   0.06111
   3090.0   0.06145
   3095.0   0.06307
   3100.0   0.06409
   3105.0   0.06347
   3110.0   0.06668
   3115.0   0.06866
   3120.0   0.06894
   3125.0   0.07171
   3130.0   0.07225
   3135.0   0.07442
   3140.0   0.07451
   3145.0   0.07780
   3150.0   0.07758
   3155.0   0.08008
   3160.0   0.08278
   3165.0   0.08374
   3170.0   0.08575
   3175.0   0.08740
   3180.0   0.09024
   3185.0   0.09222
   3190.0   0.09370
   3195.0   0.09699
   3200.0   0.09727
   3205.0   0.09975
   3210.0   0.10322
   3215.0   0.10441
   3220.0   0.10631
   3225.0   0.10996
   3230.0   0.11102
   3235.0   0.11380
   3240.0   0.11489
   3245.0   0.11656
   3250.0   0.11979
   3255.0   0.12173
   3260.0   0.12555
   3265.0   0.12713
   3270.0   0.12905
   3275.0   0.13227
   3280.0   0.13390
   3285.0   0.13672
   3290.0   0.13853
   3295.0   0.14197
   3300.0   0.14585
   3305.0   0.14673
   3310.0   0.14930
   3315.0   0.15144
   3320.0   0.15423
   3325.0   0.15622
   3330.0   0.15912
   3335.0   0.15992
   3340.0   0.16266
   3345.0   0.16288
   3350.0   0.16415
   3355.0   0.16499
   3360.0   0.16757
   3365.0   0.16938
   3370.0   0.17148
   3375.0   0.17242
   3380.0   0.17758
   3385.0   0.17975
   3390.0   0.18272
   3395.0   0.18476
   3400.0   0.18617
   3405.0   0.18827
   3410.0   0.19070
   3415.0   0.19184
   3420.0   0.19502
   3425.0   0.19855
   3430.0   0.20275
   3435.0   0.20391
   3440.0   0.20785
   3445.0   0.21085
   3450.0   0.21528
   3455.0   0.21469
   3460.0   0.21659
   3465.0   0.21694
   3470.0   0.21414
   3475.0   0.21633
   3480.0   0.21922
   3485.0   0.22054
   3490.0   0.22389
   3495.0   0.22663
   3500.0   0.22874
   3505.0   0.22859
   3510.0   0.23059
   3515.0   0.23416
   3520.0   0.24539
   3525.0   0.24734
   3530.0   0.25360
   3535.0   0.25308
   3540.0   0.26058
   3545.0   0.25924
   3550.0   0.26369
   3555.0   0.26129
   3560.0   0.27072
   3565.0   0.26718
   3570.0   0.27597
   3575.0   0.27424
   3580.0   0.28117
   3585.0   0.28054
   3590.0   0.29200
   3595.0   0.28372
   3600.0   0.27710



 C4NV09      .ASC                        

 NV-RBS-009                                                              
 @ I=45 E=0                                                              
 RATIOS ADJUSTED USING NBS HALON CALIBRATION TABLE                       

 Source Ang: 45.00   Detect Ang:  0.00  Volt: 0.222
 Date: 25-JAN-89   Time: 16:38:23
