   641
    300.0   0.03986
    305.0   0.03900
    310.0   0.03877
    315.0   0.03949
    320.0   0.04139
    325.0   0.04099
    330.0   0.04222
    335.0   0.04335
    340.0   0.04404
    345.0   0.04483
    350.0   0.04593
    355.0   0.04702
    360.0   0.04780
    365.0   0.04907
    370.0   0.05020
    375.0   0.05103
    380.0   0.05190
    385.0   0.05260
    390.0   0.05349
    395.0   0.05413
    400.0   0.05463
    405.0   0.05519
    410.0   0.05704
    415.0   0.05743
    420.0   0.05798
    425.0   0.05848
    430.0   0.05890
    435.0   0.05917
    440.0   0.05939
    445.0   0.05953
    450.0   0.05955
    455.0   0.05969
    460.0   0.06008
    465.0   0.06047
    470.0   0.06073
    475.0   0.06086
    480.0   0.06122
    485.0   0.06146
    490.0   0.06172
    495.0   0.06225
    500.0   0.06246
    505.0   0.06292
    510.0   0.06319
    515.0   0.06328
    520.0   0.06359
    525.0   0.06404
    530.0   0.06426
    535.0   0.06445
    540.0   0.06496
    545.0   0.06504
    550.0   0.06530
    555.0   0.06529
    560.0   0.06547
    565.0   0.06575
    570.0   0.06593
    575.0   0.06613
    580.0   0.06645
    585.0   0.06650
    590.0   0.06671
    595.0   0.06678
    600.0   0.06699
    605.0   0.06710
    610.0   0.06744
    615.0   0.06738
    620.0   0.06731
    625.0   0.06736
    630.0   0.06737
    635.0   0.06747
    640.0   0.06765
    645.0   0.06763
    650.0   0.06767
    655.0   0.06763
    660.0   0.06782
    665.0   0.06803
    670.0   0.06785
    675.0   0.06781
    680.0   0.06780
    685.0   0.06804
    690.0   0.06797
    695.0   0.06822
    700.0   0.06831
    705.0   0.06841
    710.0   0.06840
    715.0   0.06852
    720.0   0.06852
    725.0   0.06853
    730.0   0.06845
    735.0   0.06863
    740.0   0.06847
    745.0   0.06854
    750.0   0.06854
    755.0   0.06859
    760.0   0.06882
    765.0   0.06891
    770.0   0.06891
    775.0   0.06890
    780.0   0.06883
    785.0   0.06880
    790.0   0.06874
    795.0   0.06867
    800.0   0.06875
    805.0   0.06870
    810.0   0.06875
    815.0   0.06863
    820.0   0.06850
    825.0   0.06799
    830.0   0.06823
    835.0   0.06799
    840.0   0.06829
    845.0   0.06802
    850.0   0.06795
    855.0   0.06726
    860.0   0.06755
    865.0   0.06789
    870.0   0.06804
    875.0   0.06701
    880.0   0.06666
    885.0   0.06603
    890.0   0.06649
    895.0   0.06669
    900.0   0.06621
    905.0   0.06614
    910.0   0.06563
    915.0   0.06628
    920.0   0.06569
    925.0   0.06547
    930.0   0.06472
    935.0   0.06483
    940.0   0.06482
    945.0   0.06431
    950.0   0.06368
    955.0   0.06383
    960.0   0.06294
    965.0   0.06281
    970.0   0.06263
    975.0   0.06252
    980.0   0.06222
    985.0   0.06194
    990.0   0.06178
    995.0   0.06161
   1000.0   0.06111
   1005.0   0.06077
   1010.0   0.06071
   1015.0   0.06081
   1020.0   0.06056
   1025.0   0.06074
   1030.0   0.06054
   1035.0   0.06052
   1040.0   0.06072
   1045.0   0.06072
   1050.0   0.06062
   1055.0   0.06085
   1060.0   0.06090
   1065.0   0.06123
   1070.0   0.06135
   1075.0   0.06136
   1080.0   0.06146
   1085.0   0.06137
   1090.0   0.06151
   1095.0   0.06181
   1100.0   0.06208
   1105.0   0.06206
   1110.0   0.06216
   1115.0   0.06248
   1120.0   0.06239
   1125.0   0.06296
   1130.0   0.06325
   1135.0   0.06337
   1140.0   0.06367
   1145.0   0.06353
   1150.0   0.06394
   1155.0   0.06398
   1160.0   0.06404
   1165.0   0.06397
   1170.0   0.06377
   1175.0   0.06425
   1180.0   0.06457
   1185.0   0.06408
   1190.0   0.06406
   1195.0   0.06395
   1200.0   0.06414
   1205.0   0.06435
   1210.0   0.06375
   1215.0   0.06392
   1220.0   0.06412
   1225.0   0.06423
   1230.0   0.06437
   1235.0   0.06442
   1240.0   0.06408
   1245.0   0.06435
   1250.0   0.06429
   1255.0   0.06465
   1260.0   0.06459
   1265.0   0.06453
   1270.0   0.06481
   1275.0   0.06484
   1280.0   0.06489
   1285.0   0.06474
   1290.0   0.06490
   1295.0   0.06473
   1300.0   0.06481
   1305.0   0.06500
   1310.0   0.06504
   1315.0   0.06496
   1320.0   0.06499
   1325.0   0.06480
   1330.0   0.06481
   1335.0   0.06457
   1340.0   0.06468
   1345.0   0.06478
   1350.0   0.06494
   1355.0   0.06521
   1360.0   0.06510
   1365.0   0.06545
   1370.0   0.06509
   1375.0   0.06549
   1380.0   0.06474
   1385.0   0.06484
   1390.0   0.06518
   1395.0   0.06477
   1400.0   0.06531
   1405.0   0.06580
   1410.0   0.06561
   1415.0   0.06520
   1420.0   0.06512
   1425.0   0.06533
   1430.0   0.06515
   1435.0   0.06558
   1440.0   0.06556
   1445.0   0.06577
   1450.0   0.06557
   1455.0   0.06564
   1460.0   0.06534
   1465.0   0.06555
   1470.0   0.06561
   1475.0   0.06581
   1480.0   0.06594
   1485.0   0.06618
   1490.0   0.06624
   1495.0   0.06615
   1500.0   0.06626
   1505.0   0.06606
   1510.0   0.06623
   1515.0   0.06630
   1520.0   0.06624
   1525.0   0.06633
   1530.0   0.06619
   1535.0   0.06587
   1540.0   0.06628
   1545.0   0.06629
   1550.0   0.06622
   1555.0   0.06646
   1560.0   0.06624
   1565.0   0.06592
   1570.0   0.06631
   1575.0   0.06601
   1580.0   0.06561
   1585.0   0.06570
   1590.0   0.06578
   1595.0   0.06609
   1600.0   0.06618
   1605.0   0.06625
   1610.0   0.06607
   1615.0   0.06626
   1620.0   0.06598
   1625.0   0.06636
   1630.0   0.06624
   1635.0   0.06600
   1640.0   0.06626
   1645.0   0.06615
   1650.0   0.06564
   1655.0   0.06620
   1660.0   0.06618
   1665.0   0.06591
   1670.0   0.06578
   1675.0   0.06558
   1680.0   0.06553
   1685.0   0.06552
   1690.0   0.06575
   1695.0   0.06562
   1700.0   0.06587
   1705.0   0.06562
   1710.0   0.06547
   1715.0   0.06564
   1720.0   0.06549
   1725.0   0.06538
   1730.0   0.06514
   1735.0   0.06507
   1740.0   0.06563
   1745.0   0.06593
   1750.0   0.06567
   1755.0   0.06530
   1760.0   0.06519
   1765.0   0.06527
   1770.0   0.06564
   1775.0   0.06533
   1780.0   0.06579
   1785.0   0.06549
   1790.0   0.06553
   1795.0   0.06524
   1800.0   0.06540
   1805.0   0.06551
   1810.0   0.06546
   1815.0   0.06494
   1820.0   0.06471
   1825.0   0.06495
   1830.0   0.06519
   1835.0   0.06537
   1840.0   0.06468
   1845.0   0.06495
   1850.0   0.06504
   1855.0   0.06495
   1860.0   0.06491
   1865.0   0.06508
   1870.0   0.06483
   1875.0   0.06420
   1880.0   0.06607
   1885.0   0.06609
   1890.0   0.06494
   1895.0   0.06474
   1900.0   0.06454
   1905.0   0.06358
   1910.0   0.06387
   1915.0   0.06381
   1920.0   0.06376
   1925.0   0.06384
   1930.0   0.06389
   1935.0   0.06389
   1940.0   0.06377
   1945.0   0.06416
   1950.0   0.06396
   1955.0   0.06380
   1960.0   0.06354
   1965.0   0.06347
   1970.0   0.06382
   1975.0   0.06370
   1980.0   0.06369
   1985.0   0.06359
   1990.0   0.06347
   1995.0   0.06365
   2000.0   0.06389
   2005.0   0.06398
   2010.0   0.06416
   2015.0   0.06432
   2020.0   0.06455
   2025.0   0.06447
   2030.0   0.06427
   2035.0   0.06414
   2040.0   0.06410
   2045.0   0.06387
   2050.0   0.06403
   2055.0   0.06411
   2060.0   0.06399
   2065.0   0.06391
   2070.0   0.06429
   2075.0   0.06444
   2080.0   0.06407
   2085.0   0.06355
   2090.0   0.06375
   2095.0   0.06374
   2100.0   0.06375
   2105.0   0.06378
   2110.0   0.06379
   2115.0   0.06377
   2120.0   0.06344
   2125.0   0.06317
   2130.0   0.06367
   2135.0   0.06345
   2140.0   0.06330
   2145.0   0.06325
   2150.0   0.06326
   2155.0   0.06299
   2160.0   0.06292
   2165.0   0.06298
   2170.0   0.06287
   2175.0   0.06262
   2180.0   0.06287
   2185.0   0.06290
   2190.0   0.06289
   2195.0   0.06298
   2200.0   0.06289
   2205.0   0.06285
   2210.0   0.06302
   2215.0   0.06270
   2220.0   0.06257
   2225.0   0.06259
   2230.0   0.06262
   2235.0   0.06233
   2240.0   0.06248
   2245.0   0.06252
   2250.0   0.06266
   2255.0   0.06269
   2260.0   0.06235
   2265.0   0.06217
   2270.0   0.06206
   2275.0   0.06250
   2280.0   0.06273
   2285.0   0.06234
   2290.0   0.06263
   2295.0   0.06237
   2300.0   0.06227
   2305.0   0.06248
   2310.0   0.06273
   2315.0   0.06249
   2320.0   0.06223
   2325.0   0.06236
   2330.0   0.06294
   2335.0   0.06325
   2340.0   0.06291
   2345.0   0.06250
   2350.0   0.06242
   2355.0   0.06258
   2360.0   0.06245
   2365.0   0.06229
   2370.0   0.06260
   2375.0   0.06253
   2380.0   0.06198
   2385.0   0.06189
   2390.0   0.06160
   2395.0   0.06139
   2400.0   0.06139
   2405.0   0.06153
   2410.0   0.06153
   2415.0   0.06159
   2420.0   0.06154
   2425.0   0.06207
   2430.0   0.06227
   2435.0   0.06216
   2440.0   0.06215
   2445.0   0.06185
   2450.0   0.06179
   2455.0   0.06159
   2460.0   0.06196
   2465.0   0.06199
   2470.0   0.06210
   2475.0   0.06279
   2480.0   0.06303
   2485.0   0.06214
   2490.0   0.06199
   2495.0   0.06203
   2500.0   0.06219
   2505.0   0.06218
   2510.0   0.06222
   2515.0   0.06236
   2520.0   0.06215
   2525.0   0.06250
   2530.0   0.06217
   2535.0   0.06211
   2540.0   0.06263
   2545.0   0.06236
   2550.0   0.06194
   2555.0   0.06251
   2560.0   0.06299
   2565.0   0.06098
   2570.0   0.06270
   2575.0   0.06244
   2580.0   0.06278
   2585.0   0.06291
   2590.0   0.06302
   2595.0   0.06351
   2600.0   0.06354
   2605.0   0.06357
   2610.0   0.06389
   2615.0   0.06344
   2620.0   0.06408
   2625.0   0.06479
   2630.0   0.06472
   2635.0   0.06455
   2640.0   0.06527
   2645.0   0.06581
   2650.0   0.06545
   2655.0   0.06430
   2660.0   0.06298
   2665.0   0.06145
   2670.0   0.06018
   2675.0   0.05843
   2680.0   0.05866
   2685.0   0.06207
   2690.0   0.06576
   2695.0   0.06519
   2700.0   0.06390
   2705.0   0.06233
   2710.0   0.06134
   2715.0   0.06035
   2720.0   0.05877
   2725.0   0.05755
   2730.0   0.05630
   2735.0   0.05731
   2740.0   0.05691
   2745.0   0.05623
   2750.0   0.05423
   2755.0   0.05023
   2760.0   0.05736
   2765.0   0.05499
   2770.0   0.05071
   2775.0   0.05733
   2780.0   0.06446
   2785.0   0.05558
   2790.0   0.05205
   2795.0   0.06141
   2800.0   0.05887
   2805.0   0.05600
   2810.0   0.04980
   2815.0   0.04712
   2820.0   0.05608
   2825.0   0.05309
   2830.0   0.04845
   2835.0   0.04663
   2840.0   0.05406
   2845.0   0.04418
   2850.0   0.04779
   2855.0   0.04919
   2860.0   0.04642
   2865.0   0.05100
   2870.0   0.05235
   2875.0   0.05197
   2880.0   0.04709
   2885.0   0.05078
   2890.0   0.04758
   2895.0   0.05044
   2900.0   0.04673
   2905.0   0.04845
   2910.0   0.05019
   2915.0   0.04706
   2920.0   0.05023
   2925.0   0.05202
   2930.0   0.05168
   2935.0   0.05186
   2940.0   0.04915
   2945.0   0.04695
   2950.0   0.05142
   2955.0   0.04982
   2960.0   0.05152
   2965.0   0.05033
   2970.0   0.05354
   2975.0   0.05136
   2980.0   0.05228
   2985.0   0.05060
   2990.0   0.05283
   2995.0   0.05053
   3000.0   0.05161
   3005.0   0.04917
   3010.0   0.05126
   3015.0   0.05144
   3020.0   0.05134
   3025.0   0.05032
   3030.0   0.05008
   3035.0   0.04839
   3040.0   0.05183
   3045.0   0.05051
   3050.0   0.05252
   3055.0   0.05240
   3060.0   0.05159
   3065.0   0.05128
   3070.0   0.05190
   3075.0   0.05297
   3080.0   0.05174
   3085.0   0.05411
   3090.0   0.05229
   3095.0   0.05542
   3100.0   0.05300
   3105.0   0.05256
   3110.0   0.05276
   3115.0   0.05376
   3120.0   0.05307
   3125.0   0.05324
   3130.0   0.05287
   3135.0   0.05333
   3140.0   0.05263
   3145.0   0.05352
   3150.0   0.05324
   3155.0   0.05400
   3160.0   0.05454
   3165.0   0.05486
   3170.0   0.05483
   3175.0   0.05361
   3180.0   0.05362
   3185.0   0.05396
   3190.0   0.05494
   3195.0   0.05451
   3200.0   0.05365
   3205.0   0.05624
   3210.0   0.05701
   3215.0   0.05601
   3220.0   0.05258
   3225.0   0.05579
   3230.0   0.05566
   3235.0   0.05569
   3240.0   0.05697
   3245.0   0.05574
   3250.0   0.05648
   3255.0   0.05607
   3260.0   0.05642
   3265.0   0.05724
   3270.0   0.05801
   3275.0   0.05521
   3280.0   0.05598
   3285.0   0.05650
   3290.0   0.05640
   3295.0   0.05849
   3300.0   0.05796
   3305.0   0.05865
   3310.0   0.05675
   3315.0   0.05840
   3320.0   0.05900
   3325.0   0.05961
   3330.0   0.06022
   3335.0   0.06118
   3340.0   0.06037
   3345.0   0.06018
   3350.0   0.06046
   3355.0   0.06219
   3360.0   0.06029
   3365.0   0.06159
   3370.0   0.06274
   3375.0   0.06135
   3380.0   0.05951
   3385.0   0.06321
   3390.0   0.06251
   3395.0   0.06111
   3400.0   0.06228
   3405.0   0.06390
   3410.0   0.06258
   3415.0   0.06300
   3420.0   0.06413
   3425.0   0.06361
   3430.0   0.06482
   3435.0   0.06446
   3440.0   0.06101
   3445.0   0.06287
   3450.0   0.06480
   3455.0   0.06465
   3460.0   0.05893
   3465.0   0.06072
   3470.0   0.05743
   3475.0   0.06197
   3480.0   0.06115
   3485.0   0.06187
   3490.0   0.06066
   3495.0   0.05968
   3500.0   0.05786



 C4RS14      .ASC                        

 RS-CMP-014                                                              
 KONA (HAWAII) BASALT FRESH BROKEN SURFACE ON BACK OF BRIGHT YELLOW COAT 
 RATIOS ADJUSTED USING NBS HALON CALIBRATION TABLE                       

 Source Ang: 30.00   Detect Ang:  0.00  Volt: 0.222
 Date: 13-JUL-89   Time: 15:02:43
