   661
    300.0   0.08035
    305.0   0.08670
    310.0   0.09354
    315.0   0.09777
    320.0   0.10690
    325.0   0.11450
    330.0   0.12014
    335.0   0.12555
    340.0   0.13389
    345.0   0.13878
    350.0   0.14346
    355.0   0.14820
    360.0   0.15310
    365.0   0.15718
    370.0   0.16117
    375.0   0.16805
    380.0   0.17483
    385.0   0.18215
    390.0   0.19007
    395.0   0.19750
    400.0   0.20287
    405.0   0.21100
    410.0   0.22100
    415.0   0.22697
    420.0   0.23302
    425.0   0.23999
    430.0   0.24816
    435.0   0.25644
    440.0   0.26635
    445.0   0.27442
    450.0   0.28364
    455.0   0.29043
    460.0   0.29641
    465.0   0.30133
    470.0   0.30602
    475.0   0.30992
    480.0   0.31468
    485.0   0.32033
    490.0   0.32557
    495.0   0.33166
    500.0   0.33853
    505.0   0.34670
    510.0   0.35419
    515.0   0.36218
    520.0   0.37018
    525.0   0.37899
    530.0   0.38739
    535.0   0.39648
    540.0   0.40508
    545.0   0.41400
    550.0   0.42416
    555.0   0.43343
    560.0   0.44383
    565.0   0.45448
    570.0   0.46453
    575.0   0.47395
    580.0   0.48299
    585.0   0.49044
    590.0   0.49765
    595.0   0.50441
    600.0   0.50882
    605.0   0.51333
    610.0   0.51670
    615.0   0.52049
    620.0   0.52249
    625.0   0.52535
    630.0   0.52758
    635.0   0.53008
    640.0   0.53284
    645.0   0.53616
    650.0   0.53831
    655.0   0.54245
    660.0   0.54400
    665.0   0.54751
    670.0   0.55024
    675.0   0.55399
    680.0   0.55726
    685.0   0.55994
    690.0   0.56349
    695.0   0.56577
    700.0   0.56930
    705.0   0.57176
    710.0   0.57504
    715.0   0.57653
    720.0   0.57940
    725.0   0.58222
    730.0   0.58364
    735.0   0.58539
    740.0   0.58766
    745.0   0.58830
    750.0   0.59083
    755.0   0.59146
    760.0   0.59446
    765.0   0.59671
    770.0   0.59808
    775.0   0.59836
    780.0   0.59929
    785.0   0.59996
    790.0   0.60156
    795.0   0.60233
    800.0   0.60192
    805.0   0.60326
    810.0   0.60417
    815.0   0.60391
    820.0   0.60544
    825.0   0.60405
    830.0   0.60386
    835.0   0.60445
    840.0   0.60454
    845.0   0.60540
    850.0   0.60535
    855.0   0.60435
    860.0   0.60356
    865.0   0.60282
    870.0   0.60298
    875.0   0.60251
    880.0   0.60361
    885.0   0.60257
    890.0   0.60304
    895.0   0.60429
    900.0   0.60355
    905.0   0.60671
    910.0   0.60590
    915.0   0.60876
    920.0   0.60735
    925.0   0.60677
    930.0   0.60862
    935.0   0.60797
    940.0   0.61030
    945.0   0.61006
    950.0   0.61233
    955.0   0.61475
    960.0   0.61498
    965.0   0.61426
    970.0   0.61537
    975.0   0.61662
    980.0   0.61720
    985.0   0.61862
    990.0   0.62051
    995.0   0.62083
   1000.0   0.61966
   1005.0   0.62113
   1010.0   0.62136
   1015.0   0.62157
   1020.0   0.62282
   1025.0   0.62278
   1030.0   0.62395
   1035.0   0.62461
   1040.0   0.62434
   1045.0   0.62613
   1050.0   0.62793
   1055.0   0.63044
   1060.0   0.63083
   1065.0   0.63269
   1070.0   0.63152
   1075.0   0.63091
   1080.0   0.63469
   1085.0   0.63440
   1090.0   0.63570
   1095.0   0.63601
   1100.0   0.63404
   1105.0   0.63378
   1110.0   0.63524
   1115.0   0.63622
   1120.0   0.63710
   1125.0   0.63829
   1130.0   0.63828
   1135.0   0.63764
   1140.0   0.63784
   1145.0   0.63829
   1150.0   0.63807
   1155.0   0.63709
   1160.0   0.63970
   1165.0   0.64245
   1170.0   0.64111
   1175.0   0.64122
   1180.0   0.64388
   1185.0   0.64039
   1190.0   0.64229
   1195.0   0.64186
   1200.0   0.64345
   1205.0   0.64056
   1210.0   0.64332
   1215.0   0.64266
   1220.0   0.64326
   1225.0   0.64180
   1230.0   0.64220
   1235.0   0.64254
   1240.0   0.64304
   1245.0   0.64308
   1250.0   0.64384
   1255.0   0.64121
   1260.0   0.64561
   1265.0   0.64625
   1270.0   0.64653
   1275.0   0.64695
   1280.0   0.64809
   1285.0   0.64804
   1290.0   0.64947
   1295.0   0.64926
   1300.0   0.65157
   1305.0   0.65109
   1310.0   0.65011
   1315.0   0.65224
   1320.0   0.65152
   1325.0   0.65261
   1330.0   0.65178
   1335.0   0.65317
   1340.0   0.65362
   1345.0   0.65363
   1350.0   0.65302
   1355.0   0.65268
   1360.0   0.65013
   1365.0   0.65442
   1370.0   0.65513
   1375.0   0.65455
   1380.0   0.65101
   1385.0   0.65281
   1390.0   0.64709
   1395.0   0.64134
   1400.0   0.63773
   1405.0   0.63166
   1410.0   0.62587
   1415.0   0.62054
   1420.0   0.62661
   1425.0   0.63111
   1430.0   0.63599
   1435.0   0.63925
   1440.0   0.63928
   1445.0   0.64387
   1450.0   0.64679
   1455.0   0.64797
   1460.0   0.64854
   1465.0   0.64804
   1470.0   0.64995
   1475.0   0.65193
   1480.0   0.65131
   1485.0   0.65269
   1490.0   0.65200
   1495.0   0.65490
   1500.0   0.65631
   1505.0   0.65710
   1510.0   0.65595
   1515.0   0.65623
   1520.0   0.65900
   1525.0   0.65937
   1530.0   0.65925
   1535.0   0.65902
   1540.0   0.66094
   1545.0   0.66119
   1550.0   0.66259
   1555.0   0.66229
   1560.0   0.66178
   1565.0   0.66207
   1570.0   0.66445
   1575.0   0.66560
   1580.0   0.66613
   1585.0   0.66257
   1590.0   0.66677
   1595.0   0.66563
   1600.0   0.66707
   1605.0   0.66337
   1610.0   0.66432
   1615.0   0.66550
   1620.0   0.66751
   1625.0   0.66487
   1630.0   0.66705
   1635.0   0.66512
   1640.0   0.66498
   1645.0   0.66531
   1650.0   0.66813
   1655.0   0.66935
   1660.0   0.66427
   1665.0   0.66475
   1670.0   0.67167
   1675.0   0.67264
   1680.0   0.66722
   1685.0   0.66748
   1690.0   0.66782
   1695.0   0.66782
   1700.0   0.66968
   1705.0   0.66864
   1710.0   0.66859
   1715.0   0.66767
   1720.0   0.66799
   1725.0   0.66682
   1730.0   0.66846
   1735.0   0.66723
   1740.0   0.66824
   1745.0   0.66808
   1750.0   0.66621
   1755.0   0.66691
   1760.0   0.66826
   1765.0   0.66590
   1770.0   0.66439
   1775.0   0.66309
   1780.0   0.66157
   1785.0   0.66272
   1790.0   0.66247
   1795.0   0.66444
   1800.0   0.66311
   1805.0   0.66132
   1810.0   0.66134
   1815.0   0.66136
   1820.0   0.66209
   1825.0   0.66416
   1830.0   0.66603
   1835.0   0.66545
   1840.0   0.66373
   1845.0   0.66542
   1850.0   0.66230
   1855.0   0.66249
   1860.0   0.66198
   1865.0   0.66089
   1870.0   0.65458
   1875.0   0.65990
   1880.0   0.65959
   1885.0   0.64955
   1890.0   0.63872
   1895.0   0.62221
   1900.0   0.60350
   1905.0   0.58829
   1910.0   0.57834
   1915.0   0.57490
   1920.0   0.58010
   1925.0   0.58511
   1930.0   0.59022
   1935.0   0.59711
   1940.0   0.60210
   1945.0   0.60303
   1950.0   0.60456
   1955.0   0.60895
   1960.0   0.61200
   1965.0   0.61336
   1970.0   0.61543
   1975.0   0.61714
   1980.0   0.62087
   1985.0   0.62298
   1990.0   0.62488
   1995.0   0.62757
   2000.0   0.63104
   2005.0   0.63273
   2010.0   0.63545
   2015.0   0.63580
   2020.0   0.63774
   2025.0   0.64107
   2030.0   0.63977
   2035.0   0.63717
   2040.0   0.63815
   2045.0   0.64010
   2050.0   0.64008
   2055.0   0.64417
   2060.0   0.64520
   2065.0   0.64389
   2070.0   0.64350
   2075.0   0.64572
   2080.0   0.64648
   2085.0   0.64609
   2090.0   0.64618
   2095.0   0.64734
   2100.0   0.64699
   2105.0   0.64877
   2110.0   0.64677
   2115.0   0.64619
   2120.0   0.64678
   2125.0   0.64575
   2130.0   0.64660
   2135.0   0.64558
   2140.0   0.64455
   2145.0   0.64373
   2150.0   0.64447
   2155.0   0.64158
   2160.0   0.63910
   2165.0   0.63659
   2170.0   0.63364
   2175.0   0.63100
   2180.0   0.62781
   2185.0   0.62461
   2190.0   0.62146
   2195.0   0.61743
   2200.0   0.61203
   2205.0   0.60779
   2210.0   0.60523
   2215.0   0.60581
   2220.0   0.60902
   2225.0   0.60961
   2230.0   0.61261
   2235.0   0.61447
   2240.0   0.61608
   2245.0   0.61528
   2250.0   0.61616
   2255.0   0.61653
   2260.0   0.61855
   2265.0   0.62085
   2270.0   0.62177
   2275.0   0.62460
   2280.0   0.62157
   2285.0   0.61896
   2290.0   0.61989
   2295.0   0.61773
   2300.0   0.61656
   2305.0   0.61582
   2310.0   0.61243
   2315.0   0.60769
   2320.0   0.60770
   2325.0   0.60761
   2330.0   0.60658
   2335.0   0.60634
   2340.0   0.60224
   2345.0   0.59766
   2350.0   0.59595
   2355.0   0.59541
   2360.0   0.59734
   2365.0   0.59544
   2370.0   0.59218
   2375.0   0.58963
   2380.0   0.58484
   2385.0   0.58380
   2390.0   0.58315
   2395.0   0.58151
   2400.0   0.58057
   2405.0   0.57883
   2410.0   0.57601
   2415.0   0.57059
   2420.0   0.57024
   2425.0   0.56928
   2430.0   0.56623
   2435.0   0.56217
   2440.0   0.56095
   2445.0   0.55891
   2450.0   0.55606
   2455.0   0.55524
   2460.0   0.55423
   2465.0   0.54885
   2470.0   0.54499
   2475.0   0.54491
   2480.0   0.54252
   2485.0   0.53790
   2490.0   0.53625
   2495.0   0.53430
   2500.0   0.53374
   2505.0   0.53309
   2510.0   0.53273
   2515.0   0.53244
   2520.0   0.52685
   2525.0   0.52496
   2530.0   0.52649
   2535.0   0.52417
   2540.0   0.52334
   2545.0   0.52246
   2550.0   0.52492
   2555.0   0.52664
   2560.0   0.52016
   2565.0   0.52290
   2570.0   0.52424
   2575.0   0.52167
   2580.0   0.51964
   2585.0   0.51828
   2590.0   0.52330
   2595.0   0.51523
   2600.0   0.52250
   2605.0   0.51486
   2610.0   0.51347
   2615.0   0.51146
   2620.0   0.51017
   2625.0   0.50784
   2630.0   0.50477
   2635.0   0.50234
   2640.0   0.49882
   2645.0   0.49124
   2650.0   0.48208
   2655.0   0.47214
   2660.0   0.46010
   2665.0   0.44820
   2670.0   0.43957
   2675.0   0.42624
   2680.0   0.40781
   2685.0   0.37349
   2690.0   0.32888
   2695.0   0.27625
   2700.0   0.22990
   2705.0   0.18704
   2710.0   0.16466
   2715.0   0.15263
   2720.0   0.14118
   2725.0   0.12589
   2730.0   0.10553
   2735.0   0.09246
   2740.0   0.07692
   2745.0   0.06896
   2750.0   0.06148
   2755.0   0.05643
   2760.0   0.05187
   2765.0   0.05756
   2770.0   0.06678
   2775.0   0.05666
   2780.0   0.07500
   2785.0   0.05907
   2790.0   0.07512
   2795.0   0.07503
   2800.0   0.07759
   2805.0   0.07649
   2810.0   0.07248
   2815.0   0.08108
   2820.0   0.07377
   2825.0   0.07151
   2830.0   0.07881
   2835.0   0.07930
   2840.0   0.08061
   2845.0   0.07321
   2850.0   0.07767
   2855.0   0.06993
   2860.0   0.07847
   2865.0   0.07168
   2870.0   0.07039
   2875.0   0.07434
   2880.0   0.06804
   2885.0   0.07069
   2890.0   0.07031
   2895.0   0.06879
   2900.0   0.07169
   2905.0   0.06964
   2910.0   0.06819
   2915.0   0.06933
   2920.0   0.06767
   2925.0   0.06567
   2930.0   0.06349
   2935.0   0.06958
   2940.0   0.06847
   2945.0   0.06805
   2950.0   0.06995
   2955.0   0.07010
   2960.0   0.07258
   2965.0   0.07368
   2970.0   0.07390
   2975.0   0.07342
   2980.0   0.07427
   2985.0   0.07530
   2990.0   0.07731
   2995.0   0.07751
   3000.0   0.07885
   3005.0   0.07546
   3010.0   0.08122
   3015.0   0.07970
   3020.0   0.08513
   3025.0   0.08667
   3030.0   0.08748
   3035.0   0.08642
   3040.0   0.08938
   3045.0   0.09228
   3050.0   0.08968
   3055.0   0.09126
   3060.0   0.09039
   3065.0   0.09262
   3070.0   0.09512
   3075.0   0.09517
   3080.0   0.09668
   3085.0   0.09454
   3090.0   0.09738
   3095.0   0.09756
   3100.0   0.10235
   3105.0   0.10218
   3110.0   0.10399
   3115.0   0.10473
   3120.0   0.10864
   3125.0   0.11006
   3130.0   0.11384
   3135.0   0.11401
   3140.0   0.11799
   3145.0   0.12139
   3150.0   0.12122
   3155.0   0.12659
   3160.0   0.12707
   3165.0   0.13210
   3170.0   0.13346
   3175.0   0.13814
   3180.0   0.13950
   3185.0   0.14227
   3190.0   0.14649
   3195.0   0.14656
   3200.0   0.14773
   3205.0   0.15131
   3210.0   0.15195
   3215.0   0.15942
   3220.0   0.16043
   3225.0   0.16460
   3230.0   0.16803
   3235.0   0.17210
   3240.0   0.17542
   3245.0   0.17522
   3250.0   0.18049
   3255.0   0.18400
   3260.0   0.18764
   3265.0   0.18920
   3270.0   0.19031
   3275.0   0.19635
   3280.0   0.20135
   3285.0   0.20412
   3290.0   0.20259
   3295.0   0.20870
   3300.0   0.20634
   3305.0   0.21446
   3310.0   0.21848
   3315.0   0.22524
   3320.0   0.22491
   3325.0   0.22872
   3330.0   0.23048
   3335.0   0.23110
   3340.0   0.23307
   3345.0   0.23267
   3350.0   0.23577
   3355.0   0.24034
   3360.0   0.24279
   3365.0   0.24863
   3370.0   0.24461
   3375.0   0.24567
   3380.0   0.24977
   3385.0   0.24841
   3390.0   0.25281
   3395.0   0.25272
   3400.0   0.25318
   3405.0   0.25508
   3410.0   0.25325
   3415.0   0.25594
   3420.0   0.25915
   3425.0   0.26462
   3430.0   0.26555
   3435.0   0.27349
   3440.0   0.27469
   3445.0   0.28573
   3450.0   0.28771
   3455.0   0.29418
   3460.0   0.29921
   3465.0   0.29966
   3470.0   0.29370
   3475.0   0.29656
   3480.0   0.29993
   3485.0   0.29776
   3490.0   0.30351
   3495.0   0.30749
   3500.0   0.30295
   3505.0   0.31519
   3510.0   0.31280
   3515.0   0.32721
   3520.0   0.33347
   3525.0   0.32658
   3530.0   0.33788
   3535.0   0.34081
   3540.0   0.34635
   3545.0   0.35325
   3550.0   0.35028
   3555.0   0.34344
   3560.0   0.36297
   3565.0   0.37177
   3570.0   0.35932
   3575.0   0.36993
   3580.0   0.38019
   3585.0   0.36864
   3590.0   0.37114
   3595.0   0.36782
   3600.0   0.38768



 C5NV10      .ASC                        

 NV-RBS-010                                                              
 CN-22C CHIP AT 60,0                                                     
 RATIOS ADJUSTED USING NBS HALON CALIBRATION TABLE                       

 Source Ang: 60.00   Detect Ang:  0.00  Volt: 0.222
 Date: 10-FEB-89   Time: 17:12:31
