   661
    300.0   0.40565
    305.0   0.41565
    310.0   0.42474
    315.0   0.43541
    320.0   0.44100
    325.0   0.44637
    330.0   0.45600
    335.0   0.46295
    340.0   0.47675
    345.0   0.49112
    350.0   0.50843
    355.0   0.53069
    360.0   0.55625
    365.0   0.58475
    370.0   0.61370
    375.0   0.64050
    380.0   0.66109
    385.0   0.67551
    390.0   0.69044
    395.0   0.70031
    400.0   0.70497
    405.0   0.71075
    410.0   0.73851
    415.0   0.74119
    420.0   0.74339
    425.0   0.74894
    430.0   0.75470
    435.0   0.75903
    440.0   0.76562
    445.0   0.77130
    450.0   0.77600
    455.0   0.78009
    460.0   0.78278
    465.0   0.78670
    470.0   0.79076
    475.0   0.79269
    480.0   0.79426
    485.0   0.79701
    490.0   0.79996
    495.0   0.80373
    500.0   0.80778
    505.0   0.81079
    510.0   0.81482
    515.0   0.81917
    520.0   0.82369
    525.0   0.82865
    530.0   0.83086
    535.0   0.83293
    540.0   0.83615
    545.0   0.83835
    550.0   0.84384
    555.0   0.84735
    560.0   0.85110
    565.0   0.85487
    570.0   0.85828
    575.0   0.86166
    580.0   0.86357
    585.0   0.86674
    590.0   0.86767
    595.0   0.86958
    600.0   0.87202
    605.0   0.87335
    610.0   0.87239
    615.0   0.87092
    620.0   0.86878
    625.0   0.86884
    630.0   0.86740
    635.0   0.86787
    640.0   0.86821
    645.0   0.86760
    650.0   0.86734
    655.0   0.86980
    660.0   0.86975
    665.0   0.87084
    670.0   0.87015
    675.0   0.87147
    680.0   0.87205
    685.0   0.87443
    690.0   0.87936
    695.0   0.88485
    700.0   0.88876
    705.0   0.89200
    710.0   0.89372
    715.0   0.89725
    720.0   0.89815
    725.0   0.89889
    730.0   0.90002
    735.0   0.90065
    740.0   0.90336
    745.0   0.90383
    750.0   0.90505
    755.0   0.90665
    760.0   0.91083
    765.0   0.91298
    770.0   0.91453
    775.0   0.91559
    780.0   0.91583
    785.0   0.91561
    790.0   0.91560
    795.0   0.91574
    800.0   0.91728
    805.0   0.91776
    810.0   0.91674
    815.0   0.91691
    820.0   0.91698
    825.0   0.91540
    830.0   0.91692
    835.0   0.91809
    840.0   0.91695
    845.0   0.91769
    850.0   0.91838
    855.0   0.91950
    860.0   0.91947
    865.0   0.92021
    870.0   0.92089
    875.0   0.92142
    880.0   0.91880
    885.0   0.92205
    890.0   0.92383
    895.0   0.92176
    900.0   0.92175
    905.0   0.92232
    910.0   0.92125
    915.0   0.92047
    920.0   0.92148
    925.0   0.92015
    930.0   0.92210
    935.0   0.92158
    940.0   0.92359
    945.0   0.92186
    950.0   0.92202
    955.0   0.92099
    960.0   0.92239
    965.0   0.92192
    970.0   0.91918
    975.0   0.92066
    980.0   0.91962
    985.0   0.92089
    990.0   0.92053
    995.0   0.91915
   1000.0   0.92034
   1005.0   0.91868
   1010.0   0.91984
   1015.0   0.92127
   1020.0   0.92259
   1025.0   0.92388
   1030.0   0.92396
   1035.0   0.92213
   1040.0   0.92381
   1045.0   0.92494
   1050.0   0.92515
   1055.0   0.92499
   1060.0   0.92463
   1065.0   0.92343
   1070.0   0.92509
   1075.0   0.92379
   1080.0   0.92441
   1085.0   0.92373
   1090.0   0.92473
   1095.0   0.92457
   1100.0   0.92457
   1105.0   0.92518
   1110.0   0.92461
   1115.0   0.92377
   1120.0   0.92414
   1125.0   0.92581
   1130.0   0.92451
   1135.0   0.92212
   1140.0   0.92502
   1145.0   0.92175
   1150.0   0.91926
   1155.0   0.91863
   1160.0   0.92081
   1165.0   0.91867
   1170.0   0.91957
   1175.0   0.92034
   1180.0   0.92069
   1185.0   0.92050
   1190.0   0.92063
   1195.0   0.91839
   1200.0   0.91484
   1205.0   0.91610
   1210.0   0.91354
   1215.0   0.91474
   1220.0   0.91653
   1225.0   0.91272
   1230.0   0.91083
   1235.0   0.91011
   1240.0   0.91073
   1245.0   0.91132
   1250.0   0.91161
   1255.0   0.91018
   1260.0   0.90854
   1265.0   0.90567
   1270.0   0.90741
   1275.0   0.90822
   1280.0   0.91094
   1285.0   0.91527
   1290.0   0.91978
   1295.0   0.91979
   1300.0   0.92043
   1305.0   0.91891
   1310.0   0.91868
   1315.0   0.91742
   1320.0   0.91621
   1325.0   0.91456
   1330.0   0.91211
   1335.0   0.91054
   1340.0   0.90965
   1345.0   0.90564
   1350.0   0.90247
   1355.0   0.89627
   1360.0   0.89265
   1365.0   0.90180
   1370.0   0.89488
   1375.0   0.89343
   1380.0   0.87097
   1385.0   0.87949
   1390.0   0.86438
   1395.0   0.84254
   1400.0   0.83351
   1405.0   0.82512
   1410.0   0.81311
   1415.0   0.80275
   1420.0   0.79800
   1425.0   0.77014
   1430.0   0.76212
   1435.0   0.77552
   1440.0   0.79647
   1445.0   0.79638
   1450.0   0.79514
   1455.0   0.79047
   1460.0   0.78525
   1465.0   0.78669
   1470.0   0.78638
   1475.0   0.76291
   1480.0   0.71600
   1485.0   0.78401
   1490.0   0.81065
   1495.0   0.81951
   1500.0   0.82312
   1505.0   0.83215
   1510.0   0.84047
   1515.0   0.84610
   1520.0   0.85088
   1525.0   0.85238
   1530.0   0.85663
   1535.0   0.85612
   1540.0   0.86231
   1545.0   0.86462
   1550.0   0.86696
   1555.0   0.86641
   1560.0   0.86680
   1565.0   0.87016
   1570.0   0.87186
   1575.0   0.86970
   1580.0   0.87321
   1585.0   0.87429
   1590.0   0.87633
   1595.0   0.87831
   1600.0   0.87778
   1605.0   0.87862
   1610.0   0.88050
   1615.0   0.88152
   1620.0   0.88284
   1625.0   0.88109
   1630.0   0.88288
   1635.0   0.88355
   1640.0   0.88163
   1645.0   0.88083
   1650.0   0.88117
   1655.0   0.88241
   1660.0   0.88451
   1665.0   0.88495
   1670.0   0.88154
   1675.0   0.88167
   1680.0   0.88158
   1685.0   0.88215
   1690.0   0.88025
   1695.0   0.87941
   1700.0   0.87709
   1705.0   0.87768
   1710.0   0.87493
   1715.0   0.87145
   1720.0   0.86879
   1725.0   0.86587
   1730.0   0.85973
   1735.0   0.85536
   1740.0   0.84997
   1745.0   0.84326
   1750.0   0.83584
   1755.0   0.83080
   1760.0   0.82700
   1765.0   0.82279
   1770.0   0.82067
   1775.0   0.82358
   1780.0   0.82929
   1785.0   0.83591
   1790.0   0.84382
   1795.0   0.85381
   1800.0   0.85623
   1805.0   0.85600
   1810.0   0.85744
   1815.0   0.85785
   1820.0   0.85769
   1825.0   0.85902
   1830.0   0.85794
   1835.0   0.85577
   1840.0   0.85772
   1845.0   0.85956
   1850.0   0.85389
   1855.0   0.85073
   1860.0   0.84481
   1865.0   0.83787
   1870.0   0.81350
   1875.0   0.81322
   1880.0   0.79374
   1885.0   0.76059
   1890.0   0.72737
   1895.0   0.69711
   1900.0   0.66564
   1905.0   0.65205
   1910.0   0.64537
   1915.0   0.64030
   1920.0   0.64131
   1925.0   0.64472
   1930.0   0.64685
   1935.0   0.64848
   1940.0   0.65161
   1945.0   0.65525
   1950.0   0.65741
   1955.0   0.66404
   1960.0   0.66977
   1965.0   0.67406
   1970.0   0.67920
   1975.0   0.68579
   1980.0   0.69286
   1985.0   0.69701
   1990.0   0.70105
   1995.0   0.70205
   2000.0   0.70713
   2005.0   0.71090
   2010.0   0.71457
   2015.0   0.71742
   2020.0   0.72390
   2025.0   0.72699
   2030.0   0.73066
   2035.0   0.73243
   2040.0   0.73392
   2045.0   0.73565
   2050.0   0.73549
   2055.0   0.73536
   2060.0   0.73548
   2065.0   0.73540
   2070.0   0.73817
   2075.0   0.74272
   2080.0   0.74542
   2085.0   0.74440
   2090.0   0.74325
   2095.0   0.74219
   2100.0   0.74137
   2105.0   0.73631
   2110.0   0.72967
   2115.0   0.71967
   2120.0   0.70689
   2125.0   0.69505
   2130.0   0.68376
   2135.0   0.67775
   2140.0   0.66967
   2145.0   0.66370
   2150.0   0.65726
   2155.0   0.64591
   2160.0   0.64030
   2165.0   0.64015
   2170.0   0.63934
   2175.0   0.64331
   2180.0   0.63899
   2185.0   0.63869
   2190.0   0.65051
   2195.0   0.66350
   2200.0   0.67811
   2205.0   0.66605
   2210.0   0.64737
   2215.0   0.65592
   2220.0   0.68488
   2225.0   0.71109
   2230.0   0.72546
   2235.0   0.73118
   2240.0   0.73257
   2245.0   0.73585
   2250.0   0.73827
   2255.0   0.73960
   2260.0   0.73976
   2265.0   0.73796
   2270.0   0.73676
   2275.0   0.73656
   2280.0   0.73571
   2285.0   0.73553
   2290.0   0.73453
   2295.0   0.72992
   2300.0   0.72819
   2305.0   0.72374
   2310.0   0.70961
   2315.0   0.68659
   2320.0   0.67079
   2325.0   0.66919
   2330.0   0.67571
   2335.0   0.69048
   2340.0   0.70395
   2345.0   0.71296
   2350.0   0.71683
   2355.0   0.71854
   2360.0   0.71764
   2365.0   0.71451
   2370.0   0.70338
   2375.0   0.69080
   2380.0   0.67704
   2385.0   0.65951
   2390.0   0.64057
   2395.0   0.62471
   2400.0   0.61881
   2405.0   0.61685
   2410.0   0.61579
   2415.0   0.60533
   2420.0   0.59351
   2425.0   0.58336
   2430.0   0.57086
   2435.0   0.56421
   2440.0   0.56930
   2445.0   0.57314
   2450.0   0.57369
   2455.0   0.56862
   2460.0   0.55934
   2465.0   0.54778
   2470.0   0.54138
   2475.0   0.54608
   2480.0   0.55401
   2485.0   0.55278
   2490.0   0.54911
   2495.0   0.53743
   2500.0   0.52580
   2505.0   0.50938
   2510.0   0.49074
   2515.0   0.47949
   2520.0   0.48689
   2525.0   0.50201
   2530.0   0.51022
   2535.0   0.51879
   2540.0   0.52504
   2545.0   0.52426
   2550.0   0.53640
   2555.0   0.54836
   2560.0   0.51554
   2565.0   0.52776
   2570.0   0.52964
   2575.0   0.51974
   2580.0   0.51807
   2585.0   0.51053
   2590.0   0.52194
   2595.0   0.52061
   2600.0   0.53618
   2605.0   0.51493
   2610.0   0.53817
   2615.0   0.52012
   2620.0   0.53319
   2625.0   0.52602
   2630.0   0.53325
   2635.0   0.53330
   2640.0   0.52119
   2645.0   0.50418
   2650.0   0.48041
   2655.0   0.46095
   2660.0   0.43751
   2665.0   0.41849
   2670.0   0.41210
   2675.0   0.40206
   2680.0   0.39116
   2685.0   0.35667
   2690.0   0.32188
   2695.0   0.28144
   2700.0   0.24665
   2705.0   0.21502
   2710.0   0.19055
   2715.0   0.17272
   2720.0   0.15762
   2725.0   0.14612
   2730.0   0.13081
   2735.0   0.12074
   2740.0   0.10703
   2745.0   0.10281
   2750.0   0.09687
   2755.0   0.09166
   2760.0   0.08551
   2765.0   0.08491
   2770.0   0.08424
   2775.0   0.08030
   2780.0   0.07506
   2785.0   0.07292
   2790.0   0.07139
   2795.0   0.06811
   2800.0   0.06192
   2805.0   0.06408
   2810.0   0.05899
   2815.0   0.05702
   2820.0   0.05045
   2825.0   0.05283
   2830.0   0.05137
   2835.0   0.04820
   2840.0   0.04021
   2845.0   0.03793
   2850.0   0.04194
   2855.0   0.03975
   2860.0   0.04083
   2865.0   0.04321
   2870.0   0.03785
   2875.0   0.03510
   2880.0   0.03727
   2885.0   0.03640
   2890.0   0.03842
   2895.0   0.03531
   2900.0   0.03977
   2905.0   0.03644
   2910.0   0.04035
   2915.0   0.04160
   2920.0   0.04104
   2925.0   0.04583
   2930.0   0.04296
   2935.0   0.04231
   2940.0   0.04404
   2945.0   0.04026
   2950.0   0.04458
   2955.0   0.04517
   2960.0   0.04870
   2965.0   0.04593
   2970.0   0.04839
   2975.0   0.04971
   2980.0   0.04985
   2985.0   0.05246
   2990.0   0.05149
   2995.0   0.05404
   3000.0   0.05488
   3005.0   0.05347
   3010.0   0.05475
   3015.0   0.05815
   3020.0   0.05559
   3025.0   0.05842
   3030.0   0.05963
   3035.0   0.05745
   3040.0   0.05880
   3045.0   0.05935
   3050.0   0.06213
   3055.0   0.06159
   3060.0   0.06324
   3065.0   0.06123
   3070.0   0.06254
   3075.0   0.06230
   3080.0   0.06301
   3085.0   0.06420
   3090.0   0.06394
   3095.0   0.06634
   3100.0   0.06857
   3105.0   0.07162
   3110.0   0.07449
   3115.0   0.07419
   3120.0   0.07720
   3125.0   0.07637
   3130.0   0.07843
   3135.0   0.07936
   3140.0   0.08238
   3145.0   0.08489
   3150.0   0.08685
   3155.0   0.09020
   3160.0   0.09051
   3165.0   0.09365
   3170.0   0.09366
   3175.0   0.09601
   3180.0   0.09779
   3185.0   0.09962
   3190.0   0.10274
   3195.0   0.10316
   3200.0   0.10734
   3205.0   0.10847
   3210.0   0.10999
   3215.0   0.11149
   3220.0   0.11520
   3225.0   0.11751
   3230.0   0.11931
   3235.0   0.12017
   3240.0   0.12241
   3245.0   0.12508
   3250.0   0.12940
   3255.0   0.13183
   3260.0   0.13516
   3265.0   0.13772
   3270.0   0.13841
   3275.0   0.14199
   3280.0   0.14302
   3285.0   0.14413
   3290.0   0.14879
   3295.0   0.15039
   3300.0   0.15503
   3305.0   0.15836
   3310.0   0.16030
   3315.0   0.16195
   3320.0   0.16852
   3325.0   0.17209
   3330.0   0.17253
   3335.0   0.17181
   3340.0   0.17684
   3345.0   0.18009
   3350.0   0.18416
   3355.0   0.18888
   3360.0   0.19176
   3365.0   0.19275
   3370.0   0.19568
   3375.0   0.19875
   3380.0   0.20360
   3385.0   0.20453
   3390.0   0.20863
   3395.0   0.20976
   3400.0   0.21544
   3405.0   0.21423
   3410.0   0.21858
   3415.0   0.22110
   3420.0   0.22329
   3425.0   0.22704
   3430.0   0.23588
   3435.0   0.23841
   3440.0   0.24282
   3445.0   0.24747
   3450.0   0.25442
   3455.0   0.25770
   3460.0   0.26253
   3465.0   0.26359
   3470.0   0.26329
   3475.0   0.27364
   3480.0   0.26965
   3485.0   0.27523
   3490.0   0.27658
   3495.0   0.27821
   3500.0   0.27619
   3505.0   0.28581
   3510.0   0.28394
   3515.0   0.29651
   3520.0   0.30066
   3525.0   0.29747
   3530.0   0.30180
   3535.0   0.30820
   3540.0   0.31757
   3545.0   0.31297
   3550.0   0.32087
   3555.0   0.31169
   3560.0   0.32736
   3565.0   0.33523
   3570.0   0.33184
   3575.0   0.33795
   3580.0   0.34992
   3585.0   0.34926
   3590.0   0.33928
   3595.0   0.35208
   3600.0   0.35231



 C5NV02      .ASC                        

 NV-RBS-002                                                              
 @ I=60 E=0                                                              
 RATIOS ADJUSTED USING NBS HALON CALIBRATION TABLE                       

 Source Ang: 60.00   Detect Ang:  0.00  Volt: 0.222
 Date: 27-JAN-89   Time: 12:40:40
