   661
    300.0   0.38629
    305.0   0.39201
    310.0   0.39866
    315.0   0.40812
    320.0   0.41443
    325.0   0.41871
    330.0   0.42327
    335.0   0.43076
    340.0   0.43975
    345.0   0.45225
    350.0   0.46760
    355.0   0.48745
    360.0   0.51148
    365.0   0.53787
    370.0   0.56420
    375.0   0.59029
    380.0   0.61066
    385.0   0.62902
    390.0   0.64424
    395.0   0.65788
    400.0   0.66731
    405.0   0.67386
    410.0   0.68601
    415.0   0.68994
    420.0   0.69476
    425.0   0.70071
    430.0   0.70597
    435.0   0.71081
    440.0   0.71832
    445.0   0.72391
    450.0   0.72892
    455.0   0.73304
    460.0   0.73686
    465.0   0.73908
    470.0   0.74208
    475.0   0.74396
    480.0   0.74693
    485.0   0.74864
    490.0   0.75104
    495.0   0.75574
    500.0   0.75877
    505.0   0.76285
    510.0   0.76705
    515.0   0.77202
    520.0   0.77682
    525.0   0.78148
    530.0   0.78542
    535.0   0.78899
    540.0   0.79326
    545.0   0.79679
    550.0   0.80095
    555.0   0.80402
    560.0   0.80836
    565.0   0.81288
    570.0   0.81606
    575.0   0.81872
    580.0   0.81932
    585.0   0.82177
    590.0   0.82284
    595.0   0.82633
    600.0   0.82560
    605.0   0.82795
    610.0   0.82893
    615.0   0.82886
    620.0   0.82864
    625.0   0.82841
    630.0   0.82895
    635.0   0.82939
    640.0   0.83082
    645.0   0.83140
    650.0   0.83046
    655.0   0.83134
    660.0   0.83078
    665.0   0.83090
    670.0   0.82915
    675.0   0.82921
    680.0   0.83041
    685.0   0.83137
    690.0   0.83596
    695.0   0.84195
    700.0   0.84682
    705.0   0.85085
    710.0   0.85146
    715.0   0.85388
    720.0   0.85619
    725.0   0.85704
    730.0   0.85723
    735.0   0.85945
    740.0   0.85990
    745.0   0.86176
    750.0   0.86206
    755.0   0.86268
    760.0   0.86341
    765.0   0.86405
    770.0   0.86716
    775.0   0.86527
    780.0   0.86538
    785.0   0.86625
    790.0   0.86651
    795.0   0.86768
    800.0   0.86829
    805.0   0.86888
    810.0   0.86979
    815.0   0.87072
    820.0   0.87103
    825.0   0.86979
    830.0   0.86920
    835.0   0.86912
    840.0   0.86964
    845.0   0.86959
    850.0   0.87129
    855.0   0.87158
    860.0   0.87067
    865.0   0.87110
    870.0   0.86938
    875.0   0.87107
    880.0   0.87066
    885.0   0.87100
    890.0   0.87102
    895.0   0.87070
    900.0   0.87097
    905.0   0.87045
    910.0   0.87046
    915.0   0.87278
    920.0   0.87211
    925.0   0.87265
    930.0   0.87168
    935.0   0.87158
    940.0   0.87168
    945.0   0.87064
    950.0   0.87106
    955.0   0.86959
    960.0   0.87048
    965.0   0.86947
    970.0   0.87063
    975.0   0.87037
    980.0   0.87178
    985.0   0.87022
    990.0   0.86999
    995.0   0.86969
   1000.0   0.86932
   1005.0   0.86827
   1010.0   0.87103
   1015.0   0.87175
   1020.0   0.87104
   1025.0   0.87365
   1030.0   0.87401
   1035.0   0.87487
   1040.0   0.87441
   1045.0   0.87452
   1050.0   0.87517
   1055.0   0.87589
   1060.0   0.87712
   1065.0   0.87590
   1070.0   0.87691
   1075.0   0.87613
   1080.0   0.87688
   1085.0   0.87730
   1090.0   0.87648
   1095.0   0.87750
   1100.0   0.87754
   1105.0   0.87633
   1110.0   0.87696
   1115.0   0.87549
   1120.0   0.87625
   1125.0   0.87645
   1130.0   0.87657
   1135.0   0.87572
   1140.0   0.87440
   1145.0   0.87425
   1150.0   0.87263
   1155.0   0.87063
   1160.0   0.87051
   1165.0   0.87200
   1170.0   0.87287
   1175.0   0.87303
   1180.0   0.87166
   1185.0   0.87247
   1190.0   0.87274
   1195.0   0.87365
   1200.0   0.87357
   1205.0   0.87252
   1210.0   0.87352
   1215.0   0.87478
   1220.0   0.87270
   1225.0   0.87228
   1230.0   0.87273
   1235.0   0.87240
   1240.0   0.87084
   1245.0   0.87081
   1250.0   0.86862
   1255.0   0.86962
   1260.0   0.86771
   1265.0   0.86448
   1270.0   0.86485
   1275.0   0.86563
   1280.0   0.86922
   1285.0   0.86985
   1290.0   0.86980
   1295.0   0.87056
   1300.0   0.87112
   1305.0   0.86959
   1310.0   0.86932
   1315.0   0.86969
   1320.0   0.86846
   1325.0   0.86796
   1330.0   0.86467
   1335.0   0.85957
   1340.0   0.85687
   1345.0   0.85520
   1350.0   0.85303
   1355.0   0.85181
   1360.0   0.84937
   1365.0   0.84767
   1370.0   0.84514
   1375.0   0.83918
   1380.0   0.82838
   1385.0   0.81681
   1390.0   0.80837
   1395.0   0.79570
   1400.0   0.78353
   1405.0   0.77274
   1410.0   0.76079
   1415.0   0.75086
   1420.0   0.74612
   1425.0   0.73061
   1430.0   0.70281
   1435.0   0.71696
   1440.0   0.73452
   1445.0   0.73983
   1450.0   0.74137
   1455.0   0.73398
   1460.0   0.73152
   1465.0   0.73028
   1470.0   0.73177
   1475.0   0.72112
   1480.0   0.67206
   1485.0   0.71210
   1490.0   0.75121
   1495.0   0.76138
   1500.0   0.76514
   1505.0   0.77102
   1510.0   0.77966
   1515.0   0.78357
   1520.0   0.78998
   1525.0   0.79502
   1530.0   0.79655
   1535.0   0.79975
   1540.0   0.80314
   1545.0   0.80500
   1550.0   0.80767
   1555.0   0.80912
   1560.0   0.81141
   1565.0   0.81468
   1570.0   0.81673
   1575.0   0.81934
   1580.0   0.81796
   1585.0   0.81943
   1590.0   0.82125
   1595.0   0.82293
   1600.0   0.82333
   1605.0   0.82379
   1610.0   0.82224
   1615.0   0.82445
   1620.0   0.82706
   1625.0   0.82580
   1630.0   0.82525
   1635.0   0.82708
   1640.0   0.82744
   1645.0   0.82451
   1650.0   0.82835
   1655.0   0.82671
   1660.0   0.82831
   1665.0   0.82655
   1670.0   0.82544
   1675.0   0.82469
   1680.0   0.82515
   1685.0   0.82403
   1690.0   0.82270
   1695.0   0.82309
   1700.0   0.82199
   1705.0   0.81856
   1710.0   0.81794
   1715.0   0.81707
   1720.0   0.81468
   1725.0   0.81134
   1730.0   0.80764
   1735.0   0.80308
   1740.0   0.79766
   1745.0   0.79193
   1750.0   0.78491
   1755.0   0.77602
   1760.0   0.76970
   1765.0   0.76735
   1770.0   0.76207
   1775.0   0.76146
   1780.0   0.76643
   1785.0   0.77117
   1790.0   0.77818
   1795.0   0.78676
   1800.0   0.79544
   1805.0   0.79902
   1810.0   0.80041
   1815.0   0.80115
   1820.0   0.80136
   1825.0   0.80207
   1830.0   0.80124
   1835.0   0.80004
   1840.0   0.79801
   1845.0   0.79864
   1850.0   0.79658
   1855.0   0.79440
   1860.0   0.79054
   1865.0   0.78706
   1870.0   0.77548
   1875.0   0.75973
   1880.0   0.74223
   1885.0   0.71903
   1890.0   0.69194
   1895.0   0.66474
   1900.0   0.63646
   1905.0   0.61183
   1910.0   0.59766
   1915.0   0.58924
   1920.0   0.58716
   1925.0   0.58665
   1930.0   0.58655
   1935.0   0.58875
   1940.0   0.59282
   1945.0   0.59700
   1950.0   0.59978
   1955.0   0.60304
   1960.0   0.60721
   1965.0   0.61145
   1970.0   0.61577
   1975.0   0.62244
   1980.0   0.62733
   1985.0   0.63365
   1990.0   0.63666
   1995.0   0.64119
   2000.0   0.64478
   2005.0   0.64854
   2010.0   0.65115
   2015.0   0.65345
   2020.0   0.65796
   2025.0   0.66208
   2030.0   0.66585
   2035.0   0.66820
   2040.0   0.66960
   2045.0   0.67045
   2050.0   0.67245
   2055.0   0.67203
   2060.0   0.67114
   2065.0   0.67177
   2070.0   0.67361
   2075.0   0.67732
   2080.0   0.67917
   2085.0   0.67989
   2090.0   0.68180
   2095.0   0.68105
   2100.0   0.67930
   2105.0   0.67585
   2110.0   0.67256
   2115.0   0.66564
   2120.0   0.65670
   2125.0   0.64516
   2130.0   0.63058
   2135.0   0.62073
   2140.0   0.61442
   2145.0   0.60866
   2150.0   0.60203
   2155.0   0.59387
   2160.0   0.58395
   2165.0   0.58005
   2170.0   0.58153
   2175.0   0.58100
   2180.0   0.58397
   2185.0   0.57874
   2190.0   0.58175
   2195.0   0.59443
   2200.0   0.60938
   2205.0   0.62051
   2210.0   0.60718
   2215.0   0.59264
   2220.0   0.60624
   2225.0   0.63524
   2230.0   0.66025
   2235.0   0.67213
   2240.0   0.67640
   2245.0   0.67990
   2250.0   0.68021
   2255.0   0.68133
   2260.0   0.68167
   2265.0   0.67983
   2270.0   0.67949
   2275.0   0.67977
   2280.0   0.68069
   2285.0   0.67748
   2290.0   0.67743
   2295.0   0.67504
   2300.0   0.67002
   2305.0   0.66505
   2310.0   0.65556
   2315.0   0.64000
   2320.0   0.62141
   2325.0   0.61085
   2330.0   0.61345
   2335.0   0.62598
   2340.0   0.63570
   2345.0   0.64476
   2350.0   0.65089
   2355.0   0.65301
   2360.0   0.65243
   2365.0   0.64828
   2370.0   0.64547
   2375.0   0.63748
   2380.0   0.62519
   2385.0   0.61215
   2390.0   0.59395
   2395.0   0.57567
   2400.0   0.56267
   2405.0   0.55927
   2410.0   0.55936
   2415.0   0.55339
   2420.0   0.54367
   2425.0   0.53283
   2430.0   0.52009
   2435.0   0.50856
   2440.0   0.50483
   2445.0   0.51116
   2450.0   0.51680
   2455.0   0.51709
   2460.0   0.51218
   2465.0   0.50515
   2470.0   0.49199
   2475.0   0.48708
   2480.0   0.49223
   2485.0   0.49811
   2490.0   0.49991
   2495.0   0.49161
   2500.0   0.47837
   2505.0   0.46625
   2510.0   0.44973
   2515.0   0.43276
   2520.0   0.42659
   2525.0   0.43141
   2530.0   0.44621
   2535.0   0.46090
   2540.0   0.46997
   2545.0   0.47151
   2550.0   0.47572
   2555.0   0.48037
   2560.0   0.47783
   2565.0   0.46710
   2570.0   0.46921
   2575.0   0.46838
   2580.0   0.46872
   2585.0   0.46400
   2590.0   0.46344
   2595.0   0.46560
   2600.0   0.47248
   2605.0   0.47611
   2610.0   0.47605
   2615.0   0.47748
   2620.0   0.47520
   2625.0   0.47741
   2630.0   0.47281
   2635.0   0.46987
   2640.0   0.46988
   2645.0   0.46456
   2650.0   0.45939
   2655.0   0.45292
   2660.0   0.44098
   2665.0   0.42926
   2670.0   0.41280
   2675.0   0.39838
   2680.0   0.37888
   2685.0   0.35608
   2690.0   0.33181
   2695.0   0.30870
   2700.0   0.28404
   2705.0   0.25609
   2710.0   0.22649
   2715.0   0.20404
   2720.0   0.18410
   2725.0   0.16554
   2730.0   0.14898
   2735.0   0.13288
   2740.0   0.11795
   2745.0   0.10818
   2750.0   0.10128
   2755.0   0.09339
   2760.0   0.08563
   2765.0   0.08216
   2770.0   0.07628
   2775.0   0.06492
   2780.0   0.07160
   2785.0   0.06408
   2790.0   0.06657
   2795.0   0.05758
   2800.0   0.05847
   2805.0   0.05158
   2810.0   0.05278
   2815.0   0.04907
   2820.0   0.04690
   2825.0   0.04447
   2830.0   0.04333
   2835.0   0.04243
   2840.0   0.04138
   2845.0   0.03899
   2850.0   0.04079
   2855.0   0.03774
   2860.0   0.03670
   2865.0   0.03518
   2870.0   0.03882
   2875.0   0.03838
   2880.0   0.03750
   2885.0   0.03405
   2890.0   0.03447
   2895.0   0.03150
   2900.0   0.03345
   2905.0   0.03481
   2910.0   0.03410
   2915.0   0.03439
   2920.0   0.03774
   2925.0   0.03615
   2930.0   0.03730
   2935.0   0.03322
   2940.0   0.03560
   2945.0   0.03562
   2950.0   0.03554
   2955.0   0.03712
   2960.0   0.03567
   2965.0   0.03675
   2970.0   0.03705
   2975.0   0.03693
   2980.0   0.03955
   2985.0   0.04162
   2990.0   0.04313
   2995.0   0.04504
   3000.0   0.04593
   3005.0   0.04555
   3010.0   0.04654
   3015.0   0.04747
   3020.0   0.04812
   3025.0   0.04658
   3030.0   0.04973
   3035.0   0.04834
   3040.0   0.05054
   3045.0   0.05262
   3050.0   0.05302
   3055.0   0.05342
   3060.0   0.05243
   3065.0   0.05408
   3070.0   0.05420
   3075.0   0.05367
   3080.0   0.05378
   3085.0   0.05415
   3090.0   0.05438
   3095.0   0.05534
   3100.0   0.05718
   3105.0   0.05823
   3110.0   0.06104
   3115.0   0.06127
   3120.0   0.06295
   3125.0   0.06508
   3130.0   0.06511
   3135.0   0.06662
   3140.0   0.06836
   3145.0   0.07049
   3150.0   0.07218
   3155.0   0.07311
   3160.0   0.07539
   3165.0   0.07607
   3170.0   0.07804
   3175.0   0.08116
   3180.0   0.08317
   3185.0   0.08510
   3190.0   0.08792
   3195.0   0.08879
   3200.0   0.09169
   3205.0   0.09169
   3210.0   0.09370
   3215.0   0.09785
   3220.0   0.09876
   3225.0   0.10088
   3230.0   0.10205
   3235.0   0.10436
   3240.0   0.10738
   3245.0   0.10825
   3250.0   0.11105
   3255.0   0.11332
   3260.0   0.11525
   3265.0   0.11758
   3270.0   0.12016
   3275.0   0.12326
   3280.0   0.12521
   3285.0   0.12787
   3290.0   0.12948
   3295.0   0.13094
   3300.0   0.13427
   3305.0   0.13635
   3310.0   0.13900
   3315.0   0.14000
   3320.0   0.14394
   3325.0   0.14691
   3330.0   0.14939
   3335.0   0.15339
   3340.0   0.15378
   3345.0   0.15608
   3350.0   0.15961
   3355.0   0.16099
   3360.0   0.16338
   3365.0   0.16778
   3370.0   0.17054
   3375.0   0.17173
   3380.0   0.17314
   3385.0   0.17791
   3390.0   0.17868
   3395.0   0.17876
   3400.0   0.18291
   3405.0   0.18561
   3410.0   0.18731
   3415.0   0.19087
   3420.0   0.19185
   3425.0   0.19579
   3430.0   0.19982
   3435.0   0.20417
   3440.0   0.20821
   3445.0   0.20899
   3450.0   0.21607
   3455.0   0.22104
   3460.0   0.22087
   3465.0   0.22710
   3470.0   0.23123
   3475.0   0.23696
   3480.0   0.23808
   3485.0   0.24090
   3490.0   0.23880
   3495.0   0.24250
   3500.0   0.25129
   3505.0   0.25595
   3510.0   0.25783
   3515.0   0.25881
   3520.0   0.26128
   3525.0   0.26536
   3530.0   0.26959
   3535.0   0.26773
   3540.0   0.27281
   3545.0   0.27586
   3550.0   0.28112
   3555.0   0.28264
   3560.0   0.28735
   3565.0   0.30208
   3570.0   0.30478
   3575.0   0.30588
   3580.0   0.30735
   3585.0   0.31104
   3590.0   0.31027
   3595.0   0.31877
   3600.0   0.32574



 C6NV02      .ASC                        

 NV-RBS-002                                                              
 SAMPLE CN-9A POWDER FROM LARGEST AND BRIGHTEST DUMP AT I=30, E=0        
 APP PARTICLE SIZE USED WAS <2 MM                                        
 RATIOS ADJUSTED USING NBS HALON CALIBRATION TABLE                       
 RESCALED USING DATA FROM CB169P @1000 NM                                

 Source Ang: 30.00   Detect Ang:  0.00  Volt: 0.222
 Date: 20-FEB-89   Time: 15:40:55
