   661
    300.0   0.40557
    305.0   0.41736
    310.0   0.42559
    315.0   0.43251
    320.0   0.43898
    325.0   0.44344
    330.0   0.45044
    335.0   0.45774
    340.0   0.46770
    345.0   0.48030
    350.0   0.49665
    355.0   0.51654
    360.0   0.53937
    365.0   0.56662
    370.0   0.59281
    375.0   0.61576
    380.0   0.63812
    385.0   0.65454
    390.0   0.66942
    395.0   0.67976
    400.0   0.68859
    405.0   0.69390
    410.0   0.70576
    415.0   0.71019
    420.0   0.71481
    425.0   0.71963
    430.0   0.72508
    435.0   0.72835
    440.0   0.73568
    445.0   0.74032
    450.0   0.74453
    455.0   0.74749
    460.0   0.75141
    465.0   0.75457
    470.0   0.75706
    475.0   0.75857
    480.0   0.76140
    485.0   0.76476
    490.0   0.76681
    495.0   0.77030
    500.0   0.77324
    505.0   0.77813
    510.0   0.78057
    515.0   0.78533
    520.0   0.78942
    525.0   0.79405
    530.0   0.79749
    535.0   0.80242
    540.0   0.80386
    545.0   0.80658
    550.0   0.81053
    555.0   0.81453
    560.0   0.81761
    565.0   0.82109
    570.0   0.82371
    575.0   0.82584
    580.0   0.82741
    585.0   0.82996
    590.0   0.83174
    595.0   0.83309
    600.0   0.83403
    605.0   0.83572
    610.0   0.83695
    615.0   0.83740
    620.0   0.83817
    625.0   0.83746
    630.0   0.83829
    635.0   0.83901
    640.0   0.83945
    645.0   0.83991
    650.0   0.83986
    655.0   0.84001
    660.0   0.83978
    665.0   0.83985
    670.0   0.83785
    675.0   0.83828
    680.0   0.83877
    685.0   0.84037
    690.0   0.84408
    695.0   0.85020
    700.0   0.85363
    705.0   0.85748
    710.0   0.85948
    715.0   0.86009
    720.0   0.86242
    725.0   0.86253
    730.0   0.86321
    735.0   0.86383
    740.0   0.86540
    745.0   0.86581
    750.0   0.86638
    755.0   0.86691
    760.0   0.86850
    765.0   0.87042
    770.0   0.87125
    775.0   0.87020
    780.0   0.87249
    785.0   0.87223
    790.0   0.87235
    795.0   0.87315
    800.0   0.87261
    805.0   0.87364
    810.0   0.87509
    815.0   0.87590
    820.0   0.87621
    825.0   0.87545
    830.0   0.87547
    835.0   0.87441
    840.0   0.87567
    845.0   0.87505
    850.0   0.87644
    855.0   0.87637
    860.0   0.87514
    865.0   0.87477
    870.0   0.87534
    875.0   0.87463
    880.0   0.87453
    885.0   0.87543
    890.0   0.87509
    895.0   0.87521
    900.0   0.87474
    905.0   0.87589
    910.0   0.87453
    915.0   0.87607
    920.0   0.87519
    925.0   0.87620
    930.0   0.87649
    935.0   0.87492
    940.0   0.87475
    945.0   0.87487
    950.0   0.87520
    955.0   0.87377
    960.0   0.87467
    965.0   0.87388
    970.0   0.87422
    975.0   0.87335
    980.0   0.87360
    985.0   0.87342
    990.0   0.87438
    995.0   0.87305
   1000.0   0.87287
   1005.0   0.87368
   1010.0   0.87427
   1015.0   0.87531
   1020.0   0.87595
   1025.0   0.87694
   1030.0   0.87847
   1035.0   0.88011
   1040.0   0.87892
   1045.0   0.87973
   1050.0   0.87968
   1055.0   0.87831
   1060.0   0.88012
   1065.0   0.87997
   1070.0   0.88063
   1075.0   0.88091
   1080.0   0.88084
   1085.0   0.88147
   1090.0   0.88085
   1095.0   0.88102
   1100.0   0.88147
   1105.0   0.88046
   1110.0   0.88334
   1115.0   0.88202
   1120.0   0.88216
   1125.0   0.88260
   1130.0   0.88337
   1135.0   0.88163
   1140.0   0.88207
   1145.0   0.88020
   1150.0   0.87832
   1155.0   0.87802
   1160.0   0.87587
   1165.0   0.87630
   1170.0   0.87822
   1175.0   0.87818
   1180.0   0.87697
   1185.0   0.87741
   1190.0   0.87939
   1195.0   0.87677
   1200.0   0.87797
   1205.0   0.87852
   1210.0   0.87781
   1215.0   0.87848
   1220.0   0.87852
   1225.0   0.87805
   1230.0   0.87669
   1235.0   0.87642
   1240.0   0.87527
   1245.0   0.87561
   1250.0   0.87573
   1255.0   0.87557
   1260.0   0.87509
   1265.0   0.87222
   1270.0   0.87192
   1275.0   0.87038
   1280.0   0.87334
   1285.0   0.87349
   1290.0   0.87627
   1295.0   0.87895
   1300.0   0.87868
   1305.0   0.87755
   1310.0   0.87664
   1315.0   0.87640
   1320.0   0.87537
   1325.0   0.87374
   1330.0   0.87251
   1335.0   0.86774
   1340.0   0.86438
   1345.0   0.86375
   1350.0   0.86233
   1355.0   0.85827
   1360.0   0.85677
   1365.0   0.85544
   1370.0   0.85461
   1375.0   0.85030
   1380.0   0.84019
   1385.0   0.83123
   1390.0   0.82269
   1395.0   0.81155
   1400.0   0.79919
   1405.0   0.78691
   1410.0   0.77780
   1415.0   0.76958
   1420.0   0.76481
   1425.0   0.74873
   1430.0   0.71693
   1435.0   0.73102
   1440.0   0.75171
   1445.0   0.75802
   1450.0   0.75691
   1455.0   0.75123
   1460.0   0.74536
   1465.0   0.74550
   1470.0   0.74906
   1475.0   0.73825
   1480.0   0.68599
   1485.0   0.72369
   1490.0   0.76406
   1495.0   0.77314
   1500.0   0.77896
   1505.0   0.78482
   1510.0   0.79336
   1515.0   0.80032
   1520.0   0.80553
   1525.0   0.81115
   1530.0   0.81214
   1535.0   0.81367
   1540.0   0.81693
   1545.0   0.81968
   1550.0   0.82202
   1555.0   0.82347
   1560.0   0.82601
   1565.0   0.83060
   1570.0   0.82956
   1575.0   0.83217
   1580.0   0.83030
   1585.0   0.83229
   1590.0   0.83361
   1595.0   0.83518
   1600.0   0.83689
   1605.0   0.83622
   1610.0   0.83874
   1615.0   0.83760
   1620.0   0.83643
   1625.0   0.83886
   1630.0   0.83875
   1635.0   0.84012
   1640.0   0.83911
   1645.0   0.83980
   1650.0   0.84054
   1655.0   0.83894
   1660.0   0.84201
   1665.0   0.83843
   1670.0   0.83816
   1675.0   0.83856
   1680.0   0.83647
   1685.0   0.83582
   1690.0   0.83687
   1695.0   0.83474
   1700.0   0.83324
   1705.0   0.83298
   1710.0   0.83071
   1715.0   0.82989
   1720.0   0.82856
   1725.0   0.82478
   1730.0   0.81906
   1735.0   0.81355
   1740.0   0.80957
   1745.0   0.79981
   1750.0   0.79212
   1755.0   0.78571
   1760.0   0.77967
   1765.0   0.77639
   1770.0   0.77397
   1775.0   0.77307
   1780.0   0.77886
   1785.0   0.78527
   1790.0   0.79260
   1795.0   0.80101
   1800.0   0.80800
   1805.0   0.81039
   1810.0   0.81389
   1815.0   0.81402
   1820.0   0.81352
   1825.0   0.81246
   1830.0   0.81316
   1835.0   0.81363
   1840.0   0.81077
   1845.0   0.81161
   1850.0   0.81084
   1855.0   0.80841
   1860.0   0.80247
   1865.0   0.79634
   1870.0   0.78486
   1875.0   0.77121
   1880.0   0.75550
   1885.0   0.72978
   1890.0   0.70239
   1895.0   0.67520
   1900.0   0.64666
   1905.0   0.62247
   1910.0   0.60789
   1915.0   0.60119
   1920.0   0.59847
   1925.0   0.59823
   1930.0   0.60031
   1935.0   0.60257
   1940.0   0.60594
   1945.0   0.60889
   1950.0   0.61078
   1955.0   0.61530
   1960.0   0.61904
   1965.0   0.62451
   1970.0   0.62964
   1975.0   0.63698
   1980.0   0.64178
   1985.0   0.64780
   1990.0   0.65235
   1995.0   0.65583
   2000.0   0.65713
   2005.0   0.65910
   2010.0   0.66317
   2015.0   0.66832
   2020.0   0.67125
   2025.0   0.67507
   2030.0   0.67847
   2035.0   0.68152
   2040.0   0.68355
   2045.0   0.68532
   2050.0   0.68811
   2055.0   0.68720
   2060.0   0.68594
   2065.0   0.68629
   2070.0   0.68659
   2075.0   0.69032
   2080.0   0.69197
   2085.0   0.69258
   2090.0   0.69433
   2095.0   0.69321
   2100.0   0.69301
   2105.0   0.69025
   2110.0   0.68623
   2115.0   0.67996
   2120.0   0.66893
   2125.0   0.65525
   2130.0   0.64197
   2135.0   0.63132
   2140.0   0.62474
   2145.0   0.61694
   2150.0   0.61017
   2155.0   0.60213
   2160.0   0.59098
   2165.0   0.58831
   2170.0   0.59023
   2175.0   0.58964
   2180.0   0.59210
   2185.0   0.58760
   2190.0   0.59507
   2195.0   0.60743
   2200.0   0.62164
   2205.0   0.63101
   2210.0   0.61494
   2215.0   0.60181
   2220.0   0.62193
   2225.0   0.65212
   2230.0   0.67594
   2235.0   0.68683
   2240.0   0.69175
   2245.0   0.69350
   2250.0   0.69436
   2255.0   0.69393
   2260.0   0.69378
   2265.0   0.69167
   2270.0   0.69228
   2275.0   0.69389
   2280.0   0.69399
   2285.0   0.69297
   2290.0   0.69220
   2295.0   0.69220
   2300.0   0.68803
   2305.0   0.68246
   2310.0   0.67077
   2315.0   0.64884
   2320.0   0.62852
   2325.0   0.62108
   2330.0   0.62593
   2335.0   0.63811
   2340.0   0.65109
   2345.0   0.66010
   2350.0   0.66608
   2355.0   0.66998
   2360.0   0.66828
   2365.0   0.66655
   2370.0   0.65900
   2375.0   0.64901
   2380.0   0.63795
   2385.0   0.62322
   2390.0   0.60234
   2395.0   0.58407
   2400.0   0.57360
   2405.0   0.57023
   2410.0   0.56911
   2415.0   0.56272
   2420.0   0.55313
   2425.0   0.54309
   2430.0   0.53026
   2435.0   0.51649
   2440.0   0.51547
   2445.0   0.52453
   2450.0   0.52848
   2455.0   0.52640
   2460.0   0.52232
   2465.0   0.51374
   2470.0   0.49954
   2475.0   0.49542
   2480.0   0.50328
   2485.0   0.51032
   2490.0   0.51023
   2495.0   0.49857
   2500.0   0.48734
   2505.0   0.47395
   2510.0   0.45904
   2515.0   0.43966
   2520.0   0.43324
   2525.0   0.44202
   2530.0   0.45935
   2535.0   0.47334
   2540.0   0.47932
   2545.0   0.47989
   2550.0   0.48678
   2555.0   0.49174
   2560.0   0.48747
   2565.0   0.47840
   2570.0   0.48437
   2575.0   0.48061
   2580.0   0.48145
   2585.0   0.47704
   2590.0   0.47605
   2595.0   0.47857
   2600.0   0.48456
   2605.0   0.48751
   2610.0   0.48806
   2615.0   0.48824
   2620.0   0.48558
   2625.0   0.48789
   2630.0   0.48390
   2635.0   0.48236
   2640.0   0.48260
   2645.0   0.47569
   2650.0   0.47055
   2655.0   0.46457
   2660.0   0.45260
   2665.0   0.44016
   2670.0   0.42278
   2675.0   0.40793
   2680.0   0.38910
   2685.0   0.36707
   2690.0   0.34300
   2695.0   0.31827
   2700.0   0.29331
   2705.0   0.26127
   2710.0   0.23363
   2715.0   0.21009
   2720.0   0.18962
   2725.0   0.16992
   2730.0   0.15094
   2735.0   0.13512
   2740.0   0.12214
   2745.0   0.11274
   2750.0   0.10407
   2755.0   0.09926
   2760.0   0.09333
   2765.0   0.08644
   2770.0   0.08183
   2775.0   0.07587
   2780.0   0.07718
   2785.0   0.06671
   2790.0   0.06293
   2795.0   0.06133
   2800.0   0.05932
   2805.0   0.05687
   2810.0   0.05213
   2815.0   0.05151
   2820.0   0.05275
   2825.0   0.04975
   2830.0   0.04497
   2835.0   0.04390
   2840.0   0.04155
   2845.0   0.04051
   2850.0   0.03897
   2855.0   0.03608
   2860.0   0.03704
   2865.0   0.03664
   2870.0   0.03726
   2875.0   0.04038
   2880.0   0.03624
   2885.0   0.03555
   2890.0   0.03457
   2895.0   0.03191
   2900.0   0.03369
   2905.0   0.03486
   2910.0   0.03805
   2915.0   0.03768
   2920.0   0.03749
   2925.0   0.03868
   2930.0   0.03536
   2935.0   0.03748
   2940.0   0.03935
   2945.0   0.04002
   2950.0   0.03728
   2955.0   0.04021
   2960.0   0.03917
   2965.0   0.03937
   2970.0   0.04046
   2975.0   0.04142
   2980.0   0.04366
   2985.0   0.04327
   2990.0   0.04425
   2995.0   0.04490
   3000.0   0.04687
   3005.0   0.04824
   3010.0   0.04714
   3015.0   0.05005
   3020.0   0.05022
   3025.0   0.05064
   3030.0   0.05180
   3035.0   0.05351
   3040.0   0.05214
   3045.0   0.05515
   3050.0   0.05519
   3055.0   0.05653
   3060.0   0.05567
   3065.0   0.05543
   3070.0   0.05601
   3075.0   0.05678
   3080.0   0.05599
   3085.0   0.05716
   3090.0   0.05741
   3095.0   0.05831
   3100.0   0.06024
   3105.0   0.06121
   3110.0   0.06373
   3115.0   0.06538
   3120.0   0.06595
   3125.0   0.06770
   3130.0   0.06865
   3135.0   0.07010
   3140.0   0.07155
   3145.0   0.07524
   3150.0   0.07508
   3155.0   0.07727
   3160.0   0.07844
   3165.0   0.08177
   3170.0   0.08148
   3175.0   0.08596
   3180.0   0.08747
   3185.0   0.08936
   3190.0   0.08981
   3195.0   0.09277
   3200.0   0.09336
   3205.0   0.09565
   3210.0   0.09676
   3215.0   0.09962
   3220.0   0.10299
   3225.0   0.10476
   3230.0   0.10614
   3235.0   0.10695
   3240.0   0.11141
   3245.0   0.11464
   3250.0   0.11349
   3255.0   0.11727
   3260.0   0.11976
   3265.0   0.12324
   3270.0   0.12466
   3275.0   0.12761
   3280.0   0.12999
   3285.0   0.13363
   3290.0   0.13556
   3295.0   0.13762
   3300.0   0.13977
   3305.0   0.14033
   3310.0   0.14430
   3315.0   0.14728
   3320.0   0.14943
   3325.0   0.15166
   3330.0   0.15530
   3335.0   0.15876
   3340.0   0.16104
   3345.0   0.16408
   3350.0   0.16669
   3355.0   0.16860
   3360.0   0.17264
   3365.0   0.17461
   3370.0   0.17822
   3375.0   0.18326
   3380.0   0.18178
   3385.0   0.18651
   3390.0   0.18956
   3395.0   0.19007
   3400.0   0.19323
   3405.0   0.19524
   3410.0   0.19940
   3415.0   0.20342
   3420.0   0.20413
   3425.0   0.20739
   3430.0   0.21380
   3435.0   0.21596
   3440.0   0.22016
   3445.0   0.22563
   3450.0   0.22313
   3455.0   0.22576
   3460.0   0.23168
   3465.0   0.23765
   3470.0   0.23873
   3475.0   0.23990
   3480.0   0.24224
   3485.0   0.24622
   3490.0   0.24784
   3495.0   0.25547
   3500.0   0.26031
   3505.0   0.26390
   3510.0   0.25734
   3515.0   0.26417
   3520.0   0.26805
   3525.0   0.27495
   3530.0   0.28151
   3535.0   0.28381
   3540.0   0.28443
   3545.0   0.28464
   3550.0   0.29568
   3555.0   0.29531
   3560.0   0.29470
   3565.0   0.31026
   3570.0   0.30995
   3575.0   0.31294
   3580.0   0.31601
   3585.0   0.31420
   3590.0   0.32169
   3595.0   0.32481
   3600.0   0.33272



 C7NV02      .ASC                        

 NV-RBS-002                                                              
 CN-9A @ 35.5,0                                                          
 RATIOS ADJUSTED USING NBS HALON CALIBRATION TABLE                       
 RESCALED USING DATA FROM CB169Q @ 1000NM                                

 Source Ang: 35.00   Detect Ang:  0.00  Volt: 0.222
 Date: 20-FEB-89   Time: 15:41:53
