   661
    300.0   0.41285
    305.0   0.42096
    310.0   0.42858
    315.0   0.43302
    320.0   0.43867
    325.0   0.44389
    330.0   0.44762
    335.0   0.45392
    340.0   0.46425
    345.0   0.47589
    350.0   0.49211
    355.0   0.50956
    360.0   0.53236
    365.0   0.55880
    370.0   0.58409
    375.0   0.60777
    380.0   0.62853
    385.0   0.64604
    390.0   0.65965
    395.0   0.67036
    400.0   0.68165
    405.0   0.68650
    410.0   0.69444
    415.0   0.69902
    420.0   0.70350
    425.0   0.70877
    430.0   0.71409
    435.0   0.71747
    440.0   0.72370
    445.0   0.72920
    450.0   0.73428
    455.0   0.73837
    460.0   0.74098
    465.0   0.74348
    470.0   0.74486
    475.0   0.74821
    480.0   0.75083
    485.0   0.75227
    490.0   0.75583
    495.0   0.75829
    500.0   0.76250
    505.0   0.76563
    510.0   0.77044
    515.0   0.77560
    520.0   0.77865
    525.0   0.78326
    530.0   0.78685
    535.0   0.79067
    540.0   0.79322
    545.0   0.79559
    550.0   0.80024
    555.0   0.80589
    560.0   0.80862
    565.0   0.81236
    570.0   0.81595
    575.0   0.81660
    580.0   0.81967
    585.0   0.82109
    590.0   0.82324
    595.0   0.82403
    600.0   0.82587
    605.0   0.82753
    610.0   0.82839
    615.0   0.82719
    620.0   0.82843
    625.0   0.82825
    630.0   0.82833
    635.0   0.82998
    640.0   0.82968
    645.0   0.82949
    650.0   0.83107
    655.0   0.83035
    660.0   0.82937
    665.0   0.82888
    670.0   0.82804
    675.0   0.82820
    680.0   0.82793
    685.0   0.82870
    690.0   0.83404
    695.0   0.83925
    700.0   0.84286
    705.0   0.84670
    710.0   0.84772
    715.0   0.84921
    720.0   0.85013
    725.0   0.85150
    730.0   0.85206
    735.0   0.85370
    740.0   0.85433
    745.0   0.85460
    750.0   0.85558
    755.0   0.85612
    760.0   0.85729
    765.0   0.85745
    770.0   0.85773
    775.0   0.85916
    780.0   0.85865
    785.0   0.85948
    790.0   0.86059
    795.0   0.86055
    800.0   0.85980
    805.0   0.86100
    810.0   0.86120
    815.0   0.86108
    820.0   0.86077
    825.0   0.86216
    830.0   0.86055
    835.0   0.86203
    840.0   0.86063
    845.0   0.86197
    850.0   0.86173
    855.0   0.86219
    860.0   0.86285
    865.0   0.86121
    870.0   0.86194
    875.0   0.86126
    880.0   0.86144
    885.0   0.86073
    890.0   0.86210
    895.0   0.86153
    900.0   0.86035
    905.0   0.86215
    910.0   0.86425
    915.0   0.86325
    920.0   0.86286
    925.0   0.86313
    930.0   0.86238
    935.0   0.86370
    940.0   0.86299
    945.0   0.86341
    950.0   0.86275
    955.0   0.86248
    960.0   0.86283
    965.0   0.86189
    970.0   0.86097
    975.0   0.86126
    980.0   0.86121
    985.0   0.86128
    990.0   0.86172
    995.0   0.85955
   1000.0   0.86043
   1005.0   0.86003
   1010.0   0.86007
   1015.0   0.86172
   1020.0   0.86280
   1025.0   0.86277
   1030.0   0.86398
   1035.0   0.86511
   1040.0   0.86417
   1045.0   0.86661
   1050.0   0.86506
   1055.0   0.86699
   1060.0   0.86706
   1065.0   0.86629
   1070.0   0.86816
   1075.0   0.86857
   1080.0   0.86689
   1085.0   0.86745
   1090.0   0.86919
   1095.0   0.86887
   1100.0   0.86888
   1105.0   0.86809
   1110.0   0.86710
   1115.0   0.86844
   1120.0   0.86952
   1125.0   0.86814
   1130.0   0.86792
   1135.0   0.86574
   1140.0   0.86601
   1145.0   0.86516
   1150.0   0.86257
   1155.0   0.86172
   1160.0   0.86223
   1165.0   0.86264
   1170.0   0.86231
   1175.0   0.86271
   1180.0   0.86293
   1185.0   0.86242
   1190.0   0.86236
   1195.0   0.86168
   1200.0   0.86093
   1205.0   0.86229
   1210.0   0.86321
   1215.0   0.86186
   1220.0   0.86103
   1225.0   0.86108
   1230.0   0.86223
   1235.0   0.86214
   1240.0   0.86131
   1245.0   0.86081
   1250.0   0.85980
   1255.0   0.86045
   1260.0   0.85913
   1265.0   0.85704
   1270.0   0.85490
   1275.0   0.85389
   1280.0   0.85710
   1285.0   0.85993
   1290.0   0.86103
   1295.0   0.86230
   1300.0   0.86222
   1305.0   0.85996
   1310.0   0.85928
   1315.0   0.86011
   1320.0   0.85660
   1325.0   0.85601
   1330.0   0.85272
   1335.0   0.85059
   1340.0   0.84609
   1345.0   0.84383
   1350.0   0.84153
   1355.0   0.83971
   1360.0   0.83664
   1365.0   0.83460
   1370.0   0.83259
   1375.0   0.82685
   1380.0   0.81782
   1385.0   0.80879
   1390.0   0.79688
   1395.0   0.78638
   1400.0   0.77315
   1405.0   0.76205
   1410.0   0.75075
   1415.0   0.74214
   1420.0   0.73691
   1425.0   0.72246
   1430.0   0.69602
   1435.0   0.70912
   1440.0   0.72743
   1445.0   0.73189
   1450.0   0.73183
   1455.0   0.72651
   1460.0   0.72199
   1465.0   0.72122
   1470.0   0.72147
   1475.0   0.71325
   1480.0   0.66972
   1485.0   0.70321
   1490.0   0.73807
   1495.0   0.74711
   1500.0   0.75307
   1505.0   0.75999
   1510.0   0.76803
   1515.0   0.77422
   1520.0   0.77537
   1525.0   0.78198
   1530.0   0.78493
   1535.0   0.78665
   1540.0   0.78992
   1545.0   0.79399
   1550.0   0.79799
   1555.0   0.79667
   1560.0   0.79982
   1565.0   0.79974
   1570.0   0.80281
   1575.0   0.80336
   1580.0   0.80586
   1585.0   0.80800
   1590.0   0.80913
   1595.0   0.80889
   1600.0   0.80960
   1605.0   0.80976
   1610.0   0.81055
   1615.0   0.81093
   1620.0   0.81234
   1625.0   0.81326
   1630.0   0.81389
   1635.0   0.81145
   1640.0   0.81421
   1645.0   0.81531
   1650.0   0.81490
   1655.0   0.81387
   1660.0   0.81241
   1665.0   0.81229
   1670.0   0.81239
   1675.0   0.81243
   1680.0   0.81266
   1685.0   0.81155
   1690.0   0.80966
   1695.0   0.80941
   1700.0   0.80830
   1705.0   0.80646
   1710.0   0.80553
   1715.0   0.80497
   1720.0   0.80267
   1725.0   0.79896
   1730.0   0.79556
   1735.0   0.79180
   1740.0   0.78642
   1745.0   0.77859
   1750.0   0.77237
   1755.0   0.76559
   1760.0   0.76012
   1765.0   0.75741
   1770.0   0.75246
   1775.0   0.75130
   1780.0   0.75567
   1785.0   0.76173
   1790.0   0.76794
   1795.0   0.77527
   1800.0   0.78084
   1805.0   0.78455
   1810.0   0.78673
   1815.0   0.78855
   1820.0   0.78939
   1825.0   0.78814
   1830.0   0.78831
   1835.0   0.78572
   1840.0   0.78559
   1845.0   0.78431
   1850.0   0.78058
   1855.0   0.77806
   1860.0   0.77482
   1865.0   0.76840
   1870.0   0.76005
   1875.0   0.74905
   1880.0   0.72996
   1885.0   0.70707
   1890.0   0.68117
   1895.0   0.65343
   1900.0   0.62488
   1905.0   0.60169
   1910.0   0.58594
   1915.0   0.57809
   1920.0   0.57437
   1925.0   0.57451
   1930.0   0.57826
   1935.0   0.57798
   1940.0   0.58027
   1945.0   0.58163
   1950.0   0.58632
   1955.0   0.59056
   1960.0   0.59288
   1965.0   0.59773
   1970.0   0.60143
   1975.0   0.60729
   1980.0   0.61389
   1985.0   0.61910
   1990.0   0.62518
   1995.0   0.63040
   2000.0   0.63348
   2005.0   0.63525
   2010.0   0.63833
   2015.0   0.64166
   2020.0   0.64592
   2025.0   0.64894
   2030.0   0.65356
   2035.0   0.65642
   2040.0   0.65672
   2045.0   0.65717
   2050.0   0.65982
   2055.0   0.65900
   2060.0   0.65844
   2065.0   0.66061
   2070.0   0.66258
   2075.0   0.66438
   2080.0   0.66751
   2085.0   0.66931
   2090.0   0.66917
   2095.0   0.66794
   2100.0   0.66823
   2105.0   0.66755
   2110.0   0.66406
   2115.0   0.65646
   2120.0   0.64733
   2125.0   0.64039
   2130.0   0.62838
   2135.0   0.61890
   2140.0   0.61358
   2145.0   0.60658
   2150.0   0.60246
   2155.0   0.59482
   2160.0   0.58533
   2165.0   0.58129
   2170.0   0.58104
   2175.0   0.57977
   2180.0   0.58265
   2185.0   0.57946
   2190.0   0.58190
   2195.0   0.59252
   2200.0   0.60621
   2205.0   0.61543
   2210.0   0.59945
   2215.0   0.58434
   2220.0   0.59905
   2225.0   0.62421
   2230.0   0.64689
   2235.0   0.65765
   2240.0   0.66393
   2245.0   0.66775
   2250.0   0.66616
   2255.0   0.66586
   2260.0   0.66414
   2265.0   0.66439
   2270.0   0.66484
   2275.0   0.66420
   2280.0   0.66397
   2285.0   0.66242
   2290.0   0.65958
   2295.0   0.65782
   2300.0   0.65531
   2305.0   0.65002
   2310.0   0.64405
   2315.0   0.63054
   2320.0   0.61279
   2325.0   0.60555
   2330.0   0.60849
   2335.0   0.61570
   2340.0   0.62467
   2345.0   0.63056
   2350.0   0.63749
   2355.0   0.64272
   2360.0   0.64055
   2365.0   0.63835
   2370.0   0.63517
   2375.0   0.62667
   2380.0   0.61359
   2385.0   0.60095
   2390.0   0.58421
   2395.0   0.56811
   2400.0   0.55971
   2405.0   0.55717
   2410.0   0.55549
   2415.0   0.55027
   2420.0   0.54158
   2425.0   0.53180
   2430.0   0.52063
   2435.0   0.50951
   2440.0   0.50738
   2445.0   0.51142
   2450.0   0.51387
   2455.0   0.51443
   2460.0   0.51060
   2465.0   0.50279
   2470.0   0.49163
   2475.0   0.48601
   2480.0   0.49038
   2485.0   0.49513
   2490.0   0.49344
   2495.0   0.48466
   2500.0   0.47319
   2505.0   0.46130
   2510.0   0.44981
   2515.0   0.43354
   2520.0   0.42859
   2525.0   0.43136
   2530.0   0.44651
   2535.0   0.45962
   2540.0   0.46667
   2545.0   0.46972
   2550.0   0.47191
   2555.0   0.47551
   2560.0   0.47221
   2565.0   0.46499
   2570.0   0.46439
   2575.0   0.46478
   2580.0   0.46499
   2585.0   0.46380
   2590.0   0.46236
   2595.0   0.46524
   2600.0   0.46934
   2605.0   0.47149
   2610.0   0.47028
   2615.0   0.46806
   2620.0   0.46595
   2625.0   0.46422
   2630.0   0.46250
   2635.0   0.45995
   2640.0   0.45798
   2645.0   0.45480
   2650.0   0.44945
   2655.0   0.44257
   2660.0   0.43093
   2665.0   0.41847
   2670.0   0.40634
   2675.0   0.39088
   2680.0   0.37284
   2685.0   0.35067
   2690.0   0.32696
   2695.0   0.30422
   2700.0   0.28165
   2705.0   0.25523
   2710.0   0.22956
   2715.0   0.20586
   2720.0   0.18558
   2725.0   0.16780
   2730.0   0.15122
   2735.0   0.13592
   2740.0   0.12426
   2745.0   0.11501
   2750.0   0.10500
   2755.0   0.09410
   2760.0   0.08771
   2765.0   0.08129
   2770.0   0.07943
   2775.0   0.07134
   2780.0   0.06879
   2785.0   0.06135
   2790.0   0.06325
   2795.0   0.05848
   2800.0   0.05280
   2805.0   0.05281
   2810.0   0.05208
   2815.0   0.04861
   2820.0   0.04887
   2825.0   0.04493
   2830.0   0.04079
   2835.0   0.03921
   2840.0   0.03775
   2845.0   0.03868
   2850.0   0.03603
   2855.0   0.03353
   2860.0   0.03502
   2865.0   0.03713
   2870.0   0.03926
   2875.0   0.03921
   2880.0   0.03697
   2885.0   0.03600
   2890.0   0.03630
   2895.0   0.03388
   2900.0   0.03404
   2905.0   0.03503
   2910.0   0.03569
   2915.0   0.03862
   2920.0   0.03685
   2925.0   0.03872
   2930.0   0.03938
   2935.0   0.03878
   2940.0   0.03821
   2945.0   0.03879
   2950.0   0.03927
   2955.0   0.03788
   2960.0   0.03777
   2965.0   0.03963
   2970.0   0.04001
   2975.0   0.04191
   2980.0   0.04181
   2985.0   0.04277
   2990.0   0.04504
   2995.0   0.04595
   3000.0   0.04770
   3005.0   0.04766
   3010.0   0.04991
   3015.0   0.04949
   3020.0   0.05088
   3025.0   0.05150
   3030.0   0.05325
   3035.0   0.05351
   3040.0   0.05461
   3045.0   0.05462
   3050.0   0.05580
   3055.0   0.05533
   3060.0   0.05664
   3065.0   0.05661
   3070.0   0.05703
   3075.0   0.05816
   3080.0   0.05847
   3085.0   0.05952
   3090.0   0.05878
   3095.0   0.06038
   3100.0   0.06198
   3105.0   0.06364
   3110.0   0.06500
   3115.0   0.06668
   3120.0   0.06779
   3125.0   0.06911
   3130.0   0.07036
   3135.0   0.07198
   3140.0   0.07274
   3145.0   0.07578
   3150.0   0.07795
   3155.0   0.07953
   3160.0   0.08081
   3165.0   0.08187
   3170.0   0.08355
   3175.0   0.08488
   3180.0   0.08675
   3185.0   0.08911
   3190.0   0.09047
   3195.0   0.09148
   3200.0   0.09353
   3205.0   0.09532
   3210.0   0.09948
   3215.0   0.10072
   3220.0   0.10245
   3225.0   0.10492
   3230.0   0.10734
   3235.0   0.10971
   3240.0   0.11216
   3245.0   0.11358
   3250.0   0.11442
   3255.0   0.11794
   3260.0   0.11952
   3265.0   0.12146
   3270.0   0.12296
   3275.0   0.12610
   3280.0   0.12733
   3285.0   0.12931
   3290.0   0.13266
   3295.0   0.13355
   3300.0   0.13736
   3305.0   0.13938
   3310.0   0.14238
   3315.0   0.14317
   3320.0   0.14618
   3325.0   0.14754
   3330.0   0.15046
   3335.0   0.15303
   3340.0   0.15647
   3345.0   0.15920
   3350.0   0.16250
   3355.0   0.16383
   3360.0   0.16752
   3365.0   0.17012
   3370.0   0.17335
   3375.0   0.17583
   3380.0   0.17752
   3385.0   0.18093
   3390.0   0.18341
   3395.0   0.18516
   3400.0   0.18897
   3405.0   0.19107
   3410.0   0.19304
   3415.0   0.19507
   3420.0   0.19771
   3425.0   0.19734
   3430.0   0.20228
   3435.0   0.20401
   3440.0   0.20977
   3445.0   0.21430
   3450.0   0.21984
   3455.0   0.22367
   3460.0   0.22613
   3465.0   0.22640
   3470.0   0.23357
   3475.0   0.22844
   3480.0   0.23064
   3485.0   0.23421
   3490.0   0.23775
   3495.0   0.24272
   3500.0   0.24298
   3505.0   0.24729
   3510.0   0.24954
   3515.0   0.25342
   3520.0   0.25565
   3525.0   0.25831
   3530.0   0.26443
   3535.0   0.26661
   3540.0   0.27079
   3545.0   0.27488
   3550.0   0.28028
   3555.0   0.27705
   3560.0   0.28342
   3565.0   0.28243
   3570.0   0.28435
   3575.0   0.29357
   3580.0   0.29676
   3585.0   0.30674
   3590.0   0.29796
   3595.0   0.30338
   3600.0   0.29721



 C8NV02      .ASC                        

 NV-RBS-002                                                              
 CN-9A AT 15,0  <2 MM PARTICLES ONLY USED                                
 RATIOS ADJUSTED USING NBS HALON CALIBRATION TABLE                       
 RESCALED USING DATA FROM CB169O @ 1000NM                                

 Source Ang: 15.00   Detect Ang:  0.00  Volt: 0.222
 Date: 20-FEB-89   Time: 15:42:42
