   661
    300.0   0.18070
    305.0   0.21010
    310.0   0.23798
    315.0   0.26731
    320.0   0.28828
    325.0   0.30366
    330.0   0.31531
    335.0   0.32794
    340.0   0.33766
    345.0   0.34356
    350.0   0.34937
    355.0   0.35704
    360.0   0.36441
    365.0   0.37678
    370.0   0.39010
    375.0   0.41037
    380.0   0.42999
    385.0   0.45123
    390.0   0.46831
    395.0   0.48132
    400.0   0.49296
    405.0   0.50367
    410.0   0.51589
    415.0   0.53209
    420.0   0.54440
    425.0   0.55610
    430.0   0.56657
    435.0   0.57538
    440.0   0.58558
    445.0   0.59682
    450.0   0.60736
    455.0   0.61399
    460.0   0.62117
    465.0   0.62638
    470.0   0.63681
    475.0   0.64045
    480.0   0.64482
    485.0   0.64670
    490.0   0.65078
    495.0   0.65485
    500.0   0.65875
    505.0   0.66486
    510.0   0.66952
    515.0   0.67485
    520.0   0.68358
    525.0   0.69164
    530.0   0.69507
    535.0   0.69949
    540.0   0.70421
    545.0   0.70772
    550.0   0.71246
    555.0   0.71543
    560.0   0.71681
    565.0   0.71826
    570.0   0.72004
    575.0   0.72044
    580.0   0.72003
    585.0   0.72164
    590.0   0.72157
    595.0   0.72098
    600.0   0.72145
    605.0   0.72161
    610.0   0.72095
    615.0   0.72013
    620.0   0.72068
    625.0   0.72020
    630.0   0.71986
    635.0   0.72126
    640.0   0.72143
    645.0   0.72209
    650.0   0.72382
    655.0   0.72475
    660.0   0.72495
    665.0   0.72539
    670.0   0.72808
    675.0   0.72959
    680.0   0.73123
    685.0   0.73300
    690.0   0.73494
    695.0   0.73529
    700.0   0.73708
    705.0   0.73802
    710.0   0.73920
    715.0   0.74041
    720.0   0.74201
    725.0   0.74221
    730.0   0.74229
    735.0   0.74183
    740.0   0.74182
    745.0   0.74243
    750.0   0.74304
    755.0   0.74427
    760.0   0.74550
    765.0   0.74600
    770.0   0.74650
    775.0   0.74432
    780.0   0.74574
    785.0   0.74582
    790.0   0.74620
    795.0   0.74631
    800.0   0.74683
    805.0   0.74598
    810.0   0.74584
    815.0   0.74582
    820.0   0.74536
    825.0   0.74444
    830.0   0.74406
    835.0   0.74409
    840.0   0.74411
    845.0   0.74149
    850.0   0.74335
    855.0   0.74255
    860.0   0.74192
    865.0   0.74256
    870.0   0.74228
    875.0   0.74174
    880.0   0.74142
    885.0   0.74091
    890.0   0.74167
    895.0   0.74005
    900.0   0.74113
    905.0   0.74165
    910.0   0.74003
    915.0   0.74140
    920.0   0.74149
    925.0   0.74190
    930.0   0.74216
    935.0   0.74307
    940.0   0.74292
    945.0   0.74249
    950.0   0.74280
    955.0   0.74275
    960.0   0.74178
    965.0   0.74220
    970.0   0.74291
    975.0   0.74488
    980.0   0.74602
    985.0   0.74795
    990.0   0.74883
    995.0   0.74900
   1000.0   0.75004
   1005.0   0.75069
   1010.0   0.75075
   1015.0   0.75168
   1020.0   0.75281
   1025.0   0.75265
   1030.0   0.75334
   1035.0   0.75493
   1040.0   0.75480
   1045.0   0.75451
   1050.0   0.75509
   1055.0   0.75592
   1060.0   0.75580
   1065.0   0.75690
   1070.0   0.75778
   1075.0   0.75736
   1080.0   0.75804
   1085.0   0.75845
   1090.0   0.75822
   1095.0   0.75803
   1100.0   0.75921
   1105.0   0.75966
   1110.0   0.75937
   1115.0   0.76062
   1120.0   0.76128
   1125.0   0.76141
   1130.0   0.76058
   1135.0   0.76221
   1140.0   0.75999
   1145.0   0.75928
   1150.0   0.75801
   1155.0   0.75895
   1160.0   0.75861
   1165.0   0.76039
   1170.0   0.76158
   1175.0   0.76193
   1180.0   0.76290
   1185.0   0.76335
   1190.0   0.76383
   1195.0   0.76437
   1200.0   0.76347
   1205.0   0.76366
   1210.0   0.76421
   1215.0   0.76538
   1220.0   0.76563
   1225.0   0.76598
   1230.0   0.76636
   1235.0   0.76771
   1240.0   0.76699
   1245.0   0.76717
   1250.0   0.76815
   1255.0   0.76762
   1260.0   0.76865
   1265.0   0.76966
   1270.0   0.77063
   1275.0   0.77048
   1280.0   0.77017
   1285.0   0.77021
   1290.0   0.76915
   1295.0   0.76899
   1300.0   0.76938
   1305.0   0.76824
   1310.0   0.76809
   1315.0   0.76825
   1320.0   0.76744
   1325.0   0.76725
   1330.0   0.76675
   1335.0   0.76561
   1340.0   0.76467
   1345.0   0.76368
   1350.0   0.76513
   1355.0   0.76690
   1360.0   0.76758
   1365.0   0.76590
   1370.0   0.75999
   1375.0   0.74961
   1380.0   0.74195
   1385.0   0.73136
   1390.0   0.70951
   1395.0   0.68667
   1400.0   0.65948
   1405.0   0.63714
   1410.0   0.62275
   1415.0   0.62308
   1420.0   0.63954
   1425.0   0.66114
   1430.0   0.68116
   1435.0   0.69815
   1440.0   0.70894
   1445.0   0.71583
   1450.0   0.71985
   1455.0   0.72015
   1460.0   0.72011
   1465.0   0.72248
   1470.0   0.72720
   1475.0   0.73298
   1480.0   0.73844
   1485.0   0.74293
   1490.0   0.74610
   1495.0   0.74943
   1500.0   0.75153
   1505.0   0.75339
   1510.0   0.75609
   1515.0   0.75888
   1520.0   0.75967
   1525.0   0.76163
   1530.0   0.76424
   1535.0   0.76536
   1540.0   0.76667
   1545.0   0.76955
   1550.0   0.77170
   1555.0   0.77445
   1560.0   0.77569
   1565.0   0.77628
   1570.0   0.77812
   1575.0   0.77847
   1580.0   0.77846
   1585.0   0.77959
   1590.0   0.78115
   1595.0   0.78128
   1600.0   0.78269
   1605.0   0.78346
   1610.0   0.78411
   1615.0   0.78439
   1620.0   0.78434
   1625.0   0.78531
   1630.0   0.78528
   1635.0   0.78523
   1640.0   0.78630
   1645.0   0.78643
   1650.0   0.78771
   1655.0   0.78901
   1660.0   0.78772
   1665.0   0.78742
   1670.0   0.78728
   1675.0   0.78818
   1680.0   0.78921
   1685.0   0.78823
   1690.0   0.78829
   1695.0   0.78922
   1700.0   0.78831
   1705.0   0.78805
   1710.0   0.78824
   1715.0   0.78787
   1720.0   0.78694
   1725.0   0.78637
   1730.0   0.78657
   1735.0   0.78464
   1740.0   0.78410
   1745.0   0.78391
   1750.0   0.78261
   1755.0   0.78187
   1760.0   0.78034
   1765.0   0.77949
   1770.0   0.77822
   1775.0   0.77730
   1780.0   0.77649
   1785.0   0.77615
   1790.0   0.77448
   1795.0   0.77403
   1800.0   0.77345
   1805.0   0.77183
   1810.0   0.77265
   1815.0   0.77206
   1820.0   0.77216
   1825.0   0.77216
   1830.0   0.77115
   1835.0   0.76825
   1840.0   0.76772
   1845.0   0.76534
   1850.0   0.76266
   1855.0   0.75840
   1860.0   0.75482
   1865.0   0.74614
   1870.0   0.73286
   1875.0   0.71520
   1880.0   0.68702
   1885.0   0.65019
   1890.0   0.59986
   1895.0   0.54110
   1900.0   0.49552
   1905.0   0.47465
   1910.0   0.48078
   1915.0   0.50470
   1920.0   0.53168
   1925.0   0.55470
   1930.0   0.57392
   1935.0   0.58689
   1940.0   0.59477
   1945.0   0.60039
   1950.0   0.60521
   1955.0   0.60905
   1960.0   0.61297
   1965.0   0.61686
   1970.0   0.62196
   1975.0   0.62725
   1980.0   0.63320
   1985.0   0.63971
   1990.0   0.64621
   1995.0   0.65308
   2000.0   0.66009
   2005.0   0.66701
   2010.0   0.67310
   2015.0   0.67941
   2020.0   0.68552
   2025.0   0.69039
   2030.0   0.69461
   2035.0   0.69843
   2040.0   0.70176
   2045.0   0.70410
   2050.0   0.70589
   2055.0   0.70839
   2060.0   0.70932
   2065.0   0.70923
   2070.0   0.70947
   2075.0   0.70913
   2080.0   0.70920
   2085.0   0.70839
   2090.0   0.70809
   2095.0   0.70876
   2100.0   0.70936
   2105.0   0.70969
   2110.0   0.71169
   2115.0   0.71305
   2120.0   0.71435
   2125.0   0.71442
   2130.0   0.71409
   2135.0   0.71349
   2140.0   0.71014
   2145.0   0.70761
   2150.0   0.70380
   2155.0   0.70007
   2160.0   0.69279
   2165.0   0.68139
   2170.0   0.66604
   2175.0   0.64842
   2180.0   0.63190
   2185.0   0.61812
   2190.0   0.60231
   2195.0   0.58456
   2200.0   0.56714
   2205.0   0.55538
   2210.0   0.55328
   2215.0   0.56602
   2220.0   0.58372
   2225.0   0.59738
   2230.0   0.60761
   2235.0   0.61460
   2240.0   0.62185
   2245.0   0.63151
   2250.0   0.64348
   2255.0   0.65520
   2260.0   0.66222
   2265.0   0.66563
   2270.0   0.66637
   2275.0   0.66540
   2280.0   0.66245
   2285.0   0.65858
   2290.0   0.65372
   2295.0   0.64765
   2300.0   0.64187
   2305.0   0.63553
   2310.0   0.63028
   2315.0   0.62404
   2320.0   0.61928
   2325.0   0.61420
   2330.0   0.60798
   2335.0   0.60130
   2340.0   0.59340
   2345.0   0.58634
   2350.0   0.58048
   2355.0   0.57288
   2360.0   0.56697
   2365.0   0.56308
   2370.0   0.55880
   2375.0   0.55479
   2380.0   0.54940
   2385.0   0.54516
   2390.0   0.53982
   2395.0   0.53514
   2400.0   0.53191
   2405.0   0.52746
   2410.0   0.52402
   2415.0   0.51988
   2420.0   0.51465
   2425.0   0.50990
   2430.0   0.50467
   2435.0   0.49900
   2440.0   0.49374
   2445.0   0.48911
   2450.0   0.48532
   2455.0   0.48119
   2460.0   0.47768
   2465.0   0.47460
   2470.0   0.47247
   2475.0   0.47067
   2480.0   0.46869
   2485.0   0.46557
   2490.0   0.46255
   2495.0   0.45857
   2500.0   0.45579
   2505.0   0.45193
   2510.0   0.44814
   2515.0   0.44438
   2520.0   0.44167
   2525.0   0.43840
   2530.0   0.43620
   2535.0   0.43399
   2540.0   0.43292
   2545.0   0.43234
   2550.0   0.43069
   2555.0   0.42992
   2560.0   0.42654
   2565.0   0.42927
   2570.0   0.42767
   2575.0   0.42562
   2580.0   0.42559
   2585.0   0.42535
   2590.0   0.42366
   2595.0   0.42068
   2600.0   0.41759
   2605.0   0.41687
   2610.0   0.40991
   2615.0   0.40620
   2620.0   0.39801
   2625.0   0.39011
   2630.0   0.38131
   2635.0   0.37516
   2640.0   0.36371
   2645.0   0.35569
   2650.0   0.34787
   2655.0   0.33925
   2660.0   0.33057
   2665.0   0.31781
   2670.0   0.29927
   2675.0   0.27310
   2680.0   0.23830
   2685.0   0.20208
   2690.0   0.17377
   2695.0   0.14114
   2700.0   0.11723
   2705.0   0.09574
   2710.0   0.07860
   2715.0   0.06370
   2720.0   0.05163
   2725.0   0.03990
   2730.0   0.03133
   2735.0   0.02631
   2740.0   0.02070
   2745.0   0.01800
   2750.0   0.01237
   2755.0   0.01497
   2760.0   0.02022
   2765.0   0.02605
   2770.0   0.02680
   2775.0   0.03446
   2780.0   0.02504
   2785.0   0.03501
   2790.0   0.03294
   2795.0   0.03305
   2800.0   0.03839
   2805.0   0.04447
   2810.0   0.04827
   2815.0   0.04340
   2820.0   0.04968
   2825.0   0.04190
   2830.0   0.04315
   2835.0   0.03845
   2840.0   0.04153
   2845.0   0.04252
   2850.0   0.04517
   2855.0   0.03954
   2860.0   0.03915
   2865.0   0.03272
   2870.0   0.03495
   2875.0   0.03504
   2880.0   0.03188
   2885.0   0.03218
   2890.0   0.02946
   2895.0   0.02963
   2900.0   0.03208
   2905.0   0.02915
   2910.0   0.02818
   2915.0   0.02974
   2920.0   0.03017
   2925.0   0.02984
   2930.0   0.03040
   2935.0   0.02806
   2940.0   0.02869
   2945.0   0.03014
   2950.0   0.02849
   2955.0   0.02896
   2960.0   0.03111
   2965.0   0.03000
   2970.0   0.03286
   2975.0   0.02991
   2980.0   0.03344
   2985.0   0.03414
   2990.0   0.03278
   2995.0   0.03413
   3000.0   0.03650
   3005.0   0.03739
   3010.0   0.03677
   3015.0   0.03787
   3020.0   0.03818
   3025.0   0.03887
   3030.0   0.04037
   3035.0   0.04130
   3040.0   0.04205
   3045.0   0.04592
   3050.0   0.04737
   3055.0   0.04587
   3060.0   0.04780
   3065.0   0.04979
   3070.0   0.05018
   3075.0   0.05061
   3080.0   0.05024
   3085.0   0.05166
   3090.0   0.05077
   3095.0   0.05309
   3100.0   0.05245
   3105.0   0.05346
   3110.0   0.05762
   3115.0   0.06014
   3120.0   0.06256
   3125.0   0.06361
   3130.0   0.05786
   3135.0   0.06168
   3140.0   0.06682
   3145.0   0.06812
   3150.0   0.06771
   3155.0   0.06965
   3160.0   0.07274
   3165.0   0.07447
   3170.0   0.07970
   3175.0   0.07890
   3180.0   0.08156
   3185.0   0.08413
   3190.0   0.08792
   3195.0   0.08960
   3200.0   0.09174
   3205.0   0.09702
   3210.0   0.09806
   3215.0   0.10205
   3220.0   0.10375
   3225.0   0.11009
   3230.0   0.11241
   3235.0   0.11587
   3240.0   0.11981
   3245.0   0.12248
   3250.0   0.12632
   3255.0   0.13104
   3260.0   0.13460
   3265.0   0.13624
   3270.0   0.14025
   3275.0   0.14375
   3280.0   0.14842
   3285.0   0.15194
   3290.0   0.15736
   3295.0   0.15959
   3300.0   0.16475
   3305.0   0.16857
   3310.0   0.17262
   3315.0   0.17700
   3320.0   0.18053
   3325.0   0.18419
   3330.0   0.18905
   3335.0   0.19454
   3340.0   0.19769
   3345.0   0.20237
   3350.0   0.20833
   3355.0   0.21382
   3360.0   0.21881
   3365.0   0.22561
   3370.0   0.23061
   3375.0   0.23542
   3380.0   0.24257
   3385.0   0.24806
   3390.0   0.25134
   3395.0   0.26239
   3400.0   0.26950
   3405.0   0.27912
   3410.0   0.28285
   3415.0   0.28717
   3420.0   0.28725
   3425.0   0.28844
   3430.0   0.28966
   3435.0   0.28902
   3440.0   0.29683
   3445.0   0.29923
   3450.0   0.30030
   3455.0   0.30201
   3460.0   0.30572
   3465.0   0.30667
   3470.0   0.31902
   3475.0   0.32122
   3480.0   0.32889
   3485.0   0.33086
   3490.0   0.33595
   3495.0   0.33832
   3500.0   0.34638
   3505.0   0.34194
   3510.0   0.34484
   3515.0   0.34491
   3520.0   0.34368
   3525.0   0.35093
   3530.0   0.35131
   3535.0   0.35547
   3540.0   0.36957
   3545.0   0.36365
   3550.0   0.37119
   3555.0   0.37628
   3560.0   0.37773
   3565.0   0.37806
   3570.0   0.38614
   3575.0   0.38773
   3580.0   0.39302
   3585.0   0.39449
   3590.0   0.40119
   3595.0   0.40629
   3600.0   0.40997



 CAJB13      .ASC                        

 JB-CMP-013-A
 SWY MONTMORILLONITE  BULK POWDER TO 3.6                                 
 RATIOS ADJUSTED USING NBS HALON CALIBRATION TABLE                       

 Source Ang: 30.00   Detect Ang:  0.00  Volt: 0.777
 Date:  9-DEC-91   Time: 11:14:36
