   641
    300.0   0.02870
    305.0   0.02772
    310.0   0.02538
    315.0   0.02668
    320.0   0.02819
    325.0   0.02986
    330.0   0.02900
    335.0   0.02909
    340.0   0.02997
    345.0   0.03020
    350.0   0.03140
    355.0   0.03213
    360.0   0.03244
    365.0   0.03296
    370.0   0.03383
    375.0   0.03463
    380.0   0.03517
    385.0   0.03595
    390.0   0.03669
    395.0   0.03696
    400.0   0.03723
    405.0   0.03835
    410.0   0.03902
    415.0   0.03968
    420.0   0.04021
    425.0   0.04070
    430.0   0.04192
    435.0   0.04255
    440.0   0.04351
    445.0   0.04415
    450.0   0.04498
    455.0   0.04583
    460.0   0.04641
    465.0   0.04705
    470.0   0.04783
    475.0   0.04868
    480.0   0.04924
    485.0   0.05007
    490.0   0.05054
    495.0   0.05135
    500.0   0.05198
    505.0   0.05257
    510.0   0.05345
    515.0   0.05433
    520.0   0.05496
    525.0   0.05574
    530.0   0.05652
    535.0   0.05720
    540.0   0.05780
    545.0   0.05873
    550.0   0.05936
    555.0   0.05976
    560.0   0.06057
    565.0   0.06118
    570.0   0.06172
    575.0   0.06208
    580.0   0.06252
    585.0   0.06309
    590.0   0.06380
    595.0   0.06467
    600.0   0.06507
    605.0   0.06576
    610.0   0.06623
    615.0   0.06703
    620.0   0.06776
    625.0   0.06839
    630.0   0.06925
    635.0   0.06982
    640.0   0.07047
    645.0   0.07049
    650.0   0.07107
    655.0   0.07195
    660.0   0.07222
    665.0   0.07284
    670.0   0.07311
    675.0   0.07397
    680.0   0.07454
    685.0   0.07498
    690.0   0.07573
    695.0   0.07619
    700.0   0.07688
    705.0   0.07706
    710.0   0.07778
    715.0   0.07856
    720.0   0.07891
    725.0   0.07901
    730.0   0.07981
    735.0   0.08036
    740.0   0.08096
    745.0   0.08149
    750.0   0.08222
    755.0   0.08281
    760.0   0.08378
    765.0   0.08437
    770.0   0.08479
    775.0   0.08546
    780.0   0.08594
    785.0   0.08678
    790.0   0.08783
    795.0   0.08825
    800.0   0.08907
    805.0   0.08985
    810.0   0.09018
    815.0   0.09103
    820.0   0.09154
    825.0   0.09209
    830.0   0.09294
    835.0   0.09330
    840.0   0.09409
    845.0   0.09484
    850.0   0.09501
    855.0   0.09465
    860.0   0.09570
    865.0   0.09617
    870.0   0.09669
    875.0   0.09814
    880.0   0.09769
    885.0   0.09824
    890.0   0.09782
    895.0   0.09893
    900.0   0.09896
    905.0   0.09990
    910.0   0.10095
    915.0   0.10030
    920.0   0.10136
    925.0   0.10131
    930.0   0.10219
    935.0   0.10254
    940.0   0.10258
    945.0   0.10245
    950.0   0.10360
    955.0   0.10371
    960.0   0.10458
    965.0   0.10446
    970.0   0.10476
    975.0   0.10527
    980.0   0.10508
    985.0   0.10641
    990.0   0.10608
    995.0   0.10632
   1000.0   0.10702
   1005.0   0.10744
   1010.0   0.10752
   1015.0   0.10816
   1020.0   0.10851
   1025.0   0.10888
   1030.0   0.10905
   1035.0   0.10970
   1040.0   0.10958
   1045.0   0.11032
   1050.0   0.11006
   1055.0   0.11085
   1060.0   0.11131
   1065.0   0.11203
   1070.0   0.11212
   1075.0   0.11239
   1080.0   0.11314
   1085.0   0.11324
   1090.0   0.11362
   1095.0   0.11381
   1100.0   0.11463
   1105.0   0.11485
   1110.0   0.11539
   1115.0   0.11575
   1120.0   0.11607
   1125.0   0.11610
   1130.0   0.11677
   1135.0   0.11711
   1140.0   0.11757
   1145.0   0.11761
   1150.0   0.11856
   1155.0   0.11913
   1160.0   0.11925
   1165.0   0.11970
   1170.0   0.12012
   1175.0   0.12033
   1180.0   0.12067
   1185.0   0.12172
   1190.0   0.12201
   1195.0   0.12236
   1200.0   0.12295
   1205.0   0.12334
   1210.0   0.12399
   1215.0   0.12492
   1220.0   0.12438
   1225.0   0.12517
   1230.0   0.12555
   1235.0   0.12638
   1240.0   0.12665
   1245.0   0.12721
   1250.0   0.12785
   1255.0   0.12810
   1260.0   0.12845
   1265.0   0.12932
   1270.0   0.12956
   1275.0   0.12985
   1280.0   0.13103
   1285.0   0.13139
   1290.0   0.13210
   1295.0   0.13247
   1300.0   0.13237
   1305.0   0.13301
   1310.0   0.13305
   1315.0   0.13333
   1320.0   0.13419
   1325.0   0.13384
   1330.0   0.13472
   1335.0   0.13552
   1340.0   0.13654
   1345.0   0.13660
   1350.0   0.13749
   1355.0   0.13695
   1360.0   0.13731
   1365.0   0.13743
   1370.0   0.13764
   1375.0   0.13834
   1380.0   0.13868
   1385.0   0.13898
   1390.0   0.14006
   1395.0   0.13868
   1400.0   0.13866
   1405.0   0.13894
   1410.0   0.13958
   1415.0   0.13911
   1420.0   0.14010
   1425.0   0.14175
   1430.0   0.14244
   1435.0   0.14294
   1440.0   0.14337
   1445.0   0.14395
   1450.0   0.14383
   1455.0   0.14498
   1460.0   0.14512
   1465.0   0.14567
   1470.0   0.14689
   1475.0   0.14750
   1480.0   0.14739
   1485.0   0.14816
   1490.0   0.14767
   1495.0   0.14879
   1500.0   0.14856
   1505.0   0.14964
   1510.0   0.14976
   1515.0   0.14977
   1520.0   0.15033
   1525.0   0.15017
   1530.0   0.15024
   1535.0   0.15139
   1540.0   0.15188
   1545.0   0.15233
   1550.0   0.15247
   1555.0   0.15322
   1560.0   0.15305
   1565.0   0.15263
   1570.0   0.15325
   1575.0   0.15425
   1580.0   0.15428
   1585.0   0.15458
   1590.0   0.15598
   1595.0   0.15687
   1600.0   0.15643
   1605.0   0.15613
   1610.0   0.15587
   1615.0   0.15626
   1620.0   0.15646
   1625.0   0.15660
   1630.0   0.15757
   1635.0   0.15714
   1640.0   0.15772
   1645.0   0.15835
   1650.0   0.15912
   1655.0   0.15964
   1660.0   0.15918
   1665.0   0.15878
   1670.0   0.15917
   1675.0   0.15982
   1680.0   0.15981
   1685.0   0.15991
   1690.0   0.16020
   1695.0   0.16012
   1700.0   0.15938
   1705.0   0.15928
   1710.0   0.15990
   1715.0   0.15974
   1720.0   0.15951
   1725.0   0.16057
   1730.0   0.16095
   1735.0   0.16080
   1740.0   0.16096
   1745.0   0.16094
   1750.0   0.16164
   1755.0   0.16154
   1760.0   0.16204
   1765.0   0.16297
   1770.0   0.16389
   1775.0   0.16471
   1780.0   0.16516
   1785.0   0.16517
   1790.0   0.16586
   1795.0   0.16574
   1800.0   0.16541
   1805.0   0.16623
   1810.0   0.16667
   1815.0   0.16709
   1820.0   0.16742
   1825.0   0.16759
   1830.0   0.16697
   1835.0   0.16871
   1840.0   0.16867
   1845.0   0.16853
   1850.0   0.16981
   1855.0   0.16951
   1860.0   0.16985
   1865.0   0.16966
   1870.0   0.16989
   1875.0   0.17020
   1880.0   0.16981
   1885.0   0.16908
   1890.0   0.16785
   1895.0   0.16674
   1900.0   0.16524
   1905.0   0.16453
   1910.0   0.16436
   1915.0   0.16610
   1920.0   0.16600
   1925.0   0.16677
   1930.0   0.16795
   1935.0   0.16807
   1940.0   0.16848
   1945.0   0.17030
   1950.0   0.16999
   1955.0   0.16962
   1960.0   0.17048
   1965.0   0.17128
   1970.0   0.17048
   1975.0   0.17076
   1980.0   0.17125
   1985.0   0.17270
   1990.0   0.17240
   1995.0   0.17189
   2000.0   0.17171
   2005.0   0.17334
   2010.0   0.17395
   2015.0   0.17435
   2020.0   0.17503
   2025.0   0.17450
   2030.0   0.17460
   2035.0   0.17557
   2040.0   0.17671
   2045.0   0.17681
   2050.0   0.17629
   2055.0   0.17678
   2060.0   0.17609
   2065.0   0.17618
   2070.0   0.17645
   2075.0   0.17631
   2080.0   0.17581
   2085.0   0.17679
   2090.0   0.17772
   2095.0   0.17697
   2100.0   0.17646
   2105.0   0.17686
   2110.0   0.17725
   2115.0   0.17708
   2120.0   0.17759
   2125.0   0.17817
   2130.0   0.17758
   2135.0   0.17749
   2140.0   0.17661
   2145.0   0.17625
   2150.0   0.17533
   2155.0   0.17467
   2160.0   0.17339
   2165.0   0.17318
   2170.0   0.17341
   2175.0   0.17367
   2180.0   0.17342
   2185.0   0.17280
   2190.0   0.17230
   2195.0   0.17177
   2200.0   0.17088
   2205.0   0.16917
   2210.0   0.16940
   2215.0   0.17124
   2220.0   0.17308
   2225.0   0.17366
   2230.0   0.17418
   2235.0   0.17530
   2240.0   0.17532
   2245.0   0.17520
   2250.0   0.17549
   2255.0   0.17452
   2260.0   0.17321
   2265.0   0.17227
   2270.0   0.17188
   2275.0   0.17024
   2280.0   0.16985
   2285.0   0.16890
   2290.0   0.16812
   2295.0   0.16744
   2300.0   0.16541
   2305.0   0.16328
   2310.0   0.16171
   2315.0   0.16287
   2320.0   0.16469
   2325.0   0.16563
   2330.0   0.16527
   2335.0   0.16521
   2340.0   0.16435
   2345.0   0.16258
   2350.0   0.16161
   2355.0   0.16259
   2360.0   0.16318
   2365.0   0.16367
   2370.0   0.16452
   2375.0   0.16491
   2380.0   0.16461
   2385.0   0.16543
   2390.0   0.16510
   2395.0   0.16570
   2400.0   0.16698
   2405.0   0.16687
   2410.0   0.16623
   2415.0   0.16627
   2420.0   0.16631
   2425.0   0.16591
   2430.0   0.16430
   2435.0   0.16371
   2440.0   0.16282
   2445.0   0.16301
   2450.0   0.16212
   2455.0   0.16178
   2460.0   0.16139
   2465.0   0.16261
   2470.0   0.16338
   2475.0   0.16385
   2480.0   0.16420
   2485.0   0.16512
   2490.0   0.16424
   2495.0   0.16379
   2500.0   0.16401
   2505.0   0.16408
   2510.0   0.16383
   2515.0   0.16299
   2520.0   0.16349
   2525.0   0.16423
   2530.0   0.16479
   2535.0   0.16529
   2540.0   0.16401
   2545.0   0.16378
   2550.0   0.16415
   2555.0   0.16504
   2560.0   0.16312
   2565.0   0.16384
   2570.0   0.16455
   2575.0   0.16287
   2580.0   0.16326
   2585.0   0.16288
   2590.0   0.16250
   2595.0   0.16372
   2600.0   0.16162
   2605.0   0.16083
   2610.0   0.16181
   2615.0   0.16107
   2620.0   0.16203
   2625.0   0.15958
   2630.0   0.15919
   2635.0   0.15889
   2640.0   0.15682
   2645.0   0.15633
   2650.0   0.15457
   2655.0   0.15250
   2660.0   0.15032
   2665.0   0.14782
   2670.0   0.14388
   2675.0   0.13714
   2680.0   0.12664
   2685.0   0.11380
   2690.0   0.09727
   2695.0   0.07746
   2700.0   0.05941
   2705.0   0.05186
   2710.0   0.04773
   2715.0   0.04494
   2720.0   0.04382
   2725.0   0.04127
   2730.0   0.03678
   2735.0   0.03604
   2740.0   0.03237
   2745.0   0.03349
   2750.0   0.03352
   2755.0   0.03016
   2760.0   0.03209
   2765.0   0.03207
   2770.0   0.03361
   2775.0   0.03339
   2780.0   0.03823
   2785.0   0.04233
   2790.0   0.04752
   2795.0   0.04184
   2800.0   0.04312
   2805.0   0.04165
   2810.0   0.04537
   2815.0   0.04874
   2820.0   0.04244
   2825.0   0.04441
   2830.0   0.04776
   2835.0   0.05090
   2840.0   0.04739
   2845.0   0.04749
   2850.0   0.04672
   2855.0   0.04675
   2860.0   0.05403
   2865.0   0.04495
   2870.0   0.05197
   2875.0   0.05334
   2880.0   0.04764
   2885.0   0.04710
   2890.0   0.05027
   2895.0   0.05095
   2900.0   0.04636
   2905.0   0.04453
   2910.0   0.04972
   2915.0   0.04862
   2920.0   0.04446
   2925.0   0.04561
   2930.0   0.04718
   2935.0   0.04844
   2940.0   0.04580
   2945.0   0.04335
   2950.0   0.04557
   2955.0   0.04639
   2960.0   0.04643
   2965.0   0.04968
   2970.0   0.04928
   2975.0   0.04679
   2980.0   0.04836
   2985.0   0.05187
   2990.0   0.04843
   2995.0   0.04785
   3000.0   0.05094
   3005.0   0.05225
   3010.0   0.05141
   3015.0   0.05123
   3020.0   0.05094
   3025.0   0.05376
   3030.0   0.05462
   3035.0   0.05403
   3040.0   0.05465
   3045.0   0.05878
   3050.0   0.05598
   3055.0   0.05489
   3060.0   0.05588
   3065.0   0.05736
   3070.0   0.05746
   3075.0   0.05845
   3080.0   0.05989
   3085.0   0.05912
   3090.0   0.05909
   3095.0   0.06165
   3100.0   0.06224
   3105.0   0.06281
   3110.0   0.06276
   3115.0   0.06402
   3120.0   0.06453
   3125.0   0.06681
   3130.0   0.06583
   3135.0   0.06759
   3140.0   0.06796
   3145.0   0.07104
   3150.0   0.06973
   3155.0   0.07060
   3160.0   0.07209
   3165.0   0.07422
   3170.0   0.07467
   3175.0   0.07400
   3180.0   0.07602
   3185.0   0.07507
   3190.0   0.07586
   3195.0   0.07696
   3200.0   0.08161
   3205.0   0.08118
   3210.0   0.08053
   3215.0   0.08014
   3220.0   0.08336
   3225.0   0.08191
   3230.0   0.08284
   3235.0   0.08314
   3240.0   0.08188
   3245.0   0.08448
   3250.0   0.08157
   3255.0   0.08138
   3260.0   0.08239
   3265.0   0.08006
   3270.0   0.08110
   3275.0   0.08073
   3280.0   0.08061
   3285.0   0.08114
   3290.0   0.08201
   3295.0   0.08190
   3300.0   0.08535
   3305.0   0.08140
   3310.0   0.08353
   3315.0   0.08256
   3320.0   0.08228
   3325.0   0.08124
   3330.0   0.08140
   3335.0   0.07981
   3340.0   0.07756
   3345.0   0.07409
   3350.0   0.06775
   3355.0   0.06465
   3360.0   0.05799
   3365.0   0.05213
   3370.0   0.04630
   3375.0   0.03843
   3380.0   0.03684
   3385.0   0.04013
   3390.0   0.03600
   3395.0   0.03499
   3400.0   0.03629
   3405.0   0.03245
   3410.0   0.03125
   3415.0   0.03153
   3420.0   0.03215
   3425.0   0.02953
   3430.0   0.03625
   3435.0   0.03633
   3440.0   0.04038
   3445.0   0.04078
   3450.0   0.04480
   3455.0   0.04579
   3460.0   0.04851
   3465.0   0.04686
   3470.0   0.05154
   3475.0   0.05057
   3480.0   0.04841
   3485.0   0.05092
   3490.0   0.05150
   3495.0   0.04894
   3500.0   0.04354



 CATS03      .ASC                        

 TS-EAC-003        TAR SAND #3                                           
 RUN TO 3.5 MICRONS                                                      
 RATIOS ADJUSTED USING NBS HALON CALIBRATION TABLE                       

 Source Ang:  0.00   Detect Ang: 15.00  Volt: 0.222
 Date: 21-FEB-90   Time: 12:04:34
