   641
    300.0   0.03575
    305.0   0.03108
    310.0   0.02793
    315.0   0.02626
    320.0   0.02696
    325.0   0.02553
    330.0   0.02565
    335.0   0.02531
    340.0   0.02461
    345.0   0.02592
    350.0   0.02528
    355.0   0.02607
    360.0   0.02701
    365.0   0.02784
    370.0   0.02867
    375.0   0.02984
    380.0   0.03123
    385.0   0.03300
    390.0   0.03520
    395.0   0.03756
    400.0   0.03995
    405.0   0.04382
    410.0   0.04543
    415.0   0.04798
    420.0   0.05107
    425.0   0.05452
    430.0   0.05831
    435.0   0.06242
    440.0   0.06701
    445.0   0.07152
    450.0   0.07626
    455.0   0.08026
    460.0   0.08436
    465.0   0.08764
    470.0   0.09135
    475.0   0.09508
    480.0   0.09935
    485.0   0.10361
    490.0   0.10858
    495.0   0.11475
    500.0   0.12193
    505.0   0.12924
    510.0   0.13790
    515.0   0.14739
    520.0   0.15853
    525.0   0.16876
    530.0   0.18020
    535.0   0.19163
    540.0   0.20455
    545.0   0.21752
    550.0   0.23056
    555.0   0.24499
    560.0   0.25899
    565.0   0.27402
    570.0   0.28984
    575.0   0.30498
    580.0   0.32075
    585.0   0.33654
    590.0   0.35237
    595.0   0.36788
    600.0   0.38345
    605.0   0.39718
    610.0   0.41124
    615.0   0.42468
    620.0   0.43798
    625.0   0.44970
    630.0   0.46143
    635.0   0.47150
    640.0   0.48174
    645.0   0.49074
    650.0   0.50017
    655.0   0.50770
    660.0   0.51522
    665.0   0.52352
    670.0   0.53078
    675.0   0.53785
    680.0   0.54533
    685.0   0.55189
    690.0   0.55847
    695.0   0.56615
    700.0   0.57243
    705.0   0.57846
    710.0   0.58586
    715.0   0.58941
    720.0   0.59553
    725.0   0.59939
    730.0   0.60217
    735.0   0.60776
    740.0   0.61153
    745.0   0.61247
    750.0   0.61613
    755.0   0.61966
    760.0   0.62320
    765.0   0.62673
    770.0   0.63027
    775.0   0.63113
    780.0   0.62951
    785.0   0.62951
    790.0   0.62904
    795.0   0.63265
    800.0   0.62995
    805.0   0.62769
    810.0   0.62657
    815.0   0.62435
    820.0   0.62494
    825.0   0.62364
    830.0   0.62090
    835.0   0.62290
    840.0   0.61919
    845.0   0.61740
    850.0   0.61904
    855.0   0.61621
    860.0   0.61389
    865.0   0.61500
    870.0   0.61401
    875.0   0.61112
    880.0   0.60811
    885.0   0.61066
    890.0   0.60922
    895.0   0.60913
    900.0   0.60817
    905.0   0.60920
    910.0   0.60771
    915.0   0.60700
    920.0   0.60838
    925.0   0.60635
    930.0   0.60787
    935.0   0.60770
    940.0   0.60900
    945.0   0.60782
    950.0   0.60846
    955.0   0.60875
    960.0   0.60964
    965.0   0.61124
    970.0   0.61433
    975.0   0.61612
    980.0   0.61681
    985.0   0.62056
    990.0   0.62088
    995.0   0.62143
   1000.0   0.62371
   1005.0   0.62644
   1010.0   0.62851
   1015.0   0.63115
   1020.0   0.63251
   1025.0   0.63455
   1030.0   0.63738
   1035.0   0.63953
   1040.0   0.64046
   1045.0   0.64536
   1050.0   0.64743
   1055.0   0.64954
   1060.0   0.65207
   1065.0   0.65309
   1070.0   0.65580
   1075.0   0.65815
   1080.0   0.66140
   1085.0   0.66368
   1090.0   0.66708
   1095.0   0.67061
   1100.0   0.67275
   1105.0   0.67478
   1110.0   0.67811
   1115.0   0.67912
   1120.0   0.68195
   1125.0   0.68494
   1130.0   0.68850
   1135.0   0.68943
   1140.0   0.69317
   1145.0   0.69365
   1150.0   0.69483
   1155.0   0.69697
   1160.0   0.70208
   1165.0   0.70741
   1170.0   0.71103
   1175.0   0.71391
   1180.0   0.71629
   1185.0   0.71841
   1190.0   0.72112
   1195.0   0.72316
   1200.0   0.73190
   1205.0   0.73541
   1210.0   0.73889
   1215.0   0.73771
   1220.0   0.74111
   1225.0   0.74379
   1230.0   0.74534
   1235.0   0.74674
   1240.0   0.74921
   1245.0   0.74981
   1250.0   0.75141
   1255.0   0.75251
   1260.0   0.75389
   1265.0   0.75578
   1270.0   0.75735
   1275.0   0.75865
   1280.0   0.75896
   1285.0   0.75940
   1290.0   0.75978
   1295.0   0.76023
   1300.0   0.76053
   1305.0   0.76011
   1310.0   0.76222
   1315.0   0.76254
   1320.0   0.76320
   1325.0   0.76284
   1330.0   0.76157
   1335.0   0.76014
   1340.0   0.75930
   1345.0   0.75712
   1350.0   0.75416
   1355.0   0.74935
   1360.0   0.74736
   1365.0   0.74157
   1370.0   0.73812
   1375.0   0.73402
   1380.0   0.72675
   1385.0   0.70183
   1390.0   0.68565
   1395.0   0.65620
   1400.0   0.62981
   1405.0   0.60642
   1410.0   0.58763
   1415.0   0.58955
   1420.0   0.60535
   1425.0   0.62540
   1430.0   0.64295
   1435.0   0.65449
   1440.0   0.66344
   1445.0   0.66948
   1450.0   0.67313
   1455.0   0.67470
   1460.0   0.67502
   1465.0   0.67771
   1470.0   0.68480
   1475.0   0.69113
   1480.0   0.69816
   1485.0   0.70481
   1490.0   0.71004
   1495.0   0.71513
   1500.0   0.71889
   1505.0   0.72374
   1510.0   0.72702
   1515.0   0.73141
   1520.0   0.73458
   1525.0   0.73862
   1530.0   0.74215
   1535.0   0.74542
   1540.0   0.74735
   1545.0   0.74786
   1550.0   0.75109
   1555.0   0.75414
   1560.0   0.75402
   1565.0   0.75661
   1570.0   0.75902
   1575.0   0.76082
   1580.0   0.76263
   1585.0   0.76373
   1590.0   0.76376
   1595.0   0.76550
   1600.0   0.76488
   1605.0   0.76674
   1610.0   0.76648
   1615.0   0.77107
   1620.0   0.76915
   1625.0   0.77102
   1630.0   0.76897
   1635.0   0.76984
   1640.0   0.77104
   1645.0   0.76807
   1650.0   0.76933
   1655.0   0.77075
   1660.0   0.76762
   1665.0   0.76855
   1670.0   0.77011
   1675.0   0.77096
   1680.0   0.76973
   1685.0   0.76829
   1690.0   0.76790
   1695.0   0.76879
   1700.0   0.76857
   1705.0   0.76704
   1710.0   0.76700
   1715.0   0.76512
   1720.0   0.76345
   1725.0   0.76329
   1730.0   0.76049
   1735.0   0.75815
   1740.0   0.75719
   1745.0   0.75541
   1750.0   0.75467
   1755.0   0.75139
   1760.0   0.74894
   1765.0   0.74661
   1770.0   0.74447
   1775.0   0.74257
   1780.0   0.74158
   1785.0   0.73970
   1790.0   0.73874
   1795.0   0.73846
   1800.0   0.73688
   1805.0   0.73554
   1810.0   0.73554
   1815.0   0.73470
   1820.0   0.73334
   1825.0   0.73229
   1830.0   0.73145
   1835.0   0.73062
   1840.0   0.72305
   1845.0   0.72344
   1850.0   0.71807
   1855.0   0.71576
   1860.0   0.70599
   1865.0   0.70135
   1870.0   0.68356
   1875.0   0.64920
   1880.0   0.62238
   1885.0   0.58285
   1890.0   0.52581
   1895.0   0.46793
   1900.0   0.42954
   1905.0   0.41192
   1910.0   0.41793
   1915.0   0.43689
   1920.0   0.45506
   1925.0   0.46841
   1930.0   0.48127
   1935.0   0.49008
   1940.0   0.49534
   1945.0   0.50036
   1950.0   0.50572
   1955.0   0.51134
   1960.0   0.51656
   1965.0   0.52193
   1970.0   0.52917
   1975.0   0.53595
   1980.0   0.54278
   1985.0   0.55089
   1990.0   0.55899
   1995.0   0.56832
   2000.0   0.57698
   2005.0   0.58414
   2010.0   0.59183
   2015.0   0.59983
   2020.0   0.60763
   2025.0   0.61355
   2030.0   0.61904
   2035.0   0.62481
   2040.0   0.63030
   2045.0   0.63475
   2050.0   0.63769
   2055.0   0.64181
   2060.0   0.64498
   2065.0   0.64654
   2070.0   0.64763
   2075.0   0.64921
   2080.0   0.65134
   2085.0   0.65236
   2090.0   0.65363
   2095.0   0.65513
   2100.0   0.65735
   2105.0   0.65860
   2110.0   0.65956
   2115.0   0.66220
   2120.0   0.66411
   2125.0   0.66494
   2130.0   0.66623
   2135.0   0.66575
   2140.0   0.66488
   2145.0   0.66330
   2150.0   0.66100
   2155.0   0.65812
   2160.0   0.65319
   2165.0   0.64675
   2170.0   0.63638
   2175.0   0.62384
   2180.0   0.61096
   2185.0   0.59789
   2190.0   0.58395
   2195.0   0.56737
   2200.0   0.55313
   2205.0   0.54566
   2210.0   0.54801
   2215.0   0.56114
   2220.0   0.57541
   2225.0   0.58416
   2230.0   0.58915
   2235.0   0.59319
   2240.0   0.59916
   2245.0   0.60739
   2250.0   0.61476
   2255.0   0.62015
   2260.0   0.62209
   2265.0   0.62340
   2270.0   0.62236
   2275.0   0.62004
   2280.0   0.61606
   2285.0   0.61186
   2290.0   0.60690
   2295.0   0.60253
   2300.0   0.59747
   2305.0   0.59391
   2310.0   0.58980
   2315.0   0.58788
   2320.0   0.58442
   2325.0   0.57978
   2330.0   0.57441
   2335.0   0.56705
   2340.0   0.56048
   2345.0   0.55447
   2350.0   0.54720
   2355.0   0.54175
   2360.0   0.53725
   2365.0   0.53288
   2370.0   0.52805
   2375.0   0.52364
   2380.0   0.51818
   2385.0   0.51398
   2390.0   0.50840
   2395.0   0.50361
   2400.0   0.49992
   2405.0   0.49498
   2410.0   0.48936
   2415.0   0.48460
   2420.0   0.47848
   2425.0   0.47280
   2430.0   0.46710
   2435.0   0.46158
   2440.0   0.45633
   2445.0   0.45276
   2450.0   0.44611
   2455.0   0.44128
   2460.0   0.43642
   2465.0   0.43313
   2470.0   0.43000
   2475.0   0.42773
   2480.0   0.42481
   2485.0   0.42196
   2490.0   0.41756
   2495.0   0.41316
   2500.0   0.40909
   2505.0   0.40538
   2510.0   0.40224
   2515.0   0.39909
   2520.0   0.39679
   2525.0   0.39485
   2530.0   0.39238
   2535.0   0.39164
   2540.0   0.39057
   2545.0   0.39022
   2550.0   0.38972
   2555.0   0.38892
   2560.0   0.38712
   2565.0   0.38666
   2570.0   0.38510
   2575.0   0.38129
   2580.0   0.37943
   2585.0   0.37779
   2590.0   0.37457
   2595.0   0.37199
   2600.0   0.36705
   2605.0   0.36264
   2610.0   0.35718
   2615.0   0.35192
   2620.0   0.34564
   2625.0   0.33726
   2630.0   0.32990
   2635.0   0.32475
   2640.0   0.31922
   2645.0   0.31328
   2650.0   0.30396
   2655.0   0.29646
   2660.0   0.28191
   2665.0   0.25842
   2670.0   0.23059
   2675.0   0.20252
   2680.0   0.17626
   2685.0   0.14860
   2690.0   0.11784
   2695.0   0.09301
   2700.0   0.07504
   2705.0   0.06162
   2710.0   0.04695
   2715.0   0.03493
   2720.0   0.02511
   2725.0   0.01889
   2730.0   0.01648
   2735.0   0.01497
   2740.0   0.01133
   2745.0   0.01039
   2750.0   0.00758
   2755.0   0.01237
   2760.0   0.01519
   2765.0   0.01283
   2770.0   0.02016
   2775.0   0.02121
   2780.0   0.01724
   2785.0   0.01577
   2790.0   0.01835
   2795.0   0.01801
   2800.0   0.02146
   2805.0   0.01741
   2810.0   0.01763
   2815.0   0.02085
   2820.0   0.01504
   2825.0   0.02004
   2830.0   0.01802
   2835.0   0.01574
   2840.0   0.01699
   2845.0   0.01651
   2850.0   0.01582
   2855.0   0.01624
   2860.0   0.01676
   2865.0   0.01561
   2870.0   0.01406
   2875.0   0.01384
   2880.0   0.01157
   2885.0   0.01221
   2890.0   0.01355
   2895.0   0.01132
   2900.0   0.01230
   2905.0   0.01153
   2910.0   0.01426
   2915.0   0.01166
   2920.0   0.01097
   2925.0   0.01113
   2930.0   0.01220
   2935.0   0.01369
   2940.0   0.01342
   2945.0   0.01366
   2950.0   0.01381
   2955.0   0.01341
   2960.0   0.01485
   2965.0   0.01394
   2970.0   0.01621
   2975.0   0.01502
   2980.0   0.01560
   2985.0   0.01528
   2990.0   0.01692
   2995.0   0.01671
   3000.0   0.01658
   3005.0   0.01817
   3010.0   0.01843
   3015.0   0.01848
   3020.0   0.02080
   3025.0   0.02006
   3030.0   0.02054
   3035.0   0.02106
   3040.0   0.02134
   3045.0   0.02178
   3050.0   0.02027
   3055.0   0.02169
   3060.0   0.02231
   3065.0   0.02241
   3070.0   0.02228
   3075.0   0.02403
   3080.0   0.02319
   3085.0   0.02457
   3090.0   0.02507
   3095.0   0.02600
   3100.0   0.02701
   3105.0   0.02802
   3110.0   0.02760
   3115.0   0.02974
   3120.0   0.03038
   3125.0   0.03154
   3130.0   0.03227
   3135.0   0.03394
   3140.0   0.03514
   3145.0   0.03594
   3150.0   0.03766
   3155.0   0.03904
   3160.0   0.04122
   3165.0   0.04177
   3170.0   0.04297
   3175.0   0.04587
   3180.0   0.04634
   3185.0   0.04838
   3190.0   0.04881
   3195.0   0.05227
   3200.0   0.05327
   3205.0   0.05544
   3210.0   0.05842
   3215.0   0.05837
   3220.0   0.06009
   3225.0   0.06241
   3230.0   0.06440
   3235.0   0.06616
   3240.0   0.06835
   3245.0   0.07004
   3250.0   0.07169
   3255.0   0.07493
   3260.0   0.07731
   3265.0   0.07944
   3270.0   0.08148
   3275.0   0.08356
   3280.0   0.08588
   3285.0   0.08761
   3290.0   0.09055
   3295.0   0.09294
   3300.0   0.09519
   3305.0   0.09764
   3310.0   0.09988
   3315.0   0.10219
   3320.0   0.10332
   3325.0   0.10718
   3330.0   0.10942
   3335.0   0.11042
   3340.0   0.11361
   3345.0   0.11663
   3350.0   0.11869
   3355.0   0.12249
   3360.0   0.12413
   3365.0   0.12591
   3370.0   0.12791
   3375.0   0.13129
   3380.0   0.13232
   3385.0   0.13652
   3390.0   0.13914
   3395.0   0.14355
   3400.0   0.14732
   3405.0   0.14868
   3410.0   0.14932
   3415.0   0.15081
   3420.0   0.15174
   3425.0   0.15274
   3430.0   0.15714
   3435.0   0.15875
   3440.0   0.16241
   3445.0   0.16585
   3450.0   0.16686
   3455.0   0.17114
   3460.0   0.17743
   3465.0   0.18076
   3470.0   0.18081
   3475.0   0.19247
   3480.0   0.19550
   3485.0   0.19971
   3490.0   0.20285
   3495.0   0.20367
   3500.0   0.20494



 CBJB18      .ASC                        

 JB-CMP-018-A                                                            
 CAJB18 + 2500-3500 RUN                                                  

 Source Ang: 30.00   Detect Ang:  0.00  Volt: 0.222
 Date: 20-JUL-93   Time: 15:54:27
