   641
    300.0   0.17231
    305.0   0.20678
    310.0   0.24409
    315.0   0.27063
    320.0   0.30045
    325.0   0.32278
    330.0   0.34034
    335.0   0.35495
    340.0   0.36651
    345.0   0.37523
    350.0   0.38718
    355.0   0.39558
    360.0   0.40772
    365.0   0.41998
    370.0   0.43936
    375.0   0.46061
    380.0   0.48206
    385.0   0.50457
    390.0   0.52696
    395.0   0.53992
    400.0   0.55180
    405.0   0.56663
    410.0   0.58130
    415.0   0.59265
    420.0   0.60633
    425.0   0.61848
    430.0   0.62798
    435.0   0.63587
    440.0   0.64571
    445.0   0.65731
    450.0   0.66612
    455.0   0.67162
    460.0   0.67759
    465.0   0.68257
    470.0   0.68786
    475.0   0.69355
    480.0   0.69746
    485.0   0.70381
    490.0   0.71006
    495.0   0.71587
    500.0   0.72302
    505.0   0.72937
    510.0   0.73372
    515.0   0.74073
    520.0   0.74832
    525.0   0.75576
    530.0   0.76397
    535.0   0.77068
    540.0   0.77332
    545.0   0.77771
    550.0   0.78120
    555.0   0.78411
    560.0   0.78573
    565.0   0.78880
    570.0   0.78972
    575.0   0.79129
    580.0   0.79075
    585.0   0.79148
    590.0   0.79108
    595.0   0.79258
    600.0   0.79256
    605.0   0.79319
    610.0   0.79589
    615.0   0.79737
    620.0   0.79763
    625.0   0.79830
    630.0   0.79979
    635.0   0.80147
    640.0   0.80234
    645.0   0.80595
    650.0   0.80821
    655.0   0.80773
    660.0   0.81127
    665.0   0.81302
    670.0   0.81370
    675.0   0.81693
    680.0   0.82018
    685.0   0.82330
    690.0   0.82479
    695.0   0.82758
    700.0   0.82861
    705.0   0.83137
    710.0   0.83416
    715.0   0.83573
    720.0   0.83924
    725.0   0.84006
    730.0   0.84075
    735.0   0.84211
    740.0   0.84209
    745.0   0.84442
    750.0   0.84403
    755.0   0.84396
    760.0   0.84601
    765.0   0.84502
    770.0   0.84518
    775.0   0.84369
    780.0   0.84801
    785.0   0.84599
    790.0   0.84517
    795.0   0.84467
    800.0   0.84350
    805.0   0.84474
    810.0   0.84318
    815.0   0.84066
    820.0   0.84191
    825.0   0.84249
    830.0   0.84112
    835.0   0.84164
    840.0   0.84022
    845.0   0.83878
    850.0   0.83653
    855.0   0.83761
    860.0   0.83438
    865.0   0.83416
    870.0   0.83498
    875.0   0.83504
    880.0   0.83564
    885.0   0.83577
    890.0   0.83669
    895.0   0.83863
    900.0   0.83747
    905.0   0.83749
    910.0   0.83527
    915.0   0.83798
    920.0   0.83831
    925.0   0.83794
    930.0   0.83878
    935.0   0.83832
    940.0   0.83952
    945.0   0.83983
    950.0   0.84085
    955.0   0.83934
    960.0   0.83989
    965.0   0.83919
    970.0   0.84002
    975.0   0.84234
    980.0   0.84469
    985.0   0.84803
    990.0   0.85045
    995.0   0.84950
   1000.0   0.85117
   1005.0   0.85191
   1010.0   0.85209
   1015.0   0.85554
   1020.0   0.85620
   1025.0   0.85710
   1030.0   0.85903
   1035.0   0.85859
   1040.0   0.85937
   1045.0   0.86098
   1050.0   0.86007
   1055.0   0.86244
   1060.0   0.86549
   1065.0   0.86789
   1070.0   0.86995
   1075.0   0.87118
   1080.0   0.87060
   1085.0   0.87132
   1090.0   0.87302
   1095.0   0.87387
   1100.0   0.87558
   1105.0   0.87631
   1110.0   0.87576
   1115.0   0.87584
   1120.0   0.87399
   1125.0   0.87409
   1130.0   0.87533
   1135.0   0.87390
   1140.0   0.87423
   1145.0   0.87142
   1150.0   0.86884
   1155.0   0.86817
   1160.0   0.87010
   1165.0   0.87011
   1170.0   0.87203
   1175.0   0.87322
   1180.0   0.87285
   1185.0   0.87296
   1190.0   0.87160
   1195.0   0.87054
   1200.0   0.86861
   1205.0   0.86865
   1210.0   0.86845
   1215.0   0.86384
   1220.0   0.86503
   1225.0   0.86577
   1230.0   0.86491
   1235.0   0.86280
   1240.0   0.86364
   1245.0   0.86615
   1250.0   0.86587
   1255.0   0.86627
   1260.0   0.86721
   1265.0   0.86781
   1270.0   0.86586
   1275.0   0.86689
   1280.0   0.86582
   1285.0   0.86744
   1290.0   0.86671
   1295.0   0.86604
   1300.0   0.86509
   1305.0   0.86514
   1310.0   0.86514
   1315.0   0.86438
   1320.0   0.86497
   1325.0   0.86322
   1330.0   0.86019
   1335.0   0.85941
   1340.0   0.85623
   1345.0   0.85513
   1350.0   0.85367
   1355.0   0.85050
   1360.0   0.85030
   1365.0   0.84941
   1370.0   0.84442
   1375.0   0.83518
   1380.0   0.82879
   1385.0   0.80589
   1390.0   0.78578
   1395.0   0.75235
   1400.0   0.72672
   1405.0   0.70349
   1410.0   0.68499
   1415.0   0.68408
   1420.0   0.69889
   1425.0   0.71945
   1430.0   0.73691
   1435.0   0.75082
   1440.0   0.75979
   1445.0   0.76583
   1450.0   0.76841
   1455.0   0.76938
   1460.0   0.76982
   1465.0   0.76955
   1470.0   0.77448
   1475.0   0.78104
   1480.0   0.78529
   1485.0   0.79009
   1490.0   0.79571
   1495.0   0.79965
   1500.0   0.80428
   1505.0   0.80811
   1510.0   0.81153
   1515.0   0.81374
   1520.0   0.81725
   1525.0   0.81944
   1530.0   0.82254
   1535.0   0.82587
   1540.0   0.82783
   1545.0   0.82883
   1550.0   0.82990
   1555.0   0.83269
   1560.0   0.83347
   1565.0   0.83506
   1570.0   0.83755
   1575.0   0.83811
   1580.0   0.83854
   1585.0   0.83792
   1590.0   0.83966
   1595.0   0.84151
   1600.0   0.84220
   1605.0   0.84440
   1610.0   0.84448
   1615.0   0.84321
   1620.0   0.84465
   1625.0   0.84603
   1630.0   0.84555
   1635.0   0.84515
   1640.0   0.84794
   1645.0   0.84753
   1650.0   0.84775
   1655.0   0.84736
   1660.0   0.85218
   1665.0   0.85349
   1670.0   0.85330
   1675.0   0.85272
   1680.0   0.85398
   1685.0   0.85480
   1690.0   0.85299
   1695.0   0.85059
   1700.0   0.85454
   1705.0   0.85086
   1710.0   0.85045
   1715.0   0.85032
   1720.0   0.84947
   1725.0   0.84863
   1730.0   0.84864
   1735.0   0.84625
   1740.0   0.84404
   1745.0   0.84395
   1750.0   0.84226
   1755.0   0.84063
   1760.0   0.83821
   1765.0   0.83705
   1770.0   0.83450
   1775.0   0.83201
   1780.0   0.83110
   1785.0   0.83149
   1790.0   0.83162
   1795.0   0.83192
   1800.0   0.83172
   1805.0   0.83058
   1810.0   0.83153
   1815.0   0.83236
   1820.0   0.83196
   1825.0   0.83052
   1830.0   0.83109
   1835.0   0.83155
   1840.0   0.82362
   1845.0   0.82229
   1850.0   0.81699
   1855.0   0.81262
   1860.0   0.80327
   1865.0   0.79837
   1870.0   0.78724
   1875.0   0.75124
   1880.0   0.72595
   1885.0   0.69273
   1890.0   0.64135
   1895.0   0.58412
   1900.0   0.53844
   1905.0   0.51007
   1910.0   0.51020
   1915.0   0.52779
   1920.0   0.54978
   1925.0   0.56641
   1930.0   0.58207
   1935.0   0.59363
   1940.0   0.60158
   1945.0   0.60597
   1950.0   0.60998
   1955.0   0.61397
   1960.0   0.61832
   1965.0   0.62257
   1970.0   0.62651
   1975.0   0.63292
   1980.0   0.63788
   1985.0   0.64342
   1990.0   0.64976
   1995.0   0.65766
   2000.0   0.66397
   2005.0   0.67089
   2010.0   0.67739
   2015.0   0.68473
   2020.0   0.69197
   2025.0   0.69660
   2030.0   0.70278
   2035.0   0.70844
   2040.0   0.71213
   2045.0   0.71682
   2050.0   0.72060
   2055.0   0.72440
   2060.0   0.72653
   2065.0   0.72842
   2070.0   0.72984
   2075.0   0.73059
   2080.0   0.73183
   2085.0   0.73287
   2090.0   0.73446
   2095.0   0.73681
   2100.0   0.73605
   2105.0   0.73749
   2110.0   0.74034
   2115.0   0.74384
   2120.0   0.74563
   2125.0   0.74767
   2130.0   0.74819
   2135.0   0.74738
   2140.0   0.74555
   2145.0   0.74429
   2150.0   0.74210
   2155.0   0.73903
   2160.0   0.73285
   2165.0   0.72243
   2170.0   0.71096
   2175.0   0.69695
   2180.0   0.68241
   2185.0   0.67251
   2190.0   0.65812
   2195.0   0.64176
   2200.0   0.62735
   2205.0   0.61615
   2210.0   0.61373
   2215.0   0.62651
   2220.0   0.64315
   2225.0   0.65552
   2230.0   0.66255
   2235.0   0.66895
   2240.0   0.67542
   2245.0   0.68381
   2250.0   0.69252
   2255.0   0.70152
   2260.0   0.70619
   2265.0   0.70731
   2270.0   0.70896
   2275.0   0.70695
   2280.0   0.70398
   2285.0   0.69992
   2290.0   0.69518
   2295.0   0.69046
   2300.0   0.68361
   2305.0   0.68040
   2310.0   0.67230
   2315.0   0.66701
   2320.0   0.66101
   2325.0   0.65519
   2330.0   0.64958
   2335.0   0.64248
   2340.0   0.63464
   2345.0   0.62789
   2350.0   0.62062
   2355.0   0.61428
   2360.0   0.60723
   2365.0   0.60353
   2370.0   0.59993
   2375.0   0.59578
   2380.0   0.59064
   2385.0   0.58748
   2390.0   0.58310
   2395.0   0.57849
   2400.0   0.57621
   2405.0   0.57184
   2410.0   0.56927
   2415.0   0.56561
   2420.0   0.56059
   2425.0   0.55619
   2430.0   0.55086
   2435.0   0.54426
   2440.0   0.53830
   2445.0   0.53315
   2450.0   0.52764
   2455.0   0.52250
   2460.0   0.51908
   2465.0   0.51398
   2470.0   0.51196
   2475.0   0.50663
   2480.0   0.50393
   2485.0   0.50069
   2490.0   0.49623
   2495.0   0.49113
   2500.0   0.48596
   2505.0   0.48126
   2510.0   0.47756
   2515.0   0.47563
   2520.0   0.47403
   2525.0   0.47223
   2530.0   0.46921
   2535.0   0.46949
   2540.0   0.46821
   2545.0   0.46913
   2550.0   0.47105
   2555.0   0.46985
   2560.0   0.46677
   2565.0   0.46444
   2570.0   0.46299
   2575.0   0.46050
   2580.0   0.45813
   2585.0   0.45635
   2590.0   0.45018
   2595.0   0.44961
   2600.0   0.44489
   2605.0   0.43938
   2610.0   0.43189
   2615.0   0.42592
   2620.0   0.41953
   2625.0   0.40932
   2630.0   0.40095
   2635.0   0.39685
   2640.0   0.39154
   2645.0   0.38605
   2650.0   0.37648
   2655.0   0.37067
   2660.0   0.35369
   2665.0   0.32367
   2670.0   0.28520
   2675.0   0.25014
   2680.0   0.21898
   2685.0   0.18778
   2690.0   0.15346
   2695.0   0.12692
   2700.0   0.10573
   2705.0   0.08798
   2710.0   0.06690
   2715.0   0.04913
   2720.0   0.03441
   2725.0   0.02544
   2730.0   0.02216
   2735.0   0.01918
   2740.0   0.01434
   2745.0   0.01530
   2750.0   0.01577
   2755.0   0.01527
   2760.0   0.01476
   2765.0   0.01381
   2770.0   0.01518
   2775.0   0.01796
   2780.0   0.02148
   2785.0   0.03575
   2790.0   0.03333
   2795.0   0.03425
   2800.0   0.03497
   2805.0   0.03129
   2810.0   0.03610
   2815.0   0.03211
   2820.0   0.03046
   2825.0   0.03145
   2830.0   0.02847
   2835.0   0.02743
   2840.0   0.02460
   2845.0   0.02842
   2850.0   0.02403
   2855.0   0.02543
   2860.0   0.02599
   2865.0   0.02312
   2870.0   0.02312
   2875.0   0.02230
   2880.0   0.02110
   2885.0   0.01988
   2890.0   0.02166
   2895.0   0.01923
   2900.0   0.01867
   2905.0   0.01931
   2910.0   0.02082
   2915.0   0.01818
   2920.0   0.01899
   2925.0   0.02051
   2930.0   0.01905
   2935.0   0.01911
   2940.0   0.01932
   2945.0   0.02013
   2950.0   0.02124
   2955.0   0.02121
   2960.0   0.01860
   2965.0   0.02118
   2970.0   0.02086
   2975.0   0.02116
   2980.0   0.02264
   2985.0   0.02189
   2990.0   0.02198
   2995.0   0.02210
   3000.0   0.02396
   3005.0   0.02333
   3010.0   0.02319
   3015.0   0.02428
   3020.0   0.02447
   3025.0   0.02488
   3030.0   0.02461
   3035.0   0.02641
   3040.0   0.02630
   3045.0   0.02769
   3050.0   0.02691
   3055.0   0.02663
   3060.0   0.02870
   3065.0   0.02823
   3070.0   0.02832
   3075.0   0.02859
   3080.0   0.03108
   3085.0   0.02917
   3090.0   0.03043
   3095.0   0.03085
   3100.0   0.03070
   3105.0   0.03209
   3110.0   0.03307
   3115.0   0.03279
   3120.0   0.03503
   3125.0   0.03517
   3130.0   0.03654
   3135.0   0.03724
   3140.0   0.03973
   3145.0   0.04020
   3150.0   0.04193
   3155.0   0.04362
   3160.0   0.04414
   3165.0   0.04690
   3170.0   0.04743
   3175.0   0.05007
   3180.0   0.05177
   3185.0   0.05531
   3190.0   0.05788
   3195.0   0.05925
   3200.0   0.06104
   3205.0   0.06397
   3210.0   0.06606
   3215.0   0.06827
   3220.0   0.07176
   3225.0   0.07435
   3230.0   0.07670
   3235.0   0.07912
   3240.0   0.08312
   3245.0   0.08445
   3250.0   0.08780
   3255.0   0.09197
   3260.0   0.09529
   3265.0   0.09770
   3270.0   0.10254
   3275.0   0.10615
   3280.0   0.10967
   3285.0   0.11190
   3290.0   0.11615
   3295.0   0.11923
   3300.0   0.12488
   3305.0   0.12863
   3310.0   0.13289
   3315.0   0.13602
   3320.0   0.14098
   3325.0   0.14455
   3330.0   0.14918
   3335.0   0.15361
   3340.0   0.15759
   3345.0   0.16328
   3350.0   0.16742
   3355.0   0.17313
   3360.0   0.17824
   3365.0   0.18074
   3370.0   0.18699
   3375.0   0.18962
   3380.0   0.19477
   3385.0   0.19968
   3390.0   0.20638
   3395.0   0.21387
   3400.0   0.21986
   3405.0   0.22252
   3410.0   0.22586
   3415.0   0.22807
   3420.0   0.23149
   3425.0   0.23691
   3430.0   0.24092
   3435.0   0.24508
   3440.0   0.25030
   3445.0   0.25590
   3450.0   0.26265
   3455.0   0.26639
   3460.0   0.27145
   3465.0   0.27932
   3470.0   0.28393
   3475.0   0.29050
   3480.0   0.29454
   3485.0   0.30265
   3490.0   0.30966
   3495.0   0.31022
   3500.0   0.30971



 CBJB19      .ASC                        

 JB-CMP-019-A                                                            
 CAJB19 + 2500-3500 RUN                                                  

 Source Ang: 30.00   Detect Ang:  0.00  Volt: 0.222
 Date: 20-JUL-93   Time: 15:56:16
