   641
    300.0   0.08430
    305.0   0.08311
    310.0   0.09279
    315.0   0.09864
    320.0   0.10724
    325.0   0.11937
    330.0   0.13077
    335.0   0.14794
    340.0   0.16532
    345.0   0.18362
    350.0   0.20293
    355.0   0.22099
    360.0   0.23853
    365.0   0.25226
    370.0   0.26431
    375.0   0.27394
    380.0   0.28178
    385.0   0.29004
    390.0   0.29803
    395.0   0.30665
    400.0   0.31605
    405.0   0.32829
    410.0   0.34520
    415.0   0.35149
    420.0   0.35859
    425.0   0.36259
    430.0   0.36614
    435.0   0.37089
    440.0   0.37763
    445.0   0.37986
    450.0   0.37952
    455.0   0.38465
    460.0   0.39041
    465.0   0.39932
    470.0   0.40357
    475.0   0.40935
    480.0   0.41731
    485.0   0.41772
    490.0   0.41790
    495.0   0.42059
    500.0   0.43194
    505.0   0.44133
    510.0   0.44708
    515.0   0.45198
    520.0   0.45602
    525.0   0.46002
    530.0   0.45924
    535.0   0.46465
    540.0   0.46983
    545.0   0.47319
    550.0   0.47546
    555.0   0.47645
    560.0   0.47891
    565.0   0.48029
    570.0   0.47970
    575.0   0.47872
    580.0   0.47668
    585.0   0.47672
    590.0   0.47407
    595.0   0.47244
    600.0   0.47110
    605.0   0.47013
    610.0   0.46691
    615.0   0.46581
    620.0   0.46409
    625.0   0.46403
    630.0   0.46094
    635.0   0.45996
    640.0   0.46139
    645.0   0.46130
    650.0   0.46347
    655.0   0.46606
    660.0   0.46882
    665.0   0.47028
    670.0   0.47110
    675.0   0.47116
    680.0   0.46998
    685.0   0.46923
    690.0   0.46591
    695.0   0.46295
    700.0   0.46164
    705.0   0.45899
    710.0   0.45335
    715.0   0.44992
    720.0   0.44564
    725.0   0.44048
    730.0   0.43360
    735.0   0.42720
    740.0   0.42116
    745.0   0.41313
    750.0   0.40711
    755.0   0.39930
    760.0   0.38440
    765.0   0.37739
    770.0   0.37297
    775.0   0.36654
    780.0   0.36042
    785.0   0.35480
    790.0   0.34857
    795.0   0.34484
    800.0   0.33946
    805.0   0.33430
    810.0   0.32954
    815.0   0.32494
    820.0   0.32416
    825.0   0.32075
    830.0   0.31674
    835.0   0.31428
    840.0   0.31022
    845.0   0.30772
    850.0   0.30472
    855.0   0.30132
    860.0   0.29769
    865.0   0.29569
    870.0   0.29257
    875.0   0.29211
    880.0   0.28925
    885.0   0.28711
    890.0   0.28261
    895.0   0.28081
    900.0   0.27883
    905.0   0.27473
    910.0   0.27356
    915.0   0.26880
    920.0   0.26475
    925.0   0.26163
    930.0   0.25650
    935.0   0.25230
    940.0   0.24874
    945.0   0.24338
    950.0   0.23960
    955.0   0.23577
    960.0   0.23063
    965.0   0.22637
    970.0   0.22185
    975.0   0.21731
    980.0   0.21337
    985.0   0.20915
    990.0   0.20517
    995.0   0.20093
   1000.0   0.19737
   1005.0   0.19429
   1010.0   0.19204
   1015.0   0.19001
   1020.0   0.18689
   1025.0   0.18642
   1030.0   0.18385
   1035.0   0.18293
   1040.0   0.18165
   1045.0   0.18070
   1050.0   0.18059
   1055.0   0.17988
   1060.0   0.18023
   1065.0   0.18014
   1070.0   0.18017
   1075.0   0.18236
   1080.0   0.18344
   1085.0   0.18545
   1090.0   0.18606
   1095.0   0.18952
   1100.0   0.19184
   1105.0   0.19497
   1110.0   0.19712
   1115.0   0.19891
   1120.0   0.20244
   1125.0   0.20448
   1130.0   0.20811
   1135.0   0.20997
   1140.0   0.21199
   1145.0   0.21479
   1150.0   0.21714
   1155.0   0.21948
   1160.0   0.22067
   1165.0   0.22343
   1170.0   0.22418
   1175.0   0.22632
   1180.0   0.22793
   1185.0   0.22991
   1190.0   0.23048
   1195.0   0.23275
   1200.0   0.23542
   1205.0   0.23667
   1210.0   0.23868
   1215.0   0.23945
   1220.0   0.24047
   1225.0   0.24176
   1230.0   0.24356
   1235.0   0.24505
   1240.0   0.24704
   1245.0   0.24854
   1250.0   0.25013
   1255.0   0.25180
   1260.0   0.25230
   1265.0   0.25579
   1270.0   0.25773
   1275.0   0.25913
   1280.0   0.26158
   1285.0   0.26372
   1290.0   0.26572
   1295.0   0.26944
   1300.0   0.27140
   1305.0   0.27414
   1310.0   0.27608
   1315.0   0.27912
   1320.0   0.28148
   1325.0   0.28400
   1330.0   0.28809
   1335.0   0.29202
   1340.0   0.29495
   1345.0   0.29715
   1350.0   0.30197
   1355.0   0.30722
   1360.0   0.30918
   1365.0   0.31169
   1370.0   0.31526
   1375.0   0.31957
   1380.0   0.32599
   1385.0   0.32734
   1390.0   0.33121
   1395.0   0.33591
   1400.0   0.34193
   1405.0   0.34644
   1410.0   0.35026
   1415.0   0.35566
   1420.0   0.36047
   1425.0   0.36402
   1430.0   0.36860
   1435.0   0.37009
   1440.0   0.37628
   1445.0   0.38147
   1450.0   0.38594
   1455.0   0.39033
   1460.0   0.39585
   1465.0   0.39913
   1470.0   0.40193
   1475.0   0.40588
   1480.0   0.41072
   1485.0   0.41460
   1490.0   0.41897
   1495.0   0.42405
   1500.0   0.42748
   1505.0   0.43279
   1510.0   0.43623
   1515.0   0.43975
   1520.0   0.44213
   1525.0   0.44498
   1530.0   0.44967
   1535.0   0.45144
   1540.0   0.45509
   1545.0   0.45738
   1550.0   0.46180
   1555.0   0.46470
   1560.0   0.46721
   1565.0   0.46747
   1570.0   0.47256
   1575.0   0.47604
   1580.0   0.47771
   1585.0   0.48046
   1590.0   0.48410
   1595.0   0.48732
   1600.0   0.48521
   1605.0   0.48826
   1610.0   0.48888
   1615.0   0.49093
   1620.0   0.49399
   1625.0   0.49180
   1630.0   0.49627
   1635.0   0.49648
   1640.0   0.49983
   1645.0   0.50077
   1650.0   0.50252
   1655.0   0.50447
   1660.0   0.50288
   1665.0   0.50542
   1670.0   0.50738
   1675.0   0.50806
   1680.0   0.51025
   1685.0   0.50841
   1690.0   0.50998
   1695.0   0.51132
   1700.0   0.51301
   1705.0   0.51519
   1710.0   0.51349
   1715.0   0.51524
   1720.0   0.51729
   1725.0   0.51609
   1730.0   0.51689
   1735.0   0.51562
   1740.0   0.51641
   1745.0   0.51660
   1750.0   0.51718
   1755.0   0.51767
   1760.0   0.51943
   1765.0   0.51897
   1770.0   0.51834
   1775.0   0.52000
   1780.0   0.52107
   1785.0   0.52238
   1790.0   0.52186
   1795.0   0.52325
   1800.0   0.52408
   1805.0   0.52431
   1810.0   0.52419
   1815.0   0.52611
   1820.0   0.52394
   1825.0   0.52620
   1830.0   0.52412
   1835.0   0.52935
   1840.0   0.52030
   1845.0   0.52571
   1850.0   0.52245
   1855.0   0.52599
   1860.0   0.52268
   1865.0   0.53412
   1870.0   0.52871
   1875.0   0.51500
   1880.0   0.52504
   1885.0   0.52530
   1890.0   0.52576
   1895.0   0.53019
   1900.0   0.52861
   1905.0   0.52304
   1910.0   0.52662
   1915.0   0.52342
   1920.0   0.52469
   1925.0   0.52409
   1930.0   0.52502
   1935.0   0.52789
   1940.0   0.52549
   1945.0   0.52596
   1950.0   0.52806
   1955.0   0.52801
   1960.0   0.52733
   1965.0   0.52715
   1970.0   0.52591
   1975.0   0.52590
   1980.0   0.52664
   1985.0   0.52755
   1990.0   0.52778
   1995.0   0.52745
   2000.0   0.52866
   2005.0   0.52788
   2010.0   0.52887
   2015.0   0.52939
   2020.0   0.52744
   2025.0   0.52740
   2030.0   0.52653
   2035.0   0.52695
   2040.0   0.52730
   2045.0   0.52628
   2050.0   0.52582
   2055.0   0.52712
   2060.0   0.52723
   2065.0   0.52701
   2070.0   0.52744
   2075.0   0.52776
   2080.0   0.52667
   2085.0   0.52711
   2090.0   0.52666
   2095.0   0.52601
   2100.0   0.52660
   2105.0   0.52599
   2110.0   0.52619
   2115.0   0.52593
   2120.0   0.52567
   2125.0   0.52602
   2130.0   0.52619
   2135.0   0.52592
   2140.0   0.52687
   2145.0   0.52703
   2150.0   0.52593
   2155.0   0.52555
   2160.0   0.52522
   2165.0   0.52553
   2170.0   0.52614
   2175.0   0.52665
   2180.0   0.52753
   2185.0   0.52648
   2190.0   0.52859
   2195.0   0.52796
   2200.0   0.52931
   2205.0   0.52938
   2210.0   0.53128
   2215.0   0.53003
   2220.0   0.53027
   2225.0   0.52949
   2230.0   0.52990
   2235.0   0.52929
   2240.0   0.52937
   2245.0   0.53092
   2250.0   0.52968
   2255.0   0.52958
   2260.0   0.53174
   2265.0   0.53117
   2270.0   0.53052
   2275.0   0.53066
   2280.0   0.53011
   2285.0   0.53085
   2290.0   0.53076
   2295.0   0.52997
   2300.0   0.53125
   2305.0   0.53218
   2310.0   0.53062
   2315.0   0.53095
   2320.0   0.53178
   2325.0   0.53140
   2330.0   0.53088
   2335.0   0.53116
   2340.0   0.53033
   2345.0   0.53040
   2350.0   0.52791
   2355.0   0.52842
   2360.0   0.53115
   2365.0   0.53100
   2370.0   0.52992
   2375.0   0.53052
   2380.0   0.53037
   2385.0   0.52875
   2390.0   0.52956
   2395.0   0.52824
   2400.0   0.53093
   2405.0   0.52892
   2410.0   0.52986
   2415.0   0.53024
   2420.0   0.52887
   2425.0   0.52877
   2430.0   0.52859
   2435.0   0.52906
   2440.0   0.53001
   2445.0   0.52933
   2450.0   0.53005
   2455.0   0.52815
   2460.0   0.53098
   2465.0   0.52948
   2470.0   0.53017
   2475.0   0.53302
   2480.0   0.53406
   2485.0   0.53377
   2490.0   0.53444
   2495.0   0.53397
   2500.0   0.53699
   2505.0   0.53399
   2510.0   0.53702
   2515.0   0.53623
   2520.0   0.53568
   2525.0   0.53684
   2530.0   0.53913
   2535.0   0.52868
   2540.0   0.54227
   2545.0   0.53414
   2550.0   0.52960
   2555.0   0.53481
   2560.0   0.56049
   2565.0   0.52610
   2570.0   0.54411
   2575.0   0.52907
   2580.0   0.55498
   2585.0   0.52639
   2590.0   0.55270
   2595.0   0.50759
   2600.0   0.55836
   2605.0   0.53289
   2610.0   0.53806
   2615.0   0.54382
   2620.0   0.52291
   2625.0   0.54765
   2630.0   0.52512
   2635.0   0.52296
   2640.0   0.53204
   2645.0   0.54916
   2650.0   0.55137
   2655.0   0.57026
   2660.0   0.59231
   2665.0   0.58396
   2670.0   0.55031
   2675.0   0.52008
   2680.0   0.51134
   2685.0   0.51458
   2690.0   0.52716
   2695.0   0.53161
   2700.0   0.53512
   2705.0   0.55049
   2710.0   0.56412
   2715.0   0.56405
   2720.0   0.56617
   2725.0   0.54397
   2730.0   0.53467
   2735.0   0.56648
   2740.0   0.55387
   2745.0   0.51004
   2750.0   0.51931
   2755.0   0.52235
   2760.0   0.48984
   2765.0   0.47230
   2770.0   0.46018
   2775.0   0.45534
   2780.0   0.45100
   2785.0   0.43776
   2790.0   0.43103
   2795.0   0.43480
   2800.0   0.42962
   2805.0   0.43031
   2810.0   0.41915
   2815.0   0.42653
   2820.0   0.41370
   2825.0   0.41281
   2830.0   0.41019
   2835.0   0.40171
   2840.0   0.39633
   2845.0   0.39782
   2850.0   0.40265
   2855.0   0.39009
   2860.0   0.39173
   2865.0   0.39231
   2870.0   0.39555
   2875.0   0.39282
   2880.0   0.39260
   2885.0   0.39175
   2890.0   0.38704
   2895.0   0.39501
   2900.0   0.39622
   2905.0   0.39568
   2910.0   0.39757
   2915.0   0.39238
   2920.0   0.39325
   2925.0   0.38886
   2930.0   0.38282
   2935.0   0.38744
   2940.0   0.38965
   2945.0   0.39065
   2950.0   0.38816
   2955.0   0.39220
   2960.0   0.39298
   2965.0   0.39401
   2970.0   0.39521
   2975.0   0.39585
   2980.0   0.39590
   2985.0   0.39764
   2990.0   0.40210
   2995.0   0.40105
   3000.0   0.40115
   3005.0   0.40196
   3010.0   0.40493
   3015.0   0.40617
   3020.0   0.40641
   3025.0   0.40844
   3030.0   0.40944
   3035.0   0.40991
   3040.0   0.41108
   3045.0   0.41104
   3050.0   0.41189
   3055.0   0.41486
   3060.0   0.41422
   3065.0   0.41761
   3070.0   0.41906
   3075.0   0.42270
   3080.0   0.42072
   3085.0   0.42221
   3090.0   0.42526
   3095.0   0.42542
   3100.0   0.42649
   3105.0   0.42731
   3110.0   0.42939
   3115.0   0.42863
   3120.0   0.43029
   3125.0   0.43267
   3130.0   0.43288
   3135.0   0.43588
   3140.0   0.43553
   3145.0   0.43556
   3150.0   0.43688
   3155.0   0.43972
   3160.0   0.44029
   3165.0   0.44005
   3170.0   0.44100
   3175.0   0.43978
   3180.0   0.44195
   3185.0   0.44500
   3190.0   0.44696
   3195.0   0.44852
   3200.0   0.44973
   3205.0   0.45041
   3210.0   0.45042
   3215.0   0.45055
   3220.0   0.45175
   3225.0   0.45283
   3230.0   0.45236
   3235.0   0.45285
   3240.0   0.45412
   3245.0   0.45552
   3250.0   0.45512
   3255.0   0.45642
   3260.0   0.45711
   3265.0   0.45872
   3270.0   0.45928
   3275.0   0.45897
   3280.0   0.45879
   3285.0   0.46060
   3290.0   0.46164
   3295.0   0.46258
   3300.0   0.46291
   3305.0   0.46146
   3310.0   0.46542
   3315.0   0.46389
   3320.0   0.46228
   3325.0   0.46150
   3330.0   0.46379
   3335.0   0.46407
   3340.0   0.46575
   3345.0   0.46577
   3350.0   0.46857
   3355.0   0.46917
   3360.0   0.46926
   3365.0   0.46693
   3370.0   0.46415
   3375.0   0.46111
   3380.0   0.46141
   3385.0   0.46172
   3390.0   0.46446
   3395.0   0.46716
   3400.0   0.46433
   3405.0   0.45404
   3410.0   0.44450
   3415.0   0.42873
   3420.0   0.41686
   3425.0   0.41447
   3430.0   0.42315
   3435.0   0.43659
   3440.0   0.44288
   3445.0   0.44800
   3450.0   0.45205
   3455.0   0.45492
   3460.0   0.45961
   3465.0   0.46149
   3470.0   0.46351
   3475.0   0.46532
   3480.0   0.46897
   3485.0   0.46916
   3490.0   0.46493
   3495.0   0.45871
   3500.0   0.44689



 CCMS04      .ASC                        

 MS-CMP-004-C
 SAMPLE #8  TERRESTRIAL OLIVINE 100-200 UM PARTICLES                     
 RATIOS ADJUSTED USING NBS HALON CALIBRATION TABLE                       

 Source Ang: 30.00   Detect Ang:  0.00  Volt: 0.777
 Date: 21-MAR-90   Time: 16:58:28
