   641
    300.0   0.03744
    305.0   0.03932
    310.0   0.03709
    315.0   0.03782
    320.0   0.03904
    325.0   0.04018
    330.0   0.04173
    335.0   0.04320
    340.0   0.04386
    345.0   0.04490
    350.0   0.04505
    355.0   0.04564
    360.0   0.04666
    365.0   0.04732
    370.0   0.04776
    375.0   0.04902
    380.0   0.04950
    385.0   0.05065
    390.0   0.05150
    395.0   0.05289
    400.0   0.05390
    405.0   0.05509
    410.0   0.05656
    415.0   0.05772
    420.0   0.05895
    425.0   0.06050
    430.0   0.06216
    435.0   0.06398
    440.0   0.06585
    445.0   0.06804
    450.0   0.07068
    455.0   0.07335
    460.0   0.07573
    465.0   0.07780
    470.0   0.07991
    475.0   0.08163
    480.0   0.08344
    485.0   0.08538
    490.0   0.08793
    495.0   0.09088
    500.0   0.09476
    505.0   0.09840
    510.0   0.10231
    515.0   0.10668
    520.0   0.11187
    525.0   0.11741
    530.0   0.12385
    535.0   0.13004
    540.0   0.13702
    545.0   0.14400
    550.0   0.15109
    555.0   0.15808
    560.0   0.16536
    565.0   0.17284
    570.0   0.18083
    575.0   0.18810
    580.0   0.19566
    585.0   0.20273
    590.0   0.20946
    595.0   0.21605
    600.0   0.22224
    605.0   0.22758
    610.0   0.23276
    615.0   0.23675
    620.0   0.24074
    625.0   0.24400
    630.0   0.24724
    635.0   0.25013
    640.0   0.25312
    645.0   0.25612
    650.0   0.25988
    655.0   0.26357
    660.0   0.26779
    665.0   0.27203
    670.0   0.27669
    675.0   0.28151
    680.0   0.28589
    685.0   0.28964
    690.0   0.29379
    695.0   0.29742
    700.0   0.30179
    705.0   0.30480
    710.0   0.30836
    715.0   0.31185
    720.0   0.31533
    725.0   0.31786
    730.0   0.32129
    735.0   0.32422
    740.0   0.32689
    745.0   0.32917
    750.0   0.33163
    755.0   0.33413
    760.0   0.33606
    765.0   0.33740
    770.0   0.34005
    775.0   0.34060
    780.0   0.34197
    785.0   0.34325
    790.0   0.34381
    795.0   0.34512
    800.0   0.34519
    805.0   0.34614
    810.0   0.34596
    815.0   0.34684
    820.0   0.34639
    825.0   0.34629
    830.0   0.34609
    835.0   0.34634
    840.0   0.34600
    845.0   0.34503
    850.0   0.34459
    855.0   0.34389
    860.0   0.34289
    865.0   0.34083
    870.0   0.34170
    875.0   0.33872
    880.0   0.33864
    885.0   0.33794
    890.0   0.33624
    895.0   0.33504
    900.0   0.33292
    905.0   0.33159
    910.0   0.33028
    915.0   0.32865
    920.0   0.32803
    925.0   0.32615
    930.0   0.32669
    935.0   0.32528
    940.0   0.32419
    945.0   0.32438
    950.0   0.32308
    955.0   0.32289
    960.0   0.32228
    965.0   0.32121
    970.0   0.32096
    975.0   0.32097
    980.0   0.32089
    985.0   0.32092
    990.0   0.32127
    995.0   0.32131
   1000.0   0.32183
   1005.0   0.32206
   1010.0   0.32216
   1015.0   0.32221
   1020.0   0.32191
   1025.0   0.32240
   1030.0   0.32367
   1035.0   0.32415
   1040.0   0.32451
   1045.0   0.32560
   1050.0   0.32669
   1055.0   0.32701
   1060.0   0.32781
   1065.0   0.32861
   1070.0   0.32945
   1075.0   0.33005
   1080.0   0.33041
   1085.0   0.33131
   1090.0   0.33225
   1095.0   0.33351
   1100.0   0.33407
   1105.0   0.33594
   1110.0   0.33568
   1115.0   0.33581
   1120.0   0.33701
   1125.0   0.33789
   1130.0   0.33826
   1135.0   0.33789
   1140.0   0.33839
   1145.0   0.33873
   1150.0   0.33902
   1155.0   0.33964
   1160.0   0.34008
   1165.0   0.34090
   1170.0   0.34001
   1175.0   0.34042
   1180.0   0.34092
   1185.0   0.33997
   1190.0   0.33996
   1195.0   0.34092
   1200.0   0.34121
   1205.0   0.34161
   1210.0   0.34078
   1215.0   0.34018
   1220.0   0.34107
   1225.0   0.34133
   1230.0   0.34164
   1235.0   0.34147
   1240.0   0.34037
   1245.0   0.34135
   1250.0   0.34299
   1255.0   0.34232
   1260.0   0.34288
   1265.0   0.34315
   1270.0   0.34262
   1275.0   0.34358
   1280.0   0.34251
   1285.0   0.34316
   1290.0   0.34335
   1295.0   0.34343
   1300.0   0.34393
   1305.0   0.34427
   1310.0   0.34475
   1315.0   0.34430
   1320.0   0.34421
   1325.0   0.34469
   1330.0   0.34484
   1335.0   0.34566
   1340.0   0.34561
   1345.0   0.34597
   1350.0   0.34490
   1355.0   0.34623
   1360.0   0.34554
   1365.0   0.34634
   1370.0   0.34656
   1375.0   0.34507
   1380.0   0.34587
   1385.0   0.34662
   1390.0   0.34654
   1395.0   0.34714
   1400.0   0.34574
   1405.0   0.34469
   1410.0   0.34630
   1415.0   0.34537
   1420.0   0.34695
   1425.0   0.34700
   1430.0   0.34706
   1435.0   0.34792
   1440.0   0.34851
   1445.0   0.34939
   1450.0   0.34945
   1455.0   0.34881
   1460.0   0.35084
   1465.0   0.35017
   1470.0   0.35025
   1475.0   0.35029
   1480.0   0.35024
   1485.0   0.35017
   1490.0   0.35055
   1495.0   0.35111
   1500.0   0.35058
   1505.0   0.35197
   1510.0   0.35283
   1515.0   0.35248
   1520.0   0.35273
   1525.0   0.35278
   1530.0   0.35207
   1535.0   0.35215
   1540.0   0.35415
   1545.0   0.35504
   1550.0   0.35376
   1555.0   0.35318
   1560.0   0.35488
   1565.0   0.35460
   1570.0   0.35503
   1575.0   0.35569
   1580.0   0.35548
   1585.0   0.35540
   1590.0   0.35583
   1595.0   0.35653
   1600.0   0.35690
   1605.0   0.35704
   1610.0   0.35818
   1615.0   0.35657
   1620.0   0.35661
   1625.0   0.35613
   1630.0   0.35566
   1635.0   0.35644
   1640.0   0.35562
   1645.0   0.35619
   1650.0   0.35690
   1655.0   0.35670
   1660.0   0.35840
   1665.0   0.35617
   1670.0   0.35615
   1675.0   0.35684
   1680.0   0.35652
   1685.0   0.35618
   1690.0   0.35596
   1695.0   0.35539
   1700.0   0.35800
   1705.0   0.35670
   1710.0   0.35811
   1715.0   0.35895
   1720.0   0.35819
   1725.0   0.35782
   1730.0   0.35749
   1735.0   0.35742
   1740.0   0.35774
   1745.0   0.35937
   1750.0   0.35958
   1755.0   0.35820
   1760.0   0.35863
   1765.0   0.35828
   1770.0   0.35919
   1775.0   0.35897
   1780.0   0.35883
   1785.0   0.35881
   1790.0   0.35890
   1795.0   0.35868
   1800.0   0.35801
   1805.0   0.35793
   1810.0   0.35816
   1815.0   0.35842
   1820.0   0.35968
   1825.0   0.36078
   1830.0   0.36065
   1835.0   0.36030
   1840.0   0.36032
   1845.0   0.36040
   1850.0   0.36053
   1855.0   0.35986
   1860.0   0.36004
   1865.0   0.36037
   1870.0   0.36120
   1875.0   0.36082
   1880.0   0.35688
   1885.0   0.35603
   1890.0   0.35576
   1895.0   0.35447
   1900.0   0.35476
   1905.0   0.35548
   1910.0   0.35301
   1915.0   0.35099
   1920.0   0.35179
   1925.0   0.35237
   1930.0   0.35265
   1935.0   0.35334
   1940.0   0.35455
   1945.0   0.35533
   1950.0   0.35481
   1955.0   0.35502
   1960.0   0.35560
   1965.0   0.35594
   1970.0   0.35684
   1975.0   0.35687
   1980.0   0.35777
   1985.0   0.35738
   1990.0   0.35778
   1995.0   0.35987
   2000.0   0.35956
   2005.0   0.36075
   2010.0   0.36106
   2015.0   0.36070
   2020.0   0.36143
   2025.0   0.36198
   2030.0   0.36234
   2035.0   0.36214
   2040.0   0.36324
   2045.0   0.36473
   2050.0   0.36589
   2055.0   0.36621
   2060.0   0.36609
   2065.0   0.36602
   2070.0   0.36615
   2075.0   0.36606
   2080.0   0.36538
   2085.0   0.36672
   2090.0   0.36791
   2095.0   0.36807
   2100.0   0.36862
   2105.0   0.36759
   2110.0   0.36863
   2115.0   0.36849
   2120.0   0.36871
   2125.0   0.36918
   2130.0   0.36977
   2135.0   0.37005
   2140.0   0.37078
   2145.0   0.37142
   2150.0   0.37140
   2155.0   0.37149
   2160.0   0.37235
   2165.0   0.37138
   2170.0   0.37219
   2175.0   0.37080
   2180.0   0.37049
   2185.0   0.37114
   2190.0   0.37235
   2195.0   0.37178
   2200.0   0.37200
   2205.0   0.37240
   2210.0   0.37211
   2215.0   0.37111
   2220.0   0.37139
   2225.0   0.37198
   2230.0   0.37342
   2235.0   0.37344
   2240.0   0.37461
   2245.0   0.37606
   2250.0   0.37625
   2255.0   0.37601
   2260.0   0.37516
   2265.0   0.37615
   2270.0   0.37753
   2275.0   0.37875
   2280.0   0.38042
   2285.0   0.37938
   2290.0   0.37868
   2295.0   0.37819
   2300.0   0.37849
   2305.0   0.37995
   2310.0   0.38019
   2315.0   0.38001
   2320.0   0.38088
   2325.0   0.37944
   2330.0   0.38112
   2335.0   0.38308
   2340.0   0.38220
   2345.0   0.38112
   2350.0   0.38273
   2355.0   0.38428
   2360.0   0.38507
   2365.0   0.38456
   2370.0   0.38363
   2375.0   0.38360
   2380.0   0.38551
   2385.0   0.38529
   2390.0   0.38525
   2395.0   0.38440
   2400.0   0.38556
   2405.0   0.38591
   2410.0   0.38471
   2415.0   0.38552
   2420.0   0.38572
   2425.0   0.38552
   2430.0   0.38486
   2435.0   0.38677
   2440.0   0.38700
   2445.0   0.38695
   2450.0   0.38703
   2455.0   0.38714
   2460.0   0.38916
   2465.0   0.38907
   2470.0   0.38877
   2475.0   0.38974
   2480.0   0.39075
   2485.0   0.39033
   2490.0   0.39031
   2495.0   0.38991
   2500.0   0.39025
   2505.0   0.39025
   2510.0   0.38986
   2515.0   0.38928
   2520.0   0.38878
   2525.0   0.38836
   2530.0   0.38897
   2535.0   0.39073
   2540.0   0.39025
   2545.0   0.39234
   2550.0   0.39179
   2555.0   0.39157
   2560.0   0.39096
   2565.0   0.39426
   2570.0   0.39303
   2575.0   0.39437
   2580.0   0.39422
   2585.0   0.39373
   2590.0   0.39565
   2595.0   0.39440
   2600.0   0.39356
   2605.0   0.39711
   2610.0   0.39595
   2615.0   0.39668
   2620.0   0.39510
   2625.0   0.39216
   2630.0   0.39180
   2635.0   0.39161
   2640.0   0.39157
   2645.0   0.39026
   2650.0   0.39084
   2655.0   0.39220
   2660.0   0.39397
   2665.0   0.39431
   2670.0   0.39308
   2675.0   0.39073
   2680.0   0.38760
   2685.0   0.37724
   2690.0   0.36224
   2695.0   0.35423
   2700.0   0.34809
   2705.0   0.33901
   2710.0   0.32677
   2715.0   0.31549
   2720.0   0.30235
   2725.0   0.28993
   2730.0   0.27236
   2735.0   0.24559
   2740.0   0.22039
   2745.0   0.20266
   2750.0   0.19202
   2755.0   0.17699
   2760.0   0.15670
   2765.0   0.14600
   2770.0   0.13961
   2775.0   0.13231
   2780.0   0.14062
   2785.0   0.12471
   2790.0   0.12226
   2795.0   0.12288
   2800.0   0.11972
   2805.0   0.11241
   2810.0   0.11243
   2815.0   0.11072
   2820.0   0.11120
   2825.0   0.11642
   2830.0   0.11233
   2835.0   0.11002
   2840.0   0.11157
   2845.0   0.11224
   2850.0   0.11274
   2855.0   0.11271
   2860.0   0.10663
   2865.0   0.10584
   2870.0   0.10799
   2875.0   0.10410
   2880.0   0.10727
   2885.0   0.10090
   2890.0   0.10070
   2895.0   0.10061
   2900.0   0.09941
   2905.0   0.09789
   2910.0   0.09808
   2915.0   0.09742
   2920.0   0.09804
   2925.0   0.09922
   2930.0   0.10019
   2935.0   0.09741
   2940.0   0.09729
   2945.0   0.09773
   2950.0   0.09616
   2955.0   0.09876
   2960.0   0.09655
   2965.0   0.09609
   2970.0   0.09615
   2975.0   0.09843
   2980.0   0.09825
   2985.0   0.09907
   2990.0   0.10047
   2995.0   0.10442
   3000.0   0.10115
   3005.0   0.10336
   3010.0   0.10352
   3015.0   0.10624
   3020.0   0.10454
   3025.0   0.10632
   3030.0   0.10847
   3035.0   0.10967
   3040.0   0.10853
   3045.0   0.11060
   3050.0   0.11252
   3055.0   0.11409
   3060.0   0.11410
   3065.0   0.11443
   3070.0   0.11679
   3075.0   0.11517
   3080.0   0.11813
   3085.0   0.11909
   3090.0   0.12018
   3095.0   0.12081
   3100.0   0.12080
   3105.0   0.12323
   3110.0   0.12322
   3115.0   0.12446
   3120.0   0.12626
   3125.0   0.12752
   3130.0   0.12918
   3135.0   0.13137
   3140.0   0.13375
   3145.0   0.13511
   3150.0   0.13723
   3155.0   0.14087
   3160.0   0.14330
   3165.0   0.14354
   3170.0   0.14480
   3175.0   0.15044
   3180.0   0.15134
   3185.0   0.15255
   3190.0   0.15670
   3195.0   0.15970
   3200.0   0.16203
   3205.0   0.16390
   3210.0   0.16706
   3215.0   0.16860
   3220.0   0.17222
   3225.0   0.17421
   3230.0   0.17541
   3235.0   0.17949
   3240.0   0.18161
   3245.0   0.18433
   3250.0   0.18769
   3255.0   0.19131
   3260.0   0.19216
   3265.0   0.19708
   3270.0   0.19895
   3275.0   0.20044
   3280.0   0.20405
   3285.0   0.20745
   3290.0   0.21166
   3295.0   0.21279
   3300.0   0.21518
   3305.0   0.21807
   3310.0   0.22214
   3315.0   0.22249
   3320.0   0.22587
   3325.0   0.22971
   3330.0   0.23206
   3335.0   0.23405
   3340.0   0.23762
   3345.0   0.23879
   3350.0   0.24196
   3355.0   0.24607
   3360.0   0.24652
   3365.0   0.24866
   3370.0   0.25336
   3375.0   0.25867
   3380.0   0.26231
   3385.0   0.26597
   3390.0   0.27042
   3395.0   0.27010
   3400.0   0.27707
   3405.0   0.27678
   3410.0   0.28416
   3415.0   0.28925
   3420.0   0.29404
   3425.0   0.29467
   3430.0   0.29684
   3435.0   0.29940
   3440.0   0.29789
   3445.0   0.30084
   3450.0   0.29991
   3455.0   0.30304
   3460.0   0.30090
   3465.0   0.30632
   3470.0   0.30775
   3475.0   0.30939
   3480.0   0.31077
   3485.0   0.31257
   3490.0   0.31890
   3495.0   0.32177
   3500.0   0.32491



 CNRS15      .ASC                        

 RS-CMP-015-C2                                                           
 TAOS POWDER ONCE HEATED  25-45 UM                                       
 RATIOS ADJUSTED USING NBS HALON CALIBRATION TABLE                       

 Source Ang: 30.00   Detect Ang:  0.00  Volt: 0.222
 Date: 19-JUL-89   Time: 11:29:11
