   641
    300.0   0.04372
    305.0   0.04231
    310.0   0.04470
    315.0   0.04543
    320.0   0.04631
    325.0   0.04987
    330.0   0.05108
    335.0   0.05358
    340.0   0.05452
    345.0   0.05635
    350.0   0.05735
    355.0   0.05937
    360.0   0.06033
    365.0   0.06130
    370.0   0.06183
    375.0   0.06280
    380.0   0.06440
    385.0   0.06550
    390.0   0.06744
    395.0   0.06899
    400.0   0.07135
    405.0   0.07278
    410.0   0.07543
    415.0   0.07765
    420.0   0.07978
    425.0   0.08216
    430.0   0.08457
    435.0   0.08732
    440.0   0.08994
    445.0   0.09253
    450.0   0.09511
    455.0   0.09804
    460.0   0.10078
    465.0   0.10318
    470.0   0.10508
    475.0   0.10742
    480.0   0.10954
    485.0   0.11210
    490.0   0.11520
    495.0   0.11918
    500.0   0.12330
    505.0   0.12764
    510.0   0.13232
    515.0   0.13674
    520.0   0.14153
    525.0   0.14683
    530.0   0.15239
    535.0   0.15768
    540.0   0.16335
    545.0   0.16905
    550.0   0.17370
    555.0   0.17922
    560.0   0.18480
    565.0   0.19007
    570.0   0.19614
    575.0   0.20141
    580.0   0.20709
    585.0   0.21280
    590.0   0.21783
    595.0   0.22192
    600.0   0.22715
    605.0   0.23085
    610.0   0.23482
    615.0   0.23796
    620.0   0.24175
    625.0   0.24428
    630.0   0.24719
    635.0   0.24958
    640.0   0.25205
    645.0   0.25437
    650.0   0.25712
    655.0   0.25972
    660.0   0.26297
    665.0   0.26591
    670.0   0.26886
    675.0   0.27162
    680.0   0.27401
    685.0   0.27669
    690.0   0.27942
    695.0   0.28188
    700.0   0.28395
    705.0   0.28532
    710.0   0.28693
    715.0   0.28894
    720.0   0.28969
    725.0   0.29125
    730.0   0.29209
    735.0   0.29368
    740.0   0.29443
    745.0   0.29535
    750.0   0.29582
    755.0   0.29676
    760.0   0.29784
    765.0   0.29772
    770.0   0.29834
    775.0   0.29825
    780.0   0.29916
    785.0   0.29888
    790.0   0.29894
    795.0   0.29934
    800.0   0.29953
    805.0   0.29877
    810.0   0.29792
    815.0   0.29800
    820.0   0.29665
    825.0   0.29680
    830.0   0.29658
    835.0   0.29665
    840.0   0.29516
    845.0   0.29415
    850.0   0.29367
    855.0   0.29133
    860.0   0.28983
    865.0   0.28960
    870.0   0.28914
    875.0   0.28811
    880.0   0.28824
    885.0   0.28587
    890.0   0.28535
    895.0   0.28463
    900.0   0.28221
    905.0   0.28075
    910.0   0.28019
    915.0   0.27813
    920.0   0.27746
    925.0   0.27495
    930.0   0.27556
    935.0   0.27333
    940.0   0.27285
    945.0   0.27171
    950.0   0.27117
    955.0   0.27054
    960.0   0.26905
    965.0   0.26885
    970.0   0.26844
    975.0   0.26742
    980.0   0.26704
    985.0   0.26697
    990.0   0.26621
    995.0   0.26572
   1000.0   0.26528
   1005.0   0.26397
   1010.0   0.26413
   1015.0   0.26370
   1020.0   0.26273
   1025.0   0.26377
   1030.0   0.26375
   1035.0   0.26374
   1040.0   0.26335
   1045.0   0.26323
   1050.0   0.26329
   1055.0   0.26434
   1060.0   0.26385
   1065.0   0.26292
   1070.0   0.26389
   1075.0   0.26330
   1080.0   0.26364
   1085.0   0.26387
   1090.0   0.26444
   1095.0   0.26502
   1100.0   0.26505
   1105.0   0.26481
   1110.0   0.26471
   1115.0   0.26435
   1120.0   0.26507
   1125.0   0.26499
   1130.0   0.26579
   1135.0   0.26546
   1140.0   0.26469
   1145.0   0.26482
   1150.0   0.26520
   1155.0   0.26497
   1160.0   0.26453
   1165.0   0.26494
   1170.0   0.26475
   1175.0   0.26418
   1180.0   0.26384
   1185.0   0.26389
   1190.0   0.26353
   1195.0   0.26333
   1200.0   0.26212
   1205.0   0.26281
   1210.0   0.26237
   1215.0   0.26332
   1220.0   0.26282
   1225.0   0.26230
   1230.0   0.26269
   1235.0   0.26138
   1240.0   0.26071
   1245.0   0.26112
   1250.0   0.26205
   1255.0   0.26133
   1260.0   0.26079
   1265.0   0.26085
   1270.0   0.26120
   1275.0   0.26104
   1280.0   0.26089
   1285.0   0.26094
   1290.0   0.26087
   1295.0   0.26098
   1300.0   0.26101
   1305.0   0.26078
   1310.0   0.26033
   1315.0   0.26114
   1320.0   0.26086
   1325.0   0.26217
   1330.0   0.26092
   1335.0   0.26126
   1340.0   0.26085
   1345.0   0.26123
   1350.0   0.25970
   1355.0   0.26027
   1360.0   0.25993
   1365.0   0.26177
   1370.0   0.26141
   1375.0   0.26081
   1380.0   0.26028
   1385.0   0.26105
   1390.0   0.26172
   1395.0   0.26034
   1400.0   0.26069
   1405.0   0.26032
   1410.0   0.26015
   1415.0   0.26005
   1420.0   0.25939
   1425.0   0.25997
   1430.0   0.26059
   1435.0   0.26031
   1440.0   0.26050
   1445.0   0.26144
   1450.0   0.26173
   1455.0   0.26142
   1460.0   0.26255
   1465.0   0.26256
   1470.0   0.26361
   1475.0   0.26338
   1480.0   0.26241
   1485.0   0.26256
   1490.0   0.26325
   1495.0   0.26447
   1500.0   0.26560
   1505.0   0.26479
   1510.0   0.26537
   1515.0   0.26610
   1520.0   0.26751
   1525.0   0.26712
   1530.0   0.26640
   1535.0   0.26698
   1540.0   0.26859
   1545.0   0.26830
   1550.0   0.26864
   1555.0   0.26887
   1560.0   0.26937
   1565.0   0.27026
   1570.0   0.27042
   1575.0   0.27055
   1580.0   0.27075
   1585.0   0.27114
   1590.0   0.27225
   1595.0   0.27274
   1600.0   0.27324
   1605.0   0.27265
   1610.0   0.27310
   1615.0   0.27238
   1620.0   0.27301
   1625.0   0.27348
   1630.0   0.27392
   1635.0   0.27508
   1640.0   0.27490
   1645.0   0.27417
   1650.0   0.27471
   1655.0   0.27574
   1660.0   0.27753
   1665.0   0.27689
   1670.0   0.27652
   1675.0   0.27888
   1680.0   0.27794
   1685.0   0.27879
   1690.0   0.27911
   1695.0   0.27807
   1700.0   0.28006
   1705.0   0.27963
   1710.0   0.27936
   1715.0   0.28050
   1720.0   0.28118
   1725.0   0.28092
   1730.0   0.28189
   1735.0   0.28204
   1740.0   0.28351
   1745.0   0.28452
   1750.0   0.28527
   1755.0   0.28424
   1760.0   0.28419
   1765.0   0.28499
   1770.0   0.28479
   1775.0   0.28554
   1780.0   0.28564
   1785.0   0.28619
   1790.0   0.28681
   1795.0   0.28654
   1800.0   0.28656
   1805.0   0.28739
   1810.0   0.28762
   1815.0   0.28797
   1820.0   0.28856
   1825.0   0.28864
   1830.0   0.28889
   1835.0   0.28979
   1840.0   0.29094
   1845.0   0.29151
   1850.0   0.29207
   1855.0   0.29171
   1860.0   0.29207
   1865.0   0.29204
   1870.0   0.29280
   1875.0   0.29091
   1880.0   0.29230
   1885.0   0.29152
   1890.0   0.29067
   1895.0   0.28869
   1900.0   0.28617
   1905.0   0.28429
   1910.0   0.28115
   1915.0   0.27907
   1920.0   0.27927
   1925.0   0.28086
   1930.0   0.28356
   1935.0   0.28496
   1940.0   0.28633
   1945.0   0.28778
   1950.0   0.28873
   1955.0   0.28923
   1960.0   0.29001
   1965.0   0.29097
   1970.0   0.29094
   1975.0   0.29244
   1980.0   0.29435
   1985.0   0.29598
   1990.0   0.29701
   1995.0   0.29801
   2000.0   0.29862
   2005.0   0.29917
   2010.0   0.29972
   2015.0   0.30041
   2020.0   0.30114
   2025.0   0.30175
   2030.0   0.30229
   2035.0   0.30243
   2040.0   0.30300
   2045.0   0.30397
   2050.0   0.30491
   2055.0   0.30576
   2060.0   0.30660
   2065.0   0.30755
   2070.0   0.30823
   2075.0   0.30846
   2080.0   0.30890
   2085.0   0.31061
   2090.0   0.31280
   2095.0   0.31343
   2100.0   0.31407
   2105.0   0.31257
   2110.0   0.31385
   2115.0   0.31437
   2120.0   0.31507
   2125.0   0.31461
   2130.0   0.31596
   2135.0   0.31597
   2140.0   0.31591
   2145.0   0.31619
   2150.0   0.31745
   2155.0   0.31880
   2160.0   0.32098
   2165.0   0.32172
   2170.0   0.32083
   2175.0   0.31906
   2180.0   0.31828
   2185.0   0.31839
   2190.0   0.31996
   2195.0   0.32066
   2200.0   0.32160
   2205.0   0.32271
   2210.0   0.32287
   2215.0   0.32362
   2220.0   0.32405
   2225.0   0.32257
   2230.0   0.32278
   2235.0   0.32264
   2240.0   0.32394
   2245.0   0.32404
   2250.0   0.32465
   2255.0   0.32548
   2260.0   0.32525
   2265.0   0.32625
   2270.0   0.32656
   2275.0   0.32816
   2280.0   0.32926
   2285.0   0.32785
   2290.0   0.32647
   2295.0   0.32568
   2300.0   0.32530
   2305.0   0.32651
   2310.0   0.32714
   2315.0   0.32841
   2320.0   0.32994
   2325.0   0.32979
   2330.0   0.33046
   2335.0   0.32965
   2340.0   0.33188
   2345.0   0.33414
   2350.0   0.33419
   2355.0   0.33406
   2360.0   0.33474
   2365.0   0.33510
   2370.0   0.33442
   2375.0   0.33408
   2380.0   0.33426
   2385.0   0.33396
   2390.0   0.33354
   2395.0   0.33398
   2400.0   0.33620
   2405.0   0.33765
   2410.0   0.33738
   2415.0   0.33717
   2420.0   0.33723
   2425.0   0.33626
   2430.0   0.33514
   2435.0   0.33539
   2440.0   0.33413
   2445.0   0.33582
   2450.0   0.33668
   2455.0   0.33700
   2460.0   0.33616
   2465.0   0.33650
   2470.0   0.33665
   2475.0   0.33596
   2480.0   0.33710
   2485.0   0.33630
   2490.0   0.33487
   2495.0   0.33361
   2500.0   0.33508
   2505.0   0.33443
   2510.0   0.33386
   2515.0   0.33294
   2520.0   0.33394
   2525.0   0.33584
   2530.0   0.33713
   2535.0   0.33669
   2540.0   0.33661
   2545.0   0.33533
   2550.0   0.33587
   2555.0   0.33747
   2560.0   0.33888
   2565.0   0.33712
   2570.0   0.33801
   2575.0   0.33923
   2580.0   0.33988
   2585.0   0.33991
   2590.0   0.33885
   2595.0   0.33994
   2600.0   0.34074
   2605.0   0.34177
   2610.0   0.34333
   2615.0   0.34328
   2620.0   0.34280
   2625.0   0.34312
   2630.0   0.34272
   2635.0   0.34256
   2640.0   0.34246
   2645.0   0.34346
   2650.0   0.34289
   2655.0   0.34005
   2660.0   0.33825
   2665.0   0.33321
   2670.0   0.33116
   2675.0   0.32663
   2680.0   0.32205
   2685.0   0.32033
   2690.0   0.31514
   2695.0   0.30785
   2700.0   0.30011
   2705.0   0.28939
   2710.0   0.27608
   2715.0   0.26275
   2720.0   0.24929
   2725.0   0.23561
   2730.0   0.21886
   2735.0   0.19716
   2740.0   0.17220
   2745.0   0.15380
   2750.0   0.13977
   2755.0   0.12447
   2760.0   0.10147
   2765.0   0.09317
   2770.0   0.09051
   2775.0   0.08219
   2780.0   0.09111
   2785.0   0.08045
   2790.0   0.07755
   2795.0   0.08268
   2800.0   0.06598
   2805.0   0.07774
   2810.0   0.07414
   2815.0   0.06968
   2820.0   0.06808
   2825.0   0.06798
   2830.0   0.06630
   2835.0   0.06726
   2840.0   0.06546
   2845.0   0.06874
   2850.0   0.07142
   2855.0   0.07090
   2860.0   0.07082
   2865.0   0.07240
   2870.0   0.07490
   2875.0   0.07037
   2880.0   0.07357
   2885.0   0.07168
   2890.0   0.06934
   2895.0   0.06946
   2900.0   0.06803
   2905.0   0.06832
   2910.0   0.06591
   2915.0   0.06903
   2920.0   0.07110
   2925.0   0.07023
   2930.0   0.07278
   2935.0   0.06794
   2940.0   0.06825
   2945.0   0.06805
   2950.0   0.06764
   2955.0   0.07050
   2960.0   0.06718
   2965.0   0.06866
   2970.0   0.07028
   2975.0   0.06926
   2980.0   0.06997
   2985.0   0.07071
   2990.0   0.07183
   2995.0   0.07021
   3000.0   0.07235
   3005.0   0.07447
   3010.0   0.07377
   3015.0   0.07277
   3020.0   0.07344
   3025.0   0.07357
   3030.0   0.07588
   3035.0   0.07618
   3040.0   0.07739
   3045.0   0.07901
   3050.0   0.07833
   3055.0   0.08022
   3060.0   0.07944
   3065.0   0.08123
   3070.0   0.08101
   3075.0   0.08463
   3080.0   0.08370
   3085.0   0.08499
   3090.0   0.08469
   3095.0   0.08532
   3100.0   0.08693
   3105.0   0.08673
   3110.0   0.08775
   3115.0   0.08937
   3120.0   0.09129
   3125.0   0.09251
   3130.0   0.09338
   3135.0   0.09672
   3140.0   0.09712
   3145.0   0.09860
   3150.0   0.10261
   3155.0   0.10446
   3160.0   0.10469
   3165.0   0.10874
   3170.0   0.11072
   3175.0   0.11186
   3180.0   0.11549
   3185.0   0.11503
   3190.0   0.11749
   3195.0   0.11995
   3200.0   0.12491
   3205.0   0.12616
   3210.0   0.12859
   3215.0   0.13306
   3220.0   0.13406
   3225.0   0.13850
   3230.0   0.14098
   3235.0   0.14315
   3240.0   0.14579
   3245.0   0.14902
   3250.0   0.15244
   3255.0   0.15555
   3260.0   0.15829
   3265.0   0.15988
   3270.0   0.16399
   3275.0   0.16829
   3280.0   0.17150
   3285.0   0.17134
   3290.0   0.17757
   3295.0   0.17868
   3300.0   0.18139
   3305.0   0.18374
   3310.0   0.18753
   3315.0   0.19042
   3320.0   0.19592
   3325.0   0.19784
   3330.0   0.20181
   3335.0   0.20493
   3340.0   0.20658
   3345.0   0.20931
   3350.0   0.20977
   3355.0   0.21683
   3360.0   0.21662
   3365.0   0.22102
   3370.0   0.22239
   3375.0   0.22445
   3380.0   0.22881
   3385.0   0.23168
   3390.0   0.23628
   3395.0   0.23948
   3400.0   0.23771
   3405.0   0.24262
   3410.0   0.24687
   3415.0   0.25372
   3420.0   0.25492
   3425.0   0.26089
   3430.0   0.26311
   3435.0   0.26420
   3440.0   0.26504
   3445.0   0.26999
   3450.0   0.27534
   3455.0   0.27520
   3460.0   0.27324
   3465.0   0.28082
   3470.0   0.28169
   3475.0   0.28291
   3480.0   0.28733
   3485.0   0.28870
   3490.0   0.28708
   3495.0   0.29276
   3500.0   0.29910



 CPRS15      .ASC                        

 RS-CMP-015-U1                                                           
 <25 UM FRACTION OF NEVER HEATED POWDER                                  
 RATIOS ADJUSTED USING NBS HALON CALIBRATION TABLE                       

 Source Ang: 30.00   Detect Ang:  0.00  Volt: 0.222
 Date: 19-JUL-89   Time: 13:04:22
