   641
    300.0   0.04162
    305.0   0.04176
    310.0   0.04246
    315.0   0.04268
    320.0   0.04486
    325.0   0.04650
    330.0   0.04914
    335.0   0.05035
    340.0   0.05212
    345.0   0.05356
    350.0   0.05460
    355.0   0.05601
    360.0   0.05737
    365.0   0.05799
    370.0   0.05860
    375.0   0.05993
    380.0   0.06119
    385.0   0.06267
    390.0   0.06450
    395.0   0.06639
    400.0   0.06787
    405.0   0.06976
    410.0   0.07228
    415.0   0.07432
    420.0   0.07639
    425.0   0.07872
    430.0   0.08134
    435.0   0.08375
    440.0   0.08649
    445.0   0.08905
    450.0   0.09174
    455.0   0.09458
    460.0   0.09728
    465.0   0.09976
    470.0   0.10219
    475.0   0.10416
    480.0   0.10634
    485.0   0.10856
    490.0   0.11181
    495.0   0.11594
    500.0   0.12036
    505.0   0.12481
    510.0   0.12903
    515.0   0.13373
    520.0   0.13854
    525.0   0.14376
    530.0   0.14889
    535.0   0.15447
    540.0   0.15996
    545.0   0.16548
    550.0   0.17053
    555.0   0.17631
    560.0   0.18139
    565.0   0.18713
    570.0   0.19291
    575.0   0.19797
    580.0   0.20348
    585.0   0.20845
    590.0   0.21374
    595.0   0.21870
    600.0   0.22326
    605.0   0.22691
    610.0   0.23104
    615.0   0.23378
    620.0   0.23744
    625.0   0.23958
    630.0   0.24230
    635.0   0.24474
    640.0   0.24739
    645.0   0.24965
    650.0   0.25212
    655.0   0.25441
    660.0   0.25771
    665.0   0.26042
    670.0   0.26341
    675.0   0.26626
    680.0   0.26921
    685.0   0.27177
    690.0   0.27371
    695.0   0.27526
    700.0   0.27717
    705.0   0.27960
    710.0   0.28144
    715.0   0.28237
    720.0   0.28407
    725.0   0.28546
    730.0   0.28632
    735.0   0.28701
    740.0   0.28832
    745.0   0.28907
    750.0   0.28991
    755.0   0.29012
    760.0   0.29080
    765.0   0.29064
    770.0   0.29149
    775.0   0.29140
    780.0   0.29168
    785.0   0.29156
    790.0   0.29157
    795.0   0.29184
    800.0   0.29150
    805.0   0.29111
    810.0   0.29049
    815.0   0.29024
    820.0   0.28974
    825.0   0.28929
    830.0   0.28815
    835.0   0.28805
    840.0   0.28765
    845.0   0.28689
    850.0   0.28579
    855.0   0.28536
    860.0   0.28413
    865.0   0.28252
    870.0   0.28159
    875.0   0.28097
    880.0   0.27976
    885.0   0.27754
    890.0   0.27562
    895.0   0.27613
    900.0   0.27389
    905.0   0.27295
    910.0   0.27095
    915.0   0.26968
    920.0   0.26896
    925.0   0.26892
    930.0   0.26727
    935.0   0.26522
    940.0   0.26455
    945.0   0.26382
    950.0   0.26345
    955.0   0.26217
    960.0   0.26169
    965.0   0.26062
    970.0   0.26033
    975.0   0.25913
    980.0   0.25934
    985.0   0.25859
    990.0   0.25844
    995.0   0.25744
   1000.0   0.25734
   1005.0   0.25732
   1010.0   0.25734
   1015.0   0.25642
   1020.0   0.25586
   1025.0   0.25586
   1030.0   0.25659
   1035.0   0.25541
   1040.0   0.25635
   1045.0   0.25619
   1050.0   0.25729
   1055.0   0.25646
   1060.0   0.25650
   1065.0   0.25670
   1070.0   0.25736
   1075.0   0.25729
   1080.0   0.25758
   1085.0   0.25794
   1090.0   0.25786
   1095.0   0.25855
   1100.0   0.25878
   1105.0   0.25844
   1110.0   0.25826
   1115.0   0.25830
   1120.0   0.25783
   1125.0   0.25825
   1130.0   0.25817
   1135.0   0.25776
   1140.0   0.25795
   1145.0   0.25726
   1150.0   0.25817
   1155.0   0.25770
   1160.0   0.25780
   1165.0   0.25671
   1170.0   0.25714
   1175.0   0.25712
   1180.0   0.25653
   1185.0   0.25607
   1190.0   0.25526
   1195.0   0.25523
   1200.0   0.25519
   1205.0   0.25598
   1210.0   0.25466
   1215.0   0.25458
   1220.0   0.25506
   1225.0   0.25500
   1230.0   0.25452
   1235.0   0.25417
   1240.0   0.25435
   1245.0   0.25375
   1250.0   0.25389
   1255.0   0.25336
   1260.0   0.25324
   1265.0   0.25321
   1270.0   0.25347
   1275.0   0.25327
   1280.0   0.25244
   1285.0   0.25200
   1290.0   0.25193
   1295.0   0.25277
   1300.0   0.25282
   1305.0   0.25294
   1310.0   0.25245
   1315.0   0.25262
   1320.0   0.25360
   1325.0   0.25365
   1330.0   0.25288
   1335.0   0.25272
   1340.0   0.25221
   1345.0   0.25324
   1350.0   0.25226
   1355.0   0.25271
   1360.0   0.25187
   1365.0   0.25270
   1370.0   0.25261
   1375.0   0.25217
   1380.0   0.25181
   1385.0   0.25205
   1390.0   0.25238
   1395.0   0.25166
   1400.0   0.25118
   1405.0   0.25042
   1410.0   0.24952
   1415.0   0.24941
   1420.0   0.24883
   1425.0   0.24873
   1430.0   0.25036
   1435.0   0.24986
   1440.0   0.24984
   1445.0   0.25049
   1450.0   0.25093
   1455.0   0.25090
   1460.0   0.25229
   1465.0   0.25175
   1470.0   0.25309
   1475.0   0.25338
   1480.0   0.25336
   1485.0   0.25456
   1490.0   0.25431
   1495.0   0.25495
   1500.0   0.25596
   1505.0   0.25595
   1510.0   0.25545
   1515.0   0.25615
   1520.0   0.25644
   1525.0   0.25644
   1530.0   0.25716
   1535.0   0.25697
   1540.0   0.25793
   1545.0   0.25826
   1550.0   0.25735
   1555.0   0.25792
   1560.0   0.25977
   1565.0   0.25925
   1570.0   0.25872
   1575.0   0.26026
   1580.0   0.26112
   1585.0   0.26110
   1590.0   0.26118
   1595.0   0.26249
   1600.0   0.26346
   1605.0   0.26214
   1610.0   0.26269
   1615.0   0.26214
   1620.0   0.26359
   1625.0   0.26372
   1630.0   0.26373
   1635.0   0.26385
   1640.0   0.26354
   1645.0   0.26382
   1650.0   0.26517
   1655.0   0.26642
   1660.0   0.26714
   1665.0   0.26763
   1670.0   0.26668
   1675.0   0.26724
   1680.0   0.26770
   1685.0   0.26749
   1690.0   0.26677
   1695.0   0.26686
   1700.0   0.26857
   1705.0   0.26895
   1710.0   0.26868
   1715.0   0.26930
   1720.0   0.26950
   1725.0   0.26972
   1730.0   0.27003
   1735.0   0.27018
   1740.0   0.27102
   1745.0   0.27131
   1750.0   0.27204
   1755.0   0.27086
   1760.0   0.27116
   1765.0   0.27136
   1770.0   0.27236
   1775.0   0.27474
   1780.0   0.27485
   1785.0   0.27507
   1790.0   0.27462
   1795.0   0.27434
   1800.0   0.27486
   1805.0   0.27523
   1810.0   0.27576
   1815.0   0.27603
   1820.0   0.27723
   1825.0   0.27742
   1830.0   0.27835
   1835.0   0.27815
   1840.0   0.27804
   1845.0   0.27851
   1850.0   0.27887
   1855.0   0.27855
   1860.0   0.27829
   1865.0   0.27964
   1870.0   0.28014
   1875.0   0.28019
   1880.0   0.27916
   1885.0   0.27906
   1890.0   0.27758
   1895.0   0.27624
   1900.0   0.27400
   1905.0   0.27141
   1910.0   0.26738
   1915.0   0.26405
   1920.0   0.26361
   1925.0   0.26500
   1930.0   0.26727
   1935.0   0.26967
   1940.0   0.27061
   1945.0   0.27203
   1950.0   0.27373
   1955.0   0.27519
   1960.0   0.27632
   1965.0   0.27667
   1970.0   0.27687
   1975.0   0.27743
   1980.0   0.27868
   1985.0   0.28009
   1990.0   0.28181
   1995.0   0.28331
   2000.0   0.28358
   2005.0   0.28483
   2010.0   0.28508
   2015.0   0.28616
   2020.0   0.28667
   2025.0   0.28709
   2030.0   0.28810
   2035.0   0.28834
   2040.0   0.28854
   2045.0   0.28968
   2050.0   0.29004
   2055.0   0.29049
   2060.0   0.29151
   2065.0   0.29243
   2070.0   0.29379
   2075.0   0.29377
   2080.0   0.29412
   2085.0   0.29447
   2090.0   0.29509
   2095.0   0.29641
   2100.0   0.29764
   2105.0   0.29702
   2110.0   0.29817
   2115.0   0.29857
   2120.0   0.29940
   2125.0   0.30009
   2130.0   0.30058
   2135.0   0.30173
   2140.0   0.30178
   2145.0   0.30141
   2150.0   0.30113
   2155.0   0.30166
   2160.0   0.30253
   2165.0   0.30306
   2170.0   0.30479
   2175.0   0.30416
   2180.0   0.30408
   2185.0   0.30431
   2190.0   0.30582
   2195.0   0.30720
   2200.0   0.30895
   2205.0   0.30863
   2210.0   0.30763
   2215.0   0.30862
   2220.0   0.30873
   2225.0   0.30800
   2230.0   0.30861
   2235.0   0.30961
   2240.0   0.30888
   2245.0   0.30886
   2250.0   0.30858
   2255.0   0.30987
   2260.0   0.30965
   2265.0   0.31019
   2270.0   0.30991
   2275.0   0.30909
   2280.0   0.31002
   2285.0   0.31024
   2290.0   0.30848
   2295.0   0.30871
   2300.0   0.30888
   2305.0   0.30845
   2310.0   0.30907
   2315.0   0.31084
   2320.0   0.31401
   2325.0   0.31513
   2330.0   0.31505
   2335.0   0.31548
   2340.0   0.31692
   2345.0   0.31717
   2350.0   0.31782
   2355.0   0.31737
   2360.0   0.31797
   2365.0   0.31678
   2370.0   0.31551
   2375.0   0.31646
   2380.0   0.31648
   2385.0   0.31556
   2390.0   0.31593
   2395.0   0.31450
   2400.0   0.31534
   2405.0   0.31554
   2410.0   0.31480
   2415.0   0.31535
   2420.0   0.31580
   2425.0   0.31600
   2430.0   0.31652
   2435.0   0.31599
   2440.0   0.31469
   2445.0   0.31527
   2450.0   0.31536
   2455.0   0.31498
   2460.0   0.31533
   2465.0   0.31565
   2470.0   0.31507
   2475.0   0.31420
   2480.0   0.31437
   2485.0   0.31355
   2490.0   0.31243
   2495.0   0.31211
   2500.0   0.31261
   2505.0   0.31257
   2510.0   0.31237
   2515.0   0.31095
   2520.0   0.31231
   2525.0   0.31259
   2530.0   0.31272
   2535.0   0.31049
   2540.0   0.31032
   2545.0   0.31161
   2550.0   0.31161
   2555.0   0.31322
   2560.0   0.31462
   2565.0   0.31323
   2570.0   0.31494
   2575.0   0.31497
   2580.0   0.31590
   2585.0   0.31725
   2590.0   0.31713
   2595.0   0.31708
   2600.0   0.31655
   2605.0   0.31758
   2610.0   0.31801
   2615.0   0.31928
   2620.0   0.31611
   2625.0   0.31745
   2630.0   0.31569
   2635.0   0.31463
   2640.0   0.31354
   2645.0   0.31288
   2650.0   0.31116
   2655.0   0.30991
   2660.0   0.30794
   2665.0   0.30563
   2670.0   0.30342
   2675.0   0.29897
   2680.0   0.29441
   2685.0   0.29106
   2690.0   0.28267
   2695.0   0.27499
   2700.0   0.26701
   2705.0   0.25553
   2710.0   0.24158
   2715.0   0.22863
   2720.0   0.21539
   2725.0   0.20187
   2730.0   0.18781
   2735.0   0.16507
   2740.0   0.14118
   2745.0   0.12671
   2750.0   0.11338
   2755.0   0.09775
   2760.0   0.08454
   2765.0   0.07332
   2770.0   0.06963
   2775.0   0.06634
   2780.0   0.05547
   2785.0   0.05673
   2790.0   0.05394
   2795.0   0.05451
   2800.0   0.05488
   2805.0   0.04927
   2810.0   0.05332
   2815.0   0.05394
   2820.0   0.05244
   2825.0   0.05949
   2830.0   0.05193
   2835.0   0.05194
   2840.0   0.05237
   2845.0   0.05448
   2850.0   0.05388
   2855.0   0.05576
   2860.0   0.05868
   2865.0   0.05373
   2870.0   0.05545
   2875.0   0.05576
   2880.0   0.05454
   2885.0   0.05636
   2890.0   0.05456
   2895.0   0.05400
   2900.0   0.05262
   2905.0   0.05159
   2910.0   0.05426
   2915.0   0.05209
   2920.0   0.05465
   2925.0   0.05263
   2930.0   0.05362
   2935.0   0.04883
   2940.0   0.05230
   2945.0   0.05180
   2950.0   0.05255
   2955.0   0.05277
   2960.0   0.05256
   2965.0   0.05418
   2970.0   0.05306
   2975.0   0.05272
   2980.0   0.05251
   2985.0   0.05258
   2990.0   0.05151
   2995.0   0.05522
   3000.0   0.05166
   3005.0   0.05359
   3010.0   0.05533
   3015.0   0.05440
   3020.0   0.05696
   3025.0   0.05828
   3030.0   0.05683
   3035.0   0.05975
   3040.0   0.05807
   3045.0   0.06115
   3050.0   0.06007
   3055.0   0.06000
   3060.0   0.06074
   3065.0   0.05993
   3070.0   0.06364
   3075.0   0.06128
   3080.0   0.06383
   3085.0   0.06463
   3090.0   0.06301
   3095.0   0.06329
   3100.0   0.06527
   3105.0   0.06587
   3110.0   0.06672
   3115.0   0.06778
   3120.0   0.06827
   3125.0   0.06960
   3130.0   0.06903
   3135.0   0.07289
   3140.0   0.07376
   3145.0   0.07543
   3150.0   0.07675
   3155.0   0.07838
   3160.0   0.07872
   3165.0   0.08093
   3170.0   0.08252
   3175.0   0.08435
   3180.0   0.08881
   3185.0   0.09041
   3190.0   0.09271
   3195.0   0.09346
   3200.0   0.09625
   3205.0   0.09880
   3210.0   0.10047
   3215.0   0.10276
   3220.0   0.10727
   3225.0   0.10837
   3230.0   0.10944
   3235.0   0.11327
   3240.0   0.11566
   3245.0   0.11741
   3250.0   0.12102
   3255.0   0.12228
   3260.0   0.12569
   3265.0   0.12927
   3270.0   0.13190
   3275.0   0.13163
   3280.0   0.13359
   3285.0   0.13825
   3290.0   0.13966
   3295.0   0.14356
   3300.0   0.14571
   3305.0   0.14841
   3310.0   0.14977
   3315.0   0.15347
   3320.0   0.15753
   3325.0   0.15946
   3330.0   0.16211
   3335.0   0.16669
   3340.0   0.16965
   3345.0   0.17184
   3350.0   0.17628
   3355.0   0.17529
   3360.0   0.17735
   3365.0   0.18023
   3370.0   0.18122
   3375.0   0.18558
   3380.0   0.18771
   3385.0   0.18823
   3390.0   0.19264
   3395.0   0.19469
   3400.0   0.19801
   3405.0   0.20469
   3410.0   0.20521
   3415.0   0.20783
   3420.0   0.21427
   3425.0   0.21453
   3430.0   0.22085
   3435.0   0.21799
   3440.0   0.22466
   3445.0   0.22676
   3450.0   0.23213
   3455.0   0.23508
   3460.0   0.23578
   3465.0   0.24028
   3470.0   0.24390
   3475.0   0.24575
   3480.0   0.24825
   3485.0   0.24941
   3490.0   0.25172
   3495.0   0.25569
   3500.0   0.25648



 CQRS15      .ASC                        

 RS-CMP-015-U2                                                           
 TAOS POWDER UNCOOKED SAMPLE SIEVED TO 25-45 MICRONS                     
 RATIOS ADJUSTED USING NBS HALON CALIBRATION TABLE                       

 Source Ang: 30.00   Detect Ang:  0.00  Volt: 0.222
 Date: 18-JUL-89   Time: 16:57:27
