   641
    300.0   0.03859
    305.0   0.04097
    310.0   0.04323
    315.0   0.04535
    320.0   0.04728
    325.0   0.04971
    330.0   0.05219
    335.0   0.05379
    340.0   0.05484
    345.0   0.05643
    350.0   0.05783
    355.0   0.05911
    360.0   0.05998
    365.0   0.06136
    370.0   0.06204
    375.0   0.06288
    380.0   0.06408
    385.0   0.06536
    390.0   0.06704
    395.0   0.06861
    400.0   0.07031
    405.0   0.07212
    410.0   0.07462
    415.0   0.07649
    420.0   0.07863
    425.0   0.08131
    430.0   0.08376
    435.0   0.08640
    440.0   0.08920
    445.0   0.09213
    450.0   0.09492
    455.0   0.09768
    460.0   0.10059
    465.0   0.10319
    470.0   0.10549
    475.0   0.10752
    480.0   0.10968
    485.0   0.11205
    490.0   0.11535
    495.0   0.11930
    500.0   0.12391
    505.0   0.12881
    510.0   0.13310
    515.0   0.13712
    520.0   0.14198
    525.0   0.14755
    530.0   0.15258
    535.0   0.15798
    540.0   0.16335
    545.0   0.16897
    550.0   0.17386
    555.0   0.17923
    560.0   0.18395
    565.0   0.18915
    570.0   0.19421
    575.0   0.19899
    580.0   0.20411
    585.0   0.20831
    590.0   0.21301
    595.0   0.21695
    600.0   0.22092
    605.0   0.22426
    610.0   0.22762
    615.0   0.22966
    620.0   0.23246
    625.0   0.23485
    630.0   0.23664
    635.0   0.23804
    640.0   0.23973
    645.0   0.24148
    650.0   0.24342
    655.0   0.24523
    660.0   0.24764
    665.0   0.24950
    670.0   0.25131
    675.0   0.25302
    680.0   0.25465
    685.0   0.25654
    690.0   0.25784
    695.0   0.25853
    700.0   0.26033
    705.0   0.26126
    710.0   0.26233
    715.0   0.26217
    720.0   0.26315
    725.0   0.26351
    730.0   0.26478
    735.0   0.26481
    740.0   0.26512
    745.0   0.26510
    750.0   0.26541
    755.0   0.26499
    760.0   0.26521
    765.0   0.26475
    770.0   0.26485
    775.0   0.26375
    780.0   0.26402
    785.0   0.26373
    790.0   0.26303
    795.0   0.26252
    800.0   0.26244
    805.0   0.26184
    810.0   0.26075
    815.0   0.26074
    820.0   0.25882
    825.0   0.25837
    830.0   0.25688
    835.0   0.25685
    840.0   0.25652
    845.0   0.25517
    850.0   0.25384
    855.0   0.25283
    860.0   0.25249
    865.0   0.25031
    870.0   0.24905
    875.0   0.24767
    880.0   0.24662
    885.0   0.24537
    890.0   0.24456
    895.0   0.24279
    900.0   0.24053
    905.0   0.24012
    910.0   0.23907
    915.0   0.23761
    920.0   0.23622
    925.0   0.23578
    930.0   0.23403
    935.0   0.23345
    940.0   0.23269
    945.0   0.23147
    950.0   0.22934
    955.0   0.22966
    960.0   0.22886
    965.0   0.22745
    970.0   0.22704
    975.0   0.22604
    980.0   0.22544
    985.0   0.22492
    990.0   0.22470
    995.0   0.22332
   1000.0   0.22312
   1005.0   0.22226
   1010.0   0.22156
   1015.0   0.22128
   1020.0   0.22130
   1025.0   0.22101
   1030.0   0.22103
   1035.0   0.22034
   1040.0   0.21983
   1045.0   0.22006
   1050.0   0.22015
   1055.0   0.21959
   1060.0   0.21856
   1065.0   0.21882
   1070.0   0.21881
   1075.0   0.21823
   1080.0   0.21914
   1085.0   0.21887
   1090.0   0.21789
   1095.0   0.21786
   1100.0   0.21787
   1105.0   0.21832
   1110.0   0.21746
   1115.0   0.21720
   1120.0   0.21683
   1125.0   0.21680
   1130.0   0.21630
   1135.0   0.21566
   1140.0   0.21545
   1145.0   0.21585
   1150.0   0.21559
   1155.0   0.21495
   1160.0   0.21451
   1165.0   0.21413
   1170.0   0.21337
   1175.0   0.21266
   1180.0   0.21271
   1185.0   0.21252
   1190.0   0.21163
   1195.0   0.21126
   1200.0   0.21021
   1205.0   0.20995
   1210.0   0.20987
   1215.0   0.20922
   1220.0   0.20795
   1225.0   0.20934
   1230.0   0.20857
   1235.0   0.20797
   1240.0   0.20750
   1245.0   0.20767
   1250.0   0.20742
   1255.0   0.20695
   1260.0   0.20642
   1265.0   0.20663
   1270.0   0.20573
   1275.0   0.20571
   1280.0   0.20521
   1285.0   0.20444
   1290.0   0.20386
   1295.0   0.20386
   1300.0   0.20397
   1305.0   0.20358
   1310.0   0.20379
   1315.0   0.20361
   1320.0   0.20340
   1325.0   0.20371
   1330.0   0.20318
   1335.0   0.20263
   1340.0   0.20239
   1345.0   0.20193
   1350.0   0.20087
   1355.0   0.20090
   1360.0   0.20003
   1365.0   0.20046
   1370.0   0.20024
   1375.0   0.19990
   1380.0   0.19992
   1385.0   0.19990
   1390.0   0.19951
   1395.0   0.19915
   1400.0   0.19815
   1405.0   0.19808
   1410.0   0.19815
   1415.0   0.19811
   1420.0   0.19743
   1425.0   0.19739
   1430.0   0.19727
   1435.0   0.19677
   1440.0   0.19641
   1445.0   0.19723
   1450.0   0.19635
   1455.0   0.19659
   1460.0   0.19722
   1465.0   0.19710
   1470.0   0.19654
   1475.0   0.19664
   1480.0   0.19566
   1485.0   0.19677
   1490.0   0.19662
   1495.0   0.19551
   1500.0   0.19636
   1505.0   0.19667
   1510.0   0.19724
   1515.0   0.19727
   1520.0   0.19734
   1525.0   0.19693
   1530.0   0.19692
   1535.0   0.19686
   1540.0   0.19793
   1545.0   0.19763
   1550.0   0.19724
   1555.0   0.19720
   1560.0   0.19743
   1565.0   0.19767
   1570.0   0.19803
   1575.0   0.19730
   1580.0   0.19672
   1585.0   0.19685
   1590.0   0.19740
   1595.0   0.19756
   1600.0   0.19673
   1605.0   0.19723
   1610.0   0.19743
   1615.0   0.19724
   1620.0   0.19723
   1625.0   0.19712
   1630.0   0.19709
   1635.0   0.19695
   1640.0   0.19707
   1645.0   0.19711
   1650.0   0.19736
   1655.0   0.19715
   1660.0   0.19689
   1665.0   0.19616
   1670.0   0.19677
   1675.0   0.19708
   1680.0   0.19763
   1685.0   0.19741
   1690.0   0.19744
   1695.0   0.19649
   1700.0   0.19707
   1705.0   0.19726
   1710.0   0.19719
   1715.0   0.19750
   1720.0   0.19716
   1725.0   0.19762
   1730.0   0.19772
   1735.0   0.19736
   1740.0   0.19722
   1745.0   0.19783
   1750.0   0.19832
   1755.0   0.19719
   1760.0   0.19696
   1765.0   0.19691
   1770.0   0.19746
   1775.0   0.19700
   1780.0   0.19725
   1785.0   0.19718
   1790.0   0.19698
   1795.0   0.19724
   1800.0   0.19806
   1805.0   0.19865
   1810.0   0.19805
   1815.0   0.19800
   1820.0   0.19816
   1825.0   0.19796
   1830.0   0.19847
   1835.0   0.19808
   1840.0   0.19791
   1845.0   0.19832
   1850.0   0.19905
   1855.0   0.19897
   1860.0   0.19843
   1865.0   0.19752
   1870.0   0.19795
   1875.0   0.19772
   1880.0   0.19719
   1885.0   0.19632
   1890.0   0.19582
   1895.0   0.19502
   1900.0   0.19408
   1905.0   0.19236
   1910.0   0.19005
   1915.0   0.18812
   1920.0   0.18823
   1925.0   0.18887
   1930.0   0.19038
   1935.0   0.19137
   1940.0   0.19169
   1945.0   0.19158
   1950.0   0.19178
   1955.0   0.19250
   1960.0   0.19304
   1965.0   0.19365
   1970.0   0.19444
   1975.0   0.19453
   1980.0   0.19494
   1985.0   0.19523
   1990.0   0.19530
   1995.0   0.19583
   2000.0   0.19539
   2005.0   0.19572
   2010.0   0.19524
   2015.0   0.19560
   2020.0   0.19648
   2025.0   0.19706
   2030.0   0.19701
   2035.0   0.19688
   2040.0   0.19743
   2045.0   0.19801
   2050.0   0.19789
   2055.0   0.19827
   2060.0   0.19982
   2065.0   0.20060
   2070.0   0.20007
   2075.0   0.19970
   2080.0   0.19999
   2085.0   0.20066
   2090.0   0.20126
   2095.0   0.20161
   2100.0   0.20183
   2105.0   0.20100
   2110.0   0.20068
   2115.0   0.20040
   2120.0   0.20126
   2125.0   0.20246
   2130.0   0.20301
   2135.0   0.20333
   2140.0   0.20281
   2145.0   0.20328
   2150.0   0.20320
   2155.0   0.20347
   2160.0   0.20300
   2165.0   0.20292
   2170.0   0.20283
   2175.0   0.20345
   2180.0   0.20336
   2185.0   0.20310
   2190.0   0.20387
   2195.0   0.20375
   2200.0   0.20336
   2205.0   0.20359
   2210.0   0.20292
   2215.0   0.20333
   2220.0   0.20379
   2225.0   0.20372
   2230.0   0.20368
   2235.0   0.20398
   2240.0   0.20489
   2245.0   0.20565
   2250.0   0.20559
   2255.0   0.20555
   2260.0   0.20579
   2265.0   0.20489
   2270.0   0.20512
   2275.0   0.20400
   2280.0   0.20500
   2285.0   0.20275
   2290.0   0.20240
   2295.0   0.20264
   2300.0   0.20300
   2305.0   0.20401
   2310.0   0.20487
   2315.0   0.20510
   2320.0   0.20639
   2325.0   0.20710
   2330.0   0.20695
   2335.0   0.20665
   2340.0   0.20681
   2345.0   0.20687
   2350.0   0.20642
   2355.0   0.20599
   2360.0   0.20730
   2365.0   0.20672
   2370.0   0.20556
   2375.0   0.20538
   2380.0   0.20496
   2385.0   0.20501
   2390.0   0.20488
   2395.0   0.20465
   2400.0   0.20518
   2405.0   0.20557
   2410.0   0.20608
   2415.0   0.20595
   2420.0   0.20597
   2425.0   0.20574
   2430.0   0.20526
   2435.0   0.20535
   2440.0   0.20545
   2445.0   0.20576
   2450.0   0.20549
   2455.0   0.20569
   2460.0   0.20574
   2465.0   0.20563
   2470.0   0.20417
   2475.0   0.20363
   2480.0   0.20392
   2485.0   0.20438
   2490.0   0.20404
   2495.0   0.20393
   2500.0   0.20330
   2505.0   0.20392
   2510.0   0.20278
   2515.0   0.20283
   2520.0   0.20226
   2525.0   0.20198
   2530.0   0.20261
   2535.0   0.20246
   2540.0   0.20440
   2545.0   0.20372
   2550.0   0.20350
   2555.0   0.20387
   2560.0   0.20370
   2565.0   0.20350
   2570.0   0.20311
   2575.0   0.20301
   2580.0   0.20320
   2585.0   0.20290
   2590.0   0.20323
   2595.0   0.20263
   2600.0   0.20306
   2605.0   0.20241
   2610.0   0.20360
   2615.0   0.20246
   2620.0   0.20225
   2625.0   0.20027
   2630.0   0.20130
   2635.0   0.20075
   2640.0   0.20028
   2645.0   0.20057
   2650.0   0.19949
   2655.0   0.19907
   2660.0   0.19858
   2665.0   0.19833
   2670.0   0.19689
   2675.0   0.19522
   2680.0   0.19286
   2685.0   0.18799
   2690.0   0.18329
   2695.0   0.17957
   2700.0   0.17595
   2705.0   0.16946
   2710.0   0.16194
   2715.0   0.15334
   2720.0   0.14677
   2725.0   0.13924
   2730.0   0.12933
   2735.0   0.11702
   2740.0   0.10221
   2745.0   0.09143
   2750.0   0.08444
   2755.0   0.07657
   2760.0   0.06699
   2765.0   0.06111
   2770.0   0.05553
   2775.0   0.05356
   2780.0   0.04232
   2785.0   0.05067
   2790.0   0.04573
   2795.0   0.03835
   2800.0   0.03877
   2805.0   0.04150
   2810.0   0.03605
   2815.0   0.03459
   2820.0   0.03452
   2825.0   0.03862
   2830.0   0.03742
   2835.0   0.04246
   2840.0   0.04099
   2845.0   0.04477
   2850.0   0.04382
   2855.0   0.04396
   2860.0   0.04405
   2865.0   0.04516
   2870.0   0.04685
   2875.0   0.04372
   2880.0   0.04491
   2885.0   0.04125
   2890.0   0.04149
   2895.0   0.04214
   2900.0   0.03801
   2905.0   0.03976
   2910.0   0.03858
   2915.0   0.04038
   2920.0   0.04279
   2925.0   0.03925
   2930.0   0.04108
   2935.0   0.04091
   2940.0   0.03807
   2945.0   0.04048
   2950.0   0.04077
   2955.0   0.03704
   2960.0   0.04139
   2965.0   0.04021
   2970.0   0.04004
   2975.0   0.04064
   2980.0   0.03998
   2985.0   0.03920
   2990.0   0.04077
   2995.0   0.04114
   3000.0   0.04048
   3005.0   0.04207
   3010.0   0.04220
   3015.0   0.04244
   3020.0   0.04257
   3025.0   0.04265
   3030.0   0.04422
   3035.0   0.04539
   3040.0   0.04469
   3045.0   0.04375
   3050.0   0.04580
   3055.0   0.04479
   3060.0   0.04666
   3065.0   0.04608
   3070.0   0.04796
   3075.0   0.04753
   3080.0   0.04766
   3085.0   0.04896
   3090.0   0.04691
   3095.0   0.04960
   3100.0   0.05072
   3105.0   0.05096
   3110.0   0.05064
   3115.0   0.05149
   3120.0   0.05127
   3125.0   0.05426
   3130.0   0.05242
   3135.0   0.05586
   3140.0   0.05577
   3145.0   0.05712
   3150.0   0.05834
   3155.0   0.05658
   3160.0   0.06055
   3165.0   0.06054
   3170.0   0.06256
   3175.0   0.06374
   3180.0   0.06540
   3185.0   0.06701
   3190.0   0.06834
   3195.0   0.06955
   3200.0   0.07203
   3205.0   0.07144
   3210.0   0.07500
   3215.0   0.07634
   3220.0   0.07711
   3225.0   0.07935
   3230.0   0.08145
   3235.0   0.08318
   3240.0   0.08426
   3245.0   0.08484
   3250.0   0.08579
   3255.0   0.08780
   3260.0   0.09049
   3265.0   0.09229
   3270.0   0.09414
   3275.0   0.09460
   3280.0   0.09677
   3285.0   0.09764
   3290.0   0.09942
   3295.0   0.10211
   3300.0   0.10319
   3305.0   0.10517
   3310.0   0.10417
   3315.0   0.10810
   3320.0   0.11157
   3325.0   0.11082
   3330.0   0.11366
   3335.0   0.11191
   3340.0   0.11435
   3345.0   0.11808
   3350.0   0.11742
   3355.0   0.12033
   3360.0   0.12173
   3365.0   0.12355
   3370.0   0.12579
   3375.0   0.12595
   3380.0   0.12737
   3385.0   0.12993
   3390.0   0.13163
   3395.0   0.13352
   3400.0   0.13731
   3405.0   0.13822
   3410.0   0.13941
   3415.0   0.14193
   3420.0   0.14504
   3425.0   0.14507
   3430.0   0.14813
   3435.0   0.14766
   3440.0   0.15175
   3445.0   0.15520
   3450.0   0.15517
   3455.0   0.15659
   3460.0   0.15939
   3465.0   0.15846
   3470.0   0.16044
   3475.0   0.16393
   3480.0   0.16296
   3485.0   0.16387
   3490.0   0.16284
   3495.0   0.16510
   3500.0   0.16945



 CRRS15      .ASC                        

 RS-CMP-015-U3                                                           
 TAOS POWDER UNCOOKED PORTION DRY SIEVED TO >45 UM <150?                 
 RATIOS ADJUSTED USING NBS HALON CALIBRATION TABLE                       

 Source Ang: 30.00   Detect Ang:  0.00  Volt: 0.222
 Date: 18-JUL-89   Time: 16:16:20
