  1051
    300.0   0.07164
    305.0   0.07435
    310.0   0.07613
    315.0   0.07737
    320.0   0.07920
    325.0   0.08137
    330.0   0.08395
    335.0   0.08577
    340.0   0.08834
    345.0   0.09088
    350.0   0.09307
    355.0   0.09548
    360.0   0.09786
    365.0   0.10058
    370.0   0.10260
    375.0   0.10518
    380.0   0.10747
    385.0   0.10961
    390.0   0.11192
    395.0   0.11406
    400.0   0.11546
    405.0   0.11713
    410.0   0.11838
    415.0   0.11985
    420.0   0.12106
    425.0   0.12263
    430.0   0.12424
    435.0   0.12606
    440.0   0.12758
    445.0   0.12864
    450.0   0.12972
    455.0   0.13037
    460.0   0.13098
    465.0   0.13144
    470.0   0.13221
    475.0   0.13283
    480.0   0.13348
    485.0   0.13412
    490.0   0.13511
    495.0   0.13594
    500.0   0.13685
    505.0   0.13857
    510.0   0.13919
    515.0   0.14060
    520.0   0.14146
    525.0   0.14239
    530.0   0.14321
    535.0   0.14431
    540.0   0.14531
    545.0   0.14623
    550.0   0.14704
    555.0   0.14705
    560.0   0.14755
    565.0   0.14803
    570.0   0.14850
    575.0   0.14897
    580.0   0.14972
    585.0   0.15006
    590.0   0.15047
    595.0   0.15102
    600.0   0.15147
    605.0   0.15210
    610.0   0.15293
    615.0   0.15361
    620.0   0.15428
    625.0   0.15513
    630.0   0.15559
    635.0   0.15641
    640.0   0.15708
    645.0   0.15745
    650.0   0.15819
    655.0   0.15875
    660.0   0.15879
    665.0   0.15916
    670.0   0.15940
    675.0   0.15976
    680.0   0.16039
    685.0   0.16080
    690.0   0.16135
    695.0   0.16177
    700.0   0.16229
    705.0   0.16282
    710.0   0.16300
    715.0   0.16348
    720.0   0.16411
    725.0   0.16467
    730.0   0.16509
    735.0   0.16522
    740.0   0.16558
    745.0   0.16644
    750.0   0.16680
    755.0   0.16726
    760.0   0.16719
    765.0   0.16773
    770.0   0.16819
    775.0   0.16906
    780.0   0.16931
    785.0   0.16969
    790.0   0.16999
    795.0   0.17046
    800.0   0.17062
    805.0   0.17116
    810.0   0.17200
    815.0   0.17221
    820.0   0.17278
    825.0   0.17298
    830.0   0.17361
    835.0   0.17422
    840.0   0.17452
    845.0   0.17469
    850.0   0.17547
    855.0   0.17681
    860.0   0.17719
    865.0   0.17731
    870.0   0.17805
    875.0   0.17874
    880.0   0.17905
    885.0   0.17921
    890.0   0.17969
    895.0   0.17993
    900.0   0.18104
    905.0   0.18123
    910.0   0.18143
    915.0   0.18215
    920.0   0.18210
    925.0   0.18343
    930.0   0.18357
    935.0   0.18474
    940.0   0.18444
    945.0   0.18537
    950.0   0.18553
    955.0   0.18612
    960.0   0.18686
    965.0   0.18730
    970.0   0.18766
    975.0   0.18799
    980.0   0.18849
    985.0   0.18912
    990.0   0.18947
    995.0   0.18978
   1000.0   0.19003
   1005.0   0.19071
   1010.0   0.19112
   1015.0   0.19134
   1020.0   0.19185
   1025.0   0.19250
   1030.0   0.19290
   1035.0   0.19330
   1040.0   0.19397
   1045.0   0.19451
   1050.0   0.19492
   1055.0   0.19513
   1060.0   0.19551
   1065.0   0.19601
   1070.0   0.19668
   1075.0   0.19702
   1080.0   0.19746
   1085.0   0.19767
   1090.0   0.19774
   1095.0   0.19843
   1100.0   0.19915
   1105.0   0.19940
   1110.0   0.19964
   1115.0   0.19993
   1120.0   0.20044
   1125.0   0.20085
   1130.0   0.20119
   1135.0   0.20158
   1140.0   0.20233
   1145.0   0.20261
   1150.0   0.20321
   1155.0   0.20382
   1160.0   0.20441
   1165.0   0.20493
   1170.0   0.20524
   1175.0   0.20528
   1180.0   0.20606
   1185.0   0.20636
   1190.0   0.20636
   1195.0   0.20674
   1200.0   0.20833
   1205.0   0.20888
   1210.0   0.20924
   1215.0   0.20945
   1220.0   0.20974
   1225.0   0.21060
   1230.0   0.21092
   1235.0   0.21142
   1240.0   0.21174
   1245.0   0.21267
   1250.0   0.21254
   1255.0   0.21307
   1260.0   0.21354
   1265.0   0.21364
   1270.0   0.21448
   1275.0   0.21442
   1280.0   0.21482
   1285.0   0.21506
   1290.0   0.21565
   1295.0   0.21604
   1300.0   0.21620
   1305.0   0.21667
   1310.0   0.21711
   1315.0   0.21751
   1320.0   0.21758
   1325.0   0.21856
   1330.0   0.21853
   1335.0   0.21902
   1340.0   0.21953
   1345.0   0.21956
   1350.0   0.21947
   1355.0   0.21894
   1360.0   0.21983
   1365.0   0.21962
   1370.0   0.22089
   1375.0   0.22089
   1380.0   0.22131
   1385.0   0.22095
   1390.0   0.22175
   1395.0   0.22161
   1400.0   0.22146
   1405.0   0.22221
   1410.0   0.22274
   1415.0   0.22276
   1420.0   0.22356
   1425.0   0.22372
   1430.0   0.22434
   1435.0   0.22483
   1440.0   0.22550
   1445.0   0.22539
   1450.0   0.22587
   1455.0   0.22625
   1460.0   0.22609
   1465.0   0.22663
   1470.0   0.22674
   1475.0   0.22735
   1480.0   0.22784
   1485.0   0.22804
   1490.0   0.22886
   1495.0   0.22904
   1500.0   0.22938
   1505.0   0.22991
   1510.0   0.22992
   1515.0   0.23051
   1520.0   0.22980
   1525.0   0.23076
   1530.0   0.23130
   1535.0   0.23162
   1540.0   0.23152
   1545.0   0.23129
   1550.0   0.23187
   1555.0   0.23198
   1560.0   0.23261
   1565.0   0.23309
   1570.0   0.23311
   1575.0   0.23382
   1580.0   0.23430
   1585.0   0.23459
   1590.0   0.23550
   1595.0   0.23518
   1600.0   0.23517
   1605.0   0.23538
   1610.0   0.23547
   1615.0   0.23548
   1620.0   0.23560
   1625.0   0.23651
   1630.0   0.23614
   1635.0   0.23652
   1640.0   0.23751
   1645.0   0.23687
   1650.0   0.23769
   1655.0   0.23788
   1660.0   0.23735
   1665.0   0.23766
   1670.0   0.23806
   1675.0   0.23855
   1680.0   0.23841
   1685.0   0.23936
   1690.0   0.23923
   1695.0   0.23969
   1700.0   0.24137
   1705.0   0.24086
   1710.0   0.24026
   1715.0   0.24034
   1720.0   0.24093
   1725.0   0.24173
   1730.0   0.24155
   1735.0   0.24138
   1740.0   0.24133
   1745.0   0.24198
   1750.0   0.24180
   1751.4   0.24186
   1752.6   0.24199
   1753.8   0.24206
   1755.0   0.24206
   1756.1   0.24205
   1757.3   0.24200
   1758.5   0.24203
   1759.7   0.24217
   1760.9   0.24215
   1762.1   0.24213
   1763.3   0.24228
   1764.5   0.24237
   1765.7   0.24243
   1766.9   0.24247
   1768.1   0.24249
   1769.3   0.24257
   1770.5   0.24257
   1771.7   0.24258
   1773.0   0.24261
   1774.2   0.24267
   1775.4   0.24280
   1776.6   0.24283
   1777.8   0.24283
   1779.0   0.24278
   1780.3   0.24275
   1781.5   0.24281
   1782.7   0.24290
   1783.9   0.24298
   1785.2   0.24299
   1786.4   0.24304
   1787.6   0.24312
   1788.9   0.24325
   1790.1   0.24330
   1791.3   0.24326
   1792.6   0.24326
   1793.8   0.24328
   1795.1   0.24340
   1796.3   0.24345
   1797.6   0.24346
   1798.8   0.24344
   1800.0   0.24354
   1801.3   0.24363
   1802.6   0.24366
   1803.8   0.24374
   1805.1   0.24384
   1806.3   0.24394
   1807.6   0.24400
   1808.8   0.24393
   1810.1   0.24395
   1811.4   0.24402
   1812.6   0.24406
   1813.9   0.24410
   1815.2   0.24417
   1816.4   0.24420
   1817.7   0.24418
   1819.0   0.24431
   1820.3   0.24448
   1821.6   0.24462
   1822.8   0.24459
   1824.1   0.24453
   1825.4   0.24452
   1826.7   0.24462
   1828.0   0.24476
   1829.3   0.24480
   1830.6   0.24480
   1831.8   0.24484
   1833.1   0.24495
   1834.4   0.24503
   1835.7   0.24505
   1837.0   0.24505
   1838.3   0.24509
   1839.7   0.24519
   1841.0   0.24528
   1842.3   0.24537
   1843.6   0.24537
   1844.9   0.24530
   1846.2   0.24530
   1847.5   0.24542
   1848.8   0.24558
   1850.2   0.24554
   1851.5   0.24555
   1852.8   0.24566
   1854.1   0.24573
   1855.5   0.24570
   1856.8   0.24579
   1858.1   0.24590
   1859.4   0.24593
   1860.8   0.24601
   1862.1   0.24592
   1863.5   0.24584
   1864.8   0.24591
   1866.1   0.24590
   1867.5   0.24601
   1868.8   0.24619
   1870.2   0.24626
   1871.5   0.24628
   1872.9   0.24628
   1874.2   0.24631
   1875.6   0.24626
   1876.9   0.24631
   1878.3   0.24634
   1879.7   0.24627
   1881.0   0.24631
   1882.4   0.24637
   1883.8   0.24642
   1885.1   0.24643
   1886.5   0.24633
   1887.9   0.24623
   1889.3   0.24624
   1890.6   0.24637
   1892.0   0.24643
   1893.4   0.24649
   1894.8   0.24647
   1896.2   0.24639
   1897.6   0.24644
   1899.0   0.24647
   1900.3   0.24644
   1901.7   0.24634
   1903.1   0.24630
   1904.5   0.24637
   1905.9   0.24645
   1907.3   0.24648
   1908.7   0.24644
   1910.1   0.24646
   1911.6   0.24644
   1913.0   0.24640
   1914.4   0.24648
   1915.8   0.24650
   1917.2   0.24643
   1918.6   0.24651
   1920.0   0.24667
   1921.5   0.24691
   1922.9   0.24697
   1924.3   0.24688
   1925.8   0.24697
   1927.2   0.24705
   1928.6   0.24717
   1930.1   0.24733
   1931.5   0.24736
   1932.9   0.24737
   1934.4   0.24745
   1935.8   0.24746
   1937.3   0.24752
   1938.7   0.24761
   1940.2   0.24767
   1941.6   0.24777
   1943.1   0.24791
   1944.5   0.24802
   1946.0   0.24804
   1947.5   0.24802
   1948.9   0.24821
   1950.4   0.24831
   1951.9   0.24833
   1953.3   0.24831
   1954.8   0.24832
   1956.3   0.24837
   1957.8   0.24843
   1959.2   0.24851
   1960.7   0.24859
   1962.2   0.24883
   1963.7   0.24894
   1965.2   0.24889
   1966.7   0.24897
   1968.2   0.24908
   1969.7   0.24913
   1971.2   0.24912
   1972.7   0.24910
   1974.2   0.24916
   1975.7   0.24937
   1977.2   0.24941
   1978.7   0.24939
   1980.2   0.24946
   1981.7   0.24951
   1983.2   0.24961
   1984.7   0.24968
   1986.3   0.24973
   1987.8   0.24985
   1989.3   0.24990
   1990.8   0.24992
   1992.4   0.25000
   1993.9   0.25005
   1995.4   0.25012
   1997.0   0.25027
   1998.5   0.25028
   2000.1   0.25041
   2001.6   0.25054
   2003.1   0.25056
   2004.7   0.25060
   2006.2   0.25064
   2007.8   0.25069
   2009.4   0.25077
   2010.9   0.25086
   2012.5   0.25093
   2014.0   0.25101
   2015.6   0.25102
   2017.2   0.25095
   2018.7   0.25107
   2020.3   0.25125
   2021.9   0.25137
   2023.5   0.25147
   2025.1   0.25152
   2026.6   0.25160
   2028.2   0.25168
   2029.8   0.25173
   2031.4   0.25180
   2033.0   0.25182
   2034.6   0.25187
   2036.2   0.25201
   2037.8   0.25203
   2039.4   0.25207
   2041.0   0.25207
   2042.6   0.25217
   2044.2   0.25232
   2045.8   0.25245
   2047.4   0.25247
   2049.1   0.25245
   2050.7   0.25248
   2052.3   0.25257
   2053.9   0.25269
   2055.6   0.25280
   2057.2   0.25285
   2058.8   0.25287
   2060.5   0.25289
   2062.1   0.25304
   2063.7   0.25321
   2065.4   0.25326
   2067.0   0.25333
   2068.7   0.25344
   2070.3   0.25349
   2072.0   0.25351
   2073.7   0.25352
   2075.3   0.25348
   2077.0   0.25349
   2078.6   0.25356
   2080.3   0.25359
   2082.0   0.25372
   2083.7   0.25383
   2085.3   0.25382
   2087.0   0.25393
   2088.7   0.25400
   2090.4   0.25402
   2092.1   0.25413
   2093.8   0.25424
   2095.4   0.25425
   2097.1   0.25431
   2098.8   0.25437
   2100.5   0.25435
   2102.2   0.25445
   2104.0   0.25452
   2105.7   0.25455
   2107.4   0.25465
   2109.1   0.25480
   2110.8   0.25485
   2112.5   0.25481
   2114.2   0.25480
   2116.0   0.25483
   2117.7   0.25492
   2119.4   0.25498
   2121.2   0.25507
   2122.9   0.25517
   2124.6   0.25525
   2126.4   0.25534
   2128.1   0.25535
   2129.9   0.25537
   2131.6   0.25548
   2133.4   0.25551
   2135.1   0.25560
   2136.9   0.25567
   2138.7   0.25569
   2140.4   0.25567
   2142.2   0.25577
   2144.0   0.25586
   2145.8   0.25590
   2147.5   0.25589
   2149.3   0.25592
   2151.1   0.25596
   2152.9   0.25606
   2154.7   0.25614
   2156.5   0.25615
   2158.3   0.25610
   2160.1   0.25610
   2161.9   0.25622
   2163.7   0.25626
   2165.5   0.25635
   2167.3   0.25649
   2169.1   0.25642
   2170.9   0.25629
   2172.7   0.25629
   2174.6   0.25650
   2176.4   0.25666
   2178.2   0.25652
   2180.0   0.25649
   2181.9   0.25659
   2183.7   0.25664
   2185.6   0.25653
   2187.4   0.25644
   2189.2   0.25646
   2191.1   0.25653
   2193.0   0.25658
   2194.8   0.25653
   2196.7   0.25647
   2198.5   0.25657
   2200.4   0.25659
   2202.3   0.25659
   2204.1   0.25656
   2206.0   0.25652
   2207.9   0.25654
   2209.8   0.25661
   2211.7   0.25670
   2213.6   0.25678
   2215.4   0.25680
   2217.3   0.25688
   2219.2   0.25693
   2221.1   0.25696
   2223.0   0.25713
   2225.0   0.25728
   2226.9   0.25731
   2228.8   0.25730
   2230.7   0.25727
   2232.6   0.25731
   2234.5   0.25738
   2236.5   0.25743
   2238.4   0.25749
   2240.3   0.25744
   2242.3   0.25737
   2244.2   0.25743
   2246.2   0.25754
   2248.1   0.25753
   2250.1   0.25754
   2252.0   0.25756
   2254.0   0.25755
   2255.9   0.25760
   2257.9   0.25771
   2259.9   0.25789
   2261.8   0.25796
   2263.8   0.25791
   2265.8   0.25801
   2267.8   0.25817
   2269.8   0.25822
   2271.8   0.25836
   2273.7   0.25859
   2275.7   0.25855
   2277.7   0.25851
   2279.7   0.25863
   2281.7   0.25870
   2283.8   0.25874
   2285.8   0.25882
   2287.8   0.25896
   2289.8   0.25904
   2291.8   0.25899
   2293.9   0.25904
   2295.9   0.25917
   2297.9   0.25917
   2300.0   0.25920
   2302.0   0.25925
   2304.1   0.25919
   2306.1   0.25934
   2308.2   0.25929
   2310.2   0.25912
   2312.3   0.25916
   2314.3   0.25912
   2316.4   0.25912
   2318.5   0.25926
   2320.6   0.25928
   2322.6   0.25927
   2324.7   0.25929
   2326.8   0.25927
   2328.9   0.25920
   2331.0   0.25917
   2333.1   0.25918
   2335.2   0.25928
   2337.3   0.25924
   2339.4   0.25909
   2341.5   0.25902
   2343.6   0.25909
   2345.8   0.25919
   2347.9   0.25932
   2350.0   0.25931
   2352.1   0.25927
   2354.3   0.25939
   2356.4   0.25947
   2358.6   0.25955
   2360.7   0.25964
   2362.9   0.25965
   2365.0   0.25970
   2367.2   0.25976
   2369.3   0.25978
   2371.5   0.25984
   2373.7   0.26000
   2375.9   0.26006
   2378.0   0.26026
   2380.2   0.26039
   2382.4   0.26038
   2384.6   0.26053
   2386.8   0.26058
   2389.0   0.26052
   2391.2   0.26061
   2393.4   0.26072
   2395.6   0.26072
   2397.8   0.26080
   2400.1   0.26080
   2402.3   0.26089
   2404.5   0.26104
   2406.7   0.26110
   2409.0   0.26115
   2411.2   0.26111
   2413.5   0.26107
   2415.7   0.26120
   2418.0   0.26124
   2420.2   0.26119
   2422.5   0.26125
   2424.8   0.26131
   2427.0   0.26129
   2429.3   0.26133
   2431.6   0.26127
   2433.9   0.26125
   2436.2   0.26128
   2438.4   0.26132
   2440.7   0.26144
   2443.0   0.26143
   2445.3   0.26143
   2447.7   0.26148
   2450.0   0.26147
   2452.3   0.26144
   2454.6   0.26147
   2456.9   0.26151
   2459.3   0.26162
   2461.6   0.26159
   2463.9   0.26148
   2466.3   0.26152
   2468.6   0.26157
   2471.0   0.26158
   2473.3   0.26173
   2475.7   0.26187
   2478.1   0.26184
   2480.4   0.26176
   2482.8   0.26175
   2485.2   0.26182
   2487.6   0.26206
   2490.0   0.26209
   2492.4   0.26208
   2494.8   0.26215
   2497.2   0.26211
   2499.6   0.26202
   2502.0   0.26211
   2504.4   0.26226
   2506.8   0.26238
   2509.3   0.26234
   2511.7   0.26236
   2514.1   0.26251
   2516.6   0.26253
   2519.0   0.26243
   2521.5   0.26245
   2523.9   0.26248
   2526.4   0.26252
   2528.8   0.26257
   2531.3   0.26249
   2533.8   0.26265
   2536.3   0.26287
   2538.8   0.26280
   2541.2   0.26277
   2543.7   0.26294
   2546.2   0.26292
   2548.7   0.26297
   2551.2   0.26299
   2553.8   0.26290
   2556.3   0.26283
   2558.8   0.26280
   2561.3   0.26295
   2563.9   0.26325
   2566.4   0.26322
   2568.9   0.26301
   2571.5   0.26314
   2574.0   0.26324
   2576.6   0.26333
   2579.2   0.26326
   2581.7   0.26314
   2584.3   0.26329
   2586.9   0.26341
   2589.5   0.26321
   2592.1   0.26313
   2594.7   0.26349
   2597.3   0.26375
   2599.9   0.26322
   2602.5   0.26305
   2605.1   0.26327
   2607.7   0.26352
   2610.3   0.26327
   2613.0   0.26312
   2615.6   0.26311
   2618.3   0.26314
   2620.9   0.26305
   2623.6   0.26290
   2626.2   0.26286
   2628.9   0.26307
   2631.5   0.26298
   2634.2   0.26280
   2636.9   0.26249
   2639.6   0.26232
   2642.3   0.26222
   2645.0   0.26220
   2647.7   0.26193
   2650.4   0.26163
   2653.1   0.26142
   2655.8   0.26121
   2658.5   0.26076
   2661.3   0.26050
   2664.0   0.26012
   2666.7   0.25992
   2669.5   0.25929
   2672.2   0.25821
   2675.0   0.25657
   2677.8   0.25550
   2680.5   0.25423
   2683.3   0.25242
   2686.1   0.25017
   2688.9   0.24726
   2691.7   0.24335
   2694.5   0.23893
   2697.3   0.23313
   2700.1   0.22665
   2702.9   0.22049
   2705.7   0.21487
   2708.5   0.21016
   2711.4   0.20586
   2714.2   0.20016
   2717.1   0.19428
   2719.9   0.18845
   2722.8   0.18180
   2725.6   0.17409
   2728.5   0.16662
   2731.4   0.15942
   2734.2   0.15326
   2737.1   0.14734
   2740.0   0.14265
   2742.9   0.13786
   2745.8   0.13241
   2748.7   0.12800
   2751.7   0.12434
   2754.6   0.12135
   2757.5   0.11871
   2760.5   0.11593
   2763.4   0.11447
   2766.3   0.11331
   2769.3   0.11241
   2772.3   0.11207
   2775.2   0.11166
   2778.2   0.11125
   2781.2   0.11098
   2784.2   0.11065
   2787.2   0.11068
   2790.2   0.11068
   2793.2   0.11035
   2796.2   0.11034
   2799.2   0.11051
   2802.2   0.11055
   2805.3   0.11080
   2808.3   0.11097
   2811.4   0.11120
   2814.4   0.11170
   2817.5   0.11235
   2820.5   0.11274
   2823.6   0.11323
   2826.7   0.11379
   2829.8   0.11453
   2832.9   0.11519
   2836.0   0.11585
   2839.1   0.11647
   2842.2   0.11715
   2845.3   0.11767
   2848.4   0.11820
   2851.6   0.11873
   2854.7   0.11900
   2857.8   0.11920
   2861.0   0.11956
   2864.2   0.11987
   2867.3   0.12005
   2870.5   0.12004
   2873.7   0.12013
   2876.9   0.12023
   2880.1   0.12013
   2883.3   0.12006
   2886.5   0.12005
   2889.7   0.11982
   2892.9   0.11969
   2896.2   0.11956
   2899.4   0.11932
   2902.7   0.11935
   2905.9   0.11931
   2909.2   0.11929
   2912.4   0.11925
   2915.7   0.11935
   2919.0   0.11958
   2922.3   0.11974
   2925.6   0.11992
   2928.9   0.12011
   2932.2   0.12039
   2935.5   0.12069
   2938.9   0.12089
   2942.2   0.12129
   2945.5   0.12172
   2948.9   0.12239
   2952.2   0.12292
   2955.6   0.12347
   2959.0   0.12402
   2962.4   0.12456
   2965.8   0.12528
   2969.1   0.12620
   2972.6   0.12700
   2976.0   0.12771
   2979.4   0.12847
   2982.8   0.12925
   2986.3   0.13007
   2989.7   0.13095
   2993.1   0.13170
   2996.6   0.13261
   3000.1   0.13368
   3003.6   0.13447
   3007.0   0.13507
   3010.5   0.13590
   3014.0   0.13685
   3017.5   0.13763
   3021.1   0.13823
   3024.6   0.13903
   3028.1   0.13998
   3031.7   0.14103
   3035.2   0.14203
   3038.8   0.14272
   3042.3   0.14341
   3045.9   0.14433
   3049.5   0.14514
   3053.1   0.14576
   3056.7   0.14624
   3060.3   0.14698
   3063.9   0.14799
   3067.5   0.14877
   3071.2   0.14935
   3074.8   0.15029
   3078.5   0.15109
   3082.1   0.15166
   3085.8   0.15244
   3089.5   0.15356
   3093.2   0.15476
   3096.9   0.15573
   3100.6   0.15636
   3104.3   0.15706
   3108.0   0.15793
   3111.7   0.15885
   3115.5   0.15985
   3119.2   0.16072
   3123.0   0.16152
   3126.7   0.16274
   3130.5   0.16386
   3134.3   0.16465
   3138.1   0.16586
   3141.9   0.16710
   3145.7   0.16795
   3149.5   0.16888
   3153.4   0.17025
   3157.2   0.17131
   3161.1   0.17202
   3164.9   0.17299
   3168.8   0.17418
   3172.7   0.17524
   3176.6   0.17631
   3180.5   0.17750
   3184.4   0.17850
   3188.3   0.17958
   3192.2   0.18055
   3196.1   0.18149
   3200.1   0.18254
   3204.0   0.18361
   3208.0   0.18462
   3212.0   0.18568
   3216.0   0.18665
   3220.0   0.18752
   3224.0   0.18853
   3228.0   0.18958
   3232.0   0.19049
   3236.0   0.19117
   3240.1   0.19196
   3244.1   0.19294
   3248.2   0.19367
   3252.3   0.19450
   3256.4   0.19544
   3260.5   0.19649
   3264.6   0.19726
   3268.7   0.19801
   3272.8   0.19875
   3277.0   0.19957
   3281.1   0.20051
   3285.3   0.20148
   3289.4   0.20220
   3293.6   0.20319
   3297.8   0.20399
   3302.0   0.20489
   3306.2   0.20596
   3310.4   0.20700
   3314.7   0.20764
   3318.9   0.20830
   3323.2   0.20911
   3327.4   0.20980
   3331.7   0.21044
   3336.0   0.21124
   3340.3   0.21178
   3344.6   0.21222
   3348.9   0.21283
   3353.3   0.21343
   3357.6   0.21387
   3362.0   0.21448
   3366.3   0.21500
   3370.7   0.21512
   3375.1   0.21553
   3379.5   0.21624
   3383.9   0.21684
   3388.3   0.21730
   3392.8   0.21776
   3397.2   0.21834
   3401.7   0.21869
   3406.1   0.21898
   3410.6   0.21921
   3415.1   0.21894
   3419.6   0.21879
   3424.1   0.21967
   3428.7   0.22079
   3433.2   0.22214
   3437.8   0.22333
   3442.3   0.22433
   3446.9   0.22553
   3451.5   0.22648
   3456.1   0.22677
   3460.7   0.22755
   3465.3   0.22860
   3470.0   0.22934
   3474.6   0.22984
   3479.3   0.23025
   3484.0   0.23066
   3488.7   0.23118
   3493.4   0.23144
   3498.1   0.23181
   3502.8   0.23227
   3507.5   0.23319
   3512.3   0.23471
   3517.1   0.23657
   3521.8   0.23921
   3526.6   0.24079
   3531.4   0.24156
   3536.2   0.24228
   3541.1   0.24359
   3545.9   0.24597
   3550.8   0.24794
   3555.6   0.24879
   3560.5   0.25002
   3565.4   0.25141
   3570.3   0.25281
   3575.3   0.25328
   3580.2   0.25186
   3585.2   0.25297
   3590.1   0.25658
   3595.1   0.25987



 DSC104      .ASC                        

 SC-EAC-104                                                              
 OIL SHALE 100    relab and nicolet data merged @ 1750                   

 Source Ang: 30.00   Detect Ang: 30.00  Volt: 1.222
 Date: 22-JAN-92   Time: 09:58:38
