  3045
    300.0   0.76218
    305.0   0.76976
    310.0   0.77959
    315.0   0.78869
    320.0   0.79721
    325.0   0.80239
    330.0   0.80985
    335.0   0.81463
    340.0   0.81909
    345.0   0.82326
    350.0   0.82607
    355.0   0.82636
    360.0   0.83046
    365.0   0.83232
    370.0   0.83878
    375.0   0.83953
    380.0   0.84298
    385.0   0.84602
    390.0   0.84763
    395.0   0.84947
    400.0   0.85065
    405.0   0.85291
    410.0   0.85609
    415.0   0.85820
    420.0   0.86056
    425.0   0.86324
    430.0   0.86610
    435.0   0.86858
    440.0   0.87078
    445.0   0.87247
    450.0   0.87432
    455.0   0.87600
    460.0   0.87735
    465.0   0.87851
    470.0   0.87983
    475.0   0.88089
    480.0   0.88187
    485.0   0.88363
    490.0   0.88401
    495.0   0.88497
    500.0   0.88682
    505.0   0.88708
    510.0   0.88787
    515.0   0.88847
    520.0   0.88925
    525.0   0.88986
    530.0   0.89000
    535.0   0.89025
    540.0   0.89049
    545.0   0.89054
    550.0   0.89110
    555.0   0.89202
    560.0   0.89247
    565.0   0.89342
    570.0   0.89431
    575.0   0.89467
    580.0   0.89522
    585.0   0.89588
    590.0   0.89677
    595.0   0.89723
    600.0   0.89553
    605.0   0.89707
    610.0   0.89453
    615.0   0.89431
    620.0   0.89367
    625.0   0.89258
    630.0   0.89234
    635.0   0.89114
    640.0   0.89099
    645.0   0.89146
    650.0   0.89127
    655.0   0.89238
    660.0   0.89281
    665.0   0.89308
    670.0   0.89385
    675.0   0.89409
    680.0   0.89396
    685.0   0.89474
    690.0   0.89474
    695.0   0.89473
    700.0   0.89645
    705.0   0.89649
    710.0   0.89651
    715.0   0.89648
    720.0   0.89631
    725.0   0.89602
    730.0   0.89525
    735.0   0.89441
    740.0   0.89410
    745.0   0.89400
    750.0   0.89340
    755.0   0.89304
    760.0   0.89238
    765.0   0.89347
    770.0   0.89248
    775.0   0.89227
    780.0   0.89241
    785.0   0.89260
    790.0   0.89231
    795.0   0.89247
    800.0   0.89177
    805.0   0.89185
    810.0   0.89193
    815.0   0.89217
    820.0   0.89100
    825.0   0.89159
    830.0   0.89084
    835.0   0.89160
    840.0   0.89100
    845.0   0.89128
    850.0   0.89110
    855.0   0.89120
    860.0   0.89099
    865.0   0.89043
    870.0   0.89108
    875.0   0.89044
    880.0   0.89066
    885.0   0.89186
    890.0   0.89167
    895.0   0.89109
    900.0   0.89033
    905.0   0.89006
    910.0   0.89120
    915.0   0.89112
    920.0   0.89046
    925.0   0.89008
    930.0   0.88888
    935.0   0.89100
    940.0   0.88989
    945.0   0.89084
    950.0   0.89053
    955.0   0.89045
    960.0   0.89028
    965.0   0.89014
    970.0   0.89067
    975.0   0.89058
    980.0   0.89056
    985.0   0.89151
    990.0   0.89094
    995.0   0.89048
   1000.0   0.88952
   1005.0   0.88918
   1010.0   0.88993
   1015.0   0.88954
   1020.0   0.88898
   1025.0   0.89018
   1030.0   0.88958
   1035.0   0.88902
   1040.0   0.88855
   1045.0   0.88821
   1050.0   0.88983
   1055.0   0.88929
   1060.0   0.88921
   1065.0   0.89036
   1070.0   0.89020
   1075.0   0.88958
   1080.0   0.88995
   1085.0   0.88956
   1090.0   0.89023
   1095.0   0.88931
   1100.0   0.88940
   1105.0   0.88986
   1110.0   0.89062
   1115.0   0.88987
   1120.0   0.89029
   1125.0   0.89118
   1130.0   0.89166
   1135.0   0.88930
   1140.0   0.89079
   1145.0   0.89041
   1150.0   0.89092
   1155.0   0.89088
   1160.0   0.89144
   1165.0   0.89111
   1170.0   0.89111
   1175.0   0.89136
   1180.0   0.89206
   1185.0   0.89256
   1190.0   0.89256
   1195.0   0.89276
   1200.0   0.89122
   1205.0   0.89213
   1210.0   0.89032
   1215.0   0.89370
   1220.0   0.89193
   1225.0   0.89188
   1230.0   0.89213
   1235.0   0.89038
   1240.0   0.89015
   1245.0   0.89099
   1250.0   0.89148
   1255.0   0.89232
   1260.0   0.89170
   1265.0   0.89023
   1270.0   0.89098
   1275.0   0.89283
   1280.0   0.89211
   1285.0   0.89189
   1290.0   0.89228
   1295.0   0.89270
   1300.0   0.89247
   1305.0   0.89238
   1310.0   0.89205
   1315.0   0.89260
   1320.0   0.89216
   1325.0   0.89193
   1330.0   0.89261
   1335.0   0.89335
   1340.0   0.89442
   1345.0   0.89166
   1350.0   0.89113
   1355.0   0.89103
   1360.0   0.89143
   1365.0   0.89197
   1370.0   0.89183
   1375.0   0.89355
   1380.0   0.89407
   1385.0   0.89370
   1390.0   0.89266
   1395.0   0.89278
   1400.0   0.89126
   1405.0   0.89038
   1410.0   0.89116
   1415.0   0.89265
   1420.0   0.89339
   1425.0   0.89449
   1430.0   0.89521
   1435.0   0.89615
   1440.0   0.89687
   1445.0   0.89336
   1450.0   0.89238
   1455.0   0.89446
   1460.0   0.89310
   1465.0   0.89503
   1470.0   0.89469
   1475.0   0.89499
   1480.0   0.89576
   1485.0   0.89715
   1490.0   0.89374
   1495.0   0.89417
   1500.0   0.89504
   1505.0   0.89447
   1510.0   0.89664
   1515.0   0.89678
   1520.0   0.89507
   1525.0   0.89510
   1530.0   0.89616
   1535.0   0.89680
   1540.0   0.89683
   1545.0   0.89464
   1550.0   0.89459
   1555.0   0.89409
   1560.0   0.89501
   1565.0   0.89345
   1570.0   0.89381
   1575.0   0.89617
   1580.0   0.89461
   1585.0   0.89396
   1590.0   0.89431
   1595.0   0.89598
   1600.0   0.89665
   1605.0   0.89556
   1610.0   0.89460
   1615.0   0.89794
   1620.0   0.89596
   1625.0   0.89540
   1630.0   0.89358
   1635.0   0.89453
   1640.0   0.89279
   1645.0   0.89456
   1650.0   0.89518
   1655.0   0.89437
   1660.0   0.89504
   1665.0   0.89542
   1670.0   0.89677
   1675.0   0.89687
   1680.0   0.89602
   1685.0   0.89584
   1690.0   0.89523
   1695.0   0.89351
   1700.0   0.89378
   1705.0   0.89399
   1710.0   0.89224
   1715.0   0.89219
   1720.0   0.88970
   1725.0   0.88688
   1730.0   0.88724
   1735.0   0.88638
   1740.0   0.88659
   1745.0   0.88616
   1750.0   0.88777
   1750.8   0.88835
   1751.4   0.88813
   1752.0   0.89098
   1752.6   0.89126
   1753.2   0.89076
   1753.8   0.88725
   1754.4   0.88634
   1755.0   0.88516
   1755.5   0.88340
   1756.1   0.88277
   1756.7   0.88575
   1757.3   0.89225
   1757.9   0.89656
   1758.5   0.89407
   1759.1   0.89212
   1759.7   0.89274
   1760.3   0.89215
   1760.9   0.89123
   1761.5   0.89110
   1762.1   0.89017
   1762.7   0.89146
   1763.3   0.89231
   1763.9   0.88688
   1764.5   0.88552
   1765.1   0.89400
   1765.7   0.89310
   1766.3   0.89149
   1766.9   0.89349
   1767.5   0.89341
   1768.1   0.89255
   1768.7   0.89129
   1769.3   0.89307
   1769.9   0.89343
   1770.5   0.89291
   1771.1   0.89367
   1771.7   0.89339
   1772.4   0.89512
   1773.0   0.89602
   1773.6   0.89367
   1774.2   0.89300
   1774.8   0.89112
   1775.4   0.88756
   1776.0   0.88810
   1776.6   0.89146
   1777.2   0.89106
   1777.8   0.88818
   1778.4   0.88802
   1779.0   0.89180
   1779.7   0.89732
   1780.3   0.89583
   1780.9   0.89523
   1781.5   0.89538
   1782.1   0.89350
   1782.7   0.89158
   1783.3   0.89159
   1783.9   0.89192
   1784.6   0.89449
   1785.2   0.89786
   1785.8   0.89811
   1786.4   0.89772
   1787.0   0.89606
   1787.6   0.89496
   1788.2   0.89593
   1788.9   0.89613
   1789.5   0.89676
   1790.1   0.89481
   1790.7   0.89342
   1791.3   0.89178
   1792.0   0.88848
   1792.6   0.88974
   1793.2   0.88771
   1793.8   0.88515
   1794.4   0.89009
   1795.1   0.89878
   1795.7   0.89683
   1796.3   0.89154
   1796.9   0.89102
   1797.6   0.89029
   1798.2   0.89416
   1798.8   0.89703
   1799.4   0.89637
   1800.0   0.89487
   1800.7   0.89464
   1801.3   0.89640
   1801.9   0.89353
   1802.6   0.89216
   1803.2   0.89168
   1803.8   0.89400
   1804.4   0.89686
   1805.1   0.89646
   1805.7   0.89523
   1806.3   0.89222
   1806.9   0.88938
   1807.6   0.88907
   1808.2   0.89143
   1808.8   0.89550
   1809.5   0.89110
   1810.1   0.88695
   1810.7   0.88503
   1811.4   0.88644
   1812.0   0.88578
   1812.6   0.88565
   1813.3   0.88600
   1813.9   0.88776
   1814.5   0.88678
   1815.2   0.88237
   1815.8   0.88227
   1816.4   0.88860
   1817.1   0.89037
   1817.7   0.88924
   1818.4   0.88945
   1819.0   0.89335
   1819.6   0.88993
   1820.3   0.88671
   1820.9   0.88636
   1821.6   0.88571
   1822.2   0.88010
   1822.8   0.88019
   1823.5   0.88535
   1824.1   0.88610
   1824.8   0.88226
   1825.4   0.88125
   1826.0   0.88287
   1826.7   0.88492
   1827.3   0.88788
   1828.0   0.89094
   1828.6   0.88726
   1829.3   0.88146
   1829.9   0.87931
   1830.6   0.88126
   1831.2   0.88272
   1831.8   0.88192
   1832.5   0.88243
   1833.1   0.88458
   1833.8   0.88232
   1834.4   0.88062
   1835.1   0.88045
   1835.7   0.88173
   1836.4   0.88272
   1837.0   0.88339
   1837.7   0.88321
   1838.3   0.88312
   1839.0   0.88397
   1839.7   0.88104
   1840.3   0.87086
   1841.0   0.87166
   1841.6   0.87353
   1842.3   0.86909
   1842.9   0.87015
   1843.6   0.87684
   1844.2   0.88008
   1844.9   0.88222
   1845.5   0.88219
   1846.2   0.88033
   1846.9   0.88134
   1847.5   0.87842
   1848.2   0.87425
   1848.8   0.87476
   1849.5   0.87380
   1850.2   0.87611
   1850.8   0.88042
   1851.5   0.87960
   1852.1   0.87587
   1852.8   0.87907
   1853.5   0.88052
   1854.1   0.87441
   1854.8   0.87100
   1855.5   0.87470
   1856.1   0.87526
   1856.8   0.87435
   1857.4   0.87383
   1858.1   0.87328
   1858.8   0.87447
   1859.4   0.87188
   1860.1   0.86897
   1860.8   0.87305
   1861.4   0.87269
   1862.1   0.87327
   1862.8   0.87765
   1863.5   0.87451
   1864.1   0.86943
   1864.8   0.86866
   1865.5   0.86362
   1866.1   0.86241
   1866.8   0.86632
   1867.5   0.86512
   1868.2   0.85722
   1868.8   0.85414
   1869.5   0.85746
   1870.2   0.85792
   1870.9   0.85587
   1871.5   0.85403
   1872.2   0.85398
   1872.9   0.85618
   1873.6   0.85239
   1874.2   0.85107
   1874.9   0.85286
   1875.6   0.85487
   1876.3   0.85256
   1876.9   0.85011
   1877.6   0.85294
   1878.3   0.85706
   1879.0   0.85473
   1879.7   0.85482
   1880.4   0.85548
   1881.0   0.85397
   1881.7   0.85877
   1882.4   0.86509
   1883.1   0.86662
   1883.8   0.86811
   1884.5   0.86279
   1885.1   0.86475
   1885.8   0.87094
   1886.5   0.86728
   1887.2   0.86649
   1887.9   0.87400
   1888.6   0.87769
   1889.3   0.87806
   1890.0   0.87619
   1890.6   0.87201
   1891.3   0.87468
   1892.0   0.87686
   1892.7   0.87202
   1893.4   0.87430
   1894.1   0.87545
   1894.8   0.87498
   1895.5   0.87588
   1896.2   0.87355
   1896.9   0.87425
   1897.6   0.87585
   1898.3   0.87496
   1899.0   0.87670
   1899.6   0.87731
   1900.3   0.87523
   1901.0   0.87727
   1901.7   0.88242
   1902.4   0.88449
   1903.1   0.88070
   1903.8   0.87877
   1904.5   0.88042
   1905.2   0.87958
   1905.9   0.87771
   1906.6   0.87832
   1907.3   0.87907
   1908.0   0.87619
   1908.7   0.87436
   1909.4   0.87741
   1910.1   0.87653
   1910.8   0.87624
   1911.6   0.87494
   1912.3   0.87576
   1913.0   0.87929
   1913.7   0.87818
   1914.4   0.87547
   1915.1   0.87441
   1915.8   0.87648
   1916.5   0.87766
   1917.2   0.87670
   1917.9   0.87442
   1918.6   0.87432
   1919.3   0.87694
   1920.0   0.87532
   1920.8   0.87244
   1921.5   0.87250
   1922.2   0.87289
   1922.9   0.87429
   1923.6   0.87771
   1924.3   0.87993
   1925.0   0.87797
   1925.8   0.87680
   1926.5   0.88063
   1927.2   0.88301
   1927.9   0.88048
   1928.6   0.87461
   1929.3   0.87414
   1930.1   0.87739
   1930.8   0.87638
   1931.5   0.87516
   1932.2   0.87457
   1932.9   0.87370
   1933.7   0.87336
   1934.4   0.87265
   1935.1   0.87545
   1935.8   0.87568
   1936.5   0.87214
   1937.3   0.87201
   1938.0   0.87023
   1938.7   0.87085
   1939.4   0.87400
   1940.2   0.87297
   1940.9   0.87030
   1941.6   0.87101
   1942.4   0.87168
   1943.1   0.87183
   1943.8   0.86972
   1944.5   0.86862
   1945.3   0.86948
   1946.0   0.87319
   1946.7   0.87135
   1947.5   0.86987
   1948.2   0.86983
   1948.9   0.86925
   1949.7   0.86723
   1950.4   0.86854
   1951.1   0.86858
   1951.9   0.86639
   1952.6   0.86801
   1953.3   0.86835
   1954.1   0.86404
   1954.8   0.86448
   1955.5   0.86616
   1956.3   0.86539
   1957.0   0.86385
   1957.8   0.86389
   1958.5   0.86203
   1959.2   0.86361
   1960.0   0.86441
   1960.7   0.86283
   1961.5   0.86082
   1962.2   0.85926
   1962.9   0.86119
   1963.7   0.86230
   1964.4   0.86025
   1965.2   0.85956
   1965.9   0.85933
   1966.7   0.85888
   1967.4   0.85907
   1968.2   0.86069
   1968.9   0.85759
   1969.7   0.85400
   1970.4   0.85192
   1971.2   0.85561
   1971.9   0.85760
   1972.7   0.85487
   1973.4   0.85114
   1974.2   0.85042
   1974.9   0.85228
   1975.7   0.85386
   1976.4   0.85346
   1977.2   0.85405
   1977.9   0.85309
   1978.7   0.85382
   1979.4   0.85495
   1980.2   0.85327
   1980.9   0.85150
   1981.7   0.85217
   1982.5   0.85061
   1983.2   0.84997
   1984.0   0.84964
   1984.7   0.84798
   1985.5   0.84785
   1986.3   0.84697
   1987.0   0.84682
   1987.8   0.84329
   1988.5   0.84015
   1989.3   0.84349
   1990.1   0.84379
   1990.8   0.84099
   1991.6   0.83786
   1992.4   0.83513
   1993.1   0.83340
   1993.9   0.83188
   1994.7   0.83079
   1995.4   0.83182
   1996.2   0.83335
   1997.0   0.83344
   1997.7   0.83075
   1998.5   0.82890
   1999.3   0.83009
   2000.1   0.83155
   2000.8   0.83173
   2001.6   0.83419
   2002.4   0.83587
   2003.1   0.83436
   2003.9   0.83426
   2004.7   0.83922
   2005.5   0.84107
   2006.2   0.84299
   2007.0   0.84483
   2007.8   0.84430
   2008.6   0.84539
   2009.4   0.84790
   2010.1   0.84913
   2010.9   0.84998
   2011.7   0.84915
   2012.5   0.84795
   2013.3   0.84511
   2014.0   0.84559
   2014.8   0.84800
   2015.6   0.85380
   2016.4   0.85426
   2017.2   0.85184
   2018.0   0.84923
   2018.7   0.84880
   2019.5   0.85117
   2020.3   0.85381
   2021.1   0.85443
   2021.9   0.85339
   2022.7   0.85348
   2023.5   0.85499
   2024.3   0.85578
   2025.1   0.85493
   2025.8   0.85328
   2026.6   0.85384
   2027.4   0.85490
   2028.2   0.85761
   2029.0   0.85981
   2029.8   0.85761
   2030.6   0.85661
   2031.4   0.85794
   2032.2   0.85566
   2033.0   0.85247
   2033.8   0.85491
   2034.6   0.85569
   2035.4   0.85336
   2036.2   0.85390
   2037.0   0.85690
   2037.8   0.86131
   2038.6   0.86206
   2039.4   0.86069
   2040.2   0.85805
   2041.0   0.85474
   2041.8   0.85328
   2042.6   0.85549
   2043.4   0.85671
   2044.2   0.85529
   2045.0   0.85475
   2045.8   0.85430
   2046.6   0.85648
   2047.4   0.86023
   2048.3   0.85890
   2049.1   0.85505
   2049.9   0.85402
   2050.7   0.85403
   2051.5   0.85614
   2052.3   0.85858
   2053.1   0.85760
   2053.9   0.85760
   2054.8   0.85797
   2055.6   0.85819
   2056.4   0.85746
   2057.2   0.85857
   2058.0   0.85646
   2058.8   0.85453
   2059.6   0.85669
   2060.5   0.85829
   2061.3   0.85644
   2062.1   0.85649
   2062.9   0.85604
   2063.7   0.85474
   2064.6   0.85395
   2065.4   0.85476
   2066.2   0.85623
   2067.0   0.85866
   2067.9   0.86004
   2068.7   0.85655
   2069.5   0.85528
   2070.3   0.85539
   2071.2   0.85385
   2072.0   0.85561
   2072.8   0.85674
   2073.7   0.85609
   2074.5   0.85474
   2075.3   0.85375
   2076.1   0.85302
   2077.0   0.85319
   2077.8   0.85294
   2078.6   0.85345
   2079.5   0.85521
   2080.3   0.85547
   2081.1   0.85327
   2082.0   0.85213
   2082.8   0.85526
   2083.7   0.85675
   2084.5   0.85476
   2085.3   0.85490
   2086.2   0.85407
   2087.0   0.85179
   2087.9   0.85283
   2088.7   0.85390
   2089.5   0.85406
   2090.4   0.85446
   2091.2   0.85387
   2092.1   0.85267
   2092.9   0.85345
   2093.8   0.85568
   2094.6   0.85572
   2095.4   0.85518
   2096.3   0.85416
   2097.1   0.85475
   2098.0   0.85612
   2098.8   0.85409
   2099.7   0.85397
   2100.5   0.85562
   2101.4   0.85348
   2102.2   0.85140
   2103.1   0.85217
   2104.0   0.85239
   2104.8   0.85128
   2105.7   0.84984
   2106.5   0.84870
   2107.4   0.84840
   2108.2   0.84963
   2109.1   0.84902
   2109.9   0.84865
   2110.8   0.84941
   2111.7   0.84691
   2112.5   0.84411
   2113.4   0.84401
   2114.2   0.84542
   2115.1   0.84589
   2116.0   0.84622
   2116.8   0.84630
   2117.7   0.84524
   2118.6   0.84462
   2119.4   0.84451
   2120.3   0.84508
   2121.2   0.84473
   2122.0   0.84358
   2122.9   0.84384
   2123.8   0.84409
   2124.6   0.84410
   2125.5   0.84452
   2126.4   0.84635
   2127.3   0.84737
   2128.1   0.84413
   2129.0   0.84308
   2129.9   0.84480
   2130.8   0.84465
   2131.6   0.84382
   2132.5   0.84403
   2133.4   0.84369
   2134.3   0.84196
   2135.1   0.84103
   2136.0   0.84114
   2136.9   0.84088
   2137.8   0.83943
   2138.7   0.83778
   2139.6   0.83701
   2140.4   0.83781
   2141.3   0.83989
   2142.2   0.83746
   2143.1   0.83440
   2144.0   0.83274
   2144.9   0.82934
   2145.8   0.82882
   2146.6   0.82829
   2147.5   0.82664
   2148.4   0.82808
   2149.3   0.82704
   2150.2   0.82475
   2151.1   0.82406
   2152.0   0.82549
   2152.9   0.82502
   2153.8   0.82587
   2154.7   0.82722
   2155.6   0.82590
   2156.5   0.82393
   2157.4   0.82319
   2158.3   0.82439
   2159.2   0.82513
   2160.1   0.82358
   2161.0   0.82311
   2161.9   0.82397
   2162.8   0.82483
   2163.7   0.82590
   2164.6   0.82496
   2165.5   0.82515
   2166.4   0.82796
   2167.3   0.82840
   2168.2   0.82668
   2169.1   0.82747
   2170.0   0.82923
   2170.9   0.82841
   2171.8   0.82851
   2172.7   0.82760
   2173.6   0.83000
   2174.6   0.83443
   2175.5   0.83410
   2176.4   0.83333
   2177.3   0.83375
   2178.2   0.83527
   2179.1   0.83648
   2180.0   0.83656
   2181.0   0.83701
   2181.9   0.83645
   2182.8   0.83412
   2183.7   0.83495
   2184.6   0.83693
   2185.6   0.83641
   2186.5   0.83751
   2187.4   0.84024
   2188.3   0.84112
   2189.2   0.84035
   2190.2   0.83978
   2191.1   0.83970
   2192.0   0.83859
   2193.0   0.83882
   2193.9   0.83874
   2194.8   0.83860
   2195.7   0.83740
   2196.7   0.83717
   2197.6   0.83647
   2198.5   0.83611
   2199.5   0.83606
   2200.4   0.83495
   2201.3   0.83548
   2202.3   0.83491
   2203.2   0.83234
   2204.1   0.83365
   2205.1   0.83655
   2206.0   0.83700
   2207.0   0.83470
   2207.9   0.83344
   2208.8   0.83123
   2209.8   0.82990
   2210.7   0.82973
   2211.7   0.83137
   2212.6   0.83309
   2213.6   0.83343
   2214.5   0.83072
   2215.4   0.82890
   2216.4   0.82902
   2217.3   0.82944
   2218.3   0.83024
   2219.2   0.82724
   2220.2   0.82488
   2221.1   0.82455
   2222.1   0.82493
   2223.0   0.82551
   2224.0   0.82284
   2225.0   0.82072
   2225.9   0.82107
   2226.9   0.81834
   2227.8   0.81746
   2228.8   0.81758
   2229.7   0.81942
   2230.7   0.81978
   2231.7   0.81703
   2232.6   0.81495
   2233.6   0.81404
   2234.5   0.81401
   2235.5   0.81318
   2236.5   0.81440
   2237.4   0.81439
   2238.4   0.81134
   2239.4   0.80845
   2240.3   0.80580
   2241.3   0.80629
   2242.3   0.80707
   2243.2   0.80335
   2244.2   0.80228
   2245.2   0.80226
   2246.2   0.80064
   2247.1   0.79830
   2248.1   0.79767
   2249.1   0.79576
   2250.1   0.79357
   2251.0   0.79237
   2252.0   0.79181
   2253.0   0.79055
   2254.0   0.78695
   2255.0   0.78562
   2255.9   0.78536
   2256.9   0.78279
   2257.9   0.78198
   2258.9   0.78129
   2259.9   0.77911
   2260.9   0.77516
   2261.8   0.77345
   2262.8   0.77082
   2263.8   0.76760
   2264.8   0.76559
   2265.8   0.76477
   2266.8   0.76521
   2267.8   0.76363
   2268.8   0.75915
   2269.8   0.75615
   2270.8   0.75426
   2271.8   0.75225
   2272.7   0.74970
   2273.7   0.74885
   2274.7   0.74637
   2275.7   0.74285
   2276.7   0.74143
   2277.7   0.73944
   2278.7   0.73547
   2279.7   0.73347
   2280.7   0.72974
   2281.7   0.72591
   2282.8   0.72173
   2283.8   0.71810
   2284.8   0.71511
   2285.8   0.71237
   2286.8   0.71023
   2287.8   0.70821
   2288.8   0.70585
   2289.8   0.70186
   2290.8   0.69930
   2291.8   0.69933
   2292.9   0.69746
   2293.9   0.69318
   2294.9   0.69006
   2295.9   0.69003
   2296.9   0.69090
   2297.9   0.68866
   2299.0   0.68682
   2300.0   0.68703
   2301.0   0.68479
   2302.0   0.68288
   2303.0   0.68059
   2304.1   0.67888
   2305.1   0.67811
   2306.1   0.67715
   2307.1   0.67596
   2308.2   0.67525
   2309.2   0.67474
   2310.2   0.67356
   2311.3   0.67288
   2312.3   0.67120
   2313.3   0.66989
   2314.3   0.66921
   2315.4   0.66743
   2316.4   0.66626
   2317.4   0.66350
   2318.5   0.66152
   2319.5   0.65894
   2320.6   0.65537
   2321.6   0.65304
   2322.6   0.65152
   2323.7   0.64790
   2324.7   0.64365
   2325.8   0.64027
   2326.8   0.63707
   2327.9   0.63317
   2328.9   0.62958
   2329.9   0.62435
   2331.0   0.62017
   2332.0   0.61705
   2333.1   0.61214
   2334.1   0.60962
   2335.2   0.60724
   2336.2   0.60407
   2337.3   0.60170
   2338.4   0.59963
   2339.4   0.59848
   2340.5   0.59909
   2341.5   0.60018
   2342.6   0.60056
   2343.6   0.60025
   2344.7   0.60235
   2345.8   0.60638
   2346.8   0.60960
   2347.9   0.61390
   2349.0   0.61943
   2350.0   0.62503
   2351.1   0.63052
   2352.1   0.63731
   2353.2   0.64361
   2354.3   0.65217
   2355.4   0.66096
   2356.4   0.66854
   2357.5   0.67699
   2358.6   0.68599
   2359.6   0.69497
   2360.7   0.70402
   2361.8   0.71309
   2362.9   0.72197
   2363.9   0.73064
   2365.0   0.73923
   2366.1   0.74649
   2367.2   0.75312
   2368.3   0.76002
   2369.3   0.76679
   2370.4   0.77114
   2371.5   0.77493
   2372.6   0.77833
   2373.7   0.78291
   2374.8   0.78658
   2375.9   0.79114
   2377.0   0.79524
   2378.0   0.79788
   2379.1   0.79998
   2380.2   0.80198
   2381.3   0.80255
   2382.4   0.80424
   2383.5   0.80685
   2384.6   0.80919
   2385.7   0.80975
   2386.8   0.80990
   2387.9   0.81039
   2389.0   0.81136
   2390.1   0.81147
   2391.2   0.81210
   2392.3   0.81262
   2393.4   0.81257
   2394.5   0.81288
   2395.6   0.81245
   2396.7   0.81137
   2397.8   0.81028
   2399.0   0.81028
   2400.1   0.80996
   2401.2   0.80823
   2402.3   0.80787
   2403.4   0.80839
   2404.5   0.80833
   2405.6   0.80997
   2406.7   0.81087
   2407.9   0.80906
   2409.0   0.80987
   2410.1   0.81256
   2411.2   0.81140
   2412.3   0.80973
   2413.5   0.80989
   2414.6   0.80979
   2415.7   0.80876
   2416.8   0.80834
   2418.0   0.80788
   2419.1   0.80676
   2420.2   0.80570
   2421.4   0.80440
   2422.5   0.80303
   2423.6   0.80135
   2424.8   0.79991
   2425.9   0.79713
   2427.0   0.79401
   2428.2   0.79223
   2429.3   0.79120
   2430.4   0.78994
   2431.6   0.78778
   2432.7   0.78463
   2433.9   0.78346
   2435.0   0.77987
   2436.2   0.77509
   2437.3   0.77433
   2438.4   0.77420
   2439.6   0.77176
   2440.7   0.76812
   2441.9   0.76557
   2443.0   0.76477
   2444.2   0.76200
   2445.3   0.75896
   2446.5   0.75685
   2447.7   0.75513
   2448.8   0.75171
   2450.0   0.74741
   2451.1   0.74443
   2452.3   0.74209
   2453.4   0.73942
   2454.6   0.73705
   2455.8   0.73375
   2456.9   0.72939
   2458.1   0.72413
   2459.3   0.72146
   2460.4   0.71894
   2461.6   0.71322
   2462.8   0.70681
   2463.9   0.70205
   2465.1   0.69821
   2466.3   0.69308
   2467.5   0.68711
   2468.6   0.68247
   2469.8   0.67576
   2471.0   0.66991
   2472.2   0.66458
   2473.3   0.65854
   2474.5   0.65297
   2475.7   0.64754
   2476.9   0.64304
   2478.1   0.63871
   2479.3   0.63269
   2480.4   0.62705
   2481.6   0.62295
   2482.8   0.61911
   2484.0   0.61488
   2485.2   0.61161
   2486.4   0.60848
   2487.6   0.60512
   2488.8   0.60172
   2490.0   0.59915
   2491.2   0.59738
   2492.4   0.59557
   2493.6   0.59424
   2494.8   0.59236
   2496.0   0.58959
   2497.2   0.58790
   2498.4   0.58663
   2499.6   0.58638
   2500.8   0.58640
   2502.0   0.58441
   2503.2   0.58320
   2504.4   0.58224
   2505.6   0.58102
   2506.8   0.58021
   2508.0   0.57796
   2509.3   0.57646
   2510.5   0.57518
   2511.7   0.57337
   2512.9   0.57196
   2514.1   0.56925
   2515.3   0.56542
   2516.6   0.56199
   2517.8   0.55847
   2519.0   0.55412
   2520.2   0.54994
   2521.5   0.54553
   2522.7   0.53954
   2523.9   0.53273
   2525.2   0.52572
   2526.4   0.51846
   2527.6   0.51085
   2528.8   0.50329
   2530.1   0.49564
   2531.3   0.48719
   2532.6   0.47960
   2533.8   0.47506
   2535.0   0.47301
   2536.3   0.47023
   2537.5   0.46749
   2538.8   0.46898
   2540.0   0.47179
   2541.2   0.47572
   2542.5   0.48127
   2543.7   0.48770
   2545.0   0.49743
   2546.2   0.50947
   2547.5   0.52137
   2548.7   0.53275
   2550.0   0.54814
   2551.2   0.56408
   2552.5   0.57745
   2553.8   0.59124
   2555.0   0.60819
   2556.3   0.62608
   2557.5   0.64185
   2558.8   0.65452
   2560.1   0.66474
   2561.3   0.67253
   2562.6   0.67891
   2563.9   0.68688
   2565.1   0.69674
   2566.4   0.71066
   2567.7   0.72299
   2568.9   0.72964
   2570.2   0.73158
   2571.5   0.73527
   2572.8   0.74406
   2574.0   0.74501
   2575.3   0.74637
   2576.6   0.75089
   2577.9   0.75061
   2579.2   0.75725
   2580.5   0.76349
   2581.7   0.76054
   2583.0   0.76206
   2584.3   0.76117
   2585.6   0.76050
   2586.9   0.76890
   2588.2   0.76980
   2589.5   0.77266
   2590.8   0.78052
   2592.1   0.78747
   2593.4   0.78806
   2594.7   0.78281
   2596.0   0.77117
   2597.3   0.77935
   2598.6   0.79600
   2599.9   0.80586
   2601.2   0.80765
   2602.5   0.80545
   2603.8   0.80493
   2605.1   0.80279
   2606.4   0.79937
   2607.7   0.80319
   2609.0   0.80986
   2610.3   0.81050
   2611.7   0.81359
   2613.0   0.81853
   2614.3   0.81886
   2615.6   0.81995
   2616.9   0.81311
   2618.3   0.80534
   2619.6   0.81442
   2620.9   0.81559
   2622.2   0.81611
   2623.6   0.82478
   2624.9   0.82739
   2626.2   0.82545
   2627.5   0.81974
   2628.9   0.82157
   2630.2   0.82179
   2631.5   0.81302
   2632.9   0.81842
   2634.2   0.82428
   2635.6   0.82472
   2636.9   0.82914
   2638.2   0.83227
   2639.6   0.83244
   2640.9   0.83080
   2642.3   0.83003
   2643.6   0.83016
   2645.0   0.83130
   2646.3   0.82792
   2647.7   0.82754
   2649.0   0.83221
   2650.4   0.83309
   2651.7   0.82973
   2653.1   0.82209
   2654.4   0.82109
   2655.8   0.82455
   2657.2   0.82560
   2658.5   0.82831
   2659.9   0.82432
   2661.3   0.82052
   2662.6   0.82148
   2664.0   0.82214
   2665.4   0.81379
   2666.7   0.80239
   2668.1   0.80282
   2669.5   0.80836
   2670.9   0.80218
   2672.2   0.79682
   2673.6   0.81056
   2675.0   0.81349
   2676.4   0.80660
   2677.8   0.79538
   2679.1   0.79580
   2680.5   0.80224
   2681.9   0.80952
   2683.3   0.81177
   2684.7   0.80686
   2686.1   0.80439
   2687.5   0.80314
   2688.9   0.80376
   2690.3   0.80447
   2691.7   0.80315
   2693.1   0.79839
   2694.5   0.78794
   2695.9   0.78124
   2697.3   0.78302
   2698.7   0.78687
   2700.1   0.78636
   2701.5   0.77937
   2702.9   0.77437
   2704.3   0.77615
   2705.7   0.77341
   2707.1   0.76857
   2708.5   0.76280
   2710.0   0.75192
   2711.4   0.74135
   2712.8   0.73740
   2714.2   0.74169
   2715.6   0.74325
   2717.1   0.74005
   2718.5   0.73426
   2719.9   0.72917
   2721.3   0.71819
   2722.8   0.71678
   2724.2   0.72045
   2725.6   0.71179
   2727.1   0.71001
   2728.5   0.71550
   2729.9   0.71724
   2731.4   0.71573
   2732.8   0.71287
   2734.2   0.70890
   2735.7   0.70157
   2737.1   0.69909
   2738.6   0.69925
   2740.0   0.68896
   2741.5   0.68099
   2742.9   0.68359
   2744.4   0.69215
   2745.8   0.69671
   2747.3   0.69540
   2748.7   0.69383
   2750.2   0.69186
   2751.7   0.69003
   2753.1   0.68638
   2754.6   0.68149
   2756.1   0.66927
   2757.5   0.66670
   2759.0   0.67693
   2760.5   0.67968
   2761.9   0.67458
   2763.4   0.66304
   2764.9   0.65255
   2766.3   0.64709
   2767.8   0.63778
   2769.3   0.62489
   2770.8   0.61265
   2772.3   0.59872
   2773.7   0.58829
   2775.2   0.57933
   2776.7   0.56725
   2778.2   0.55327
   2779.7   0.54103
   2781.2   0.52709
   2782.7   0.51225
   2784.2   0.49995
   2785.7   0.49103
   2787.2   0.48043
   2788.7   0.47204
   2790.2   0.47518
   2791.7   0.48337
   2793.2   0.49309
   2794.7   0.50586
   2796.2   0.52045
   2797.7   0.53645
   2799.2   0.55250
   2800.7   0.56603
   2802.2   0.57419
   2803.8   0.57937
   2805.3   0.58803
   2806.8   0.60109
   2808.3   0.61209
   2809.8   0.62082
   2811.4   0.63057
   2812.9   0.63943
   2814.4   0.64643
   2815.9   0.65248
   2817.5   0.66026
   2819.0   0.66870
   2820.5   0.67426
   2822.1   0.67960
   2823.6   0.68639
   2825.1   0.69303
   2826.7   0.69714
   2828.2   0.70177
   2829.8   0.70849
   2831.3   0.71516
   2832.9   0.71900
   2834.4   0.72303
   2836.0   0.72836
   2837.5   0.73268
   2839.1   0.73644
   2840.6   0.74116
   2842.2   0.74602
   2843.7   0.74902
   2845.3   0.75064
   2846.9   0.75245
   2848.4   0.75486
   2850.0   0.75644
   2851.6   0.75818
   2853.1   0.76033
   2854.7   0.76117
   2856.3   0.76192
   2857.8   0.76475
   2859.4   0.76614
   2861.0   0.76630
   2862.6   0.76875
   2864.2   0.77159
   2865.7   0.77208
   2867.3   0.77074
   2868.9   0.77062
   2870.5   0.77166
   2872.1   0.77079
   2873.7   0.77009
   2875.3   0.77094
   2876.9   0.77238
   2878.5   0.77379
   2880.1   0.77485
   2881.7   0.77497
   2883.3   0.77499
   2884.9   0.77534
   2886.5   0.77520
   2888.1   0.77478
   2889.7   0.77531
   2891.3   0.77605
   2892.9   0.77631
   2894.5   0.77659
   2896.2   0.77807
   2897.8   0.77846
   2899.4   0.77675
   2901.0   0.77508
   2902.7   0.77457
   2904.3   0.77504
   2905.9   0.77563
   2907.5   0.77625
   2909.2   0.77687
   2910.8   0.77625
   2912.4   0.77615
   2914.1   0.77618
   2915.7   0.77564
   2917.4   0.77608
   2919.0   0.77642
   2920.6   0.77648
   2922.3   0.77654
   2923.9   0.77616
   2925.6   0.77627
   2927.2   0.77657
   2928.9   0.77652
   2930.5   0.77567
   2932.2   0.77479
   2933.9   0.77456
   2935.5   0.77474
   2937.2   0.77540
   2938.9   0.77578
   2940.5   0.77453
   2942.2   0.77264
   2943.9   0.77198
   2945.5   0.77175
   2947.2   0.77168
   2948.9   0.77117
   2950.6   0.77095
   2952.2   0.77112
   2953.9   0.76944
   2955.6   0.76829
   2957.3   0.76951
   2959.0   0.76995
   2960.7   0.76982
   2962.4   0.76992
   2964.1   0.77024
   2965.8   0.77107
   2967.4   0.77123
   2969.1   0.77087
   2970.9   0.76984
   2972.6   0.77000
   2974.3   0.77050
   2976.0   0.77092
   2977.7   0.77039
   2979.4   0.76969
   2981.1   0.76916
   2982.8   0.76898
   2984.5   0.76750
   2986.3   0.76599
   2988.0   0.76580
   2989.7   0.76546
   2991.4   0.76358
   2993.1   0.76277
   2994.9   0.76139
   2996.6   0.75908
   2998.3   0.75753
   3000.1   0.75716
   3001.8   0.75569
   3003.6   0.75233
   3005.3   0.75018
   3007.0   0.74960
   3008.8   0.74835
   3010.5   0.74586
   3012.3   0.74312
   3014.0   0.74060
   3015.8   0.73709
   3017.5   0.73429
   3019.3   0.73204
   3021.1   0.72979
   3022.8   0.72731
   3024.6   0.72536
   3026.3   0.72279
   3028.1   0.71924
   3029.9   0.71656
   3031.7   0.71449
   3033.4   0.71119
   3035.2   0.70814
   3037.0   0.70591
   3038.8   0.70359
   3040.5   0.70135
   3042.3   0.69799
   3044.1   0.69362
   3045.9   0.68960
   3047.7   0.68616
   3049.5   0.68299
   3051.3   0.68042
   3053.1   0.67701
   3054.9   0.67164
   3056.7   0.66665
   3058.5   0.66240
   3060.3   0.65865
   3062.1   0.65490
   3063.9   0.65074
   3065.7   0.64707
   3067.5   0.64437
   3069.4   0.64129
   3071.2   0.63819
   3073.0   0.63537
   3074.8   0.63357
   3076.6   0.63072
   3078.5   0.62648
   3080.3   0.62072
   3082.1   0.61503
   3084.0   0.60964
   3085.8   0.60300
   3087.6   0.59505
   3089.5   0.58683
   3091.3   0.57753
   3093.2   0.56882
   3095.0   0.56060
   3096.9   0.55313
   3098.7   0.54611
   3100.6   0.53915
   3102.4   0.53200
   3104.3   0.52584
   3106.1   0.52096
   3108.0   0.51573
   3109.9   0.51297
   3111.7   0.51267
   3113.6   0.51501
   3115.5   0.51918
   3117.3   0.52498
   3119.2   0.53267
   3121.1   0.54168
   3123.0   0.55033
   3124.9   0.55817
   3126.7   0.56277
   3128.6   0.56396
   3130.5   0.56479
   3132.4   0.56405
   3134.3   0.56175
   3136.2   0.55916
   3138.1   0.55577
   3140.0   0.55069
   3141.9   0.54531
   3143.8   0.54074
   3145.7   0.53622
   3147.6   0.53262
   3149.5   0.52997
   3151.4   0.52797
   3153.4   0.52653
   3155.3   0.52650
   3157.2   0.52970
   3159.1   0.53514
   3161.1   0.54322
   3163.0   0.55290
   3164.9   0.56303
   3166.9   0.57325
   3168.8   0.58241
   3170.7   0.58981
   3172.7   0.59602
   3174.6   0.60065
   3176.6   0.60413
   3178.5   0.60697
   3180.5   0.60919
   3182.4   0.61129
   3184.4   0.61156
   3186.3   0.61061
   3188.3   0.61116
   3190.2   0.61090
   3192.2   0.60937
   3194.2   0.60771
   3196.1   0.60652
   3198.1   0.60472
   3200.1   0.60278
   3202.1   0.60146
   3204.0   0.59938
   3206.0   0.59645
   3208.0   0.59436
   3210.0   0.59162
   3212.0   0.58791
   3214.0   0.58515
   3216.0   0.58279
   3218.0   0.57933
   3220.0   0.57695
   3222.0   0.57382
   3224.0   0.57038
   3226.0   0.56727
   3228.0   0.56432
   3230.0   0.56104
   3232.0   0.55710
   3234.0   0.55325
   3236.0   0.54982
   3238.1   0.54606
   3240.1   0.54231
   3242.1   0.53874
   3244.1   0.53595
   3246.2   0.53276
   3248.2   0.52871
   3250.2   0.52560
   3252.3   0.52215
   3254.3   0.51852
   3256.4   0.51434
   3258.4   0.50986
   3260.5   0.50561
   3262.5   0.50186
   3264.6   0.49774
   3266.6   0.49309
   3268.7   0.48838
   3270.7   0.48349
   3272.8   0.47779
   3274.9   0.47219
   3276.9   0.46701
   3279.0   0.46147
   3281.1   0.45549
   3283.2   0.44946
   3285.3   0.44305
   3287.3   0.43711
   3289.4   0.43071
   3291.5   0.42415
   3293.6   0.41822
   3295.7   0.41151
   3297.8   0.40420
   3299.9   0.39731
   3302.0   0.38966
   3304.1   0.38171
   3306.2   0.37373
   3308.3   0.36568
   3310.4   0.35710
   3312.5   0.34855
   3314.7   0.33950
   3316.8   0.32900
   3318.9   0.31807
   3321.0   0.30709
   3323.2   0.29449
   3325.3   0.28033
   3327.4   0.26574
   3329.6   0.24968
   3331.7   0.23084
   3333.8   0.20978
   3336.0   0.18614
   3338.1   0.15926
   3340.3   0.13016
   3342.4   0.10183
   3344.6   0.07824
   3346.8   0.06178
   3348.9   0.05222
   3351.1   0.04818
   3353.3   0.04681
   3355.4   0.04712
   3357.6   0.04884
   3359.8   0.05154
   3362.0   0.05455
   3364.1   0.05757
   3366.3   0.06063
   3368.5   0.06283
   3370.7   0.06378
   3372.9   0.06450
   3375.1   0.06518
   3377.3   0.06571
   3379.5   0.06579
   3381.7   0.06630
   3383.9   0.06700
   3386.1   0.06760
   3388.3   0.06861
   3390.5   0.07036
   3392.8   0.07097
   3395.0   0.07167
   3397.2   0.07298
   3399.4   0.07414
   3401.7   0.07469
   3403.9   0.07511
   3406.1   0.07556
   3408.4   0.07657
   3410.6   0.07771
   3412.9   0.07829
   3415.1   0.07886
   3417.4   0.07954
   3419.6   0.07992
   3421.9   0.08092
   3424.1   0.08103
   3426.4   0.08045
   3428.7   0.08052
   3430.9   0.08078
   3433.2   0.08051
   3435.5   0.08033
   3437.8   0.08020
   3440.0   0.07948
   3442.3   0.07857
   3444.6   0.07799
   3446.9   0.07734
   3449.2   0.07634
   3451.5   0.07513
   3453.8   0.07398
   3456.1   0.07300
   3458.4   0.07110
   3460.7   0.06837
   3463.0   0.06452
   3465.3   0.05920
   3467.6   0.05301
   3470.0   0.04691
   3472.3   0.04092
   3474.6   0.03664
   3477.0   0.03488
   3479.3   0.03387
   3481.6   0.03388
   3484.0   0.03451
   3486.3   0.03553
   3488.7   0.03703
   3491.0   0.03930
   3493.4   0.04173
   3495.7   0.04353
   3498.1   0.04505
   3500.4   0.04689
   3502.8   0.04891
   3505.2   0.05134
   3507.5   0.05411
   3509.9   0.05743
   3512.3   0.06021
   3514.7   0.06366
   3517.1   0.06913
   3519.4   0.07586
   3521.8   0.08577
   3524.2   0.10055
   3526.6   0.11831
   3529.0   0.13832
   3531.4   0.15990
   3533.8   0.18214
   3536.2   0.20353
   3538.7   0.22360
   3541.1   0.24239
   3543.5   0.25961
   3545.9   0.27544
   3548.3   0.28983
   3550.8   0.30208
   3553.2   0.31370
   3555.6   0.32389
   3558.1   0.33182
   3560.5   0.33771
   3563.0   0.34117
   3565.4   0.34212
   3567.9   0.34055
   3570.3   0.33761
   3572.8   0.33610
   3575.3   0.33923
   3577.7   0.34913
   3580.2   0.36374
   3582.7   0.38096
   3585.2   0.39932
   3587.6   0.41613
   3590.1   0.43115
   3592.6   0.44496
   3595.1   0.45691
   3597.6   0.46711
   3600.1   0.47656
   3602.6   0.48514
   3605.1   0.49303
   3607.6   0.50097
   3610.1   0.50744
   3612.6   0.51287
   3615.2   0.51743
   3617.7   0.52184
   3620.2   0.52582
   3622.7   0.52980
   3625.3   0.53380
   3627.8   0.53784
   3630.3   0.54115
   3632.9   0.54404
   3635.4   0.54694
   3638.0   0.54920
   3640.5   0.55175
   3643.1   0.55489
   3645.7   0.55709
   3648.2   0.55901
   3650.8   0.56134
   3653.4   0.56353
   3655.9   0.56618
   3658.5   0.56843
   3661.1   0.57043
   3663.7   0.57210
   3666.3   0.57361
   3668.9   0.57485
   3671.5   0.57620
   3674.1   0.57716
   3676.7   0.57783
   3679.3   0.57775
   3681.9   0.57805
   3684.5   0.57818
   3687.2   0.57842
   3689.8   0.57863
   3692.4   0.57834
   3695.0   0.57707
   3697.7   0.57599
   3700.3   0.57564
   3703.0   0.57455
   3705.6   0.57313
   3708.3   0.57166
   3710.9   0.56894
   3713.6   0.56625
   3716.2   0.56423
   3718.9   0.56211
   3721.6   0.55997
   3724.2   0.55728
   3726.9   0.55370
   3729.6   0.54980
   3732.3   0.54637
   3735.0   0.54122
   3737.7   0.53459
   3740.4   0.52809
   3743.1   0.52126
   3745.8   0.51468
   3748.5   0.50865
   3751.2   0.50362
   3753.9   0.49965
   3756.6   0.49595
   3759.3   0.49261
   3762.1   0.48839
   3764.8   0.48261
   3767.5   0.47589
   3770.3   0.46862
   3773.0   0.45993
   3775.8   0.44969
   3778.5   0.43888
   3781.3   0.42686
   3784.0   0.41317
   3786.8   0.39633
   3789.6   0.37572
   3792.3   0.35075
   3795.1   0.32129
   3797.9   0.29000
   3800.7   0.25912
   3803.5   0.23086
   3806.3   0.20667
   3809.1   0.18615
   3811.9   0.16806
   3814.7   0.15285
   3817.5   0.14038
   3820.3   0.12881
   3823.1   0.11810
   3825.9   0.10873
   3828.8   0.09998
   3831.6   0.09220
   3834.4   0.08513
   3837.3   0.07832
   3840.1   0.07250
   3842.9   0.06897
   3845.8   0.06652
   3848.7   0.06459
   3851.5   0.06320
   3854.4   0.06245
   3857.2   0.06157
   3860.1   0.06107
   3863.0   0.06041
   3865.9   0.05972
   3868.8   0.05908
   3871.6   0.05825
   3874.5   0.05785
   3877.4   0.05827
   3880.3   0.05834
   3883.2   0.05773
   3886.2   0.05680
   3889.1   0.05596
   3892.0   0.05562
   3894.9   0.05502
   3897.8   0.05443
   3900.8   0.05449
   3903.7   0.05425
   3906.7   0.05352
   3909.6   0.05269
   3912.6   0.05193
   3915.5   0.05070
   3918.5   0.04986
   3921.4   0.04899
   3924.4   0.04795
   3927.4   0.04659
   3930.4   0.04512
   3933.3   0.04434
   3936.3   0.04392
   3939.3   0.04268
   3942.3   0.03939
   3945.3   0.03533
   3948.3   0.03154
   3951.3   0.02843
   3954.3   0.02599
   3957.4   0.02425
   3960.4   0.02343
   3963.4   0.02276
   3966.4   0.02223
   3969.5   0.02186
   3972.5   0.02148
   3975.6   0.02118
   3978.6   0.02085
   3981.7   0.02064
   3984.7   0.02085
   3987.8   0.02141
   3990.9   0.02224
   3993.9   0.02281
   3997.0   0.02396
   4000.1   0.02574
   4003.2   0.02810
   4006.3   0.03126
   4009.4   0.03497
   4012.5   0.03983
   4015.6   0.04596
   4018.7   0.05239
   4021.8   0.05872
   4024.9   0.06551
   4028.1   0.07322
   4031.2   0.08178
   4034.3   0.09113
   4037.5   0.10203
   4040.6   0.11569
   4043.8   0.13215
   4046.9   0.15092
   4050.1   0.17031
   4053.3   0.18831
   4056.4   0.20455
   4059.6   0.21873
   4062.8   0.23077
   4066.0   0.24152
   4069.2   0.25180
   4072.4   0.26238
   4075.6   0.27360
   4078.8   0.28456
   4082.0   0.29494
   4085.2   0.30508
   4088.4   0.31458
   4091.7   0.32334
   4094.9   0.33186
   4098.1   0.34056
   4101.4   0.34878
   4104.6   0.35705
   4107.9   0.36489
   4111.1   0.37324
   4114.4   0.38193
   4117.7   0.39031
   4120.9   0.39870
   4124.2   0.40716
   4127.5   0.41524
   4130.8   0.42407
   4134.1   0.43298
   4137.4   0.44136
   4140.7   0.44906
   4144.0   0.45694
   4147.3   0.46448
   4150.6   0.47199
   4154.0   0.47858
   4157.3   0.48450
   4160.6   0.49045
   4164.0   0.49610
   4167.3   0.50070
   4170.7   0.50521
   4174.0   0.51030
   4177.4   0.51480
   4180.8   0.51870
   4184.1   0.52287
   4187.5   0.52709
   4190.9   0.53120
   4194.3   0.53479
   4197.7   0.53835
   4201.1   0.54098
   4204.5   0.54165
   4207.9   0.54141
   4211.3   0.54057
   4214.7   0.53886
   4218.2   0.53657
   4221.6   0.53364
   4225.0   0.53223
   4228.5   0.53187
   4231.9   0.53237
   4235.4   0.53321
   4238.9   0.53469
   4242.3   0.53718
   4245.8   0.54229
   4249.3   0.54865
   4252.8   0.55568
   4256.3   0.56472
   4259.8   0.57199
   4263.3   0.57119
   4266.8   0.56771
   4270.3   0.56668
   4273.8   0.56786
   4277.3   0.57030
   4280.9   0.57239
   4284.4   0.57344
   4288.0   0.57421
   4291.5   0.57425
   4295.1   0.57508
   4298.6   0.57602
   4302.2   0.57568
   4305.8   0.57327
   4309.3   0.57131
   4312.9   0.57038
   4316.5   0.57196
   4320.1   0.57501
   4323.7   0.57822
   4327.3   0.58041
   4330.9   0.58184
   4334.6   0.58352
   4338.2   0.58565
   4341.8   0.58822
   4345.5   0.59076
   4349.1   0.59307
   4352.8   0.59698
   4356.4   0.60255
   4360.1   0.61026
   4363.8   0.61889
   4367.4   0.62661
   4371.1   0.63249
   4374.8   0.63680
   4378.5   0.63959
   4382.2   0.64085
   4385.9   0.64090
   4389.6   0.64029
   4393.3   0.63865
   4397.1   0.63579
   4400.8   0.63298
   4404.5   0.63100
   4408.3   0.62952
   4412.0   0.62819
   4415.8   0.62552
   4419.6   0.62241
   4423.3   0.61905
   4427.1   0.61574
   4430.9   0.61224
   4434.7   0.60787
   4438.5   0.60199
   4442.3   0.59533
   4446.1   0.58808
   4449.9   0.58158
   4453.7   0.57576
   4457.6   0.57072
   4461.4   0.56561
   4465.2   0.56025
   4469.1   0.55436
   4472.9   0.54777
   4476.8   0.54066
   4480.7   0.53305
   4484.5   0.52470
   4488.4   0.51724
   4492.3   0.51016
   4496.2   0.50327
   4500.1   0.49774
   4504.0   0.49348
   4507.9   0.49045
   4511.9   0.48832
   4515.8   0.48655
   4519.7   0.48585
   4523.7   0.48506
   4527.6   0.48396
   4531.6   0.48353
   4535.6   0.48312
   4539.5   0.48310
   4543.5   0.48363
   4547.5   0.48367
   4551.5   0.48346
   4555.5   0.48268
   4559.5   0.48251
   4563.5   0.48275
   4567.5   0.48222
   4571.5   0.48137
   4575.6   0.48120
   4579.6   0.48068
   4583.7   0.47995
   4587.7   0.47896
   4591.8   0.47753
   4595.9   0.47506
   4599.9   0.47139
   4604.0   0.46707
   4608.1   0.46407
   4612.2   0.46014
   4616.3   0.45356
   4620.4   0.44302
   4624.6   0.42901
   4628.7   0.41367
   4632.8   0.39824
   4637.0   0.37996
   4641.1   0.35800
   4645.3   0.33506
   4649.4   0.31350
   4653.6   0.29405
   4657.8   0.27800
   4662.0   0.26623
   4666.2   0.25959
   4670.4   0.25641
   4674.6   0.25527
   4678.8   0.25590
   4683.0   0.25896
   4687.3   0.26470
   4691.5   0.27308
   4695.8   0.28434
   4700.0   0.29903
   4704.3   0.31859
   4708.6   0.34335
   4712.8   0.37201
   4717.1   0.40386
   4721.4   0.43748
   4725.7   0.47058
   4730.0   0.49884
   4734.4   0.52084
   4738.7   0.53745
   4743.0   0.55056
   4747.4   0.56223
   4751.7   0.57290
   4756.1   0.58126
   4760.5   0.58946
   4764.8   0.59785
   4769.2   0.60544
   4773.6   0.61197
   4778.0   0.61717
   4782.4   0.62084
   4786.8   0.62362
   4791.3   0.62527
   4795.7   0.62678
   4800.1   0.62766
   4804.6   0.62796
   4809.0   0.62746
   4813.5   0.62778
   4818.0   0.62761
   4822.5   0.62739
   4826.9   0.62779
   4831.4   0.62757
   4835.9   0.62651
   4840.5   0.62583
   4845.0   0.62480
   4849.5   0.62379
   4854.1   0.62285
   4858.6   0.62231
   4863.2   0.62139
   4867.7   0.62079
   4872.3   0.61994
   4876.9   0.61929
   4881.5   0.61868
   4886.1   0.61814
   4890.7   0.61726
   4895.3   0.61674
   4899.9   0.61517
   4904.6   0.61431
   4909.2   0.61377
   4913.9   0.61311
   4918.5   0.61189
   4923.2   0.61132
   4927.9   0.61090
   4932.6   0.61041
   4937.3   0.60992
   4942.0   0.60967
   4946.7   0.60931
   4951.4   0.60940
   4956.2   0.60936
   4960.9   0.60965
   4965.6   0.61033
   4970.4   0.61149
   4975.2   0.61299
   4980.0   0.61426
   4984.7   0.61508
   4989.5   0.61608
   4994.3   0.61675
   4999.2   0.61793
   5004.0   0.61862
   5008.8   0.61915
   5013.7   0.61918
   5018.5   0.61931
   5023.4   0.61874
   5028.3   0.61942
   5033.1   0.62018
   5038.0   0.62061
   5042.9   0.62085
   5047.8   0.62077
   5052.8   0.61972
   5057.7   0.61844
   5062.6   0.61730
   5067.6   0.61592
   5072.5   0.61300
   5077.5   0.60683
   5082.5   0.59397
   5087.5   0.57221
   5092.5   0.53431
   5097.5   0.47540
   5102.5   0.42603
   5107.5   0.43594
   5112.6   0.48508
   5117.6   0.53345
   5122.7   0.56213
   5127.7   0.57343
   5132.8   0.57719
   5137.9   0.57789
   5143.0   0.57672
   5148.1   0.57354
   5153.2   0.57030
   5158.3   0.56958
   5163.5   0.56767
   5168.6   0.56413
   5173.8   0.56023
   5179.0   0.55816
   5184.1   0.55634
   5189.3   0.55358
   5194.5   0.55009
   5199.7   0.54553
   5205.0   0.54023
   5210.2   0.53656
   5215.4   0.53080
   5220.7   0.52608
   5225.9   0.52378
   5231.2   0.52084
   5236.5   0.51715
   5241.8   0.51269
   5247.1   0.50862
   5252.4   0.50422
   5257.7   0.49912
   5263.1   0.49373
   5268.4   0.48796
   5273.8   0.48230
   5279.2   0.47666
   5284.5   0.47168
   5289.9   0.46637
   5295.3   0.45970
   5300.8   0.45401
   5306.2   0.44838
   5311.6   0.44088
   5317.1   0.43350
   5322.5   0.42531
   5328.0   0.41740
   5333.5   0.40914
   5339.0   0.40045
   5344.5   0.39170
   5350.0   0.38207
   5355.5   0.37197
   5361.0   0.36529
   5366.6   0.35892
   5372.2   0.35134
   5377.7   0.34280
   5383.3   0.33371
   5388.9   0.32424
   5394.5   0.31507
   5400.1   0.30567
   5405.8   0.29632
   5411.4   0.28626
   5417.1   0.27518
   5422.7   0.26354
   5428.4   0.25131
   5434.1   0.24178
   5439.8   0.23216
   5445.5   0.22094
   5451.2   0.21009
   5457.0   0.19965
   5462.7   0.18880
   5468.5   0.17708
   5474.3   0.16702
   5480.1   0.15780
   5485.9   0.14717
   5491.7   0.13760
   5497.5   0.12744
   5503.3   0.11662
   5509.2   0.10502
   5515.0   0.09326
   5520.9   0.08097
   5526.8   0.06758
   5532.7   0.05348
   5538.6   0.03984
   5544.5   0.02687
   5550.5   0.01753
   5556.4   0.01208
   5562.4   0.01100
   5568.4   0.01084
   5574.3   0.01138
   5580.3   0.01169
   5586.4   0.01339
   5592.4   0.01602
   5598.4   0.02038
   5604.5   0.02656
   5610.5   0.03557
   5616.6   0.04448
   5622.7   0.05234
   5628.8   0.05799
   5634.9   0.06200
   5641.1   0.06422
   5647.2   0.06525
   5653.4   0.06449
   5659.5   0.06231
   5665.7   0.05884
   5671.9   0.05605
   5678.1   0.05289
   5684.4   0.04922
   5690.6   0.04651
   5696.9   0.04463
   5703.1   0.04295
   5709.4   0.04116
   5715.7   0.03899
   5722.0   0.03818
   5728.3   0.03719
   5734.7   0.03582
   5741.0   0.03421
   5747.4   0.03341
   5753.8   0.03242
   5760.1   0.03180
   5766.6   0.03089
   5773.0   0.03071
   5779.4   0.03117
   5785.9   0.03180
   5792.3   0.03212
   5798.8   0.03287
   5805.3   0.03304
   5811.8   0.03312
   5818.3   0.03292
   5824.9   0.03282
   5831.4   0.03282
   5838.0   0.03335
   5844.6   0.03379
   5851.2   0.03437
   5857.8   0.03466
   5864.4   0.03511
   5871.0   0.03499
   5877.7   0.03512
   5884.4   0.03413
   5891.1   0.03409
   5897.8   0.03382
   5904.5   0.03306
   5911.2   0.03269
   5918.0   0.03196
   5924.7   0.03093
   5931.5   0.03002
   5938.3   0.02820
   5945.1   0.02670
   5951.9   0.02628
   5958.8   0.02566
   5965.6   0.02498
   5972.5   0.02435
   5979.4   0.02321
   5986.3   0.02269
   5993.2   0.02202
   6000.2   0.02169
   6007.1   0.02100
   6014.1   0.01979
   6021.1   0.01803
   6028.1   0.01717
   6035.1   0.01649
   6042.1   0.01584
   6049.2   0.01486
   6056.2   0.01386
   6063.3   0.01323
   6070.4   0.01328
   6077.5   0.01249
   6084.7   0.01212
   6091.8   0.01147
   6099.0   0.01097
   6106.2   0.01066
   6113.4   0.01074
   6120.6   0.01011
   6127.8   0.01014
   6135.1   0.01009
   6142.3   0.00992
   6149.6   0.00937
   6156.9   0.00964
   6164.3   0.00958
   6171.6   0.00991
   6178.9   0.00981
   6186.3   0.01012
   6193.7   0.01001
   6201.1   0.01085
   6208.5   0.01157
   6216.0   0.01246
   6223.5   0.01315
   6230.9   0.01449
   6238.4   0.01538
   6245.9   0.01678
   6253.5   0.01805
   6261.0   0.02033
   6268.6   0.02241
   6276.2   0.02515
   6283.8   0.02733
   6291.4   0.02983
   6299.1   0.03172
   6306.7   0.03524
   6314.4   0.03920
   6322.1   0.04445
   6329.8   0.05005
   6337.6   0.05719
   6345.3   0.06479
   6353.1   0.07631
   6360.9   0.08771
   6368.7   0.09792
   6376.5   0.10846
   6384.4   0.12285
   6392.3   0.13614
   6400.2   0.15193
   6408.1   0.16604
   6416.0   0.17873
   6424.0   0.20070
   6431.9   0.23029
   6439.9   0.25847
   6447.9   0.29295
   6456.0   0.32392
   6464.0   0.35392
   6472.1   0.37272
   6480.2   0.38280
   6488.3   0.38795
   6496.4   0.38847
   6504.6   0.39243
   6512.7   0.40505
   6520.9   0.40855
   6529.1   0.40696
   6537.4   0.41115
   6545.6   0.41226
   6553.9   0.40794
   6562.2   0.40395
   6570.5   0.39992
   6578.9   0.39301
   6587.2   0.39127
   6595.6   0.38956
   6604.0   0.38522
   6612.4   0.38351
   6620.9   0.37792
   6629.3   0.37163
   6637.8   0.36103
   6646.3   0.35195
   6654.9   0.35569
   6663.4   0.35763
   6672.0   0.35246
   6680.6   0.34505
   6689.2   0.33803
   6697.8   0.33510
   6706.5   0.33077
   6715.2   0.32110
   6723.9   0.31274
   6732.6   0.30776
   6741.4   0.30336
   6750.2   0.29876
   6759.0   0.29308
   6767.8   0.28915
   6776.6   0.28422
   6785.5   0.27941
   6794.4   0.27437
   6803.3   0.27219
   6812.3   0.27363
   6821.2   0.27239
   6830.2   0.26779
   6839.2   0.26427
   6848.3   0.26319
   6857.3   0.25900
   6866.4   0.25140
   6875.5   0.24803
   6884.6   0.25110
   6893.8   0.25069
   6903.0   0.24777
   6912.2   0.24386
   6921.4   0.24106
   6930.7   0.23944
   6939.9   0.23724
   6949.2   0.23556
   6958.6   0.23351
   6967.9   0.22960
   6977.3   0.23024
   6986.7   0.23190
   6996.1   0.23070
   7005.6   0.22928
   7015.1   0.22859
   7024.6   0.22707
   7034.1   0.22537
   7043.7   0.22365
   7053.2   0.21924
   7062.9   0.21839
   7072.5   0.21937
   7082.2   0.21683
   7091.8   0.21216
   7101.6   0.20602
   7111.3   0.19623
   7121.1   0.18258
   7130.9   0.16821
   7140.7   0.15846
   7150.5   0.15285
   7160.4   0.14854
   7170.3   0.14392
   7180.2   0.13739
   7190.2   0.13116
   7200.2   0.12582
   7210.2   0.12040
   7220.2   0.11485
   7230.3   0.11125
   7240.4   0.10794
   7250.5   0.10475
   7260.7   0.10161
   7270.9   0.09859
   7281.1   0.09583
   7291.3   0.09380
   7301.6   0.09195
   7311.9   0.09027
   7322.2   0.08877
   7332.6   0.08737
   7343.0   0.08544
   7353.4   0.08404
   7363.8   0.08325
   7374.3   0.08200
   7384.8   0.08042
   7395.3   0.07939
   7405.9   0.07838
   7416.5   0.07729
   7427.1   0.07615
   7437.8   0.07544
   7448.5   0.07482
   7459.2   0.07408
   7469.9   0.07307
   7480.7   0.07274
   7491.5   0.07276
   7502.4   0.07224
   7513.2   0.07140
   7524.1   0.07071
   7535.1   0.06988
   7546.0   0.06943
   7557.0   0.06912
   7568.1   0.06893
   7579.1   0.06837
   7590.2   0.06825
   7601.4   0.06815
   7612.5   0.06782
   7623.7   0.06723
   7635.0   0.06691
   7646.2   0.06741
   7657.5   0.06862
   7668.8   0.06945
   7680.2   0.07025
   7691.6   0.07089
   7703.0   0.07180
   7714.5   0.07277
   7726.0   0.07353
   7737.5   0.07410
   7749.1   0.07426
   7760.7   0.07453
   7772.3   0.07477
   7784.0   0.07456
   7795.7   0.07398
   7807.4   0.07346
   7819.2   0.07414
   7831.0   0.07587
   7842.9   0.07740
   7854.7   0.07836
   7866.7   0.07827
   7878.6   0.07741
   7890.6   0.07701
   7902.6   0.07700
   7914.7   0.07665
   7926.8   0.07669
   7939.0   0.07787
   7951.1   0.07918
   7963.3   0.08047
   7975.6   0.08146
   7987.9   0.08206
   8000.2   0.08228
   8012.6   0.08213
   8025.0   0.08166
   8037.4   0.08097
   8049.9   0.08001
   8062.4   0.07902
   8075.0   0.07887
   8087.6   0.07991
   8100.2   0.08116
   8112.9   0.08226
   8125.6   0.08349
   8138.4   0.08451
   8151.2   0.08520
   8164.0   0.08594
   8176.9   0.08672
   8189.8   0.08778
   8202.7   0.08868
   8215.7   0.08908
   8228.8   0.08869
   8241.9   0.08814
   8255.0   0.08780
   8268.2   0.08754
   8281.4   0.08682
   8294.6   0.08556
   8307.9   0.08459
   8321.2   0.08388
   8334.6   0.08284
   8348.0   0.08182
   8361.5   0.08061
   8375.0   0.07882
   8388.6   0.07682
   8402.2   0.07483
   8415.8   0.07300
   8429.5   0.07156
   8443.2   0.07037
   8457.0   0.06954
   8470.8   0.06883
   8484.7   0.06787
   8498.6   0.06734
   8512.5   0.06776
   8526.5   0.06898
   8540.6   0.07052
   8554.7   0.07132
   8568.8   0.07168
   8583.0   0.07128
   8597.2   0.07100
   8611.5   0.07190
   8625.8   0.07497
   8640.2   0.08031
   8654.6   0.08669
   8669.1   0.09373
   8683.6   0.10098
   8698.2   0.10801
   8712.8   0.11498
   8727.5   0.12175
   8742.2   0.12892
   8757.0   0.13686
   8771.8   0.14413
   8786.7   0.15105
   8801.6   0.15673
   8816.6   0.16135
   8831.6   0.16563
   8846.6   0.16922
   8861.8   0.17174
   8876.9   0.17407
   8892.2   0.17618
   8907.4   0.17843
   8922.8   0.18103
   8938.2   0.18455
   8953.6   0.18802
   8969.1   0.19069
   8984.6   0.19307
   9000.2   0.19600
   9015.9   0.19824
   9031.6   0.20028
   9047.4   0.20162
   9063.2   0.20263
   9079.0   0.20350
   9095.0   0.20489
   9111.0   0.20623
   9127.0   0.20695
   9143.1   0.20687
   9159.2   0.20762
   9175.5   0.20715
   9191.7   0.20162
   9208.1   0.18922
   9224.4   0.17773
   9240.9   0.17116
   9257.4   0.18126
   9273.9   0.20009
   9290.6   0.20724
   9307.2   0.20651
   9324.0   0.20281
   9340.8   0.19824
   9357.6   0.19390
   9374.6   0.19062
   9391.5   0.19165
   9408.6   0.20075
   9425.7   0.20990
   9442.9   0.21538
   9460.1   0.21887
   9477.4   0.22070
   9494.8   0.22163
   9512.2   0.22179
   9529.7   0.22082
   9547.2   0.21832
   9564.8   0.21385
   9582.5   0.20927
   9600.3   0.20613
   9618.1   0.20460
   9635.9   0.20443
   9653.9   0.20311
   9671.9   0.19839
   9690.0   0.19001
   9708.1   0.17969
   9726.3   0.16887
   9744.6   0.15960
   9763.0   0.15422
   9781.4   0.15200
   9799.9   0.15064
   9818.4   0.14840
   9837.1   0.14527
   9855.8   0.14241
   9874.5   0.14002
   9893.4   0.13932
   9912.3   0.14165
   9931.3   0.14550
   9950.4   0.14956
   9969.5   0.15283
   9988.7   0.15464
  10008.0   0.15577
  10027.3   0.15682
  10046.8   0.15904
  10066.3   0.16183
  10085.9   0.16550
  10105.5   0.17173
  10125.3   0.17960
  10145.1   0.18602
  10165.0   0.18864
  10184.9   0.18883
  10205.0   0.18689
  10225.1   0.18465
  10245.3   0.18812
  10265.6   0.19852
  10286.0   0.20931
  10306.4   0.21711
  10327.0   0.22253
  10347.6   0.22527
  10368.3   0.22542
  10389.0   0.22431
  10409.9   0.22197
  10430.9   0.21868
  10451.9   0.21408
  10473.0   0.20731
  10494.2   0.19981
  10515.5   0.19244
  10536.9   0.18672
  10558.3   0.18346
  10579.9   0.18292
  10601.5   0.18416
  10623.2   0.18535
  10645.0   0.18472
  10666.9   0.18294
  10688.9   0.18166
  10711.0   0.18261
  10733.2   0.18688
  10755.5   0.19448
  10777.8   0.20406
  10800.3   0.21485
  10822.8   0.22632
  10845.5   0.23839
  10868.2   0.24932
  10891.0   0.25721
  10914.0   0.26199
  10937.0   0.26485
  10960.1   0.26459
  10983.3   0.26139
  11006.7   0.25606
  11030.1   0.24946
  11053.6   0.24301
  11077.2   0.23789
  11100.9   0.23246
  11124.8   0.22611
  11148.7   0.21838
  11172.7   0.20982
  11196.8   0.20216
  11221.1   0.19953
  11245.4   0.20972
  11269.9   0.23348
  11294.4   0.24346
  11319.1   0.22389
  11343.8   0.19816
  11368.7   0.18482
  11393.7   0.17205
  11418.8   0.14532
  11444.0   0.11586
  11469.3   0.09879
  11494.8   0.09046
  11520.3   0.08464
  11546.0   0.08333
  11571.7   0.08517
  11597.6   0.08962
  11623.6   0.09684
  11649.7   0.10546
  11676.0   0.11578
  11702.3   0.12726
  11728.8   0.13744
  11755.4   0.13756
  11782.1   0.11226
  11809.0   0.08202
  11835.9   0.10001
  11863.0   0.15240
  11890.2   0.19702
  11917.6   0.22623
  11945.0   0.24517
  11972.6   0.25942
  12000.3   0.27050
  12028.2   0.27951
  12056.1   0.28621
  12084.2   0.29038
  12112.5   0.29388
  12140.8   0.29641
  12169.3   0.29615
  12198.0   0.29452
  12226.7   0.29114
  12255.6   0.28616
  12284.7   0.27956
  12313.9   0.27471
  12343.2   0.27383
  12372.6   0.27639
  12402.2   0.27863
  12432.0   0.27915
  12461.9   0.27677
  12491.9   0.27144
  12522.1   0.26615
  12552.4   0.26311
  12582.9   0.26153
  12613.5   0.25997
  12644.2   0.25629
  12675.1   0.25047
  12706.2   0.24316
  12737.4   0.23645
  12768.8   0.23175
  12800.3   0.23028
  12832.0   0.23139
  12863.9   0.23283
  12895.9   0.23340
  12928.0   0.23487
  12960.3   0.23876
  12992.8   0.24559
  13025.5   0.25594
  13058.3   0.26966
  13091.3   0.28556
  13124.4   0.30267
  13157.7   0.31881
  13191.2   0.33382
  13224.8   0.34762
  13258.7   0.35852
  13292.7   0.36729
  13326.8   0.37519
  13361.2   0.38137
  13395.7   0.38476
  13430.4   0.38407
  13465.3   0.38035
  13500.4   0.37371
  13535.6   0.36241
  13571.0   0.34748
  13606.7   0.32923
  13642.5   0.30849
  13678.5   0.28578
  13714.6   0.26069
  13751.0   0.23197
  13787.6   0.19884
  13824.4   0.16128
  13861.3   0.12131
  13898.5   0.08237
  13935.8   0.04811
  13973.4   0.02526
  14011.2   0.01878
  14049.1   0.03069
  14087.3   0.04134
  14125.7   0.04220
  14164.3   0.04796
  14203.1   0.06453
  14242.1   0.09128
  14281.4   0.12262
  14320.8   0.15150
  14360.5   0.18173
  14400.4   0.20785
  14440.5   0.22544
  14480.8   0.24982
  14521.4   0.27632
  14562.2   0.29334
  14603.2   0.30460
  14644.4   0.31374
  14685.9   0.32009
  14727.7   0.32363
  14769.6   0.32596
  14811.8   0.32722
  14854.3   0.32746
  14896.9   0.32593
  14939.9   0.32157
  14983.0   0.31128
  15026.5   0.30383
  15070.2   0.30608
  15114.1   0.30164
  15158.3   0.29504
  15202.7   0.28878
  15247.5   0.28237
  15292.4   0.27573
  15337.7   0.27013
  15383.2   0.26412
  15429.0   0.25836
  15475.0   0.25214
  15521.4   0.24614
  15568.0   0.24051
  15614.9   0.23467
  15662.0   0.22811
  15709.5   0.22174
  15757.2   0.21521
  15805.3   0.20971
  15853.6   0.20503
  15902.3   0.20123
  15951.2   0.19654
  16000.4   0.19206
  16050.0   0.18787
  16099.8   0.18319
  16150.0   0.17823
  16200.4   0.17404
  16251.2   0.17048
  16302.3   0.16735
  16353.7   0.16308
  16405.5   0.15708
  16457.6   0.14953
  16510.0   0.14320
  16562.7   0.13715
  16615.8   0.13013
  16669.2   0.12217
  16723.0   0.11626
  16777.1   0.11133
  16831.6   0.10698
  16886.4   0.10299
  16941.6   0.10044
  16997.2   0.09849
  17053.1   0.09676
  17109.4   0.09481
  17166.0   0.09354
  17223.0   0.09368
  17280.4   0.09541
  17338.2   0.09790
  17396.4   0.09980
  17455.0   0.10135
  17514.0   0.10356
  17573.3   0.10425
  17633.1   0.10530
  17693.3   0.10580
  17753.9   0.10518
  17814.9   0.10385
  17876.3   0.10213
  17938.2   0.09967
  18000.5   0.09766
  18063.2   0.09536
  18126.3   0.09147
  18189.9   0.08626
  18254.0   0.08225
  18318.5   0.07935
  18383.5   0.07689
  18448.9   0.07363
  18514.8   0.07014
  18581.1   0.06624
  18648.0   0.06383
  18715.3   0.06275
  18783.1   0.05991
  18851.4   0.05694
  18920.2   0.05446
  18989.5   0.05192
  19059.3   0.05007
  19129.6   0.04722
  19200.5   0.04448
  19271.9   0.04325
  19343.8   0.04379
  19416.2   0.04116
  19489.2   0.03799
  19562.8   0.03472
  19636.9   0.03434
  19711.5   0.03288
  19786.8   0.03075
  19862.6   0.02965
  19939.0   0.02772
  20016.0   0.02668
  20093.5   0.02421
  20171.7   0.02234
  20250.5   0.02324
  20329.9   0.02233
  20410.0   0.02060
  20490.7   0.01900
  20572.0   0.01695
  20653.9   0.01622
  20736.5   0.01634
  20819.8   0.01621
  20903.8   0.01651
  20988.4   0.01623
  21073.7   0.01456
  21159.7   0.01268
  21246.5   0.01054
  21333.9   0.01104
  21422.0   0.01353
  21510.9   0.01433
  21600.6   0.01247
  21690.9   0.00828
  21782.1   0.00880
  21874.0   0.01107
  21966.7   0.00790
  22060.1   0.00986
  22154.4   0.00980
  22249.5   0.00439
  22345.4   0.00159
  22442.1   0.00121
  22539.7   0.00147
  22638.1   0.00366
  22737.4   0.00576
  22837.6   0.00904
  22938.7   0.01082
  23040.6   0.01279
  23143.5   0.01225
  23247.2   0.01171
  23352.0   0.00958
  23457.6   0.02198
  23564.3   0.02314
  23671.8   0.01093
  23780.4   0.01444
  23890.0   0.02133
  24000.6   0.00831
  24112.3   0.00130
  24224.9   0.00299
  24338.7   0.00354
  24453.5   0.00443
  24569.4   0.01297
  24686.4   0.02560
  24804.5   0.03120
  24923.7   0.01967



 LOFF550     .ASC                        

 JB-JLB-550                                                              
 Calcite 63-90 um (off-axis)                                             

 Source Ang: 30.00   Detect Ang: 30.00  Volt: 1.222
 Date:  6-OCT-02   Time: 06:39:05
