  3204
    300.0   0.75204
    305.0   0.75344
    310.0   0.75750
    315.0   0.76099
    320.0   0.76576
    325.0   0.76925
    330.0   0.77320
    335.0   0.77741
    340.0   0.78042
    345.0   0.78309
    350.0   0.78517
    355.0   0.78863
    360.0   0.79125
    365.0   0.79281
    370.0   0.79644
    375.0   0.79831
    380.0   0.80086
    385.0   0.80354
    390.0   0.80512
    395.0   0.80759
    400.0   0.80844
    405.0   0.80948
    410.0   0.81155
    415.0   0.81295
    420.0   0.81434
    425.0   0.81619
    430.0   0.81892
    435.0   0.82045
    440.0   0.82217
    445.0   0.82390
    450.0   0.82557
    455.0   0.82673
    460.0   0.82828
    465.0   0.82971
    470.0   0.83099
    475.0   0.83268
    480.0   0.83384
    485.0   0.83590
    490.0   0.83719
    495.0   0.83876
    500.0   0.84139
    505.0   0.84265
    510.0   0.84423
    515.0   0.84546
    520.0   0.84671
    525.0   0.84789
    530.0   0.84886
    535.0   0.85019
    540.0   0.85114
    545.0   0.85166
    550.0   0.85228
    555.0   0.85399
    560.0   0.85438
    565.0   0.85513
    570.0   0.85614
    575.0   0.85675
    580.0   0.85681
    585.0   0.85755
    590.0   0.85826
    595.0   0.85863
    600.0   0.85422
    605.0   0.85444
    610.0   0.85471
    615.0   0.85505
    620.0   0.85511
    625.0   0.85477
    630.0   0.85523
    635.0   0.85446
    640.0   0.85451
    645.0   0.85523
    650.0   0.85442
    655.0   0.85533
    660.0   0.85515
    665.0   0.85501
    670.0   0.85599
    675.0   0.85596
    680.0   0.85493
    685.0   0.85555
    690.0   0.85633
    695.0   0.85518
    700.0   0.85759
    705.0   0.85823
    710.0   0.85815
    715.0   0.85843
    720.0   0.85771
    725.0   0.85773
    730.0   0.85790
    735.0   0.85808
    740.0   0.85844
    745.0   0.85793
    750.0   0.85784
    755.0   0.85778
    760.0   0.85799
    765.0   0.85916
    770.0   0.85748
    775.0   0.85798
    780.0   0.85773
    785.0   0.85864
    790.0   0.85842
    795.0   0.85846
    800.0   0.85831
    805.0   0.85862
    810.0   0.85920
    815.0   0.85962
    820.0   0.86052
    825.0   0.86025
    830.0   0.86048
    835.0   0.86131
    840.0   0.86143
    845.0   0.86162
    850.0   0.86201
    855.0   0.86142
    860.0   0.86127
    865.0   0.86174
    870.0   0.86178
    875.0   0.86114
    880.0   0.86099
    885.0   0.86093
    890.0   0.86091
    895.0   0.86076
    900.0   0.86010
    905.0   0.86052
    910.0   0.85988
    915.0   0.85936
    920.0   0.85947
    925.0   0.85852
    930.0   0.85766
    935.0   0.85898
    940.0   0.85781
    945.0   0.85730
    950.0   0.85642
    955.0   0.85603
    960.0   0.85516
    965.0   0.85381
    970.0   0.85293
    975.0   0.85182
    980.0   0.85183
    985.0   0.85204
    990.0   0.85141
    995.0   0.85092
   1000.0   0.85075
   1005.0   0.85131
   1010.0   0.85163
   1015.0   0.85254
   1020.0   0.85273
   1025.0   0.85265
   1030.0   0.85347
   1035.0   0.85356
   1040.0   0.85309
   1045.0   0.85322
   1050.0   0.85403
   1055.0   0.85357
   1060.0   0.85372
   1065.0   0.85359
   1070.0   0.85256
   1075.0   0.85197
   1080.0   0.85255
   1085.0   0.85214
   1090.0   0.85189
   1095.0   0.85224
   1100.0   0.85148
   1105.0   0.85112
   1110.0   0.85075
   1115.0   0.85032
   1120.0   0.85058
   1125.0   0.85139
   1130.0   0.85061
   1135.0   0.84893
   1140.0   0.84819
   1145.0   0.84585
   1150.0   0.84537
   1155.0   0.84333
   1160.0   0.83829
   1165.0   0.83383
   1170.0   0.83213
   1175.0   0.83243
   1180.0   0.83302
   1185.0   0.83363
   1190.0   0.83465
   1195.0   0.83414
   1200.0   0.83379
   1205.0   0.83332
   1210.0   0.83284
   1215.0   0.83690
   1220.0   0.83773
   1225.0   0.83847
   1230.0   0.83748
   1235.0   0.83670
   1240.0   0.83767
   1245.0   0.83839
   1250.0   0.83951
   1255.0   0.83991
   1260.0   0.83982
   1265.0   0.84056
   1270.0   0.84047
   1275.0   0.84062
   1280.0   0.84059
   1285.0   0.84074
   1290.0   0.84061
   1295.0   0.84020
   1300.0   0.84019
   1305.0   0.83968
   1310.0   0.83868
   1315.0   0.83720
   1320.0   0.83545
   1325.0   0.83412
   1330.0   0.83095
   1335.0   0.82878
   1340.0   0.82404
   1345.0   0.82143
   1350.0   0.81687
   1355.0   0.81476
   1360.0   0.81247
   1365.0   0.81064
   1370.0   0.80747
   1375.0   0.80603
   1380.0   0.80181
   1385.0   0.79550
   1390.0   0.78752
   1395.0   0.77982
   1400.0   0.76890
   1405.0   0.75896
   1410.0   0.75090
   1415.0   0.73193
   1420.0   0.71343
   1425.0   0.69770
   1430.0   0.68898
   1435.0   0.68517
   1440.0   0.67252
   1445.0   0.65414
   1450.0   0.65775
   1455.0   0.68402
   1460.0   0.69936
   1465.0   0.70778
   1470.0   0.70975
   1475.0   0.70910
   1480.0   0.71235
   1485.0   0.71598
   1490.0   0.71200
   1495.0   0.71467
   1500.0   0.72682
   1505.0   0.73917
   1510.0   0.74698
   1515.0   0.75247
   1520.0   0.75355
   1525.0   0.75312
   1530.0   0.74988
   1535.0   0.74771
   1540.0   0.74597
   1545.0   0.75054
   1550.0   0.75970
   1555.0   0.76863
   1560.0   0.77570
   1565.0   0.78229
   1570.0   0.78646
   1575.0   0.79112
   1580.0   0.79344
   1585.0   0.79631
   1590.0   0.79920
   1595.0   0.80169
   1600.0   0.80553
   1605.0   0.80812
   1610.0   0.81105
   1615.0   0.81296
   1620.0   0.81514
   1625.0   0.81645
   1630.0   0.81806
   1635.0   0.81893
   1640.0   0.82074
   1645.0   0.82179
   1650.0   0.82276
   1651.0   0.81780
   1651.5   0.81921
   1652.1   0.82269
   1652.6   0.81876
   1653.1   0.81728
   1653.6   0.82310
   1654.2   0.82657
   1654.7   0.82313
   1655.2   0.81948
   1655.7   0.82561
   1656.3   0.83004
   1656.8   0.82805
   1657.3   0.82692
   1657.9   0.82810
   1658.4   0.82883
   1658.9   0.82932
   1659.5   0.83030
   1660.0   0.82409
   1660.5   0.81916
   1661.0   0.82048
   1661.6   0.82683
   1662.1   0.83033
   1662.6   0.83071
   1663.2   0.83140
   1663.7   0.82832
   1664.2   0.82704
   1664.8   0.83298
   1665.3   0.83386
   1665.9   0.82703
   1666.4   0.82397
   1666.9   0.82278
   1667.5   0.82346
   1668.0   0.82637
   1668.5   0.82842
   1669.1   0.83049
   1669.6   0.82999
   1670.1   0.82738
   1670.7   0.82589
   1671.2   0.82593
   1671.8   0.83309
   1672.3   0.83257
   1672.8   0.82685
   1673.4   0.82872
   1673.9   0.82943
   1674.5   0.83224
   1675.0   0.83377
   1675.5   0.83077
   1676.1   0.82769
   1676.6   0.82768
   1677.2   0.83173
   1677.7   0.83382
   1678.3   0.83266
   1678.8   0.83398
   1679.3   0.83232
   1679.9   0.83355
   1680.4   0.83804
   1681.0   0.84070
   1681.5   0.83412
   1682.1   0.82927
   1682.6   0.82342
   1683.2   0.82207
   1683.7   0.82926
   1684.3   0.83349
   1684.8   0.83731
   1685.3   0.83617
   1685.9   0.82656
   1686.4   0.82881
   1687.0   0.83706
   1687.5   0.83626
   1688.1   0.83150
   1688.6   0.82807
   1689.2   0.83015
   1689.7   0.82921
   1690.3   0.82795
   1690.8   0.82896
   1691.4   0.83111
   1691.9   0.82698
   1692.5   0.82413
   1693.1   0.82502
   1693.6   0.82975
   1694.2   0.82892
   1694.7   0.82807
   1695.3   0.82924
   1695.8   0.82813
   1696.4   0.82783
   1696.9   0.83017
   1697.5   0.82855
   1698.0   0.82415
   1698.6   0.82552
   1699.2   0.82968
   1699.7   0.83060
   1700.3   0.82771
   1700.8   0.82577
   1701.4   0.82441
   1701.9   0.82060
   1702.5   0.81786
   1703.1   0.82173
   1703.6   0.82535
   1704.2   0.82783
   1704.7   0.82939
   1705.3   0.82590
   1705.9   0.82302
   1706.4   0.82363
   1707.0   0.82468
   1707.6   0.82455
   1708.1   0.82339
   1708.7   0.82208
   1709.2   0.81890
   1709.8   0.81951
   1710.4   0.81650
   1710.9   0.81603
   1711.5   0.82006
   1712.1   0.81813
   1712.6   0.81896
   1713.2   0.81988
   1713.8   0.81344
   1714.3   0.81283
   1714.9   0.81806
   1715.5   0.81743
   1716.0   0.81267
   1716.6   0.80967
   1717.2   0.81344
   1717.7   0.81704
   1718.3   0.81157
   1718.9   0.80963
   1719.4   0.81115
   1720.0   0.81119
   1720.6   0.81201
   1721.2   0.80782
   1721.7   0.80483
   1722.3   0.80529
   1722.9   0.80832
   1723.4   0.80806
   1724.0   0.79788
   1724.6   0.79301
   1725.2   0.79583
   1725.7   0.79599
   1726.3   0.79267
   1726.9   0.79364
   1727.5   0.79699
   1728.0   0.79528
   1728.6   0.78954
   1729.2   0.79298
   1729.8   0.79502
   1730.4   0.79474
   1730.9   0.79351
   1731.5   0.79187
   1732.1   0.78934
   1732.7   0.78938
   1733.2   0.78847
   1733.8   0.78313
   1734.4   0.78231
   1735.0   0.78142
   1735.6   0.77831
   1736.1   0.77980
   1736.7   0.78121
   1737.3   0.78096
   1737.9   0.77928
   1738.5   0.77598
   1739.1   0.77353
   1739.6   0.77151
   1740.2   0.77195
   1740.8   0.77271
   1741.4   0.76951
   1742.0   0.76485
   1742.6   0.76699
   1743.2   0.76743
   1743.7   0.76593
   1744.3   0.76365
   1744.9   0.76540
   1745.5   0.76527
   1746.1   0.76229
   1746.7   0.76688
   1747.3   0.77051
   1747.9   0.76992
   1748.4   0.77134
   1749.0   0.76764
   1749.6   0.76255
   1750.2   0.76262
   1750.8   0.76015
   1751.4   0.75831
   1752.0   0.76202
   1752.6   0.76043
   1753.2   0.76207
   1753.8   0.76377
   1754.4   0.76506
   1755.0   0.76504
   1755.5   0.76238
   1756.1   0.76025
   1756.7   0.75978
   1757.3   0.76498
   1757.9   0.76997
   1758.5   0.76832
   1759.1   0.76775
   1759.7   0.76592
   1760.3   0.76601
   1760.9   0.76386
   1761.5   0.76649
   1762.1   0.76922
   1762.7   0.76944
   1763.3   0.76735
   1763.9   0.76185
   1764.5   0.76107
   1765.1   0.76854
   1765.7   0.77032
   1766.3   0.76807
   1766.9   0.76827
   1767.5   0.76936
   1768.1   0.76737
   1768.7   0.76793
   1769.3   0.76725
   1769.9   0.76457
   1770.5   0.76527
   1771.1   0.77010
   1771.7   0.77217
   1772.4   0.77213
   1773.0   0.77012
   1773.6   0.76750
   1774.2   0.76923
   1774.8   0.76831
   1775.4   0.76505
   1776.0   0.76292
   1776.6   0.76482
   1777.2   0.76782
   1777.8   0.76747
   1778.4   0.76670
   1779.0   0.76636
   1779.7   0.76614
   1780.3   0.76704
   1780.9   0.76865
   1781.5   0.76920
   1782.1   0.76673
   1782.7   0.76778
   1783.3   0.77181
   1783.9   0.77236
   1784.6   0.76924
   1785.2   0.77066
   1785.8   0.77517
   1786.4   0.77616
   1787.0   0.77757
   1787.6   0.77950
   1788.2   0.77897
   1788.9   0.77551
   1789.5   0.77672
   1790.1   0.77775
   1790.7   0.77720
   1791.3   0.77574
   1792.0   0.77618
   1792.6   0.78010
   1793.2   0.78023
   1793.8   0.77887
   1794.4   0.78062
   1795.1   0.78564
   1795.7   0.78736
   1796.3   0.78356
   1796.9   0.78354
   1797.6   0.78238
   1798.2   0.78418
   1798.8   0.78492
   1799.4   0.78467
   1800.0   0.78707
   1800.7   0.78803
   1801.3   0.78898
   1801.9   0.78907
   1802.6   0.78758
   1803.2   0.79044
   1803.8   0.79310
   1804.4   0.79298
   1805.1   0.79174
   1805.7   0.79285
   1806.3   0.79168
   1806.9   0.78947
   1807.6   0.78938
   1808.2   0.79087
   1808.8   0.79413
   1809.5   0.79185
   1810.1   0.78949
   1810.7   0.78966
   1811.4   0.79207
   1812.0   0.79110
   1812.6   0.79266
   1813.3   0.79298
   1813.9   0.79514
   1814.5   0.79758
   1815.2   0.79434
   1815.8   0.79203
   1816.4   0.79668
   1817.1   0.79727
   1817.7   0.79319
   1818.4   0.79322
   1819.0   0.79788
   1819.6   0.79735
   1820.3   0.79681
   1820.9   0.79690
   1821.6   0.79782
   1822.2   0.79271
   1822.8   0.79079
   1823.5   0.79552
   1824.1   0.79947
   1824.8   0.80049
   1825.4   0.79798
   1826.0   0.79681
   1826.7   0.79765
   1827.3   0.79953
   1828.0   0.80131
   1828.6   0.79702
   1829.3   0.79209
   1829.9   0.78992
   1830.6   0.79140
   1831.2   0.79217
   1831.8   0.79361
   1832.5   0.79729
   1833.1   0.79597
   1833.8   0.79189
   1834.4   0.79097
   1835.1   0.78935
   1835.7   0.79220
   1836.4   0.79436
   1837.0   0.79420
   1837.7   0.79322
   1838.3   0.79087
   1839.0   0.79225
   1839.7   0.78988
   1840.3   0.78237
   1841.0   0.78486
   1841.6   0.78914
   1842.3   0.78812
   1842.9   0.78806
   1843.6   0.78963
   1844.2   0.79284
   1844.9   0.79211
   1845.5   0.79055
   1846.2   0.78870
   1846.9   0.78873
   1847.5   0.78693
   1848.2   0.78452
   1848.8   0.78523
   1849.5   0.78561
   1850.2   0.78451
   1850.8   0.78604
   1851.5   0.78603
   1852.1   0.78579
   1852.8   0.78842
   1853.5   0.78583
   1854.1   0.77963
   1854.8   0.77919
   1855.5   0.78125
   1856.1   0.77915
   1856.8   0.77645
   1857.4   0.77414
   1858.1   0.77218
   1858.8   0.77273
   1859.4   0.77319
   1860.1   0.76787
   1860.8   0.76845
   1861.4   0.76778
   1862.1   0.76816
   1862.8   0.77134
   1863.5   0.76855
   1864.1   0.76545
   1864.8   0.76390
   1865.5   0.75839
   1866.1   0.75585
   1866.8   0.75734
   1867.5   0.75259
   1868.2   0.74538
   1868.8   0.74130
   1869.5   0.74085
   1870.2   0.73965
   1870.9   0.73986
   1871.5   0.74006
   1872.2   0.74040
   1872.9   0.73962
   1873.6   0.73337
   1874.2   0.72988
   1874.9   0.72923
   1875.6   0.72929
   1876.3   0.72595
   1876.9   0.72171
   1877.6   0.71873
   1878.3   0.72035
   1879.0   0.71808
   1879.7   0.71377
   1880.4   0.71039
   1881.0   0.70613
   1881.7   0.70460
   1882.4   0.70392
   1883.1   0.69952
   1883.8   0.69335
   1884.5   0.68684
   1885.1   0.68447
   1885.8   0.68461
   1886.5   0.68002
   1887.2   0.67474
   1887.9   0.67317
   1888.6   0.66995
   1889.3   0.66701
   1890.0   0.66204
   1890.6   0.65372
   1891.3   0.65067
   1892.0   0.64799
   1892.7   0.64176
   1893.4   0.63892
   1894.1   0.63418
   1894.8   0.62887
   1895.5   0.62420
   1896.2   0.61896
   1896.9   0.61676
   1897.6   0.61310
   1898.3   0.60506
   1899.0   0.59870
   1899.6   0.59189
   1900.3   0.58368
   1901.0   0.57757
   1901.7   0.57296
   1902.4   0.57257
   1903.1   0.56417
   1903.8   0.55274
   1904.5   0.54491
   1905.2   0.53923
   1905.9   0.53435
   1906.6   0.52576
   1907.3   0.51421
   1908.0   0.50451
   1908.7   0.49680
   1909.4   0.48922
   1910.1   0.47876
   1910.8   0.46754
   1911.6   0.45630
   1912.3   0.44884
   1913.0   0.44131
   1913.7   0.43031
   1914.4   0.41816
   1915.1   0.40906
   1915.8   0.40021
   1916.5   0.39047
   1917.2   0.38242
   1917.9   0.37530
   1918.6   0.37226
   1919.3   0.37181
   1920.0   0.37001
   1920.8   0.36811
   1921.5   0.36991
   1922.2   0.37556
   1922.9   0.37913
   1923.6   0.38493
   1924.3   0.39170
   1925.0   0.39598
   1925.8   0.39990
   1926.5   0.40565
   1927.2   0.41164
   1927.9   0.41473
   1928.6   0.41564
   1929.3   0.41840
   1930.1   0.42223
   1930.8   0.42242
   1931.5   0.42289
   1932.2   0.42169
   1932.9   0.42071
   1933.7   0.41892
   1934.4   0.41680
   1935.1   0.41610
   1935.8   0.41417
   1936.5   0.41207
   1937.3   0.41123
   1938.0   0.41129
   1938.7   0.41153
   1939.4   0.41102
   1940.2   0.40793
   1940.9   0.40719
   1941.6   0.41026
   1942.4   0.41023
   1943.1   0.40905
   1943.8   0.40807
   1944.5   0.40915
   1945.3   0.41186
   1946.0   0.41475
   1946.7   0.41505
   1947.5   0.41469
   1948.2   0.41629
   1948.9   0.41833
   1949.7   0.41827
   1950.4   0.42033
   1951.1   0.42661
   1951.9   0.43118
   1952.6   0.43507
   1953.3   0.43741
   1954.1   0.43913
   1954.8   0.44294
   1955.5   0.44887
   1956.3   0.45550
   1957.0   0.46020
   1957.8   0.46391
   1958.5   0.46841
   1959.2   0.47620
   1960.0   0.48179
   1960.7   0.48530
   1961.5   0.48662
   1962.2   0.48622
   1962.9   0.49054
   1963.7   0.49487
   1964.4   0.49514
   1965.2   0.49444
   1965.9   0.49554
   1966.7   0.49854
   1967.4   0.50037
   1968.2   0.50143
   1968.9   0.49933
   1969.7   0.49729
   1970.4   0.49779
   1971.2   0.50108
   1971.9   0.50262
   1972.7   0.50084
   1973.4   0.49812
   1974.2   0.49970
   1974.9   0.50392
   1975.7   0.50519
   1976.4   0.50436
   1977.2   0.50617
   1977.9   0.50727
   1978.7   0.50989
   1979.4   0.51264
   1980.2   0.51533
   1980.9   0.51790
   1981.7   0.51942
   1982.5   0.51919
   1983.2   0.52224
   1984.0   0.52453
   1984.7   0.52569
   1985.5   0.52693
   1986.3   0.52713
   1987.0   0.53027
   1987.8   0.53250
   1988.5   0.53352
   1989.3   0.53598
   1990.1   0.53814
   1990.8   0.54343
   1991.6   0.54748
   1992.4   0.55084
   1993.1   0.55485
   1993.9   0.55768
   1994.7   0.56157
   1995.4   0.56692
   1996.2   0.57279
   1997.0   0.57953
   1997.7   0.58506
   1998.5   0.59015
   1999.3   0.59681
   2000.1   0.60263
   2000.8   0.60512
   2001.6   0.60874
   2002.4   0.61405
   2003.1   0.61724
   2003.9   0.62077
   2004.7   0.62603
   2005.5   0.63085
   2006.2   0.63515
   2007.0   0.63909
   2007.8   0.64040
   2008.6   0.64350
   2009.4   0.64860
   2010.1   0.65122
   2010.9   0.65184
   2011.7   0.65449
   2012.5   0.65875
   2013.3   0.65852
   2014.0   0.65901
   2014.8   0.66241
   2015.6   0.66655
   2016.4   0.66810
   2017.2   0.66756
   2018.0   0.66765
   2018.7   0.66875
   2019.5   0.67120
   2020.3   0.67493
   2021.1   0.67688
   2021.9   0.67642
   2022.7   0.67542
   2023.5   0.67761
   2024.3   0.68086
   2025.1   0.68239
   2025.8   0.68148
   2026.6   0.68352
   2027.4   0.68562
   2028.2   0.68687
   2029.0   0.68844
   2029.8   0.68815
   2030.6   0.68722
   2031.4   0.68834
   2032.2   0.68826
   2033.0   0.68841
   2033.8   0.69053
   2034.6   0.68971
   2035.4   0.69087
   2036.2   0.69239
   2037.0   0.69311
   2037.8   0.69706
   2038.6   0.69905
   2039.4   0.69860
   2040.2   0.69794
   2041.0   0.69773
   2041.8   0.69842
   2042.6   0.69943
   2043.4   0.69957
   2044.2   0.69945
   2045.0   0.69839
   2045.8   0.69682
   2046.6   0.69950
   2047.4   0.70250
   2048.3   0.70213
   2049.1   0.70013
   2049.9   0.69956
   2050.7   0.69859
   2051.5   0.69886
   2052.3   0.69980
   2053.1   0.70002
   2053.9   0.70015
   2054.8   0.70154
   2055.6   0.70195
   2056.4   0.70037
   2057.2   0.69862
   2058.0   0.69839
   2058.8   0.70035
   2059.6   0.70136
   2060.5   0.70167
   2061.3   0.70005
   2062.1   0.69968
   2062.9   0.69752
   2063.7   0.69757
   2064.6   0.69750
   2065.4   0.69660
   2066.2   0.69630
   2067.0   0.69661
   2067.9   0.69674
   2068.7   0.69423
   2069.5   0.69317
   2070.3   0.69288
   2071.2   0.69222
   2072.0   0.69480
   2072.8   0.69762
   2073.7   0.69723
   2074.5   0.69559
   2075.3   0.69317
   2076.1   0.69268
   2077.0   0.69408
   2077.8   0.69131
   2078.6   0.69232
   2079.5   0.69476
   2080.3   0.69376
   2081.1   0.69197
   2082.0   0.69016
   2082.8   0.68950
   2083.7   0.69092
   2084.5   0.69105
   2085.3   0.69086
   2086.2   0.68917
   2087.0   0.68795
   2087.9   0.68820
   2088.7   0.68700
   2089.5   0.68578
   2090.4   0.68549
   2091.2   0.68478
   2092.1   0.68363
   2092.9   0.68339
   2093.8   0.68370
   2094.6   0.68268
   2095.4   0.68239
   2096.3   0.68170
   2097.1   0.68120
   2098.0   0.68033
   2098.8   0.67816
   2099.7   0.67791
   2100.5   0.67935
   2101.4   0.67975
   2102.2   0.67536
   2103.1   0.67366
   2104.0   0.67521
   2104.8   0.67404
   2105.7   0.67213
   2106.5   0.67170
   2107.4   0.67061
   2108.2   0.67110
   2109.1   0.67084
   2109.9   0.66991
   2110.8   0.67058
   2111.7   0.66996
   2112.5   0.66765
   2113.4   0.66643
   2114.2   0.66742
   2115.1   0.66814
   2116.0   0.66766
   2116.8   0.66652
   2117.7   0.66493
   2118.6   0.66447
   2119.4   0.66587
   2120.3   0.66635
   2121.2   0.66528
   2122.0   0.66434
   2122.9   0.66310
   2123.8   0.66322
   2124.6   0.66243
   2125.5   0.66173
   2126.4   0.66207
   2127.3   0.66069
   2128.1   0.65971
   2129.0   0.66064
   2129.9   0.66144
   2130.8   0.65976
   2131.6   0.65939
   2132.5   0.65990
   2133.4   0.66055
   2134.3   0.65941
   2135.1   0.65748
   2136.0   0.65703
   2136.9   0.65648
   2137.8   0.65527
   2138.7   0.65633
   2139.6   0.65679
   2140.4   0.65562
   2141.3   0.65535
   2142.2   0.65557
   2143.1   0.65450
   2144.0   0.65316
   2144.9   0.65069
   2145.8   0.65023
   2146.6   0.65147
   2147.5   0.65217
   2148.4   0.65288
   2149.3   0.65254
   2150.2   0.65032
   2151.1   0.64752
   2152.0   0.64862
   2152.9   0.64968
   2153.8   0.64764
   2154.7   0.64698
   2155.6   0.64837
   2156.5   0.64768
   2157.4   0.64638
   2158.3   0.64629
   2159.2   0.64513
   2160.1   0.64283
   2161.0   0.64105
   2161.9   0.63917
   2162.8   0.63841
   2163.7   0.63928
   2164.6   0.63897
   2165.5   0.63836
   2166.4   0.63899
   2167.3   0.63795
   2168.2   0.63721
   2169.1   0.63650
   2170.0   0.63682
   2170.9   0.63569
   2171.8   0.63532
   2172.7   0.63362
   2173.6   0.63196
   2174.6   0.63209
   2175.5   0.63273
   2176.4   0.63198
   2177.3   0.63013
   2178.2   0.62957
   2179.1   0.63097
   2180.0   0.63066
   2181.0   0.63138
   2181.9   0.62954
   2182.8   0.62795
   2183.7   0.62908
   2184.6   0.62969
   2185.6   0.62834
   2186.5   0.62840
   2187.4   0.62952
   2188.3   0.62886
   2189.2   0.62723
   2190.2   0.62743
   2191.1   0.62600
   2192.0   0.62313
   2193.0   0.62328
   2193.9   0.62364
   2194.8   0.62473
   2195.7   0.62484
   2196.7   0.62362
   2197.6   0.62244
   2198.5   0.62183
   2199.5   0.62145
   2200.4   0.62086
   2201.3   0.62132
   2202.3   0.61978
   2203.2   0.61597
   2204.1   0.61609
   2205.1   0.61662
   2206.0   0.61662
   2207.0   0.61439
   2207.9   0.61162
   2208.8   0.61204
   2209.8   0.61222
   2210.7   0.61000
   2211.7   0.60859
   2212.6   0.60817
   2213.6   0.60751
   2214.5   0.60573
   2215.4   0.60477
   2216.4   0.60539
   2217.3   0.60534
   2218.3   0.60556
   2219.2   0.60490
   2220.2   0.60374
   2221.1   0.60243
   2222.1   0.60339
   2223.0   0.60628
   2224.0   0.60729
   2225.0   0.60918
   2225.9   0.61063
   2226.9   0.60945
   2227.8   0.61180
   2228.8   0.61506
   2229.7   0.61813
   2230.7   0.61933
   2231.7   0.61741
   2232.6   0.61799
   2233.6   0.62015
   2234.5   0.62042
   2235.5   0.61988
   2236.5   0.62163
   2237.4   0.62308
   2238.4   0.62248
   2239.4   0.62335
   2240.3   0.62375
   2241.3   0.62386
   2242.3   0.62482
   2243.2   0.62495
   2244.2   0.62523
   2245.2   0.62574
   2246.2   0.62587
   2247.1   0.62378
   2248.1   0.62310
   2249.1   0.62311
   2250.1   0.62279
   2251.0   0.62226
   2252.0   0.62151
   2253.0   0.62154
   2254.0   0.62017
   2255.0   0.62040
   2255.9   0.62149
   2256.9   0.62106
   2257.9   0.62146
   2258.9   0.61981
   2259.9   0.61716
   2260.9   0.61687
   2261.8   0.61715
   2262.8   0.61660
   2263.8   0.61570
   2264.8   0.61432
   2265.8   0.61441
   2266.8   0.61447
   2267.8   0.61348
   2268.8   0.61276
   2269.8   0.61218
   2270.8   0.61184
   2271.8   0.61234
   2272.7   0.61211
   2273.7   0.61345
   2274.7   0.61564
   2275.7   0.61653
   2276.7   0.61916
   2277.7   0.61967
   2278.7   0.61963
   2279.7   0.62087
   2280.7   0.62197
   2281.7   0.62256
   2282.8   0.62205
   2283.8   0.62317
   2284.8   0.62505
   2285.8   0.62555
   2286.8   0.62530
   2287.8   0.62574
   2288.8   0.62687
   2289.8   0.62782
   2290.8   0.62817
   2291.8   0.62713
   2292.9   0.62776
   2293.9   0.62800
   2294.9   0.62800
   2295.9   0.62925
   2296.9   0.63007
   2297.9   0.63015
   2299.0   0.62997
   2300.0   0.63044
   2301.0   0.63063
   2302.0   0.63108
   2303.0   0.63098
   2304.1   0.63065
   2305.1   0.63074
   2306.1   0.63109
   2307.1   0.63090
   2308.2   0.62997
   2309.2   0.63110
   2310.2   0.63188
   2311.3   0.63245
   2312.3   0.63179
   2313.3   0.63139
   2314.3   0.63054
   2315.4   0.63011
   2316.4   0.62961
   2317.4   0.62857
   2318.5   0.62833
   2319.5   0.62874
   2320.6   0.62792
   2321.6   0.62765
   2322.6   0.62795
   2323.7   0.62694
   2324.7   0.62612
   2325.8   0.62562
   2326.8   0.62580
   2327.9   0.62549
   2328.9   0.62503
   2329.9   0.62461
   2331.0   0.62373
   2332.0   0.62336
   2333.1   0.62163
   2334.1   0.62136
   2335.2   0.62134
   2336.2   0.62084
   2337.3   0.62043
   2338.4   0.61811
   2339.4   0.61578
   2340.5   0.61598
   2341.5   0.61549
   2342.6   0.61346
   2343.6   0.61013
   2344.7   0.60948
   2345.8   0.60999
   2346.8   0.60962
   2347.9   0.60825
   2349.0   0.60755
   2350.0   0.60558
   2351.1   0.60333
   2352.1   0.60239
   2353.2   0.60113
   2354.3   0.60007
   2355.4   0.59874
   2356.4   0.59641
   2357.5   0.59421
   2358.6   0.59188
   2359.6   0.58910
   2360.7   0.58684
   2361.8   0.58608
   2362.9   0.58465
   2363.9   0.58311
   2365.0   0.58085
   2366.1   0.57718
   2367.2   0.57456
   2368.3   0.57324
   2369.3   0.57261
   2370.4   0.57142
   2371.5   0.56935
   2372.6   0.56684
   2373.7   0.56445
   2374.8   0.56149
   2375.9   0.55913
   2377.0   0.55697
   2378.0   0.55338
   2379.1   0.55125
   2380.2   0.54898
   2381.3   0.54499
   2382.4   0.54253
   2383.5   0.54022
   2384.6   0.53697
   2385.7   0.53367
   2386.8   0.53075
   2387.9   0.52759
   2389.0   0.52418
   2390.1   0.52038
   2391.2   0.51577
   2392.3   0.51167
   2393.4   0.50748
   2394.5   0.50454
   2395.6   0.50233
   2396.7   0.49844
   2397.8   0.49398
   2399.0   0.48962
   2400.1   0.48538
   2401.2   0.48258
   2402.3   0.47915
   2403.4   0.47484
   2404.5   0.47214
   2405.6   0.47012
   2406.7   0.46641
   2407.9   0.46224
   2409.0   0.45870
   2410.1   0.45469
   2411.2   0.45079
   2412.3   0.44853
   2413.5   0.44580
   2414.6   0.44229
   2415.7   0.43896
   2416.8   0.43771
   2418.0   0.43577
   2419.1   0.43160
   2420.2   0.42870
   2421.4   0.42708
   2422.5   0.42490
   2423.6   0.42281
   2424.8   0.42052
   2425.9   0.41834
   2427.0   0.41553
   2428.2   0.41281
   2429.3   0.41041
   2430.4   0.40806
   2431.6   0.40625
   2432.7   0.40418
   2433.9   0.40282
   2435.0   0.40114
   2436.2   0.39774
   2437.3   0.39566
   2438.4   0.39492
   2439.6   0.39271
   2440.7   0.39004
   2441.9   0.38889
   2443.0   0.38736
   2444.2   0.38413
   2445.3   0.38246
   2446.5   0.38136
   2447.7   0.38057
   2448.8   0.37871
   2450.0   0.37650
   2451.1   0.37495
   2452.3   0.37301
   2453.4   0.37119
   2454.6   0.36989
   2455.8   0.36956
   2456.9   0.36822
   2458.1   0.36619
   2459.3   0.36541
   2460.4   0.36478
   2461.6   0.36215
   2462.8   0.36047
   2463.9   0.35968
   2465.1   0.35893
   2466.3   0.35707
   2467.5   0.35500
   2468.6   0.35477
   2469.8   0.35382
   2471.0   0.35231
   2472.2   0.35185
   2473.3   0.35126
   2474.5   0.35069
   2475.7   0.35001
   2476.9   0.34916
   2478.1   0.34780
   2479.3   0.34599
   2480.4   0.34592
   2481.6   0.34676
   2482.8   0.34638
   2484.0   0.34569
   2485.2   0.34530
   2486.4   0.34392
   2487.6   0.34378
   2488.8   0.34488
   2490.0   0.34592
   2491.2   0.34603
   2492.4   0.34603
   2493.6   0.34770
   2494.8   0.34774
   2496.0   0.34762
   2497.2   0.34858
   2498.4   0.34928
   2499.6   0.34987
   2500.8   0.35107
   2502.0   0.35194
   2503.2   0.35216
   2504.4   0.35255
   2505.6   0.35487
   2506.8   0.35617
   2508.0   0.35663
   2509.3   0.35854
   2510.5   0.35988
   2511.7   0.36015
   2512.9   0.36132
   2514.1   0.36318
   2515.3   0.36457
   2516.6   0.36524
   2517.8   0.36575
   2519.0   0.36693
   2520.2   0.36832
   2521.5   0.37048
   2522.7   0.37201
   2523.9   0.37133
   2525.2   0.37220
   2526.4   0.37363
   2527.6   0.37441
   2528.8   0.37518
   2530.1   0.37615
   2531.3   0.37543
   2532.6   0.37553
   2533.8   0.37583
   2535.0   0.37665
   2536.3   0.37771
   2537.5   0.37728
   2538.8   0.37832
   2540.0   0.37889
   2541.2   0.37831
   2542.5   0.37835
   2543.7   0.37698
   2545.0   0.37691
   2546.2   0.37775
   2547.5   0.37910
   2548.7   0.37940
   2550.0   0.37952
   2551.2   0.37926
   2552.5   0.37860
   2553.8   0.37877
   2555.0   0.38053
   2556.3   0.38217
   2557.5   0.38275
   2558.8   0.38210
   2560.1   0.38116
   2561.3   0.37784
   2562.6   0.37353
   2563.9   0.37201
   2565.1   0.37206
   2566.4   0.37535
   2567.7   0.37857
   2568.9   0.37786
   2570.2   0.37482
   2571.5   0.37475
   2572.8   0.37805
   2574.0   0.37453
   2575.3   0.37381
   2576.6   0.37540
   2577.9   0.37320
   2579.2   0.37589
   2580.5   0.37862
   2581.7   0.37517
   2583.0   0.37490
   2584.3   0.37216
   2585.6   0.36972
   2586.9   0.37271
   2588.2   0.37099
   2589.5   0.37246
   2590.8   0.37459
   2592.1   0.37488
   2593.4   0.37372
   2594.7   0.36763
   2596.0   0.35670
   2597.3   0.36105
   2598.6   0.36913
   2599.9   0.37293
   2601.2   0.37239
   2602.5   0.36860
   2603.8   0.36630
   2605.1   0.36357
   2606.4   0.35974
   2607.7   0.35994
   2609.0   0.36204
   2610.3   0.36100
   2611.7   0.36093
   2613.0   0.36172
   2614.3   0.36049
   2615.6   0.35983
   2616.9   0.35421
   2618.3   0.34849
   2619.6   0.35220
   2620.9   0.35013
   2622.2   0.34921
   2623.6   0.35230
   2624.9   0.35093
   2626.2   0.34797
   2627.5   0.34291
   2628.9   0.34218
   2630.2   0.33964
   2631.5   0.33248
   2632.9   0.33489
   2634.2   0.33595
   2635.6   0.33378
   2636.9   0.33463
   2638.2   0.33403
   2639.6   0.33192
   2640.9   0.33011
   2642.3   0.32739
   2643.6   0.32495
   2645.0   0.32277
   2646.3   0.31867
   2647.7   0.31658
   2649.0   0.31686
   2650.4   0.31489
   2651.7   0.31206
   2653.1   0.30665
   2654.4   0.30474
   2655.8   0.30365
   2657.2   0.30081
   2658.5   0.29850
   2659.9   0.29363
   2661.3   0.28989
   2662.6   0.28802
   2664.0   0.28486
   2665.4   0.27795
   2666.7   0.27002
   2668.1   0.26681
   2669.5   0.26667
   2670.9   0.26211
   2672.2   0.25694
   2673.6   0.25926
   2675.0   0.25660
   2676.4   0.25072
   2677.8   0.24346
   2679.1   0.24095
   2680.5   0.23862
   2681.9   0.23762
   2683.3   0.23462
   2684.7   0.22939
   2686.1   0.22578
   2687.5   0.22250
   2688.9   0.21866
   2690.3   0.21497
   2691.7   0.21069
   2693.1   0.20551
   2694.5   0.19760
   2695.9   0.19249
   2697.3   0.18959
   2698.7   0.18677
   2700.1   0.18173
   2701.5   0.17553
   2702.9   0.16970
   2704.3   0.16564
   2705.7   0.16034
   2707.1   0.15557
   2708.5   0.15106
   2710.0   0.14468
   2711.4   0.13692
   2712.8   0.13150
   2714.2   0.12868
   2715.6   0.12526
   2717.1   0.12045
   2718.5   0.11440
   2719.9   0.10813
   2721.3   0.10125
   2722.8   0.09792
   2724.2   0.09596
   2725.6   0.08864
   2727.1   0.08375
   2728.5   0.08110
   2729.9   0.07726
   2731.4   0.07242
   2732.8   0.06796
   2734.2   0.06326
   2735.7   0.05815
   2737.1   0.05384
   2738.6   0.05085
   2740.0   0.04617
   2741.5   0.04201
   2742.9   0.03917
   2744.4   0.03722
   2745.8   0.03430
   2747.3   0.03186
   2748.7   0.02948
   2750.2   0.02715
   2751.7   0.02572
   2753.1   0.02412
   2754.6   0.02217
   2756.1   0.02079
   2757.5   0.02000
   2759.0   0.02039
   2760.5   0.01956
   2761.9   0.01794
   2763.4   0.01735
   2764.9   0.01790
   2766.3   0.01729
   2767.8   0.01729
   2769.3   0.01761
   2770.8   0.01785
   2772.3   0.01777
   2773.7   0.01808
   2775.2   0.01925
   2776.7   0.01986
   2778.2   0.02067
   2779.7   0.02134
   2781.2   0.02160
   2782.7   0.02229
   2784.2   0.02181
   2785.7   0.02190
   2787.2   0.02355
   2788.7   0.02442
   2790.2   0.02548
   2791.7   0.02601
   2793.2   0.02577
   2794.7   0.02556
   2796.2   0.02514
   2797.7   0.02407
   2799.2   0.02313
   2800.7   0.02245
   2802.2   0.02139
   2803.8   0.02050
   2805.3   0.02028
   2806.8   0.02028
   2808.3   0.02005
   2809.8   0.02008
   2811.4   0.02070
   2812.9   0.02139
   2814.4   0.02176
   2815.9   0.02236
   2817.5   0.02236
   2819.0   0.02298
   2820.5   0.02409
   2822.1   0.02558
   2823.6   0.02644
   2825.1   0.02768
   2826.7   0.02933
   2828.2   0.03028
   2829.8   0.03181
   2831.3   0.03411
   2832.9   0.03590
   2834.4   0.03649
   2836.0   0.03686
   2837.5   0.03788
   2839.1   0.03877
   2840.6   0.03929
   2842.2   0.03978
   2843.7   0.04049
   2845.3   0.04136
   2846.9   0.04190
   2848.4   0.04212
   2850.0   0.04194
   2851.6   0.04212
   2853.1   0.04314
   2854.7   0.04332
   2856.3   0.04355
   2857.8   0.04377
   2859.4   0.04403
   2861.0   0.04390
   2862.6   0.04401
   2864.2   0.04528
   2865.7   0.04597
   2867.3   0.04642
   2868.9   0.04719
   2870.5   0.04725
   2872.1   0.04793
   2873.7   0.04865
   2875.3   0.04884
   2876.9   0.04961
   2878.5   0.05079
   2880.1   0.05147
   2881.7   0.05227
   2883.3   0.05296
   2884.9   0.05391
   2886.5   0.05462
   2888.1   0.05451
   2889.7   0.05433
   2891.3   0.05505
   2892.9   0.05636
   2894.5   0.05635
   2896.2   0.05659
   2897.8   0.05776
   2899.4   0.05828
   2901.0   0.05865
   2902.7   0.05920
   2904.3   0.05933
   2905.9   0.05966
   2907.5   0.06025
   2909.2   0.06158
   2910.8   0.06229
   2912.4   0.06258
   2914.1   0.06366
   2915.7   0.06462
   2917.4   0.06483
   2919.0   0.06551
   2920.6   0.06648
   2922.3   0.06743
   2923.9   0.06821
   2925.6   0.06914
   2927.2   0.06944
   2928.9   0.06916
   2930.5   0.06997
   2932.2   0.07089
   2933.9   0.07130
   2935.5   0.07101
   2937.2   0.07099
   2938.9   0.07200
   2940.5   0.07237
   2942.2   0.07207
   2943.9   0.07146
   2945.5   0.07156
   2947.2   0.07223
   2948.9   0.07245
   2950.6   0.07287
   2952.2   0.07324
   2953.9   0.07302
   2955.6   0.07357
   2957.3   0.07410
   2959.0   0.07413
   2960.7   0.07480
   2962.4   0.07548
   2964.1   0.07558
   2965.8   0.07583
   2967.4   0.07659
   2969.1   0.07732
   2970.9   0.07750
   2972.6   0.07793
   2974.3   0.07897
   2976.0   0.07999
   2977.7   0.08092
   2979.4   0.08081
   2981.1   0.08044
   2982.8   0.08086
   2984.5   0.08099
   2986.3   0.08172
   2988.0   0.08309
   2989.7   0.08391
   2991.4   0.08397
   2993.1   0.08385
   2994.9   0.08434
   2996.6   0.08574
   2998.3   0.08580
   3000.1   0.08577
   3001.8   0.08588
   3003.6   0.08656
   3005.3   0.08757
   3007.0   0.08819
   3008.8   0.08882
   3010.5   0.08920
   3012.3   0.08963
   3014.0   0.09044
   3015.8   0.09132
   3017.5   0.09191
   3019.3   0.09209
   3021.1   0.09255
   3022.8   0.09306
   3024.6   0.09364
   3026.3   0.09407
   3028.1   0.09447
   3029.9   0.09513
   3031.7   0.09590
   3033.4   0.09626
   3035.2   0.09667
   3037.0   0.09733
   3038.8   0.09836
   3040.5   0.09889
   3042.3   0.09958
   3044.1   0.10026
   3045.9   0.10078
   3047.7   0.10088
   3049.5   0.10110
   3051.3   0.10208
   3053.1   0.10333
   3054.9   0.10351
   3056.7   0.10288
   3058.5   0.10356
   3060.3   0.10506
   3062.1   0.10517
   3063.9   0.10538
   3065.7   0.10623
   3067.5   0.10672
   3069.4   0.10660
   3071.2   0.10589
   3073.0   0.10618
   3074.8   0.10726
   3076.6   0.10697
   3078.5   0.10586
   3080.3   0.10461
   3082.1   0.10468
   3084.0   0.10553
   3085.8   0.10641
   3087.6   0.10689
   3089.5   0.10778
   3091.3   0.10864
   3093.2   0.10939
   3095.0   0.11066
   3096.9   0.11154
   3098.7   0.11259
   3100.6   0.11309
   3102.4   0.11256
   3104.3   0.11297
   3106.1   0.11433
   3108.0   0.11488
   3109.9   0.11485
   3111.7   0.11499
   3113.6   0.11553
   3115.5   0.11628
   3117.3   0.11759
   3119.2   0.11899
   3121.1   0.12036
   3123.0   0.12215
   3124.9   0.12431
   3126.7   0.12572
   3128.6   0.12676
   3130.5   0.12922
   3132.4   0.13181
   3134.3   0.13405
   3136.2   0.13619
   3138.1   0.13855
   3140.0   0.14121
   3141.9   0.14412
   3143.8   0.14626
   3145.7   0.14848
   3147.6   0.15095
   3149.5   0.15288
   3151.4   0.15542
   3153.4   0.15794
   3155.3   0.15983
   3157.2   0.16243
   3159.1   0.16511
   3161.1   0.16749
   3163.0   0.17021
   3164.9   0.17295
   3166.9   0.17514
   3168.8   0.17760
   3170.7   0.17966
   3172.7   0.18204
   3174.6   0.18496
   3176.6   0.18778
   3178.5   0.18999
   3180.5   0.19226
   3182.4   0.19521
   3184.4   0.19742
   3186.3   0.19908
   3188.3   0.20165
   3190.2   0.20385
   3192.2   0.20587
   3194.2   0.20818
   3196.1   0.21029
   3198.1   0.21200
   3200.1   0.21348
   3202.1   0.21552
   3204.0   0.21825
   3206.0   0.22070
   3208.0   0.22250
   3210.0   0.22418
   3212.0   0.22632
   3214.0   0.22882
   3216.0   0.23102
   3218.0   0.23310
   3220.0   0.23535
   3222.0   0.23768
   3224.0   0.23996
   3226.0   0.24192
   3228.0   0.24416
   3230.0   0.24622
   3232.0   0.24816
   3234.0   0.25112
   3236.0   0.25338
   3238.1   0.25517
   3240.1   0.25754
   3242.1   0.25995
   3244.1   0.26239
   3246.2   0.26402
   3248.2   0.26570
   3250.2   0.26771
   3252.3   0.27042
   3254.3   0.27379
   3256.4   0.27600
   3258.4   0.27707
   3260.5   0.27894
   3262.5   0.28172
   3264.6   0.28423
   3266.6   0.28635
   3268.7   0.28840
   3270.7   0.29031
   3272.8   0.29254
   3274.9   0.29546
   3276.9   0.29829
   3279.0   0.29975
   3281.1   0.30159
   3283.2   0.30448
   3285.3   0.30702
   3287.3   0.30924
   3289.4   0.31157
   3291.5   0.31458
   3293.6   0.31781
   3295.7   0.32025
   3297.8   0.32270
   3299.9   0.32552
   3302.0   0.32863
   3304.1   0.33050
   3306.2   0.33277
   3308.3   0.33593
   3310.4   0.33861
   3312.5   0.34096
   3314.7   0.34361
   3316.8   0.34622
   3318.9   0.34889
   3321.0   0.35137
   3323.2   0.35387
   3325.3   0.35654
   3327.4   0.35864
   3329.6   0.36032
   3331.7   0.36249
   3333.8   0.36523
   3336.0   0.36792
   3338.1   0.37022
   3340.3   0.37221
   3342.4   0.37382
   3344.6   0.37644
   3346.8   0.37915
   3348.9   0.38139
   3351.1   0.38373
   3353.3   0.38552
   3355.4   0.38701
   3357.6   0.38937
   3359.8   0.39191
   3362.0   0.39404
   3364.1   0.39631
   3366.3   0.39861
   3368.5   0.40098
   3370.7   0.40364
   3372.9   0.40657
   3375.1   0.40968
   3377.3   0.41250
   3379.5   0.41469
   3381.7   0.41757
   3383.9   0.42099
   3386.1   0.42382
   3388.3   0.42654
   3390.5   0.42921
   3392.8   0.43123
   3395.0   0.43316
   3397.2   0.43486
   3399.4   0.43636
   3401.7   0.43853
   3403.9   0.44147
   3406.1   0.44419
   3408.4   0.44694
   3410.6   0.44948
   3412.9   0.45147
   3415.1   0.45441
   3417.4   0.45772
   3419.6   0.46113
   3421.9   0.46537
   3424.1   0.46893
   3426.4   0.47077
   3428.7   0.47197
   3430.9   0.47309
   3433.2   0.47443
   3435.5   0.47474
   3437.8   0.47468
   3440.0   0.47582
   3442.3   0.47675
   3444.6   0.47738
   3446.9   0.47906
   3449.2   0.48082
   3451.5   0.48195
   3453.8   0.48319
   3456.1   0.48453
   3458.4   0.48550
   3460.7   0.48602
   3463.0   0.48667
   3465.3   0.48797
   3467.6   0.48896
   3470.0   0.48988
   3472.3   0.49101
   3474.6   0.49261
   3477.0   0.49436
   3479.3   0.49578
   3481.6   0.49787
   3484.0   0.49941
   3486.3   0.50041
   3488.7   0.50199
   3491.0   0.50337
   3493.4   0.50490
   3495.7   0.50659
   3498.1   0.50842
   3500.4   0.51072
   3502.8   0.51371
   3505.2   0.51716
   3507.5   0.52063
   3509.9   0.52296
   3512.3   0.52379
   3514.7   0.52292
   3517.1   0.52178
   3519.4   0.52044
   3521.8   0.51936
   3524.2   0.51839
   3526.6   0.51790
   3529.0   0.51804
   3531.4   0.51814
   3533.8   0.51861
   3536.2   0.51890
   3538.7   0.51945
   3541.1   0.51991
   3543.5   0.52060
   3545.9   0.52165
   3548.3   0.52279
   3550.8   0.52434
   3553.2   0.52574
   3555.6   0.52723
   3558.1   0.52826
   3560.5   0.52921
   3563.0   0.53006
   3565.4   0.53150
   3567.9   0.53293
   3570.3   0.53425
   3572.8   0.53594
   3575.3   0.53710
   3577.7   0.53807
   3580.2   0.53935
   3582.7   0.54071
   3585.2   0.54161
   3587.6   0.54266
   3590.1   0.54395
   3592.6   0.54547
   3595.1   0.54714
   3597.6   0.54827
   3600.1   0.54942
   3602.6   0.55042
   3605.1   0.55191
   3607.6   0.55362
   3610.1   0.55510
   3612.6   0.55599
   3615.2   0.55692
   3617.7   0.55784
   3620.2   0.55873
   3622.7   0.56029
   3625.3   0.56221
   3627.8   0.56333
   3630.3   0.56436
   3632.9   0.56568
   3635.4   0.56643
   3638.0   0.56683
   3640.5   0.56765
   3643.1   0.56867
   3645.7   0.56922
   3648.2   0.57021
   3650.8   0.57139
   3653.4   0.57232
   3655.9   0.57366
   3658.5   0.57516
   3661.1   0.57635
   3663.7   0.57698
   3666.3   0.57754
   3668.9   0.57817
   3671.5   0.57913
   3674.1   0.57986
   3676.7   0.58051
   3679.3   0.58097
   3681.9   0.58206
   3684.5   0.58305
   3687.2   0.58358
   3689.8   0.58404
   3692.4   0.58490
   3695.0   0.58619
   3697.7   0.58740
   3700.3   0.58788
   3703.0   0.58851
   3705.6   0.58934
   3708.3   0.59062
   3710.9   0.59128
   3713.6   0.59162
   3716.2   0.59267
   3718.9   0.59305
   3721.6   0.59310
   3724.2   0.59341
   3726.9   0.59392
   3729.6   0.59444
   3732.3   0.59511
   3735.0   0.59564
   3737.7   0.59545
   3740.4   0.59568
   3743.1   0.59649
   3745.8   0.59731
   3748.5   0.59718
   3751.2   0.59678
   3753.9   0.59696
   3756.6   0.59720
   3759.3   0.59695
   3762.1   0.59665
   3764.8   0.59680
   3767.5   0.59668
   3770.3   0.59604
   3773.0   0.59480
   3775.8   0.59333
   3778.5   0.59254
   3781.3   0.59144
   3784.0   0.59054
   3786.8   0.58970
   3789.6   0.58898
   3792.3   0.58874
   3795.1   0.58848
   3797.9   0.58892
   3800.7   0.58928
   3803.5   0.58970
   3806.3   0.59047
   3809.1   0.59123
   3811.9   0.59216
   3814.7   0.59289
   3817.5   0.59359
   3820.3   0.59435
   3823.1   0.59548
   3825.9   0.59586
   3828.8   0.59622
   3831.6   0.59653
   3834.4   0.59632
   3837.3   0.59629
   3840.1   0.59630
   3842.9   0.59644
   3845.8   0.59579
   3848.7   0.59507
   3851.5   0.59469
   3854.4   0.59391
   3857.2   0.59259
   3860.1   0.59052
   3863.0   0.58762
   3865.9   0.58433
   3868.8   0.58128
   3871.6   0.57923
   3874.5   0.57865
   3877.4   0.58027
   3880.3   0.58288
   3883.2   0.58439
   3886.2   0.58560
   3889.1   0.58651
   3892.0   0.58703
   3894.9   0.58754
   3897.8   0.58698
   3900.8   0.58645
   3903.7   0.58648
   3906.7   0.58603
   3909.6   0.58498
   3912.6   0.58426
   3915.5   0.58415
   3918.5   0.58309
   3921.4   0.58133
   3924.4   0.58051
   3927.4   0.57977
   3930.4   0.57780
   3933.3   0.57600
   3936.3   0.57540
   3939.3   0.57449
   3942.3   0.57275
   3945.3   0.57065
   3948.3   0.56852
   3951.3   0.56630
   3954.3   0.56424
   3957.4   0.56151
   3960.4   0.55871
   3963.4   0.55603
   3966.4   0.55268
   3969.5   0.54895
   3972.5   0.54640
   3975.6   0.54500
   3978.6   0.54377
   3981.7   0.54353
   3984.7   0.54403
   3987.8   0.54498
   3990.9   0.54598
   3993.9   0.54566
   3997.0   0.54497
   4000.1   0.54408
   4003.2   0.54285
   4006.3   0.54181
   4009.4   0.54071
   4012.5   0.53899
   4015.6   0.53765
   4018.7   0.53648
   4021.8   0.53466
   4024.9   0.53257
   4028.1   0.53101
   4031.2   0.52936
   4034.3   0.52722
   4037.5   0.52482
   4040.6   0.52249
   4043.8   0.52060
   4046.9   0.51872
   4050.1   0.51668
   4053.3   0.51456
   4056.4   0.51214
   4059.6   0.50984
   4062.8   0.50738
   4066.0   0.50485
   4069.2   0.50247
   4072.4   0.50009
   4075.6   0.49743
   4078.8   0.49500
   4082.0   0.49278
   4085.2   0.48989
   4088.4   0.48727
   4091.7   0.48436
   4094.9   0.48146
   4098.1   0.47921
   4101.4   0.47609
   4104.6   0.47297
   4107.9   0.47028
   4111.1   0.46776
   4114.4   0.46491
   4117.7   0.46201
   4120.9   0.45879
   4124.2   0.45597
   4127.5   0.45253
   4130.8   0.44952
   4134.1   0.44658
   4137.4   0.44346
   4140.7   0.44064
   4144.0   0.43793
   4147.3   0.43470
   4150.6   0.43132
   4154.0   0.42818
   4157.3   0.42520
   4160.6   0.42203
   4164.0   0.41914
   4167.3   0.41597
   4170.7   0.41235
   4174.0   0.40870
   4177.4   0.40531
   4180.8   0.40181
   4184.1   0.39792
   4187.5   0.39329
   4190.9   0.38917
   4194.3   0.38479
   4197.7   0.38006
   4201.1   0.37427
   4204.5   0.36766
   4207.9   0.36068
   4211.3   0.35308
   4214.7   0.34501
   4218.2   0.33760
   4221.6   0.33016
   4225.0   0.32316
   4228.5   0.31746
   4231.9   0.31156
   4235.4   0.30578
   4238.9   0.30121
   4242.3   0.29668
   4245.8   0.29294
   4249.3   0.28998
   4252.8   0.28812
   4256.3   0.28793
   4259.8   0.28639
   4263.3   0.27994
   4266.8   0.27181
   4270.3   0.26535
   4273.8   0.26050
   4277.3   0.25623
   4280.9   0.25308
   4284.4   0.25048
   4288.0   0.24673
   4291.5   0.24270
   4295.1   0.23902
   4298.6   0.23620
   4302.2   0.23347
   4305.8   0.23047
   4309.3   0.22805
   4312.9   0.22570
   4316.5   0.22337
   4320.1   0.22067
   4323.7   0.21761
   4327.3   0.21447
   4330.9   0.21191
   4334.6   0.20968
   4338.2   0.20734
   4341.8   0.20518
   4345.5   0.20296
   4349.1   0.20105
   4352.8   0.19903
   4356.4   0.19687
   4360.1   0.19482
   4363.8   0.19304
   4367.4   0.19134
   4371.1   0.18931
   4374.8   0.18764
   4378.5   0.18555
   4382.2   0.18337
   4385.9   0.18165
   4389.6   0.18047
   4393.3   0.17869
   4397.1   0.17648
   4400.8   0.17486
   4404.5   0.17357
   4408.3   0.17210
   4412.0   0.17070
   4415.8   0.16901
   4419.6   0.16718
   4423.3   0.16549
   4427.1   0.16380
   4430.9   0.16217
   4434.7   0.16062
   4438.5   0.15908
   4442.3   0.15757
   4446.1   0.15569
   4449.9   0.15397
   4453.7   0.15262
   4457.6   0.15108
   4461.4   0.14900
   4465.2   0.14699
   4469.1   0.14531
   4472.9   0.14337
   4476.8   0.14153
   4480.7   0.14018
   4484.5   0.13889
   4488.4   0.13728
   4492.3   0.13594
   4496.2   0.13518
   4500.1   0.13462
   4504.0   0.13420
   4507.9   0.13422
   4511.9   0.13396
   4515.8   0.13339
   4519.7   0.13351
   4523.7   0.13416
   4527.6   0.13467
   4531.6   0.13538
   4535.6   0.13629
   4539.5   0.13739
   4543.5   0.13887
   4547.5   0.14060
   4551.5   0.14242
   4555.5   0.14391
   4559.5   0.14557
   4563.5   0.14803
   4567.5   0.15071
   4571.5   0.15352
   4575.6   0.15643
   4579.6   0.15858
   4583.7   0.16046
   4587.7   0.16213
   4591.8   0.16301
   4595.9   0.16373
   4599.9   0.16458
   4604.0   0.16496
   4608.1   0.16527
   4612.2   0.16580
   4616.3   0.16612
   4620.4   0.16565
   4624.6   0.16493
   4628.7   0.16402
   4632.8   0.16256
   4637.0   0.16106
   4641.1   0.15970
   4645.3   0.15829
   4649.4   0.15697
   4653.6   0.15545
   4657.8   0.15389
   4662.0   0.15249
   4666.2   0.15071
   4670.4   0.14900
   4674.6   0.14716
   4678.8   0.14537
   4683.0   0.14404
   4687.3   0.14320
   4691.5   0.14254
   4695.8   0.14236
   4700.0   0.14291
   4704.3   0.14387
   4708.6   0.14486
   4712.8   0.14569
   4717.1   0.14701
   4721.4   0.14883
   4725.7   0.14996
   4730.0   0.15048
   4734.4   0.15122
   4738.7   0.15244
   4743.0   0.15455
   4747.4   0.15745
   4751.7   0.16122
   4756.1   0.16554
   4760.5   0.17048
   4764.8   0.17570
   4769.2   0.18058
   4773.6   0.18495
   4778.0   0.18863
   4782.4   0.19203
   4786.8   0.19705
   4791.3   0.20376
   4795.7   0.21202
   4800.1   0.22173
   4804.6   0.23186
   4809.0   0.24078
   4813.5   0.24913
   4818.0   0.25679
   4822.5   0.26389
   4826.9   0.27038
   4831.4   0.27623
   4835.9   0.28099
   4840.5   0.28557
   4845.0   0.28947
   4849.5   0.29248
   4854.1   0.29556
   4858.6   0.29829
   4863.2   0.30069
   4867.7   0.30274
   4872.3   0.30466
   4876.9   0.30658
   4881.5   0.30810
   4886.1   0.30997
   4890.7   0.31188
   4895.3   0.31326
   4899.9   0.31424
   4904.6   0.31578
   4909.2   0.31715
   4913.9   0.31833
   4918.5   0.31903
   4923.2   0.32018
   4927.9   0.32107
   4932.6   0.32149
   4937.3   0.32202
   4942.0   0.32270
   4946.7   0.32322
   4951.4   0.32327
   4956.2   0.32241
   4960.9   0.32041
   4965.6   0.31767
   4970.4   0.31578
   4975.2   0.31521
   4980.0   0.31721
   4984.7   0.32203
   4989.5   0.32854
   4994.3   0.33432
   4999.2   0.33908
   5004.0   0.34264
   5008.8   0.34549
   5013.7   0.34734
   5018.5   0.34903
   5023.4   0.35037
   5028.3   0.35236
   5033.1   0.35402
   5038.0   0.35520
   5042.9   0.35664
   5047.8   0.35806
   5052.8   0.35905
   5057.7   0.36001
   5062.6   0.36106
   5067.6   0.36254
   5072.5   0.36384
   5077.5   0.36487
   5082.5   0.36580
   5087.5   0.36645
   5092.5   0.36766
   5097.5   0.36977
   5102.5   0.37082
   5107.5   0.37135
   5112.6   0.37195
   5117.6   0.37304
   5122.7   0.37417
   5127.7   0.37512
   5132.8   0.37586
   5137.9   0.37647
   5143.0   0.37693
   5148.1   0.37754
   5153.2   0.37805
   5158.3   0.38001
   5163.5   0.38130
   5168.6   0.38260
   5173.8   0.38353
   5179.0   0.38446
   5184.1   0.38543
   5189.3   0.38654
   5194.5   0.38738
   5199.7   0.38781
   5205.0   0.38786
   5210.2   0.38890
   5215.4   0.38807
   5220.7   0.38873
   5225.9   0.39064
   5231.2   0.39122
   5236.5   0.39094
   5241.8   0.39055
   5247.1   0.39043
   5252.4   0.39056
   5257.7   0.39014
   5263.1   0.38972
   5268.4   0.38912
   5273.8   0.38803
   5279.2   0.38639
   5284.5   0.38579
   5289.9   0.38518
   5295.3   0.38319
   5300.8   0.38279
   5306.2   0.38319
   5311.6   0.38223
   5317.1   0.38161
   5322.5   0.38069
   5328.0   0.38020
   5333.5   0.37918
   5339.0   0.37784
   5344.5   0.37670
   5350.0   0.37385
   5355.5   0.36985
   5361.0   0.37003
   5366.6   0.37097
   5372.2   0.37058
   5377.7   0.36861
   5383.3   0.36704
   5388.9   0.36516
   5394.5   0.36359
   5400.1   0.36149
   5405.8   0.35920
   5411.4   0.35623
   5417.1   0.35310
   5422.7   0.34764
   5428.4   0.34311
   5434.1   0.34412
   5439.8   0.34386
   5445.5   0.34143
   5451.2   0.33942
   5457.0   0.33751
   5462.7   0.33506
   5468.5   0.33045
   5474.3   0.32946
   5480.1   0.32842
   5485.9   0.32684
   5491.7   0.32746
   5497.5   0.32662
   5503.3   0.32468
   5509.2   0.32281
   5515.0   0.32117
   5520.9   0.31876
   5526.8   0.31538
   5532.7   0.31338
   5538.6   0.31185
   5544.5   0.30977
   5550.5   0.30675
   5556.4   0.30349
   5562.4   0.30152
   5568.4   0.30091
   5574.3   0.29896
   5580.3   0.29480
   5586.4   0.29187
   5592.4   0.29378
   5598.4   0.29422
   5604.5   0.29209
   5610.5   0.28960
   5616.6   0.28798
   5622.7   0.28579
   5628.8   0.28473
   5634.9   0.28160
   5641.1   0.27708
   5647.2   0.27142
   5653.4   0.27075
   5659.5   0.27023
   5665.7   0.26996
   5671.9   0.26894
   5678.1   0.26501
   5684.4   0.26250
   5690.6   0.26170
   5696.9   0.25898
   5703.1   0.25836
   5709.4   0.25573
   5715.7   0.25081
   5722.0   0.24838
   5728.3   0.24767
   5734.7   0.24607
   5741.0   0.24304
   5747.4   0.23913
   5753.8   0.23524
   5760.1   0.23305
   5766.6   0.22735
   5773.0   0.21960
   5779.4   0.21989
   5785.9   0.21804
   5792.3   0.21484
   5798.8   0.21094
   5805.3   0.20663
   5811.8   0.20196
   5818.3   0.19626
   5824.9   0.18753
   5831.4   0.18162
   5838.0   0.17777
   5844.6   0.17438
   5851.2   0.16902
   5857.8   0.16234
   5864.4   0.15404
   5871.0   0.14572
   5877.7   0.13896
   5884.4   0.12869
   5891.1   0.11917
   5897.8   0.11355
   5904.5   0.10489
   5911.2   0.09919
   5918.0   0.09246
   5924.7   0.08550
   5931.5   0.08008
   5938.3   0.07546
   5945.1   0.07321
   5951.9   0.07568
   5958.8   0.07797
   5965.6   0.08011
   5972.5   0.08160
   5979.4   0.08474
   5986.3   0.08697
   5993.2   0.08777
   6000.2   0.08995
   6007.1   0.09197
   6014.1   0.09164
   6021.1   0.09057
   6028.1   0.08945
   6035.1   0.08755
   6042.1   0.08432
   6049.2   0.07865
   6056.2   0.07217
   6063.3   0.07007
   6070.4   0.06581
   6077.5   0.05898
   6084.7   0.05354
   6091.8   0.04914
   6099.0   0.04392
   6106.2   0.03847
   6113.4   0.03331
   6120.6   0.02814
   6127.8   0.02527
   6135.1   0.02314
   6142.3   0.02105
   6149.6   0.02001
   6156.9   0.01976
   6164.3   0.01981
   6171.6   0.02057
   6178.9   0.02123
   6186.3   0.02177
   6193.7   0.02289
   6201.1   0.02494
   6208.5   0.02753
   6216.0   0.03095
   6223.5   0.03473
   6230.9   0.03960
   6238.4   0.04477
   6245.9   0.05017
   6253.5   0.05611
   6261.0   0.06216
   6268.6   0.06747
   6276.2   0.07314
   6283.8   0.07858
   6291.4   0.08396
   6299.1   0.08866
   6306.7   0.09331
   6314.4   0.09780
   6322.1   0.10191
   6329.8   0.10539
   6337.6   0.10891
   6345.3   0.11074
   6353.1   0.11414
   6360.9   0.11920
   6368.7   0.12208
   6376.5   0.12357
   6384.4   0.12789
   6392.3   0.13160
   6400.2   0.13439
   6408.1   0.13561
   6416.0   0.13288
   6424.0   0.13304
   6431.9   0.13928
   6439.9   0.14235
   6447.9   0.14505
   6456.0   0.14600
   6464.0   0.14715
   6472.1   0.14823
   6480.2   0.14755
   6488.3   0.14650
   6496.4   0.14502
   6504.6   0.14695
   6512.7   0.15184
   6520.9   0.15240
   6529.1   0.15154
   6537.4   0.15430
   6545.6   0.15560
   6553.9   0.15516
   6562.2   0.15531
   6570.5   0.15593
   6578.9   0.15540
   6587.2   0.15849
   6595.6   0.16104
   6604.0   0.16319
   6612.4   0.16632
   6620.9   0.16744
   6629.3   0.16758
   6637.8   0.16469
   6646.3   0.16383
   6654.9   0.16970
   6663.4   0.17306
   6672.0   0.17270
   6680.6   0.17129
   6689.2   0.17083
   6697.8   0.17295
   6706.5   0.17312
   6715.2   0.17015
   6723.9   0.16924
   6732.6   0.17053
   6741.4   0.17145
   6750.2   0.17114
   6759.0   0.16998
   6767.8   0.16924
   6776.6   0.16706
   6785.5   0.16485
   6794.4   0.16249
   6803.3   0.16245
   6812.3   0.16455
   6821.2   0.16478
   6830.2   0.16295
   6839.2   0.16237
   6848.3   0.16301
   6857.3   0.16091
   6866.4   0.15613
   6875.5   0.15427
   6884.6   0.15670
   6893.8   0.15664
   6903.0   0.15494
   6912.2   0.15242
   6921.4   0.15131
   6930.7   0.15107
   6939.9   0.14992
   6949.2   0.14837
   6958.6   0.14629
   6967.9   0.14283
   6977.3   0.14224
   6986.7   0.14155
   6996.1   0.13933
   7005.6   0.13776
   7015.1   0.13693
   7024.6   0.13517
   7034.1   0.13322
   7043.7   0.13136
   7053.2   0.12828
   7062.9   0.12721
   7072.5   0.12713
   7082.2   0.12574
   7091.8   0.12394
   7101.6   0.12229
   7111.3   0.12041
   7121.1   0.11806
   7130.9   0.11607
   7140.7   0.11444
   7150.5   0.11211
   7160.4   0.10988
   7170.3   0.10810
   7180.2   0.10561
   7190.2   0.10434
   7200.2   0.10277
   7210.2   0.10017
   7220.2   0.09732
   7230.3   0.09550
   7240.4   0.09342
   7250.5   0.09112
   7260.7   0.08875
   7270.9   0.08673
   7281.1   0.08405
   7291.3   0.08138
   7301.6   0.07889
   7311.9   0.07658
   7322.2   0.07419
   7332.6   0.07191
   7343.0   0.06886
   7353.4   0.06660
   7363.8   0.06467
   7374.3   0.06262
   7384.8   0.06024
   7395.3   0.05763
   7405.9   0.05492
   7416.5   0.05275
   7427.1   0.05081
   7437.8   0.04883
   7448.5   0.04638
   7459.2   0.04411
   7469.9   0.04192
   7480.7   0.03985
   7491.5   0.03778
   7502.4   0.03618
   7513.2   0.03468
   7524.1   0.03315
   7535.1   0.03126
   7546.0   0.02972
   7557.0   0.02817
   7568.1   0.02673
   7579.1   0.02509
   7590.2   0.02406
   7601.4   0.02317
   7612.5   0.02206
   7623.7   0.02023
   7635.0   0.01895
   7646.2   0.01789
   7657.5   0.01681
   7668.8   0.01561
   7680.2   0.01487
   7691.6   0.01409
   7703.0   0.01309
   7714.5   0.01202
   7726.0   0.01128
   7737.5   0.01021
   7749.1   0.00973
   7760.7   0.00948
   7772.3   0.00902
   7784.0   0.00843
   7795.7   0.00801
   7807.4   0.00752
   7819.2   0.00735
   7831.0   0.00726
   7842.9   0.00715
   7854.7   0.00687
   7866.7   0.00681
   7878.6   0.00679
   7890.6   0.00665
   7902.6   0.00644
   7914.7   0.00654
   7926.8   0.00708
   7939.0   0.00772
   7951.1   0.00784
   7963.3   0.00833
   7975.6   0.00905
   7987.9   0.00991
   8000.2   0.01102
   8012.6   0.01237
   8025.0   0.01359
   8037.4   0.01491
   8049.9   0.01652
   8062.4   0.01871
   8075.0   0.02119
   8087.6   0.02388
   8100.2   0.02666
   8112.9   0.03019
   8125.6   0.03373
   8138.4   0.03769
   8151.2   0.04186
   8164.0   0.04580
   8176.9   0.04957
   8189.8   0.05334
   8202.7   0.05645
   8215.7   0.05864
   8228.8   0.06069
   8241.9   0.06343
   8255.0   0.06672
   8268.2   0.07009
   8281.4   0.07291
   8294.6   0.07539
   8307.9   0.07770
   8321.2   0.08097
   8334.6   0.08503
   8348.0   0.08993
   8361.5   0.09544
   8375.0   0.10071
   8388.6   0.10534
   8402.2   0.10806
   8415.8   0.10994
   8429.5   0.11182
   8443.2   0.11338
   8457.0   0.11469
   8470.8   0.11551
   8484.7   0.11668
   8498.6   0.11867
   8512.5   0.12130
   8526.5   0.12388
   8540.6   0.12606
   8554.7   0.12748
   8568.8   0.12719
   8583.0   0.12583
   8597.2   0.12605
   8611.5   0.12855
   8625.8   0.13185
   8640.2   0.13396
   8654.6   0.13461
   8669.1   0.13371
   8683.6   0.13089
   8698.2   0.12627
   8712.8   0.12095
   8727.5   0.11626
   8742.2   0.11224
   8757.0   0.10725
   8771.8   0.10109
   8786.7   0.09472
   8801.6   0.08980
   8816.6   0.08654
   8831.6   0.08416
   8846.6   0.08192
   8861.8   0.08010
   8876.9   0.07896
   8892.2   0.07818
   8907.4   0.07734
   8922.8   0.07722
   8938.2   0.07780
   8953.6   0.07806
   8969.1   0.07698
   8984.6   0.07484
   9000.2   0.07181
   9015.9   0.06752
   9031.6   0.06233
   9047.4   0.05779
   9063.2   0.05458
   9079.0   0.05371
   9095.0   0.05538
   9111.0   0.05855
   9127.0   0.06147
   9143.1   0.06434
   9159.2   0.06658
   9175.5   0.06706
   9191.7   0.06675
   9208.1   0.06558
   9224.4   0.06338
   9240.9   0.06072
   9257.4   0.05886
   9273.9   0.05878
   9290.6   0.05879
   9307.2   0.05854
   9324.0   0.05919
   9340.8   0.06045
   9357.6   0.06128
   9374.6   0.06213
   9391.5   0.06339
   9408.6   0.06411
   9425.7   0.06464
   9442.9   0.06569
   9460.1   0.06702
   9477.4   0.06829
   9494.8   0.06944
   9512.2   0.07091
   9529.7   0.07210
   9547.2   0.07343
   9564.8   0.07485
   9582.5   0.07565
   9600.3   0.07607
   9618.1   0.07684
   9635.9   0.07770
   9653.9   0.07840
   9671.9   0.07846
   9690.0   0.07829
   9708.1   0.07846
   9726.3   0.07774
   9744.6   0.07644
   9763.0   0.07534
   9781.4   0.07354
   9799.9   0.07075
   9818.4   0.06649
   9837.1   0.06034
   9855.8   0.05315
   9874.5   0.04775
   9893.4   0.04483
   9912.3   0.04224
   9931.3   0.04110
   9950.4   0.04362
   9969.5   0.04943
   9988.7   0.05653
  10008.0   0.06269
  10027.3   0.06738
  10046.8   0.07120
  10066.3   0.07347
  10085.9   0.07550
  10105.5   0.07728
  10125.3   0.07827
  10145.1   0.07900
  10165.0   0.07980
  10184.9   0.08120
  10205.0   0.08289
  10225.1   0.08370
  10245.3   0.08429
  10265.6   0.08464
  10286.0   0.08498
  10306.4   0.08603
  10327.0   0.08670
  10347.6   0.08650
  10368.3   0.08658
  10389.0   0.08709
  10409.9   0.08739
  10430.9   0.08742
  10451.9   0.08731
  10473.0   0.08741
  10494.2   0.08793
  10515.5   0.08862
  10536.9   0.08843
  10558.3   0.08820
  10579.9   0.08825
  10601.5   0.08842
  10623.2   0.08831
  10645.0   0.08789
  10666.9   0.08820
  10688.9   0.08832
  10711.0   0.08806
  10733.2   0.08782
  10755.5   0.08802
  10777.8   0.08787
  10800.3   0.08761
  10822.8   0.08773
  10845.5   0.08793
  10868.2   0.08776
  10891.0   0.08763
  10914.0   0.08767
  10937.0   0.08760
  10960.1   0.08764
  10983.3   0.08777
  11006.7   0.08752
  11030.1   0.08697
  11053.6   0.08719
  11077.2   0.08727
  11100.9   0.08679
  11124.8   0.08715
  11148.7   0.08711
  11172.7   0.08600
  11196.8   0.08582
  11221.1   0.08547
  11245.4   0.08450
  11269.9   0.08405
  11294.4   0.08450
  11319.1   0.08456
  11343.8   0.08379
  11368.7   0.08329
  11393.7   0.08283
  11418.8   0.08296
  11444.0   0.08276
  11469.3   0.08230
  11494.8   0.08205
  11520.3   0.08118
  11546.0   0.08063
  11571.7   0.08069
  11597.6   0.08042
  11623.6   0.07964
  11649.7   0.07902
  11676.0   0.07908
  11702.3   0.07943
  11728.8   0.07887
  11755.4   0.07806
  11782.1   0.07781
  11809.0   0.07770
  11835.9   0.07697
  11863.0   0.07648
  11890.2   0.07654
  11917.6   0.07660
  11945.0   0.07602
  11972.6   0.07565
  12000.3   0.07576
  12028.2   0.07548
  12056.1   0.07498
  12084.2   0.07435
  12112.5   0.07421
  12140.8   0.07399
  12169.3   0.07373
  12198.0   0.07324
  12226.7   0.07289
  12255.6   0.07270
  12284.7   0.07294
  12313.9   0.07260
  12343.2   0.07184
  12372.6   0.07131
  12402.2   0.07128
  12432.0   0.07089
  12461.9   0.07061
  12491.9   0.07041
  12522.1   0.07022
  12552.4   0.07006
  12582.9   0.06964
  12613.5   0.06926
  12644.2   0.06877
  12675.1   0.06888
  12706.2   0.06877
  12737.4   0.06865
  12768.8   0.06826
  12800.3   0.06749
  12832.0   0.06753
  12863.9   0.06801
  12895.9   0.06788
  12928.0   0.06650
  12960.3   0.06576
  12992.8   0.06584
  13025.5   0.06569
  13058.3   0.06525
  13091.3   0.06436
  13124.4   0.06348
  13157.7   0.06302
  13191.2   0.06290
  13224.8   0.06252
  13258.7   0.06171
  13292.7   0.06079
  13326.8   0.06057
  13361.2   0.06064
  13395.7   0.06028
  13430.4   0.05906
  13465.3   0.05750
  13500.4   0.05676
  13535.6   0.05637
  13571.0   0.05509
  13606.7   0.05413
  13642.5   0.05383
  13678.5   0.05318
  13714.6   0.05176
  13751.0   0.05077
  13787.6   0.04992
  13824.4   0.04885
  13861.3   0.04765
  13898.5   0.04712
  13935.8   0.04641
  13973.4   0.04515
  14011.2   0.04423
  14049.1   0.04263
  14087.3   0.04161
  14125.7   0.04109
  14164.3   0.04043
  14203.1   0.03921
  14242.1   0.03811
  14281.4   0.03749
  14320.8   0.03666
  14360.5   0.03631
  14400.4   0.03581
  14440.5   0.03564
  14480.8   0.03590
  14521.4   0.03666
  14562.2   0.03794
  14603.2   0.03944
  14644.4   0.04078
  14685.9   0.04216
  14727.7   0.04286
  14769.6   0.04334
  14811.8   0.04415
  14854.3   0.04502
  14896.9   0.04572
  14939.9   0.04629
  14983.0   0.04521
  15026.5   0.04582
  15070.2   0.04752
  15114.1   0.04640
  15158.3   0.04405
  15202.7   0.04278
  15247.5   0.04288
  15292.4   0.04218
  15337.7   0.04190
  15383.2   0.04147
  15429.0   0.04151
  15475.0   0.04100
  15521.4   0.04012
  15568.0   0.03867
  15614.9   0.03689
  15662.0   0.03426
  15709.5   0.03119
  15757.2   0.02817
  15805.3   0.02471
  15853.6   0.02120
  15902.3   0.01874
  15951.2   0.01798
  16000.4   0.01807
  16050.0   0.01821
  16099.8   0.01820
  16150.0   0.01763
  16200.4   0.01722
  16251.2   0.01758
  16302.3   0.01950
  16353.7   0.02197
  16405.5   0.02479
  16457.6   0.02745
  16510.0   0.03009
  16562.7   0.03335
  16615.8   0.03768
  16669.2   0.04317
  16723.0   0.04757
  16777.1   0.04783
  16831.6   0.04622
  16886.4   0.04484
  16941.6   0.04460
  16997.2   0.04538
  17053.1   0.04478
  17109.4   0.04506
  17166.0   0.04609
  17223.0   0.04569
  17280.4   0.04540
  17338.2   0.04576
  17396.4   0.04592
  17455.0   0.04556
  17514.0   0.04530
  17573.3   0.04540
  17633.1   0.04571
  17693.3   0.04620
  17753.9   0.04648
  17814.9   0.04660
  17876.3   0.04633
  17938.2   0.04558
  18000.5   0.04586
  18063.2   0.04540
  18126.3   0.04366
  18189.9   0.04325
  18254.0   0.04387
  18318.5   0.04331
  18383.5   0.04268
  18448.9   0.04210
  18514.8   0.04159
  18581.1   0.04106
  18648.0   0.04095
  18715.3   0.04106
  18783.1   0.04088
  18851.4   0.04001
  18920.2   0.04024
  18989.5   0.04007
  19059.3   0.04006
  19129.6   0.03937
  19200.5   0.03942
  19271.9   0.03929
  19343.8   0.03737
  19416.2   0.03648
  19489.2   0.03750
  19562.8   0.03742
  19636.9   0.03676
  19711.5   0.03605
  19786.8   0.03565
  19862.6   0.03741
  19939.0   0.03720
  20016.0   0.03702
  20093.5   0.03685
  20171.7   0.03698
  20250.5   0.03740
  20329.9   0.03722
  20410.0   0.03765
  20490.7   0.03754
  20572.0   0.03652
  20653.9   0.03790
  20736.5   0.03812
  20819.8   0.03664
  20903.8   0.03585
  20988.4   0.03802
  21073.7   0.03839
  21159.7   0.03714
  21246.5   0.03802
  21333.9   0.03938
  21422.0   0.03772
  21510.9   0.03730
  21600.6   0.03813
  21690.9   0.03956
  21782.1   0.04185
  21874.0   0.04171
  21966.7   0.04350
  22060.1   0.04364
  22154.4   0.03977
  22249.5   0.03941
  22345.4   0.04266
  22442.1   0.04242
  22539.7   0.04455
  22638.1   0.04057
  22737.4   0.03547
  22837.6   0.04094
  22938.7   0.04120
  23040.6   0.04233
  23143.5   0.03801
  23247.2   0.03576
  23352.0   0.05357
  23457.6   0.07163
  23564.3   0.05261
  23671.8   0.04347
  23780.4   0.03939
  23890.0   0.03620
  24000.6   0.04213
  24112.3   0.03132
  24224.9   0.00431
  24338.7   0.01232
  24453.5   0.03628
  24569.4   0.03321
  24686.4   0.02462
  24804.5   0.04235
  24923.7   0.03726



 LOFF556     .ASC                        

 JB-JLB-556                                                              
 Gypsum <63 um (off-axis)                                                

 Source Ang: 30.00   Detect Ang: 30.00  Volt: 1.222
 Date:  6-OCT-02   Time: 06:08:21
