  3045
    300.0   0.68588
    305.0   0.69683
    310.0   0.71135
    315.0   0.72520
    320.0   0.74033
    325.0   0.75234
    330.0   0.76486
    335.0   0.77529
    340.0   0.78594
    345.0   0.79520
    350.0   0.80387
    355.0   0.81235
    360.0   0.81951
    365.0   0.82829
    370.0   0.83338
    375.0   0.84098
    380.0   0.84556
    385.0   0.85083
    390.0   0.85366
    395.0   0.85624
    400.0   0.85908
    405.0   0.86171
    410.0   0.86504
    415.0   0.86767
    420.0   0.87027
    425.0   0.87311
    430.0   0.87604
    435.0   0.87872
    440.0   0.88118
    445.0   0.88354
    450.0   0.88572
    455.0   0.88814
    460.0   0.88967
    465.0   0.89141
    470.0   0.89327
    475.0   0.89485
    480.0   0.89645
    485.0   0.89845
    490.0   0.89995
    495.0   0.90181
    500.0   0.90312
    505.0   0.90424
    510.0   0.90627
    515.0   0.90765
    520.0   0.90929
    525.0   0.91081
    530.0   0.91127
    535.0   0.91209
    540.0   0.91262
    545.0   0.91387
    550.0   0.91472
    555.0   0.91584
    560.0   0.91720
    565.0   0.91819
    570.0   0.91896
    575.0   0.91972
    580.0   0.92076
    585.0   0.92110
    590.0   0.92158
    595.0   0.92246
    600.0   0.92114
    605.0   0.92273
    610.0   0.92200
    615.0   0.92109
    620.0   0.92041
    625.0   0.92051
    630.0   0.92006
    635.0   0.91980
    640.0   0.91861
    645.0   0.91949
    650.0   0.91944
    655.0   0.91950
    660.0   0.91985
    665.0   0.91910
    670.0   0.91944
    675.0   0.92042
    680.0   0.92025
    685.0   0.92038
    690.0   0.92018
    695.0   0.91990
    700.0   0.92014
    705.0   0.92060
    710.0   0.92049
    715.0   0.91999
    720.0   0.92125
    725.0   0.92033
    730.0   0.92226
    735.0   0.92116
    740.0   0.92146
    745.0   0.92067
    750.0   0.92167
    755.0   0.92001
    760.0   0.92173
    765.0   0.92167
    770.0   0.92147
    775.0   0.92190
    780.0   0.92207
    785.0   0.92090
    790.0   0.92223
    795.0   0.92189
    800.0   0.92166
    805.0   0.92269
    810.0   0.92299
    815.0   0.92319
    820.0   0.92433
    825.0   0.92406
    830.0   0.92435
    835.0   0.92346
    840.0   0.92472
    845.0   0.92398
    850.0   0.92482
    855.0   0.92577
    860.0   0.92637
    865.0   0.92647
    870.0   0.92668
    875.0   0.92622
    880.0   0.92701
    885.0   0.92740
    890.0   0.92841
    895.0   0.92786
    900.0   0.92840
    905.0   0.92770
    910.0   0.92965
    915.0   0.92923
    920.0   0.92987
    925.0   0.92974
    930.0   0.93008
    935.0   0.93073
    940.0   0.93055
    945.0   0.93125
    950.0   0.93192
    955.0   0.93216
    960.0   0.93227
    965.0   0.93252
    970.0   0.93324
    975.0   0.93323
    980.0   0.93312
    985.0   0.93483
    990.0   0.93408
    995.0   0.93484
   1000.0   0.93350
   1005.0   0.93374
   1010.0   0.93437
   1015.0   0.93561
   1020.0   0.93477
   1025.0   0.93588
   1030.0   0.93629
   1035.0   0.93664
   1040.0   0.93606
   1045.0   0.93628
   1050.0   0.93676
   1055.0   0.93739
   1060.0   0.93762
   1065.0   0.93790
   1070.0   0.93795
   1075.0   0.93826
   1080.0   0.93832
   1085.0   0.93892
   1090.0   0.93894
   1095.0   0.93925
   1100.0   0.93956
   1105.0   0.93974
   1110.0   0.94000
   1115.0   0.93979
   1120.0   0.94123
   1125.0   0.94054
   1130.0   0.94078
   1135.0   0.94076
   1140.0   0.94138
   1145.0   0.94149
   1150.0   0.94142
   1155.0   0.94193
   1160.0   0.94222
   1165.0   0.94206
   1170.0   0.94324
   1175.0   0.94261
   1180.0   0.94332
   1185.0   0.94322
   1190.0   0.94325
   1195.0   0.94351
   1200.0   0.94311
   1205.0   0.94390
   1210.0   0.94343
   1215.0   0.94459
   1220.0   0.94392
   1225.0   0.94439
   1230.0   0.94423
   1235.0   0.94470
   1240.0   0.94457
   1245.0   0.94456
   1250.0   0.94438
   1255.0   0.94427
   1260.0   0.94529
   1265.0   0.94545
   1270.0   0.94523
   1275.0   0.94541
   1280.0   0.94511
   1285.0   0.94549
   1290.0   0.94492
   1295.0   0.94538
   1300.0   0.94559
   1305.0   0.94578
   1310.0   0.94635
   1315.0   0.94600
   1320.0   0.94648
   1325.0   0.94630
   1330.0   0.94708
   1335.0   0.94687
   1340.0   0.94712
   1345.0   0.94694
   1350.0   0.94624
   1355.0   0.94442
   1360.0   0.94509
   1365.0   0.94642
   1370.0   0.94665
   1375.0   0.94616
   1380.0   0.94456
   1385.0   0.94803
   1390.0   0.94818
   1395.0   0.94550
   1400.0   0.94518
   1405.0   0.94507
   1410.0   0.94706
   1415.0   0.94613
   1420.0   0.94556
   1425.0   0.94684
   1430.0   0.94658
   1435.0   0.94773
   1440.0   0.94707
   1445.0   0.94688
   1450.0   0.94676
   1455.0   0.94699
   1460.0   0.94666
   1465.0   0.94721
   1470.0   0.94699
   1475.0   0.94758
   1480.0   0.94729
   1485.0   0.94794
   1490.0   0.94728
   1495.0   0.94851
   1500.0   0.94799
   1505.0   0.94853
   1510.0   0.94825
   1515.0   0.94885
   1520.0   0.94917
   1525.0   0.94979
   1530.0   0.94919
   1535.0   0.94895
   1540.0   0.94930
   1545.0   0.94915
   1550.0   0.94968
   1555.0   0.94954
   1560.0   0.94885
   1565.0   0.94926
   1570.0   0.94960
   1575.0   0.94931
   1580.0   0.94970
   1585.0   0.94912
   1590.0   0.95011
   1595.0   0.94970
   1600.0   0.95120
   1605.0   0.95061
   1610.0   0.95103
   1615.0   0.95113
   1620.0   0.95100
   1625.0   0.95109
   1630.0   0.95010
   1635.0   0.94975
   1640.0   0.95045
   1645.0   0.95062
   1650.0   0.95194
   1655.0   0.95048
   1660.0   0.95021
   1665.0   0.95083
   1670.0   0.95159
   1675.0   0.95090
   1680.0   0.95051
   1685.0   0.95107
   1690.0   0.95078
   1695.0   0.95035
   1700.0   0.95053
   1705.0   0.95048
   1710.0   0.95032
   1715.0   0.95043
   1720.0   0.94987
   1725.0   0.95008
   1730.0   0.94907
   1735.0   0.94909
   1740.0   0.94914
   1745.0   0.94864
   1750.0   0.94848
   1750.8   0.94671
   1751.4   0.94828
   1752.0   0.95300
   1752.6   0.95353
   1753.2   0.95420
   1753.8   0.95132
   1754.4   0.95149
   1755.0   0.95008
   1755.5   0.95292
   1756.1   0.95058
   1756.7   0.94702
   1757.3   0.95370
   1757.9   0.95622
   1758.5   0.95374
   1759.1   0.95342
   1759.7   0.95486
   1760.3   0.95416
   1760.9   0.95390
   1761.5   0.95467
   1762.1   0.95242
   1762.7   0.95397
   1763.3   0.95323
   1763.9   0.94896
   1764.5   0.94625
   1765.1   0.95090
   1765.7   0.95482
   1766.3   0.95089
   1766.9   0.95244
   1767.5   0.95699
   1768.1   0.95527
   1768.7   0.95759
   1769.3   0.95895
   1769.9   0.95455
   1770.5   0.95405
   1771.1   0.95524
   1771.7   0.95650
   1772.4   0.95747
   1773.0   0.95836
   1773.6   0.95511
   1774.2   0.95514
   1774.8   0.95347
   1775.4   0.95077
   1776.0   0.95215
   1776.6   0.95171
   1777.2   0.95041
   1777.8   0.94841
   1778.4   0.94947
   1779.0   0.95008
   1779.7   0.95508
   1780.3   0.95711
   1780.9   0.95367
   1781.5   0.94869
   1782.1   0.94900
   1782.7   0.95277
   1783.3   0.95532
   1783.9   0.95322
   1784.6   0.95245
   1785.2   0.95311
   1785.8   0.95531
   1786.4   0.95485
   1787.0   0.95422
   1787.6   0.95471
   1788.2   0.95882
   1788.9   0.95990
   1789.5   0.95882
   1790.1   0.95766
   1790.7   0.95486
   1791.3   0.95140
   1792.0   0.94751
   1792.6   0.95014
   1793.2   0.95229
   1793.8   0.95438
   1794.4   0.95601
   1795.1   0.95936
   1795.7   0.96180
   1796.3   0.95694
   1796.9   0.95568
   1797.6   0.95073
   1798.2   0.94962
   1798.8   0.95268
   1799.4   0.95316
   1800.0   0.95405
   1800.7   0.95237
   1801.3   0.95674
   1801.9   0.95917
   1802.6   0.95423
   1803.2   0.94980
   1803.8   0.95243
   1804.4   0.95644
   1805.1   0.95666
   1805.7   0.95553
   1806.3   0.95590
   1806.9   0.95130
   1807.6   0.94612
   1808.2   0.94698
   1808.8   0.95173
   1809.5   0.95297
   1810.1   0.95269
   1810.7   0.94768
   1811.4   0.94632
   1812.0   0.94739
   1812.6   0.94967
   1813.3   0.94914
   1813.9   0.94990
   1814.5   0.95140
   1815.2   0.95252
   1815.8   0.95046
   1816.4   0.95337
   1817.1   0.95459
   1817.7   0.95247
   1818.4   0.95572
   1819.0   0.96049
   1819.6   0.95255
   1820.3   0.94947
   1820.9   0.95296
   1821.6   0.95207
   1822.2   0.94840
   1822.8   0.94537
   1823.5   0.95051
   1824.1   0.95410
   1824.8   0.95101
   1825.4   0.94909
   1826.0   0.94999
   1826.7   0.95150
   1827.3   0.95549
   1828.0   0.95754
   1828.6   0.95272
   1829.3   0.94920
   1829.9   0.94652
   1830.6   0.94327
   1831.2   0.94449
   1831.8   0.94767
   1832.5   0.94903
   1833.1   0.94984
   1833.8   0.94756
   1834.4   0.94583
   1835.1   0.94625
   1835.7   0.94943
   1836.4   0.95183
   1837.0   0.95211
   1837.7   0.95450
   1838.3   0.95163
   1839.0   0.94817
   1839.7   0.94750
   1840.3   0.93900
   1841.0   0.93837
   1841.6   0.94517
   1842.3   0.94443
   1842.9   0.94030
   1843.6   0.94466
   1844.2   0.94863
   1844.9   0.94763
   1845.5   0.94907
   1846.2   0.94879
   1846.9   0.95315
   1847.5   0.95263
   1848.2   0.94538
   1848.8   0.94515
   1849.5   0.94468
   1850.2   0.94654
   1850.8   0.95115
   1851.5   0.95139
   1852.1   0.94744
   1852.8   0.94948
   1853.5   0.94930
   1854.1   0.94429
   1854.8   0.94102
   1855.5   0.94491
   1856.1   0.94771
   1856.8   0.94567
   1857.4   0.94353
   1858.1   0.94473
   1858.8   0.94333
   1859.4   0.94239
   1860.1   0.94415
   1860.8   0.94522
   1861.4   0.94398
   1862.1   0.94307
   1862.8   0.94505
   1863.5   0.94631
   1864.1   0.94532
   1864.8   0.94560
   1865.5   0.94151
   1866.1   0.93943
   1866.8   0.94464
   1867.5   0.94417
   1868.2   0.93724
   1868.8   0.93404
   1869.5   0.93601
   1870.2   0.93529
   1870.9   0.93567
   1871.5   0.93712
   1872.2   0.93437
   1872.9   0.93505
   1873.6   0.93306
   1874.2   0.93081
   1874.9   0.92960
   1875.6   0.93091
   1876.3   0.92758
   1876.9   0.92784
   1877.6   0.93451
   1878.3   0.93880
   1879.0   0.93846
   1879.7   0.93632
   1880.4   0.93302
   1881.0   0.93393
   1881.7   0.93871
   1882.4   0.94102
   1883.1   0.93910
   1883.8   0.93970
   1884.5   0.94033
   1885.1   0.94192
   1885.8   0.94359
   1886.5   0.93974
   1887.2   0.93622
   1887.9   0.94107
   1888.6   0.94774
   1889.3   0.95068
   1890.0   0.94735
   1890.6   0.94164
   1891.3   0.94406
   1892.0   0.94635
   1892.7   0.94004
   1893.4   0.94103
   1894.1   0.94391
   1894.8   0.94224
   1895.5   0.94138
   1896.2   0.94222
   1896.9   0.94707
   1897.6   0.94933
   1898.3   0.94429
   1899.0   0.94363
   1899.6   0.94529
   1900.3   0.94345
   1901.0   0.94386
   1901.7   0.94316
   1902.4   0.94572
   1903.1   0.94585
   1903.8   0.94311
   1904.5   0.94341
   1905.2   0.94602
   1905.9   0.94583
   1906.6   0.94284
   1907.3   0.94235
   1908.0   0.94075
   1908.7   0.94185
   1909.4   0.94589
   1910.1   0.94470
   1910.8   0.94236
   1911.6   0.94179
   1912.3   0.94330
   1913.0   0.94329
   1913.7   0.94494
   1914.4   0.94415
   1915.1   0.94212
   1915.8   0.94357
   1916.5   0.94407
   1917.2   0.94240
   1917.9   0.94202
   1918.6   0.94070
   1919.3   0.94124
   1920.0   0.94202
   1920.8   0.94165
   1921.5   0.93938
   1922.2   0.93811
   1922.9   0.94141
   1923.6   0.94546
   1924.3   0.94610
   1925.0   0.94424
   1925.8   0.94420
   1926.5   0.94623
   1927.2   0.94767
   1927.9   0.94680
   1928.6   0.94266
   1929.3   0.94152
   1930.1   0.94551
   1930.8   0.94511
   1931.5   0.94262
   1932.2   0.94242
   1932.9   0.94242
   1933.7   0.94011
   1934.4   0.93826
   1935.1   0.93937
   1935.8   0.94128
   1936.5   0.93883
   1937.3   0.93825
   1938.0   0.93906
   1938.7   0.94077
   1939.4   0.94100
   1940.2   0.93811
   1940.9   0.93619
   1941.6   0.94090
   1942.4   0.94187
   1943.1   0.93724
   1943.8   0.93584
   1944.5   0.93934
   1945.3   0.94038
   1946.0   0.94483
   1946.7   0.94466
   1947.5   0.94043
   1948.2   0.93860
   1948.9   0.93841
   1949.7   0.93919
   1950.4   0.94175
   1951.1   0.93900
   1951.9   0.93604
   1952.6   0.93820
   1953.3   0.93808
   1954.1   0.93562
   1954.8   0.93634
   1955.5   0.93676
   1956.3   0.93583
   1957.0   0.93592
   1957.8   0.93548
   1958.5   0.93209
   1959.2   0.93470
   1960.0   0.93616
   1960.7   0.93618
   1961.5   0.93439
   1962.2   0.93296
   1962.9   0.93473
   1963.7   0.93613
   1964.4   0.93274
   1965.2   0.93090
   1965.9   0.93265
   1966.7   0.93609
   1967.4   0.93762
   1968.2   0.93684
   1968.9   0.93451
   1969.7   0.93261
   1970.4   0.93195
   1971.2   0.93388
   1971.9   0.93418
   1972.7   0.93255
   1973.4   0.92827
   1974.2   0.92861
   1974.9   0.93145
   1975.7   0.93355
   1976.4   0.93317
   1977.2   0.93141
   1977.9   0.92930
   1978.7   0.93118
   1979.4   0.93398
   1980.2   0.93219
   1980.9   0.92982
   1981.7   0.93065
   1982.5   0.93044
   1983.2   0.93174
   1984.0   0.93134
   1984.7   0.93071
   1985.5   0.92923
   1986.3   0.92809
   1987.0   0.92768
   1987.8   0.92798
   1988.5   0.92534
   1989.3   0.92681
   1990.1   0.92859
   1990.8   0.92450
   1991.6   0.92186
   1992.4   0.92239
   1993.1   0.92239
   1993.9   0.92151
   1994.7   0.92061
   1995.4   0.91931
   1996.2   0.91807
   1997.0   0.91669
   1997.7   0.91515
   1998.5   0.91671
   1999.3   0.91860
   2000.1   0.91840
   2000.8   0.91795
   2001.6   0.91913
   2002.4   0.92086
   2003.1   0.92020
   2003.9   0.92010
   2004.7   0.92416
   2005.5   0.92391
   2006.2   0.92560
   2007.0   0.92767
   2007.8   0.92366
   2008.6   0.92334
   2009.4   0.92646
   2010.1   0.92619
   2010.9   0.92804
   2011.7   0.92921
   2012.5   0.92841
   2013.3   0.92439
   2014.0   0.92476
   2014.8   0.92634
   2015.6   0.92922
   2016.4   0.92927
   2017.2   0.92726
   2018.0   0.92547
   2018.7   0.92634
   2019.5   0.92816
   2020.3   0.93022
   2021.1   0.93085
   2021.9   0.93074
   2022.7   0.92935
   2023.5   0.92964
   2024.3   0.93144
   2025.1   0.93147
   2025.8   0.92932
   2026.6   0.92945
   2027.4   0.92929
   2028.2   0.93092
   2029.0   0.93322
   2029.8   0.93283
   2030.6   0.93063
   2031.4   0.93056
   2032.2   0.93104
   2033.0   0.93081
   2033.8   0.93129
   2034.6   0.93195
   2035.4   0.93238
   2036.2   0.93297
   2037.0   0.92989
   2037.8   0.93077
   2038.6   0.93355
   2039.4   0.93295
   2040.2   0.93158
   2041.0   0.93207
   2041.8   0.93012
   2042.6   0.92925
   2043.4   0.92879
   2044.2   0.92793
   2045.0   0.92804
   2045.8   0.92798
   2046.6   0.92986
   2047.4   0.93259
   2048.3   0.93251
   2049.1   0.92927
   2049.9   0.92574
   2050.7   0.92441
   2051.5   0.92643
   2052.3   0.93038
   2053.1   0.93009
   2053.9   0.92852
   2054.8   0.92970
   2055.6   0.93231
   2056.4   0.93190
   2057.2   0.93048
   2058.0   0.92808
   2058.8   0.92703
   2059.6   0.92787
   2060.5   0.92924
   2061.3   0.92910
   2062.1   0.92997
   2062.9   0.93007
   2063.7   0.92793
   2064.6   0.92731
   2065.4   0.92794
   2066.2   0.92905
   2067.0   0.93063
   2067.9   0.93048
   2068.7   0.92761
   2069.5   0.92789
   2070.3   0.92821
   2071.2   0.92809
   2072.0   0.92852
   2072.8   0.93074
   2073.7   0.93303
   2074.5   0.93166
   2075.3   0.92840
   2076.1   0.92655
   2077.0   0.92663
   2077.8   0.92610
   2078.6   0.92721
   2079.5   0.92637
   2080.3   0.92590
   2081.1   0.92645
   2082.0   0.92716
   2082.8   0.92493
   2083.7   0.92709
   2084.5   0.92974
   2085.3   0.92961
   2086.2   0.92656
   2087.0   0.92500
   2087.9   0.92672
   2088.7   0.92552
   2089.5   0.92531
   2090.4   0.92747
   2091.2   0.92563
   2092.1   0.92356
   2092.9   0.92524
   2093.8   0.92852
   2094.6   0.92760
   2095.4   0.92789
   2096.3   0.92877
   2097.1   0.92929
   2098.0   0.92805
   2098.8   0.92462
   2099.7   0.92293
   2100.5   0.92576
   2101.4   0.92621
   2102.2   0.92251
   2103.1   0.92124
   2104.0   0.92511
   2104.8   0.92664
   2105.7   0.92298
   2106.5   0.92220
   2107.4   0.92316
   2108.2   0.92346
   2109.1   0.92379
   2109.9   0.92323
   2110.8   0.92237
   2111.7   0.92149
   2112.5   0.92038
   2113.4   0.92054
   2114.2   0.92243
   2115.1   0.92128
   2116.0   0.92060
   2116.8   0.92105
   2117.7   0.92092
   2118.6   0.92037
   2119.4   0.92137
   2120.3   0.92252
   2121.2   0.92300
   2122.0   0.92043
   2122.9   0.91786
   2123.8   0.91858
   2124.6   0.91761
   2125.5   0.91823
   2126.4   0.92164
   2127.3   0.92200
   2128.1   0.91974
   2129.0   0.91939
   2129.9   0.92067
   2130.8   0.91895
   2131.6   0.91742
   2132.5   0.91948
   2133.4   0.92216
   2134.3   0.92106
   2135.1   0.91978
   2136.0   0.91838
   2136.9   0.91784
   2137.8   0.91645
   2138.7   0.91757
   2139.6   0.91764
   2140.4   0.91662
   2141.3   0.91653
   2142.2   0.91548
   2143.1   0.91417
   2144.0   0.91389
   2144.9   0.91030
   2145.8   0.91082
   2146.6   0.91182
   2147.5   0.91006
   2148.4   0.91151
   2149.3   0.91122
   2150.2   0.90804
   2151.1   0.90665
   2152.0   0.90937
   2152.9   0.91065
   2153.8   0.91105
   2154.7   0.91176
   2155.6   0.91065
   2156.5   0.91014
   2157.4   0.91031
   2158.3   0.91020
   2159.2   0.90946
   2160.1   0.90983
   2161.0   0.91025
   2161.9   0.90969
   2162.8   0.90782
   2163.7   0.90724
   2164.6   0.90792
   2165.5   0.90868
   2166.4   0.91057
   2167.3   0.91065
   2168.2   0.91050
   2169.1   0.91183
   2170.0   0.91309
   2170.9   0.91132
   2171.8   0.91182
   2172.7   0.91347
   2173.6   0.91344
   2174.6   0.91353
   2175.5   0.91422
   2176.4   0.91435
   2177.3   0.91376
   2178.2   0.91580
   2179.1   0.91597
   2180.0   0.91563
   2181.0   0.91686
   2181.9   0.91438
   2182.8   0.91187
   2183.7   0.91335
   2184.6   0.91424
   2185.6   0.91440
   2186.5   0.91616
   2187.4   0.91886
   2188.3   0.91851
   2189.2   0.91770
   2190.2   0.91670
   2191.1   0.91565
   2192.0   0.91397
   2193.0   0.91601
   2193.9   0.91663
   2194.8   0.91607
   2195.7   0.91561
   2196.7   0.91404
   2197.6   0.91346
   2198.5   0.91528
   2199.5   0.91435
   2200.4   0.91191
   2201.3   0.91155
   2202.3   0.91309
   2203.2   0.91234
   2204.1   0.91259
   2205.1   0.91386
   2206.0   0.91516
   2207.0   0.91423
   2207.9   0.91211
   2208.8   0.91077
   2209.8   0.91093
   2210.7   0.90996
   2211.7   0.91127
   2212.6   0.91324
   2213.6   0.91274
   2214.5   0.91098
   2215.4   0.91034
   2216.4   0.91044
   2217.3   0.91121
   2218.3   0.91314
   2219.2   0.91124
   2220.2   0.90770
   2221.1   0.90604
   2222.1   0.90519
   2223.0   0.90503
   2224.0   0.90400
   2225.0   0.90549
   2225.9   0.90720
   2226.9   0.90506
   2227.8   0.90411
   2228.8   0.90322
   2229.7   0.90467
   2230.7   0.90477
   2231.7   0.90258
   2232.6   0.90259
   2233.6   0.90248
   2234.5   0.90202
   2235.5   0.89940
   2236.5   0.90105
   2237.4   0.90212
   2238.4   0.90025
   2239.4   0.89817
   2240.3   0.89769
   2241.3   0.89823
   2242.3   0.89746
   2243.2   0.89590
   2244.2   0.89626
   2245.2   0.89677
   2246.2   0.89678
   2247.1   0.89516
   2248.1   0.89454
   2249.1   0.89292
   2250.1   0.89075
   2251.0   0.88988
   2252.0   0.88821
   2253.0   0.88822
   2254.0   0.88711
   2255.0   0.88561
   2255.9   0.88498
   2256.9   0.88479
   2257.9   0.88515
   2258.9   0.88333
   2259.9   0.88049
   2260.9   0.87982
   2261.8   0.88028
   2262.8   0.87897
   2263.8   0.87648
   2264.8   0.87459
   2265.8   0.87464
   2266.8   0.87482
   2267.8   0.87360
   2268.8   0.87097
   2269.8   0.86903
   2270.8   0.86724
   2271.8   0.86572
   2272.7   0.86503
   2273.7   0.86603
   2274.7   0.86430
   2275.7   0.86153
   2276.7   0.86151
   2277.7   0.85981
   2278.7   0.85746
   2279.7   0.85579
   2280.7   0.85293
   2281.7   0.85115
   2282.8   0.84926
   2283.8   0.84672
   2284.8   0.84299
   2285.8   0.84234
   2286.8   0.84273
   2287.8   0.84189
   2288.8   0.83912
   2289.8   0.83695
   2290.8   0.83448
   2291.8   0.83358
   2292.9   0.83239
   2293.9   0.82977
   2294.9   0.82902
   2295.9   0.82867
   2296.9   0.82727
   2297.9   0.82583
   2299.0   0.82554
   2300.0   0.82705
   2301.0   0.82700
   2302.0   0.82539
   2303.0   0.82328
   2304.1   0.82348
   2305.1   0.82323
   2306.1   0.82194
   2307.1   0.82183
   2308.2   0.82013
   2309.2   0.82040
   2310.2   0.82032
   2311.3   0.81864
   2312.3   0.81701
   2313.3   0.81690
   2314.3   0.81689
   2315.4   0.81461
   2316.4   0.81345
   2317.4   0.81198
   2318.5   0.81002
   2319.5   0.80846
   2320.6   0.80795
   2321.6   0.80712
   2322.6   0.80605
   2323.7   0.80381
   2324.7   0.80062
   2325.8   0.79736
   2326.8   0.79498
   2327.9   0.79413
   2328.9   0.79128
   2329.9   0.78826
   2331.0   0.78441
   2332.0   0.78195
   2333.1   0.77976
   2334.1   0.77773
   2335.2   0.77616
   2336.2   0.77519
   2337.3   0.77366
   2338.4   0.77006
   2339.4   0.76817
   2340.5   0.77042
   2341.5   0.77198
   2342.6   0.77107
   2343.6   0.76973
   2344.7   0.77061
   2345.8   0.77426
   2346.8   0.77845
   2347.9   0.78213
   2349.0   0.78488
   2350.0   0.78802
   2351.1   0.79169
   2352.1   0.79598
   2353.2   0.79941
   2354.3   0.80514
   2355.4   0.81116
   2356.4   0.81724
   2357.5   0.82074
   2358.6   0.82411
   2359.6   0.82957
   2360.7   0.83639
   2361.8   0.84244
   2362.9   0.84762
   2363.9   0.85272
   2365.0   0.85692
   2366.1   0.86024
   2367.2   0.86340
   2368.3   0.86757
   2369.3   0.87083
   2370.4   0.87458
   2371.5   0.87738
   2372.6   0.87878
   2373.7   0.88141
   2374.8   0.88337
   2375.9   0.88652
   2377.0   0.89005
   2378.0   0.88991
   2379.1   0.89037
   2380.2   0.89187
   2381.3   0.89198
   2382.4   0.89265
   2383.5   0.89431
   2384.6   0.89477
   2385.7   0.89543
   2386.8   0.89514
   2387.9   0.89496
   2389.0   0.89700
   2390.1   0.89812
   2391.2   0.89943
   2392.3   0.89911
   2393.4   0.89815
   2394.5   0.89918
   2395.6   0.89928
   2396.7   0.89765
   2397.8   0.89654
   2399.0   0.89613
   2400.1   0.89577
   2401.2   0.89471
   2402.3   0.89471
   2403.4   0.89442
   2404.5   0.89469
   2405.6   0.89606
   2406.7   0.89754
   2407.9   0.89634
   2409.0   0.89462
   2410.1   0.89479
   2411.2   0.89522
   2412.3   0.89484
   2413.5   0.89459
   2414.6   0.89434
   2415.7   0.89444
   2416.8   0.89672
   2418.0   0.89611
   2419.1   0.89261
   2420.2   0.89155
   2421.4   0.89045
   2422.5   0.88954
   2423.6   0.88838
   2424.8   0.88893
   2425.9   0.88864
   2427.0   0.88572
   2428.2   0.88393
   2429.3   0.88401
   2430.4   0.88182
   2431.6   0.88031
   2432.7   0.87966
   2433.9   0.87803
   2435.0   0.87497
   2436.2   0.87312
   2437.3   0.87345
   2438.4   0.87418
   2439.6   0.87359
   2440.7   0.87109
   2441.9   0.87007
   2443.0   0.87051
   2444.2   0.86895
   2445.3   0.86677
   2446.5   0.86420
   2447.7   0.86385
   2448.8   0.86241
   2450.0   0.85886
   2451.1   0.85554
   2452.3   0.85366
   2453.4   0.85306
   2454.6   0.85119
   2455.8   0.84905
   2456.9   0.84671
   2458.1   0.84374
   2459.3   0.84307
   2460.4   0.84203
   2461.6   0.83750
   2462.8   0.83372
   2463.9   0.83042
   2465.1   0.82696
   2466.3   0.82362
   2467.5   0.81994
   2468.6   0.81786
   2469.8   0.81388
   2471.0   0.81065
   2472.2   0.80718
   2473.3   0.80420
   2474.5   0.80039
   2475.7   0.79675
   2476.9   0.79372
   2478.1   0.79032
   2479.3   0.78684
   2480.4   0.78315
   2481.6   0.77966
   2482.8   0.77698
   2484.0   0.77556
   2485.2   0.77476
   2486.4   0.77224
   2487.6   0.76984
   2488.8   0.76856
   2490.0   0.76696
   2491.2   0.76423
   2492.4   0.76227
   2493.6   0.76076
   2494.8   0.75971
   2496.0   0.75876
   2497.2   0.75881
   2498.4   0.75736
   2499.6   0.75514
   2500.8   0.75487
   2502.0   0.75494
   2503.2   0.75343
   2504.4   0.75279
   2505.6   0.75303
   2506.8   0.75256
   2508.0   0.75101
   2509.3   0.74970
   2510.5   0.74799
   2511.7   0.74662
   2512.9   0.74593
   2514.1   0.74522
   2515.3   0.74392
   2516.6   0.74129
   2517.8   0.73754
   2519.0   0.73445
   2520.2   0.73244
   2521.5   0.73009
   2522.7   0.72638
   2523.9   0.72169
   2525.2   0.71670
   2526.4   0.71116
   2527.6   0.70522
   2528.8   0.69967
   2530.1   0.69467
   2531.3   0.68973
   2532.6   0.68605
   2533.8   0.68108
   2535.0   0.67735
   2536.3   0.67748
   2537.5   0.67591
   2538.8   0.67659
   2540.0   0.67817
   2541.2   0.67930
   2542.5   0.68432
   2543.7   0.68853
   2545.0   0.69291
   2546.2   0.70149
   2547.5   0.71323
   2548.7   0.72265
   2550.0   0.73192
   2551.2   0.74277
   2552.5   0.75109
   2553.8   0.75973
   2555.0   0.76930
   2556.3   0.78201
   2557.5   0.79100
   2558.8   0.79738
   2560.1   0.80479
   2561.3   0.81264
   2562.6   0.81392
   2563.9   0.81752
   2565.1   0.82283
   2566.4   0.82930
   2567.7   0.83866
   2568.9   0.84496
   2570.2   0.84550
   2571.5   0.84297
   2572.8   0.85190
   2574.0   0.85465
   2575.3   0.84884
   2576.6   0.85670
   2577.9   0.85664
   2579.2   0.85698
   2580.5   0.86464
   2581.7   0.86442
   2583.0   0.86494
   2584.3   0.86885
   2585.6   0.86009
   2586.9   0.86725
   2588.2   0.86906
   2589.5   0.86777
   2590.8   0.87233
   2592.1   0.87694
   2593.4   0.88218
   2594.7   0.88724
   2596.0   0.86924
   2597.3   0.86179
   2598.6   0.87700
   2599.9   0.88595
   2601.2   0.88930
   2602.5   0.88763
   2603.8   0.88672
   2605.1   0.88898
   2606.4   0.88413
   2607.7   0.88138
   2609.0   0.88754
   2610.3   0.88870
   2611.7   0.88764
   2613.0   0.89269
   2614.3   0.89455
   2615.6   0.89499
   2616.9   0.89605
   2618.3   0.88386
   2619.6   0.88757
   2620.9   0.89356
   2622.2   0.88509
   2623.6   0.89153
   2624.9   0.89576
   2626.2   0.89853
   2627.5   0.89319
   2628.9   0.88873
   2630.2   0.89791
   2631.5   0.88843
   2632.9   0.88527
   2634.2   0.89360
   2635.6   0.89086
   2636.9   0.89267
   2638.2   0.89651
   2639.6   0.89705
   2640.9   0.89580
   2642.3   0.89623
   2643.6   0.89560
   2645.0   0.89603
   2646.3   0.89555
   2647.7   0.89261
   2649.0   0.89566
   2650.4   0.89709
   2651.7   0.89694
   2653.1   0.89307
   2654.4   0.88875
   2655.8   0.89351
   2657.2   0.89176
   2658.5   0.89196
   2659.9   0.89245
   2661.3   0.88920
   2662.6   0.88762
   2664.0   0.88967
   2665.4   0.89118
   2666.7   0.88247
   2668.1   0.87659
   2669.5   0.88175
   2670.9   0.88785
   2672.2   0.86732
   2673.6   0.87620
   2675.0   0.88404
   2676.4   0.88486
   2677.8   0.87698
   2679.1   0.87413
   2680.5   0.87525
   2681.9   0.87761
   2683.3   0.88348
   2684.7   0.87885
   2686.1   0.87635
   2687.5   0.87548
   2688.9   0.87371
   2690.3   0.87282
   2691.7   0.87235
   2693.1   0.87341
   2694.5   0.86811
   2695.9   0.85877
   2697.3   0.85721
   2698.7   0.85978
   2700.1   0.86217
   2701.5   0.85931
   2702.9   0.85289
   2704.3   0.85272
   2705.7   0.85233
   2707.1   0.84878
   2708.5   0.84896
   2710.0   0.84385
   2711.4   0.83653
   2712.8   0.82485
   2714.2   0.82709
   2715.6   0.83128
   2717.1   0.83059
   2718.5   0.82829
   2719.9   0.83065
   2721.3   0.82588
   2722.8   0.81268
   2724.2   0.82091
   2725.6   0.81356
   2727.1   0.80349
   2728.5   0.80731
   2729.9   0.81012
   2731.4   0.80956
   2732.8   0.80769
   2734.2   0.80689
   2735.7   0.80105
   2737.1   0.79323
   2738.6   0.79798
   2740.0   0.79553
   2741.5   0.78454
   2742.9   0.78055
   2744.4   0.78512
   2745.8   0.78858
   2747.3   0.78808
   2748.7   0.78737
   2750.2   0.78496
   2751.7   0.78414
   2753.1   0.78108
   2754.6   0.78034
   2756.1   0.77516
   2757.5   0.76205
   2759.0   0.76807
   2760.5   0.77265
   2761.9   0.77185
   2763.4   0.76531
   2764.9   0.75481
   2766.3   0.75148
   2767.8   0.74725
   2769.3   0.73851
   2770.8   0.73246
   2772.3   0.72228
   2773.7   0.71309
   2775.2   0.70854
   2776.7   0.70327
   2778.2   0.69474
   2779.7   0.68571
   2781.2   0.67797
   2782.7   0.66917
   2784.2   0.66045
   2785.7   0.65646
   2787.2   0.65142
   2788.7   0.64300
   2790.2   0.64281
   2791.7   0.64913
   2793.2   0.65519
   2794.7   0.66187
   2796.2   0.67114
   2797.7   0.68051
   2799.2   0.68806
   2800.7   0.69507
   2802.2   0.70048
   2803.8   0.70188
   2805.3   0.70265
   2806.8   0.70934
   2808.3   0.71582
   2809.8   0.71914
   2811.4   0.72292
   2812.9   0.72722
   2814.4   0.73098
   2815.9   0.73343
   2817.5   0.73544
   2819.0   0.73940
   2820.5   0.74046
   2822.1   0.74092
   2823.6   0.74311
   2825.1   0.74546
   2826.7   0.74706
   2828.2   0.74877
   2829.8   0.75030
   2831.3   0.75282
   2832.9   0.75395
   2834.4   0.75428
   2836.0   0.75417
   2837.5   0.75515
   2839.1   0.75607
   2840.6   0.75570
   2842.2   0.75749
   2843.7   0.75888
   2845.3   0.75864
   2846.9   0.75833
   2848.4   0.75733
   2850.0   0.75667
   2851.6   0.75584
   2853.1   0.75630
   2854.7   0.75694
   2856.3   0.75632
   2857.8   0.75606
   2859.4   0.75654
   2861.0   0.75545
   2862.6   0.75559
   2864.2   0.75576
   2865.7   0.75557
   2867.3   0.75383
   2868.9   0.75267
   2870.5   0.75296
   2872.1   0.75342
   2873.7   0.75185
   2875.3   0.75036
   2876.9   0.74948
   2878.5   0.74926
   2880.1   0.74968
   2881.7   0.74923
   2883.3   0.74914
   2884.9   0.74831
   2886.5   0.74556
   2888.1   0.74389
   2889.7   0.74221
   2891.3   0.74126
   2892.9   0.74101
   2894.5   0.73998
   2896.2   0.74014
   2897.8   0.74023
   2899.4   0.73917
   2901.0   0.73853
   2902.7   0.73794
   2904.3   0.73837
   2905.9   0.73998
   2907.5   0.74027
   2909.2   0.74006
   2910.8   0.73968
   2912.4   0.74120
   2914.1   0.74213
   2915.7   0.74168
   2917.4   0.74195
   2919.0   0.74173
   2920.6   0.74248
   2922.3   0.74319
   2923.9   0.74259
   2925.6   0.74102
   2927.2   0.74146
   2928.9   0.74262
   2930.5   0.74274
   2932.2   0.74367
   2933.9   0.74427
   2935.5   0.74216
   2937.2   0.74084
   2938.9   0.74128
   2940.5   0.74117
   2942.2   0.74023
   2943.9   0.73943
   2945.5   0.73912
   2947.2   0.74056
   2948.9   0.74061
   2950.6   0.73924
   2952.2   0.73895
   2953.9   0.73926
   2955.6   0.73850
   2957.3   0.73814
   2959.0   0.73873
   2960.7   0.73908
   2962.4   0.73816
   2964.1   0.73581
   2965.8   0.73509
   2967.4   0.73467
   2969.1   0.73343
   2970.9   0.73280
   2972.6   0.73288
   2974.3   0.73225
   2976.0   0.73159
   2977.7   0.73126
   2979.4   0.73087
   2981.1   0.73076
   2982.8   0.73092
   2984.5   0.73025
   2986.3   0.73033
   2988.0   0.73173
   2989.7   0.73100
   2991.4   0.73016
   2993.1   0.73160
   2994.9   0.73177
   2996.6   0.73080
   2998.3   0.73056
   3000.1   0.73185
   3001.8   0.73182
   3003.6   0.73010
   3005.3   0.72999
   3007.0   0.72966
   3008.8   0.72923
   3010.5   0.72925
   3012.3   0.72910
   3014.0   0.72901
   3015.8   0.72806
   3017.5   0.72768
   3019.3   0.72806
   3021.1   0.72860
   3022.8   0.72815
   3024.6   0.72808
   3026.3   0.72787
   3028.1   0.72748
   3029.9   0.72770
   3031.7   0.72755
   3033.4   0.72668
   3035.2   0.72645
   3037.0   0.72718
   3038.8   0.72641
   3040.5   0.72508
   3042.3   0.72424
   3044.1   0.72331
   3045.9   0.72226
   3047.7   0.72077
   3049.5   0.71946
   3051.3   0.71927
   3053.1   0.71826
   3054.9   0.71720
   3056.7   0.71524
   3058.5   0.71349
   3060.3   0.71306
   3062.1   0.71097
   3063.9   0.70885
   3065.7   0.70773
   3067.5   0.70645
   3069.4   0.70456
   3071.2   0.70260
   3073.0   0.70164
   3074.8   0.70145
   3076.6   0.70029
   3078.5   0.69815
   3080.3   0.69661
   3082.1   0.69431
   3084.0   0.69051
   3085.8   0.68684
   3087.6   0.68297
   3089.5   0.67935
   3091.3   0.67532
   3093.2   0.67067
   3095.0   0.66596
   3096.9   0.66251
   3098.7   0.65876
   3100.6   0.65417
   3102.4   0.64985
   3104.3   0.64670
   3106.1   0.64472
   3108.0   0.64189
   3109.9   0.64022
   3111.7   0.63926
   3113.6   0.64008
   3115.5   0.64291
   3117.3   0.64609
   3119.2   0.64977
   3121.1   0.65436
   3123.0   0.65902
   3124.9   0.66321
   3126.7   0.66510
   3128.6   0.66603
   3130.5   0.66669
   3132.4   0.66595
   3134.3   0.66413
   3136.2   0.66192
   3138.1   0.66141
   3140.0   0.65999
   3141.9   0.65712
   3143.8   0.65473
   3145.7   0.65171
   3147.6   0.64955
   3149.5   0.64759
   3151.4   0.64612
   3153.4   0.64537
   3155.3   0.64524
   3157.2   0.64758
   3159.1   0.65096
   3161.1   0.65438
   3163.0   0.65919
   3164.9   0.66451
   3166.9   0.66998
   3168.8   0.67439
   3170.7   0.67774
   3172.7   0.68199
   3174.6   0.68494
   3176.6   0.68609
   3178.5   0.68626
   3180.5   0.68743
   3182.4   0.68958
   3184.4   0.68988
   3186.3   0.68929
   3188.3   0.68933
   3190.2   0.69003
   3192.2   0.69022
   3194.2   0.68892
   3196.1   0.68865
   3198.1   0.68821
   3200.1   0.68672
   3202.1   0.68590
   3204.0   0.68536
   3206.0   0.68402
   3208.0   0.68321
   3210.0   0.68240
   3212.0   0.68020
   3214.0   0.67822
   3216.0   0.67774
   3218.0   0.67726
   3220.0   0.67543
   3222.0   0.67386
   3224.0   0.67216
   3226.0   0.66941
   3228.0   0.66786
   3230.0   0.66693
   3232.0   0.66523
   3234.0   0.66326
   3236.0   0.66141
   3238.1   0.65978
   3240.1   0.65771
   3242.1   0.65591
   3244.1   0.65446
   3246.2   0.65304
   3248.2   0.65078
   3250.2   0.64783
   3252.3   0.64570
   3254.3   0.64438
   3256.4   0.64244
   3258.4   0.63966
   3260.5   0.63739
   3262.5   0.63541
   3264.6   0.63281
   3266.6   0.62980
   3268.7   0.62743
   3270.7   0.62414
   3272.8   0.62080
   3274.9   0.61816
   3276.9   0.61505
   3279.0   0.61024
   3281.1   0.60627
   3283.2   0.60343
   3285.3   0.59944
   3287.3   0.59488
   3289.4   0.58980
   3291.5   0.58500
   3293.6   0.58182
   3295.7   0.57820
   3297.8   0.57292
   3299.9   0.56748
   3302.0   0.56248
   3304.1   0.55670
   3306.2   0.55056
   3308.3   0.54411
   3310.4   0.53725
   3312.5   0.53067
   3314.7   0.52412
   3316.8   0.51717
   3318.9   0.50915
   3321.0   0.49957
   3323.2   0.48950
   3325.3   0.47791
   3327.4   0.46439
   3329.6   0.44897
   3331.7   0.43166
   3333.8   0.41126
   3336.0   0.38639
   3338.1   0.35590
   3340.3   0.32012
   3342.4   0.27998
   3344.6   0.23993
   3346.8   0.20747
   3348.9   0.18589
   3351.1   0.17458
   3353.3   0.17116
   3355.4   0.17243
   3357.6   0.17671
   3359.8   0.18353
   3362.0   0.19049
   3364.1   0.19766
   3366.3   0.20404
   3368.5   0.20840
   3370.7   0.21172
   3372.9   0.21421
   3375.1   0.21486
   3377.3   0.21550
   3379.5   0.21663
   3381.7   0.21814
   3383.9   0.22011
   3386.1   0.22259
   3388.3   0.22426
   3390.5   0.22582
   3392.8   0.22734
   3395.0   0.22876
   3397.2   0.23079
   3399.4   0.23280
   3401.7   0.23400
   3403.9   0.23566
   3406.1   0.23782
   3408.4   0.24023
   3410.6   0.24244
   3412.9   0.24335
   3415.1   0.24452
   3417.4   0.24637
   3419.6   0.24774
   3421.9   0.24884
   3424.1   0.24906
   3426.4   0.24866
   3428.7   0.24865
   3430.9   0.24862
   3433.2   0.24761
   3435.5   0.24597
   3437.8   0.24432
   3440.0   0.24308
   3442.3   0.24235
   3444.6   0.24108
   3446.9   0.23897
   3449.2   0.23730
   3451.5   0.23580
   3453.8   0.23398
   3456.1   0.23143
   3458.4   0.22710
   3460.7   0.22151
   3463.0   0.21444
   3465.3   0.20299
   3467.6   0.18709
   3470.0   0.16857
   3472.3   0.15144
   3474.6   0.13846
   3477.0   0.12971
   3479.3   0.12579
   3481.6   0.12666
   3484.0   0.12965
   3486.3   0.13339
   3488.7   0.13767
   3491.0   0.14284
   3493.4   0.14905
   3495.7   0.15555
   3498.1   0.16232
   3500.4   0.16899
   3502.8   0.17573
   3505.2   0.18251
   3507.5   0.18943
   3509.9   0.19641
   3512.3   0.20368
   3514.7   0.21206
   3517.1   0.22183
   3519.4   0.23509
   3521.8   0.25333
   3524.2   0.27660
   3526.6   0.30300
   3529.0   0.33023
   3531.4   0.35639
   3533.8   0.38094
   3536.2   0.40287
   3538.7   0.42336
   3541.1   0.44154
   3543.5   0.45780
   3545.9   0.47170
   3548.3   0.48380
   3550.8   0.49505
   3553.2   0.50466
   3555.6   0.51264
   3558.1   0.51918
   3560.5   0.52385
   3563.0   0.52686
   3565.4   0.52827
   3567.9   0.52649
   3570.3   0.52371
   3572.8   0.52292
   3575.3   0.52504
   3577.7   0.53210
   3580.2   0.54373
   3582.7   0.55684
   3585.2   0.57005
   3587.6   0.58194
   3590.1   0.59259
   3592.6   0.60211
   3595.1   0.61098
   3597.6   0.61764
   3600.1   0.62282
   3602.6   0.62770
   3605.1   0.63314
   3607.6   0.63911
   3610.1   0.64381
   3612.6   0.64708
   3615.2   0.65014
   3617.7   0.65306
   3620.2   0.65544
   3622.7   0.65824
   3625.3   0.66103
   3627.8   0.66288
   3630.3   0.66454
   3632.9   0.66646
   3635.4   0.66884
   3638.0   0.67053
   3640.5   0.67221
   3643.1   0.67431
   3645.7   0.67471
   3648.2   0.67502
   3650.8   0.67601
   3653.4   0.67749
   3655.9   0.67923
   3658.5   0.68045
   3661.1   0.68193
   3663.7   0.68330
   3666.3   0.68455
   3668.9   0.68535
   3671.5   0.68555
   3674.1   0.68621
   3676.7   0.68663
   3679.3   0.68675
   3681.9   0.68692
   3684.5   0.68664
   3687.2   0.68660
   3689.8   0.68709
   3692.4   0.68645
   3695.0   0.68535
   3697.7   0.68474
   3700.3   0.68425
   3703.0   0.68337
   3705.6   0.68227
   3708.3   0.68182
   3710.9   0.68067
   3713.6   0.67895
   3716.2   0.67731
   3718.9   0.67579
   3721.6   0.67414
   3724.2   0.67221
   3726.9   0.67032
   3729.6   0.66808
   3732.3   0.66564
   3735.0   0.66231
   3737.7   0.65795
   3740.4   0.65346
   3743.1   0.64908
   3745.8   0.64517
   3748.5   0.64165
   3751.2   0.63794
   3753.9   0.63497
   3756.6   0.63241
   3759.3   0.62949
   3762.1   0.62604
   3764.8   0.62278
   3767.5   0.61906
   3770.3   0.61376
   3773.0   0.60671
   3775.8   0.59913
   3778.5   0.59163
   3781.3   0.58257
   3784.0   0.57213
   3786.8   0.56006
   3789.6   0.54542
   3792.3   0.52608
   3795.1   0.50185
   3797.9   0.47536
   3800.7   0.44840
   3803.5   0.42234
   3806.3   0.39779
   3809.1   0.37556
   3811.9   0.35623
   3814.7   0.33892
   3817.5   0.32259
   3820.3   0.30734
   3823.1   0.29349
   3825.9   0.28038
   3828.8   0.26706
   3831.6   0.25393
   3834.4   0.24074
   3837.3   0.22881
   3840.1   0.21929
   3842.9   0.21216
   3845.8   0.20697
   3848.7   0.20293
   3851.5   0.19998
   3854.4   0.19789
   3857.2   0.19611
   3860.1   0.19418
   3863.0   0.19206
   3865.9   0.19025
   3868.8   0.18915
   3871.6   0.18793
   3874.5   0.18759
   3877.4   0.18759
   3880.3   0.18697
   3883.2   0.18634
   3886.2   0.18492
   3889.1   0.18320
   3892.0   0.18186
   3894.9   0.18056
   3897.8   0.17935
   3900.8   0.17789
   3903.7   0.17700
   3906.7   0.17587
   3909.6   0.17419
   3912.6   0.17273
   3915.5   0.17091
   3918.5   0.16866
   3921.4   0.16622
   3924.4   0.16320
   3927.4   0.15883
   3930.4   0.15470
   3933.3   0.15178
   3936.3   0.15081
   3939.3   0.14764
   3942.3   0.13826
   3945.3   0.12366
   3948.3   0.10955
   3951.3   0.09825
   3954.3   0.08823
   3957.4   0.07935
   3960.4   0.07212
   3963.4   0.06677
   3966.4   0.06318
   3969.5   0.06016
   3972.5   0.05780
   3975.6   0.05662
   3978.6   0.05585
   3981.7   0.05492
   3984.7   0.05540
   3987.8   0.05745
   3990.9   0.06045
   3993.9   0.06585
   3997.0   0.07310
   4000.1   0.08157
   4003.2   0.09206
   4006.3   0.10480
   4009.4   0.11941
   4012.5   0.13632
   4015.6   0.15448
   4018.7   0.17131
   4021.8   0.18636
   4024.9   0.20045
   4028.1   0.21504
   4031.2   0.23037
   4034.3   0.24549
   4037.5   0.26218
   4040.6   0.28225
   4043.8   0.30419
   4046.9   0.32703
   4050.1   0.34902
   4053.3   0.36840
   4056.4   0.38488
   4059.6   0.39940
   4062.8   0.41154
   4066.0   0.42133
   4069.2   0.43070
   4072.4   0.44067
   4075.6   0.45037
   4078.8   0.45950
   4082.0   0.46872
   4085.2   0.47680
   4088.4   0.48439
   4091.7   0.49205
   4094.9   0.49856
   4098.1   0.50487
   4101.4   0.51157
   4104.6   0.51820
   4107.9   0.52368
   4111.1   0.52939
   4114.4   0.53560
   4117.7   0.54204
   4120.9   0.54817
   4124.2   0.55443
   4127.5   0.56042
   4130.8   0.56631
   4134.1   0.57175
   4137.4   0.57736
   4140.7   0.58297
   4144.0   0.58825
   4147.3   0.59364
   4150.6   0.59839
   4154.0   0.60250
   4157.3   0.60650
   4160.6   0.61040
   4164.0   0.61399
   4167.3   0.61713
   4170.7   0.62034
   4174.0   0.62334
   4177.4   0.62606
   4180.8   0.62863
   4184.1   0.63131
   4187.5   0.63393
   4190.9   0.63654
   4194.3   0.63910
   4197.7   0.64193
   4201.1   0.64428
   4204.5   0.64631
   4207.9   0.64842
   4211.3   0.65069
   4214.7   0.65202
   4218.2   0.65364
   4221.6   0.65541
   4225.0   0.65617
   4228.5   0.65651
   4231.9   0.65801
   4235.4   0.65859
   4238.9   0.65993
   4242.3   0.66177
   4245.8   0.66308
   4249.3   0.66399
   4252.8   0.66437
   4256.3   0.66454
   4259.8   0.66683
   4263.3   0.67020
   4266.8   0.67231
   4270.3   0.67319
   4273.8   0.67404
   4277.3   0.67527
   4280.9   0.67585
   4284.4   0.67583
   4288.0   0.67556
   4291.5   0.67496
   4295.1   0.67442
   4298.6   0.67328
   4302.2   0.67235
   4305.8   0.67023
   4309.3   0.66742
   4312.9   0.66510
   4316.5   0.66436
   4320.1   0.66467
   4323.7   0.66562
   4327.3   0.66598
   4330.9   0.66534
   4334.6   0.66514
   4338.2   0.66510
   4341.8   0.66576
   4345.5   0.66716
   4349.1   0.66801
   4352.8   0.66991
   4356.4   0.67264
   4360.1   0.67645
   4363.8   0.68096
   4367.4   0.68492
   4371.1   0.68780
   4374.8   0.69021
   4378.5   0.69135
   4382.2   0.69163
   4385.9   0.69170
   4389.6   0.69135
   4393.3   0.69042
   4397.1   0.68911
   4400.8   0.68713
   4404.5   0.68581
   4408.3   0.68502
   4412.0   0.68459
   4415.8   0.68284
   4419.6   0.68055
   4423.3   0.67801
   4427.1   0.67551
   4430.9   0.67316
   4434.7   0.67050
   4438.5   0.66687
   4442.3   0.66285
   4446.1   0.65839
   4449.9   0.65406
   4453.7   0.65002
   4457.6   0.64685
   4461.4   0.64371
   4465.2   0.64024
   4469.1   0.63642
   4472.9   0.63209
   4476.8   0.62741
   4480.7   0.62295
   4484.5   0.61760
   4488.4   0.61219
   4492.3   0.60684
   4496.2   0.60246
   4500.1   0.59928
   4504.0   0.59669
   4507.9   0.59382
   4511.9   0.59236
   4515.8   0.59134
   4519.7   0.59057
   4523.7   0.58984
   4527.6   0.58912
   4531.6   0.58862
   4535.6   0.58816
   4539.5   0.58765
   4543.5   0.58727
   4547.5   0.58727
   4551.5   0.58739
   4555.5   0.58765
   4559.5   0.58726
   4563.5   0.58684
   4567.5   0.58663
   4571.5   0.58599
   4575.6   0.58572
   4579.6   0.58478
   4583.7   0.58377
   4587.7   0.58275
   4591.8   0.58155
   4595.9   0.57992
   4599.9   0.57824
   4604.0   0.57522
   4608.1   0.57271
   4612.2   0.56973
   4616.3   0.56514
   4620.4   0.55726
   4624.6   0.54762
   4628.7   0.53723
   4632.8   0.52661
   4637.0   0.51304
   4641.1   0.49674
   4645.3   0.47900
   4649.4   0.46198
   4653.6   0.44646
   4657.8   0.43330
   4662.0   0.42286
   4666.2   0.41652
   4670.4   0.41355
   4674.6   0.41273
   4678.8   0.41292
   4683.0   0.41495
   4687.3   0.41947
   4691.5   0.42642
   4695.8   0.43516
   4700.0   0.44721
   4704.3   0.46302
   4708.6   0.48214
   4712.8   0.50328
   4717.1   0.52602
   4721.4   0.54900
   4725.7   0.57081
   4730.0   0.58877
   4734.4   0.60343
   4738.7   0.61448
   4743.0   0.62246
   4747.4   0.62928
   4751.7   0.63603
   4756.1   0.64119
   4760.5   0.64577
   4764.8   0.65001
   4769.2   0.65467
   4773.6   0.65862
   4778.0   0.66184
   4782.4   0.66403
   4786.8   0.66570
   4791.3   0.66658
   4795.7   0.66729
   4800.1   0.66761
   4804.6   0.66761
   4809.0   0.66683
   4813.5   0.66725
   4818.0   0.66729
   4822.5   0.66713
   4826.9   0.66688
   4831.4   0.66601
   4835.9   0.66482
   4840.5   0.66449
   4845.0   0.66347
   4849.5   0.66264
   4854.1   0.66180
   4858.6   0.66119
   4863.2   0.66084
   4867.7   0.66038
   4872.3   0.65936
   4876.9   0.65909
   4881.5   0.65811
   4886.1   0.65762
   4890.7   0.65680
   4895.3   0.65631
   4899.9   0.65557
   4904.6   0.65500
   4909.2   0.65432
   4913.9   0.65375
   4918.5   0.65310
   4923.2   0.65269
   4927.9   0.65206
   4932.6   0.65145
   4937.3   0.65114
   4942.0   0.65108
   4946.7   0.65074
   4951.4   0.65060
   4956.2   0.65018
   4960.9   0.65047
   4965.6   0.65088
   4970.4   0.65205
   4975.2   0.65272
   4980.0   0.65303
   4984.7   0.65310
   4989.5   0.65403
   4994.3   0.65457
   4999.2   0.65487
   5004.0   0.65469
   5008.8   0.65478
   5013.7   0.65467
   5018.5   0.65521
   5023.4   0.65510
   5028.3   0.65569
   5033.1   0.65590
   5038.0   0.65592
   5042.9   0.65623
   5047.8   0.65628
   5052.8   0.65529
   5057.7   0.65438
   5062.6   0.65326
   5067.6   0.65256
   5072.5   0.65072
   5077.5   0.64683
   5082.5   0.63893
   5087.5   0.62495
   5092.5   0.59991
   5097.5   0.56120
   5102.5   0.52727
   5107.5   0.53329
   5112.6   0.56594
   5117.6   0.59799
   5122.7   0.61702
   5127.7   0.62438
   5132.8   0.62674
   5137.9   0.62710
   5143.0   0.62603
   5148.1   0.62442
   5153.2   0.62149
   5158.3   0.62059
   5163.5   0.61952
   5168.6   0.61656
   5173.8   0.61354
   5179.0   0.61254
   5184.1   0.61150
   5189.3   0.60978
   5194.5   0.60687
   5199.7   0.60355
   5205.0   0.59978
   5210.2   0.59731
   5215.4   0.59410
   5220.7   0.59016
   5225.9   0.58792
   5231.2   0.58612
   5236.5   0.58366
   5241.8   0.58077
   5247.1   0.57728
   5252.4   0.57407
   5257.7   0.57011
   5263.1   0.56600
   5268.4   0.56230
   5273.8   0.55906
   5279.2   0.55486
   5284.5   0.55019
   5289.9   0.54644
   5295.3   0.54214
   5300.8   0.53746
   5306.2   0.53355
   5311.6   0.52783
   5317.1   0.52213
   5322.5   0.51589
   5328.0   0.51020
   5333.5   0.50409
   5339.0   0.49744
   5344.5   0.49062
   5350.0   0.48367
   5355.5   0.47549
   5361.0   0.46953
   5366.6   0.46438
   5372.2   0.45873
   5377.7   0.45170
   5383.3   0.44418
   5388.9   0.43636
   5394.5   0.42895
   5400.1   0.42124
   5405.8   0.41335
   5411.4   0.40447
   5417.1   0.39556
   5422.7   0.38638
   5428.4   0.37525
   5434.1   0.36542
   5439.8   0.35655
   5445.5   0.34630
   5451.2   0.33615
   5457.0   0.32532
   5462.7   0.31470
   5468.5   0.30289
   5474.3   0.29211
   5480.1   0.28218
   5485.9   0.26989
   5491.7   0.25808
   5497.5   0.24609
   5503.3   0.23228
   5509.2   0.21716
   5515.0   0.20112
   5520.9   0.18347
   5526.8   0.16229
   5532.7   0.13755
   5538.6   0.10950
   5544.5   0.07808
   5550.5   0.04892
   5556.4   0.02827
   5562.4   0.01949
   5568.4   0.01737
   5574.3   0.01823
   5580.3   0.01924
   5586.4   0.02432
   5592.4   0.03671
   5598.4   0.05691
   5604.5   0.07969
   5610.5   0.10182
   5616.6   0.12100
   5622.7   0.13684
   5628.8   0.14775
   5634.9   0.15492
   5641.1   0.15872
   5647.2   0.15937
   5653.4   0.15814
   5659.5   0.15506
   5665.7   0.14882
   5671.9   0.14320
   5678.1   0.13804
   5684.4   0.13207
   5690.6   0.12732
   5696.9   0.12416
   5703.1   0.12126
   5709.4   0.11838
   5715.7   0.11437
   5722.0   0.11110
   5728.3   0.10888
   5734.7   0.10701
   5741.0   0.10397
   5747.4   0.10116
   5753.8   0.09849
   5760.1   0.09696
   5766.6   0.09573
   5773.0   0.09448
   5779.4   0.09516
   5785.9   0.09630
   5792.3   0.09708
   5798.8   0.09792
   5805.3   0.09849
   5811.8   0.09907
   5818.3   0.09955
   5824.9   0.09937
   5831.4   0.09853
   5838.0   0.09903
   5844.6   0.09976
   5851.2   0.10035
   5857.8   0.10039
   5864.4   0.10011
   5871.0   0.09922
   5877.7   0.09898
   5884.4   0.09785
   5891.1   0.09598
   5897.8   0.09510
   5904.5   0.09332
   5911.2   0.09253
   5918.0   0.09097
   5924.7   0.08786
   5931.5   0.08551
   5938.3   0.08326
   5945.1   0.07940
   5951.9   0.07703
   5958.8   0.07554
   5965.6   0.07363
   5972.5   0.07107
   5979.4   0.06894
   5986.3   0.06752
   5993.2   0.06597
   6000.2   0.06422
   6007.1   0.06213
   6014.1   0.06005
   6021.1   0.05731
   6028.1   0.05458
   6035.1   0.05211
   6042.1   0.05023
   6049.2   0.04849
   6056.2   0.04554
   6063.3   0.04361
   6070.4   0.04280
   6077.5   0.04131
   6084.7   0.04030
   6091.8   0.03924
   6099.0   0.03763
   6106.2   0.03658
   6113.4   0.03605
   6120.6   0.03481
   6127.8   0.03424
   6135.1   0.03379
   6142.3   0.03353
   6149.6   0.03314
   6156.9   0.03277
   6164.3   0.03222
   6171.6   0.03201
   6178.9   0.03226
   6186.3   0.03274
   6193.7   0.03310
   6201.1   0.03349
   6208.5   0.03422
   6216.0   0.03549
   6223.5   0.03598
   6230.9   0.03753
   6238.4   0.03916
   6245.9   0.04076
   6253.5   0.04249
   6261.0   0.04441
   6268.6   0.04583
   6276.2   0.04750
   6283.8   0.04809
   6291.4   0.04784
   6299.1   0.04778
   6306.7   0.04967
   6314.4   0.05274
   6322.1   0.05723
   6329.8   0.06190
   6337.6   0.06792
   6345.3   0.07515
   6353.1   0.08518
   6360.9   0.09399
   6368.7   0.10084
   6376.5   0.10721
   6384.4   0.11581
   6392.3   0.12385
   6400.2   0.13235
   6408.1   0.14062
   6416.0   0.14873
   6424.0   0.15916
   6431.9   0.17304
   6439.9   0.18545
   6447.9   0.19821
   6456.0   0.20764
   6464.0   0.21360
   6472.1   0.21664
   6480.2   0.21687
   6488.3   0.21581
   6496.4   0.21275
   6504.6   0.20790
   6512.7   0.20753
   6520.9   0.20739
   6529.1   0.20310
   6537.4   0.20050
   6545.6   0.19857
   6553.9   0.19536
   6562.2   0.19142
   6570.5   0.18791
   6578.9   0.18321
   6587.2   0.17831
   6595.6   0.17529
   6604.0   0.17028
   6612.4   0.16707
   6620.9   0.16377
   6629.3   0.15997
   6637.8   0.15597
   6646.3   0.14984
   6654.9   0.14754
   6663.4   0.14720
   6672.0   0.14527
   6680.6   0.14213
   6689.2   0.13863
   6697.8   0.13606
   6706.5   0.13435
   6715.2   0.13143
   6723.9   0.12828
   6732.6   0.12602
   6741.4   0.12365
   6750.2   0.12136
   6759.0   0.11895
   6767.8   0.11717
   6776.6   0.11556
   6785.5   0.11408
   6794.4   0.11287
   6803.3   0.11131
   6812.3   0.11125
   6821.2   0.11111
   6830.2   0.11005
   6839.2   0.10850
   6848.3   0.10792
   6857.3   0.10702
   6866.4   0.10517
   6875.5   0.10290
   6884.6   0.10286
   6893.8   0.10244
   6903.0   0.10155
   6912.2   0.10075
   6921.4   0.09984
   6930.7   0.09900
   6939.9   0.09810
   6949.2   0.09770
   6958.6   0.09776
   6967.9   0.09684
   6977.3   0.09615
   6986.7   0.09666
   6996.1   0.09696
   7005.6   0.09763
   7015.1   0.09779
   7024.6   0.09763
   7034.1   0.09745
   7043.7   0.09802
   7053.2   0.09741
   7062.9   0.09724
   7072.5   0.09822
   7082.2   0.09829
   7091.8   0.09755
   7101.6   0.09573
   7111.3   0.09263
   7121.1   0.08799
   7130.9   0.08220
   7140.7   0.07839
   7150.5   0.07664
   7160.4   0.07548
   7170.3   0.07449
   7180.2   0.07256
   7190.2   0.07073
   7200.2   0.06956
   7210.2   0.06851
   7220.2   0.06736
   7230.3   0.06716
   7240.4   0.06777
   7250.5   0.06827
   7260.7   0.06854
   7270.9   0.06863
   7281.1   0.06889
   7291.3   0.06976
   7301.6   0.07093
   7311.9   0.07318
   7322.2   0.07571
   7332.6   0.07769
   7343.0   0.07962
   7353.4   0.08200
   7363.8   0.08452
   7374.3   0.08646
   7384.8   0.08818
   7395.3   0.08975
   7405.9   0.09139
   7416.5   0.09288
   7427.1   0.09426
   7437.8   0.09551
   7448.5   0.09713
   7459.2   0.09905
   7469.9   0.10119
   7480.7   0.10302
   7491.5   0.10491
   7502.4   0.10644
   7513.2   0.10754
   7524.1   0.10866
   7535.1   0.10938
   7546.0   0.10960
   7557.0   0.10973
   7568.1   0.11021
   7579.1   0.11150
   7590.2   0.11296
   7601.4   0.11449
   7612.5   0.11667
   7623.7   0.11900
   7635.0   0.12112
   7646.2   0.12403
   7657.5   0.12755
   7668.8   0.13138
   7680.2   0.13565
   7691.6   0.13972
   7703.0   0.14281
   7714.5   0.14637
   7726.0   0.15022
   7737.5   0.15360
   7749.1   0.15621
   7760.7   0.15824
   7772.3   0.15934
   7784.0   0.16030
   7795.7   0.16069
   7807.4   0.16169
   7819.2   0.16402
   7831.0   0.16686
   7842.9   0.16953
   7854.7   0.17142
   7866.7   0.17188
   7878.6   0.17160
   7890.6   0.17070
   7902.6   0.17018
   7914.7   0.17084
   7926.8   0.17269
   7939.0   0.17556
   7951.1   0.17913
   7963.3   0.18236
   7975.6   0.18449
   7987.9   0.18580
   8000.2   0.18684
   8012.6   0.18711
   8025.0   0.18655
   8037.4   0.18505
   8049.9   0.18297
   8062.4   0.18147
   8075.0   0.18144
   8087.6   0.18327
   8100.2   0.18664
   8112.9   0.19019
   8125.6   0.19287
   8138.4   0.19434
   8151.2   0.19560
   8164.0   0.19713
   8176.9   0.19891
   8189.8   0.20092
   8202.7   0.20310
   8215.7   0.20417
   8228.8   0.20384
   8241.9   0.20296
   8255.0   0.20261
   8268.2   0.20112
   8281.4   0.19949
   8294.6   0.19837
   8307.9   0.19734
   8321.2   0.19562
   8334.6   0.19376
   8348.0   0.19148
   8361.5   0.18864
   8375.0   0.18526
   8388.6   0.18085
   8402.2   0.17600
   8415.8   0.17221
   8429.5   0.16924
   8443.2   0.16735
   8457.0   0.16530
   8470.8   0.16274
   8484.7   0.16089
   8498.6   0.16051
   8512.5   0.16164
   8526.5   0.16427
   8540.6   0.16687
   8554.7   0.16838
   8568.8   0.16809
   8583.0   0.16726
   8597.2   0.16739
   8611.5   0.17037
   8625.8   0.17664
   8640.2   0.18660
   8654.6   0.19925
   8669.1   0.21150
   8683.6   0.22144
   8698.2   0.23057
   8712.8   0.23974
   8727.5   0.24855
   8742.2   0.25717
   8757.0   0.26597
   8771.8   0.27380
   8786.7   0.28139
   8801.6   0.28762
   8816.6   0.29267
   8831.6   0.29638
   8846.6   0.29898
   8861.8   0.30045
   8876.9   0.30250
   8892.2   0.30516
   8907.4   0.30748
   8922.8   0.30998
   8938.2   0.31357
   8953.6   0.31670
   8969.1   0.31909
   8984.6   0.31998
   9000.2   0.32058
   9015.9   0.32168
   9031.6   0.32299
   9047.4   0.32293
   9063.2   0.32285
   9079.0   0.32295
   9095.0   0.32302
   9111.0   0.32354
   9127.0   0.32425
   9143.1   0.32395
   9159.2   0.32252
   9175.5   0.31962
   9191.7   0.31361
   9208.1   0.30207
   9224.4   0.29207
   9240.9   0.28560
   9257.4   0.29410
   9273.9   0.31132
   9290.6   0.31796
   9307.2   0.31715
   9324.0   0.31443
   9340.8   0.31112
   9357.6   0.30782
   9374.6   0.30577
   9391.5   0.30720
   9408.6   0.31449
   9425.7   0.32183
   9442.9   0.32536
   9460.1   0.32764
   9477.4   0.32951
   9494.8   0.33107
   9512.2   0.33165
   9529.7   0.33160
   9547.2   0.32990
   9564.8   0.32683
   9582.5   0.32323
   9600.3   0.32111
   9618.1   0.32092
   9635.9   0.32166
   9653.9   0.32044
   9671.9   0.31640
   9690.0   0.30938
   9708.1   0.30049
   9726.3   0.29055
   9744.6   0.28183
   9763.0   0.27599
   9781.4   0.27329
   9799.9   0.27185
   9818.4   0.26976
   9837.1   0.26670
   9855.8   0.26331
   9874.5   0.26063
   9893.4   0.26015
   9912.3   0.26162
   9931.3   0.26484
   9950.4   0.26870
   9969.5   0.27206
   9988.7   0.27437
  10008.0   0.27609
  10027.3   0.27767
  10046.8   0.27999
  10066.3   0.28289
  10085.9   0.28617
  10105.5   0.29105
  10125.3   0.29766
  10145.1   0.30345
  10165.0   0.30625
  10184.9   0.30541
  10205.0   0.30279
  10225.1   0.30087
  10245.3   0.30358
  10265.6   0.31154
  10286.0   0.32043
  10306.4   0.32620
  10327.0   0.32987
  10347.6   0.33163
  10368.3   0.33194
  10389.0   0.33139
  10409.9   0.32968
  10430.9   0.32687
  10451.9   0.32281
  10473.0   0.31705
  10494.2   0.31065
  10515.5   0.30368
  10536.9   0.29760
  10558.3   0.29446
  10579.9   0.29396
  10601.5   0.29493
  10623.2   0.29514
  10645.0   0.29332
  10666.9   0.29166
  10688.9   0.29076
  10711.0   0.29150
  10733.2   0.29506
  10755.5   0.30114
  10777.8   0.30877
  10800.3   0.31791
  10822.8   0.32678
  10845.5   0.33442
  10868.2   0.34083
  10891.0   0.34705
  10914.0   0.35108
  10937.0   0.35312
  10960.1   0.35262
  10983.3   0.34944
  11006.7   0.34500
  11030.1   0.34042
  11053.6   0.33501
  11077.2   0.32930
  11100.9   0.32277
  11124.8   0.31532
  11148.7   0.30605
  11172.7   0.29405
  11196.8   0.27902
  11221.1   0.26318
  11245.4   0.24724
  11269.9   0.22623
  11294.4   0.18259
  11319.1   0.12915
  11343.8   0.09890
  11368.7   0.09137
  11393.7   0.08660
  11418.8   0.07642
  11444.0   0.06662
  11469.3   0.06267
  11494.8   0.06338
  11520.3   0.07227
  11546.0   0.09060
  11571.7   0.11414
  11597.6   0.13938
  11623.6   0.16288
  11649.7   0.18366
  11676.0   0.20406
  11702.3   0.22371
  11728.8   0.23866
  11755.4   0.23722
  11782.1   0.19318
  11809.0   0.13422
  11835.9   0.16564
  11863.0   0.25021
  11890.2   0.30435
  11917.6   0.33201
  11945.0   0.34765
  11972.6   0.35965
  12000.3   0.36830
  12028.2   0.37591
  12056.1   0.38121
  12084.2   0.38402
  12112.5   0.38580
  12140.8   0.38677
  12169.3   0.38572
  12198.0   0.38426
  12226.7   0.38163
  12255.6   0.37685
  12284.7   0.37109
  12313.9   0.36736
  12343.2   0.36534
  12372.6   0.36568
  12402.2   0.36632
  12432.0   0.36475
  12461.9   0.36067
  12491.9   0.35594
  12522.1   0.35207
  12552.4   0.34994
  12582.9   0.34872
  12613.5   0.34698
  12644.2   0.34393
  12675.1   0.33956
  12706.2   0.33355
  12737.4   0.32718
  12768.8   0.32302
  12800.3   0.32089
  12832.0   0.32014
  12863.9   0.32080
  12895.9   0.32147
  12928.0   0.32206
  12960.3   0.32404
  12992.8   0.32851
  13025.5   0.33661
  13058.3   0.34689
  13091.3   0.35783
  13124.4   0.36911
  13157.7   0.38021
  13191.2   0.39091
  13224.8   0.39981
  13258.7   0.40572
  13292.7   0.41064
  13326.8   0.41509
  13361.2   0.41844
  13395.7   0.41959
  13430.4   0.41811
  13465.3   0.41460
  13500.4   0.40999
  13535.6   0.40250
  13571.0   0.39196
  13606.7   0.37927
  13642.5   0.36360
  13678.5   0.34662
  13714.6   0.32729
  13751.0   0.30283
  13787.6   0.27266
  13824.4   0.23585
  13861.3   0.19166
  13898.5   0.14119
  13935.8   0.08813
  13973.4   0.04319
  14011.2   0.02017
  14049.1   0.02182
  14087.3   0.03371
  14125.7   0.05320
  14164.3   0.08631
  14203.1   0.12676
  14242.1   0.16942
  14281.4   0.20970
  14320.8   0.23973
  14360.5   0.26691
  14400.4   0.29121
  14440.5   0.30724
  14480.8   0.32698
  14521.4   0.34755
  14562.2   0.36201
  14603.2   0.37173
  14644.4   0.37770
  14685.9   0.38246
  14727.7   0.38628
  14769.6   0.38851
  14811.8   0.38957
  14854.3   0.38941
  14896.9   0.38810
  14939.9   0.38591
  14983.0   0.38283
  15026.5   0.37865
  15070.2   0.37500
  15114.1   0.37080
  15158.3   0.36547
  15202.7   0.35875
  15247.5   0.35250
  15292.4   0.34634
  15337.7   0.34138
  15383.2   0.33688
  15429.0   0.33064
  15475.0   0.32475
  15521.4   0.32012
  15568.0   0.31436
  15614.9   0.30813
  15662.0   0.30214
  15709.5   0.29575
  15757.2   0.28962
  15805.3   0.28419
  15853.6   0.27884
  15902.3   0.27476
  15951.2   0.27044
  16000.4   0.26542
  16050.0   0.26051
  16099.8   0.25680
  16150.0   0.25202
  16200.4   0.24701
  16251.2   0.24220
  16302.3   0.23717
  16353.7   0.23156
  16405.5   0.22615
  16457.6   0.21956
  16510.0   0.21253
  16562.7   0.20524
  16615.8   0.19854
  16669.2   0.19081
  16723.0   0.18432
  16777.1   0.17925
  16831.6   0.17350
  16886.4   0.16878
  16941.6   0.16428
  16997.2   0.16221
  17053.1   0.16120
  17109.4   0.15841
  17166.0   0.15589
  17223.0   0.15689
  17280.4   0.15925
  17338.2   0.16052
  17396.4   0.16211
  17455.0   0.16426
  17514.0   0.16646
  17573.3   0.16636
  17633.1   0.16754
  17693.3   0.16844
  17753.9   0.16714
  17814.9   0.16611
  17876.3   0.16484
  17938.2   0.16179
  18000.5   0.15756
  18063.2   0.15264
  18126.3   0.14772
  18189.9   0.14429
  18254.0   0.13888
  18318.5   0.13326
  18383.5   0.12930
  18448.9   0.12518
  18514.8   0.12148
  18581.1   0.11680
  18648.0   0.11242
  18715.3   0.10830
  18783.1   0.10340
  18851.4   0.10010
  18920.2   0.09758
  18989.5   0.09299
  19059.3   0.08825
  19129.6   0.08488
  19200.5   0.08311
  19271.9   0.07983
  19343.8   0.07525
  19416.2   0.07065
  19489.2   0.06716
  19562.8   0.06427
  19636.9   0.06291
  19711.5   0.06144
  19786.8   0.05988
  19862.6   0.05588
  19939.0   0.05260
  20016.0   0.05147
  20093.5   0.05012
  20171.7   0.04794
  20250.5   0.04566
  20329.9   0.04225
  20410.0   0.03947
  20490.7   0.03757
  20572.0   0.03362
  20653.9   0.03088
  20736.5   0.03156
  20819.8   0.03082
  20903.8   0.02996
  20988.4   0.02881
  21073.7   0.02587
  21159.7   0.02363
  21246.5   0.02264
  21333.9   0.02418
  21422.0   0.02340
  21510.9   0.01891
  21600.6   0.01775
  21690.9   0.02079
  21782.1   0.02190
  21874.0   0.02157
  21966.7   0.01808
  22060.1   0.01287
  22154.4   0.00828
  22249.5   0.00814
  22345.4   0.01192
  22442.1   0.00976
  22539.7   0.00678
  22638.1   0.00716
  22737.4   0.01057
  22837.6   0.00746
  22938.7   0.00136
  23040.6   0.00147
  23143.5   0.00119
  23247.2   0.00299
  23352.0   0.01651
  23457.6   0.03377
  23564.3   0.02193
  23671.8  -0.00252
  23780.4  -0.01481
  23890.0   0.00104
  24000.6   0.01043
  24112.3  -0.01151
  24224.9  -0.00793
  24338.7   0.00843
  24453.5   0.05258
  24569.4   0.06507
  24686.4   0.01935
  24804.5   0.02445
  24923.7   0.04469



 LOFF549     .ASC                        

 JB-JLB-549                                                              
 Calcite <63 um (off-axis)                                               

 Source Ang: 30.00   Detect Ang: 30.00  Volt: 1.222
 Date:  6-OCT-02   Time: 05:55:03
