  3154
    300.0   0.78965
    305.0   0.79460
    310.0   0.80059
    315.0   0.80594
    320.0   0.81117
    325.0   0.81519
    330.0   0.81975
    335.0   0.82340
    340.0   0.82712
    345.0   0.82956
    350.0   0.83187
    355.0   0.83456
    360.0   0.83725
    365.0   0.83856
    370.0   0.84134
    375.0   0.84373
    380.0   0.84752
    385.0   0.84973
    390.0   0.85154
    395.0   0.85320
    400.0   0.85511
    405.0   0.85689
    410.0   0.86017
    415.0   0.86231
    420.0   0.86505
    425.0   0.86810
    430.0   0.87175
    435.0   0.87446
    440.0   0.87758
    445.0   0.88000
    450.0   0.88254
    455.0   0.88465
    460.0   0.88734
    465.0   0.88969
    470.0   0.89173
    475.0   0.89383
    480.0   0.89573
    485.0   0.89844
    490.0   0.90007
    495.0   0.90237
    500.0   0.90434
    505.0   0.90641
    510.0   0.90845
    515.0   0.91039
    520.0   0.91252
    525.0   0.91407
    530.0   0.91534
    535.0   0.91744
    540.0   0.91854
    545.0   0.92009
    550.0   0.92149
    555.0   0.92354
    560.0   0.92475
    565.0   0.92638
    570.0   0.92761
    575.0   0.92899
    580.0   0.93050
    585.0   0.93153
    590.0   0.93231
    595.0   0.93318
    600.0   0.93097
    605.0   0.93227
    610.0   0.93179
    615.0   0.93280
    620.0   0.93257
    625.0   0.93237
    630.0   0.93242
    635.0   0.93221
    640.0   0.93220
    645.0   0.93313
    650.0   0.93261
    655.0   0.93400
    660.0   0.93424
    665.0   0.93492
    670.0   0.93597
    675.0   0.93631
    680.0   0.93592
    685.0   0.93783
    690.0   0.93820
    695.0   0.93801
    700.0   0.93931
    705.0   0.94048
    710.0   0.94050
    715.0   0.94044
    720.0   0.94036
    725.0   0.94092
    730.0   0.94101
    735.0   0.94121
    740.0   0.94144
    745.0   0.94165
    750.0   0.94143
    755.0   0.94124
    760.0   0.94145
    765.0   0.94273
    770.0   0.94176
    775.0   0.94222
    780.0   0.94274
    785.0   0.94367
    790.0   0.94332
    795.0   0.94401
    800.0   0.94357
    805.0   0.94507
    810.0   0.94464
    815.0   0.94490
    820.0   0.94606
    825.0   0.94701
    830.0   0.94627
    835.0   0.94651
    840.0   0.94674
    845.0   0.94655
    850.0   0.94735
    855.0   0.94609
    860.0   0.94569
    865.0   0.94654
    870.0   0.94672
    875.0   0.94666
    880.0   0.94689
    885.0   0.94783
    890.0   0.94702
    895.0   0.94760
    900.0   0.94675
    905.0   0.94717
    910.0   0.94548
    915.0   0.94598
    920.0   0.94508
    925.0   0.94442
    930.0   0.94278
    935.0   0.94396
    940.0   0.94191
    945.0   0.94098
    950.0   0.93855
    955.0   0.93657
    960.0   0.93321
    965.0   0.92967
    970.0   0.92655
    975.0   0.92279
    980.0   0.92063
    985.0   0.91805
    990.0   0.91641
    995.0   0.91442
   1000.0   0.91537
   1005.0   0.91942
   1010.0   0.92280
   1015.0   0.92614
   1020.0   0.92942
   1025.0   0.93263
   1030.0   0.93646
   1035.0   0.93786
   1040.0   0.93965
   1045.0   0.94058
   1050.0   0.94266
   1055.0   0.94305
   1060.0   0.94433
   1065.0   0.94405
   1070.0   0.94386
   1075.0   0.94339
   1080.0   0.94413
   1085.0   0.94299
   1090.0   0.94222
   1095.0   0.94214
   1100.0   0.93985
   1105.0   0.93888
   1110.0   0.93707
   1115.0   0.93583
   1120.0   0.93506
   1125.0   0.93502
   1130.0   0.93288
   1135.0   0.92995
   1140.0   0.92650
   1145.0   0.92107
   1150.0   0.91422
   1155.0   0.90562
   1160.0   0.89106
   1165.0   0.87655
   1170.0   0.86562
   1175.0   0.86145
   1180.0   0.85840
   1185.0   0.85825
   1190.0   0.85932
   1195.0   0.85849
   1200.0   0.85771
   1205.0   0.85537
   1210.0   0.85451
   1215.0   0.86430
   1220.0   0.87089
   1225.0   0.87154
   1230.0   0.87161
   1235.0   0.87172
   1240.0   0.87671
   1245.0   0.88258
   1250.0   0.88768
   1255.0   0.89068
   1260.0   0.89167
   1265.0   0.89259
   1270.0   0.89395
   1275.0   0.89511
   1280.0   0.89568
   1285.0   0.89582
   1290.0   0.89519
   1295.0   0.89457
   1300.0   0.89373
   1305.0   0.89121
   1310.0   0.88828
   1315.0   0.88348
   1320.0   0.87781
   1325.0   0.87166
   1330.0   0.86389
   1335.0   0.85650
   1340.0   0.84588
   1345.0   0.83682
   1350.0   0.82589
   1355.0   0.81778
   1360.0   0.80999
   1365.0   0.80320
   1370.0   0.79563
   1375.0   0.79023
   1380.0   0.78263
   1385.0   0.77343
   1390.0   0.76236
   1395.0   0.75052
   1400.0   0.73400
   1405.0   0.71486
   1410.0   0.70015
   1415.0   0.67146
   1420.0   0.64015
   1425.0   0.61308
   1430.0   0.59635
   1435.0   0.58048
   1440.0   0.54670
   1445.0   0.50729
   1450.0   0.50704
   1455.0   0.54450
   1460.0   0.56902
   1465.0   0.58167
   1470.0   0.58740
   1475.0   0.59046
   1480.0   0.59466
   1485.0   0.59199
   1490.0   0.58151
   1495.0   0.58368
   1500.0   0.60411
   1505.0   0.62761
   1510.0   0.64295
   1515.0   0.65069
   1520.0   0.65222
   1525.0   0.65078
   1530.0   0.64516
   1535.0   0.63881
   1540.0   0.63618
   1545.0   0.64581
   1550.0   0.66381
   1555.0   0.68304
   1560.0   0.69978
   1565.0   0.71368
   1570.0   0.72566
   1575.0   0.73540
   1580.0   0.74364
   1585.0   0.75089
   1590.0   0.75793
   1595.0   0.76656
   1600.0   0.77598
   1605.0   0.78434
   1610.0   0.79265
   1615.0   0.80008
   1620.0   0.80697
   1625.0   0.81202
   1630.0   0.81720
   1635.0   0.82267
   1640.0   0.82934
   1645.0   0.83408
   1650.0   0.83655
   1655.0   0.84267
   1660.0   0.84415
   1665.0   0.84799
   1670.0   0.84929
   1675.0   0.84878
   1680.0   0.84651
   1681.0   0.85018
   1681.5   0.84701
   1682.1   0.84729
   1682.6   0.84872
   1683.2   0.84792
   1683.7   0.84914
   1684.3   0.84934
   1684.8   0.85057
   1685.3   0.85068
   1685.9   0.84422
   1686.4   0.84106
   1687.0   0.84439
   1687.5   0.84543
   1688.1   0.84385
   1688.6   0.84481
   1689.2   0.84866
   1689.7   0.84958
   1690.3   0.84565
   1690.8   0.84237
   1691.4   0.84338
   1691.9   0.83974
   1692.5   0.83658
   1693.1   0.83660
   1693.6   0.83979
   1694.2   0.83717
   1694.7   0.83689
   1695.3   0.83957
   1695.8   0.83835
   1696.4   0.83660
   1696.9   0.84004
   1697.5   0.83924
   1698.0   0.83214
   1698.6   0.83528
   1699.2   0.83887
   1699.7   0.83801
   1700.3   0.83543
   1700.8   0.83585
   1701.4   0.83166
   1701.9   0.83233
   1702.5   0.83267
   1703.1   0.82575
   1703.6   0.82280
   1704.2   0.82332
   1704.7   0.82732
   1705.3   0.82366
   1705.9   0.81818
   1706.4   0.81626
   1707.0   0.81894
   1707.6   0.82075
   1708.1   0.81830
   1708.7   0.81510
   1709.2   0.81173
   1709.8   0.80755
   1710.4   0.80702
   1710.9   0.80711
   1711.5   0.80186
   1712.1   0.79914
   1712.6   0.80264
   1713.2   0.80428
   1713.8   0.80206
   1714.3   0.80251
   1714.9   0.79779
   1715.5   0.79057
   1716.0   0.78881
   1716.6   0.78850
   1717.2   0.78921
   1717.7   0.79254
   1718.3   0.79106
   1718.9   0.78805
   1719.4   0.78727
   1720.0   0.78385
   1720.6   0.78130
   1721.2   0.77454
   1721.7   0.76879
   1722.3   0.76783
   1722.9   0.77012
   1723.4   0.76956
   1724.0   0.76391
   1724.6   0.75903
   1725.2   0.75741
   1725.7   0.75805
   1726.3   0.75389
   1726.9   0.75413
   1727.5   0.75353
   1728.0   0.74836
   1728.6   0.74264
   1729.2   0.74184
   1729.8   0.74559
   1730.4   0.74455
   1730.9   0.73969
   1731.5   0.73617
   1732.1   0.73156
   1732.7   0.73078
   1733.2   0.73318
   1733.8   0.73089
   1734.4   0.72791
   1735.0   0.72295
   1735.6   0.71984
   1736.1   0.72404
   1736.7   0.72717
   1737.3   0.72681
   1737.9   0.72283
   1738.5   0.71662
   1739.1   0.71211
   1739.6   0.70860
   1740.2   0.70773
   1740.8   0.70510
   1741.4   0.70277
   1742.0   0.69922
   1742.6   0.69914
   1743.2   0.70070
   1743.7   0.70065
   1744.3   0.70020
   1744.9   0.69864
   1745.5   0.69567
   1746.1   0.69419
   1746.7   0.69674
   1747.3   0.69898
   1747.9   0.69822
   1748.4   0.70132
   1749.0   0.69769
   1749.6   0.69198
   1750.2   0.69045
   1750.8   0.69261
   1751.4   0.69679
   1752.0   0.69856
   1752.6   0.69585
   1753.2   0.69491
   1753.8   0.69631
   1754.4   0.69652
   1755.0   0.69665
   1755.5   0.69891
   1756.1   0.69862
   1756.7   0.69539
   1757.3   0.69635
   1757.9   0.70186
   1758.5   0.70377
   1759.1   0.70561
   1759.7   0.70730
   1760.3   0.70663
   1760.9   0.70553
   1761.5   0.70825
   1762.1   0.71069
   1762.7   0.71300
   1763.3   0.71416
   1763.9   0.71102
   1764.5   0.71037
   1765.1   0.71520
   1765.7   0.71720
   1766.3   0.71534
   1766.9   0.71565
   1767.5   0.71730
   1768.1   0.71800
   1768.7   0.71817
   1769.3   0.71729
   1769.9   0.71691
   1770.5   0.71789
   1771.1   0.72032
   1771.7   0.72221
   1772.4   0.72267
   1773.0   0.72306
   1773.6   0.72079
   1774.2   0.72020
   1774.8   0.71963
   1775.4   0.71849
   1776.0   0.71864
   1776.6   0.72213
   1777.2   0.72520
   1777.8   0.72081
   1778.4   0.71968
   1779.0   0.71949
   1779.7   0.72029
   1780.3   0.72458
   1780.9   0.72772
   1781.5   0.72740
   1782.1   0.72545
   1782.7   0.72529
   1783.3   0.72629
   1783.9   0.72486
   1784.6   0.72647
   1785.2   0.73130
   1785.8   0.73634
   1786.4   0.73709
   1787.0   0.73551
   1787.6   0.73248
   1788.2   0.73696
   1788.9   0.74257
   1789.5   0.74290
   1790.1   0.74038
   1790.7   0.73945
   1791.3   0.74092
   1792.0   0.74217
   1792.6   0.74591
   1793.2   0.74931
   1793.8   0.74960
   1794.4   0.74987
   1795.1   0.75619
   1795.7   0.75832
   1796.3   0.75410
   1796.9   0.75302
   1797.6   0.75220
   1798.2   0.75832
   1798.8   0.76203
   1799.4   0.76076
   1800.0   0.76305
   1800.7   0.76387
   1801.3   0.76367
   1801.9   0.76073
   1802.6   0.75963
   1803.2   0.76259
   1803.8   0.76857
   1804.4   0.77270
   1805.1   0.76982
   1805.7   0.76621
   1806.3   0.76573
   1806.9   0.76623
   1807.6   0.76725
   1808.2   0.76890
   1808.8   0.77153
   1809.5   0.76969
   1810.1   0.76628
   1810.7   0.76798
   1811.4   0.77166
   1812.0   0.76751
   1812.6   0.76881
   1813.3   0.77098
   1813.9   0.77387
   1814.5   0.77503
   1815.2   0.77063
   1815.8   0.76911
   1816.4   0.77541
   1817.1   0.77699
   1817.7   0.77537
   1818.4   0.77479
   1819.0   0.77866
   1819.6   0.77766
   1820.3   0.77308
   1820.9   0.77202
   1821.6   0.77250
   1822.2   0.76888
   1822.8   0.76817
   1823.5   0.77633
   1824.1   0.78245
   1824.8   0.78020
   1825.4   0.77641
   1826.0   0.77571
   1826.7   0.77745
   1827.3   0.77888
   1828.0   0.78173
   1828.6   0.77871
   1829.3   0.77186
   1829.9   0.77183
   1830.6   0.77259
   1831.2   0.77289
   1831.8   0.77553
   1832.5   0.77746
   1833.1   0.77738
   1833.8   0.77469
   1834.4   0.77460
   1835.1   0.77450
   1835.7   0.77475
   1836.4   0.77480
   1837.0   0.77510
   1837.7   0.77598
   1838.3   0.77408
   1839.0   0.77400
   1839.7   0.77166
   1840.3   0.76687
   1841.0   0.76848
   1841.6   0.76963
   1842.3   0.76790
   1842.9   0.76888
   1843.6   0.77051
   1844.2   0.77138
   1844.9   0.77086
   1845.5   0.77114
   1846.2   0.77004
   1846.9   0.76872
   1847.5   0.76760
   1848.2   0.76370
   1848.8   0.76297
   1849.5   0.76415
   1850.2   0.76510
   1850.8   0.76618
   1851.5   0.76500
   1852.1   0.76175
   1852.8   0.76100
   1853.5   0.75821
   1854.1   0.75476
   1854.8   0.75080
   1855.5   0.74816
   1856.1   0.74755
   1856.8   0.74618
   1857.4   0.74655
   1858.1   0.74530
   1858.8   0.74437
   1859.4   0.74237
   1860.1   0.73540
   1860.8   0.73578
   1861.4   0.73490
   1862.1   0.73165
   1862.8   0.73176
   1863.5   0.72992
   1864.1   0.72920
   1864.8   0.72522
   1865.5   0.71520
   1866.1   0.71153
   1866.8   0.71356
   1867.5   0.70742
   1868.2   0.69851
   1868.8   0.69523
   1869.5   0.69495
   1870.2   0.69075
   1870.9   0.68693
   1871.5   0.68437
   1872.2   0.68171
   1872.9   0.67934
   1873.6   0.67307
   1874.2   0.66894
   1874.9   0.66590
   1875.6   0.66435
   1876.3   0.66243
   1876.9   0.65862
   1877.6   0.65426
   1878.3   0.65140
   1879.0   0.64668
   1879.7   0.64069
   1880.4   0.63439
   1881.0   0.62785
   1881.7   0.62478
   1882.4   0.62084
   1883.1   0.61548
   1883.8   0.61277
   1884.5   0.60682
   1885.1   0.60303
   1885.8   0.60015
   1886.5   0.59085
   1887.2   0.58568
   1887.9   0.58159
   1888.6   0.57582
   1889.3   0.57336
   1890.0   0.56968
   1890.6   0.56042
   1891.3   0.55657
   1892.0   0.55302
   1892.7   0.54646
   1893.4   0.54252
   1894.1   0.53760
   1894.8   0.53440
   1895.5   0.52909
   1896.2   0.52158
   1896.9   0.51819
   1897.6   0.51645
   1898.3   0.51052
   1899.0   0.50570
   1899.6   0.50036
   1900.3   0.49480
   1901.0   0.48960
   1901.7   0.48719
   1902.4   0.48650
   1903.1   0.47886
   1903.8   0.47072
   1904.5   0.46521
   1905.2   0.46211
   1905.9   0.45855
   1906.6   0.45551
   1907.3   0.45172
   1908.0   0.44589
   1908.7   0.43931
   1909.4   0.43224
   1910.1   0.42672
   1910.8   0.42320
   1911.6   0.41956
   1912.3   0.41509
   1913.0   0.41124
   1913.7   0.40586
   1914.4   0.39988
   1915.1   0.39588
   1915.8   0.39141
   1916.5   0.38794
   1917.2   0.38372
   1917.9   0.37867
   1918.6   0.37353
   1919.3   0.36818
   1920.0   0.36012
   1920.8   0.35172
   1921.5   0.34813
   1922.2   0.34560
   1922.9   0.34140
   1923.6   0.33819
   1924.3   0.33200
   1925.0   0.32524
   1925.8   0.32146
   1926.5   0.31819
   1927.2   0.31274
   1927.9   0.30562
   1928.6   0.29749
   1929.3   0.29221
   1930.1   0.28963
   1930.8   0.28568
   1931.5   0.27915
   1932.2   0.27257
   1932.9   0.26787
   1933.7   0.26527
   1934.4   0.26102
   1935.1   0.25814
   1935.8   0.25629
   1936.5   0.25175
   1937.3   0.24797
   1938.0   0.24530
   1938.7   0.24485
   1939.4   0.24674
   1940.2   0.24464
   1940.9   0.24185
   1941.6   0.24263
   1942.4   0.24259
   1943.1   0.24046
   1943.8   0.23872
   1944.5   0.23963
   1945.3   0.24130
   1946.0   0.24231
   1946.7   0.24265
   1947.5   0.24204
   1948.2   0.24171
   1948.9   0.24416
   1949.7   0.24713
   1950.4   0.24818
   1951.1   0.24869
   1951.9   0.25076
   1952.6   0.25394
   1953.3   0.25707
   1954.1   0.26039
   1954.8   0.26486
   1955.5   0.27017
   1956.3   0.27499
   1957.0   0.28138
   1957.8   0.28726
   1958.5   0.29224
   1959.2   0.29973
   1960.0   0.30475
   1960.7   0.30827
   1961.5   0.31116
   1962.2   0.31379
   1962.9   0.31690
   1963.7   0.31748
   1964.4   0.31850
   1965.2   0.32087
   1965.9   0.32274
   1966.7   0.32284
   1967.4   0.32297
   1968.2   0.32346
   1968.9   0.32333
   1969.7   0.32276
   1970.4   0.32175
   1971.2   0.32475
   1971.9   0.32613
   1972.7   0.32458
   1973.4   0.32432
   1974.2   0.32512
   1974.9   0.32599
   1975.7   0.32805
   1976.4   0.33009
   1977.2   0.33151
   1977.9   0.33294
   1978.7   0.33528
   1979.4   0.33743
   1980.2   0.33847
   1980.9   0.34110
   1981.7   0.34380
   1982.5   0.34500
   1983.2   0.34626
   1984.0   0.34767
   1984.7   0.34952
   1985.5   0.35173
   1986.3   0.35334
   1987.0   0.35348
   1987.8   0.35452
   1988.5   0.35710
   1989.3   0.36290
   1990.1   0.36779
   1990.8   0.37253
   1991.6   0.37803
   1992.4   0.38263
   1993.1   0.38813
   1993.9   0.39354
   1994.7   0.39848
   1995.4   0.40528
   1996.2   0.41250
   1997.0   0.41868
   1997.7   0.42324
   1998.5   0.42968
   1999.3   0.44021
   2000.1   0.44860
   2000.8   0.45291
   2001.6   0.45834
   2002.4   0.46769
   2003.1   0.47417
   2003.9   0.47918
   2004.7   0.48599
   2005.5   0.49217
   2006.2   0.49915
   2007.0   0.50461
   2007.8   0.50804
   2008.6   0.51325
   2009.4   0.51837
   2010.1   0.52057
   2010.9   0.52358
   2011.7   0.52796
   2012.5   0.53281
   2013.3   0.53559
   2014.0   0.53765
   2014.8   0.54144
   2015.6   0.54589
   2016.4   0.54932
   2017.2   0.55230
   2018.0   0.55403
   2018.7   0.55552
   2019.5   0.55910
   2020.3   0.56342
   2021.1   0.56687
   2021.9   0.56762
   2022.7   0.56855
   2023.5   0.57114
   2024.3   0.57502
   2025.1   0.57736
   2025.8   0.57747
   2026.6   0.57903
   2027.4   0.58139
   2028.2   0.58422
   2029.0   0.58655
   2029.8   0.58522
   2030.6   0.58439
   2031.4   0.58628
   2032.2   0.58780
   2033.0   0.58980
   2033.8   0.59310
   2034.6   0.59441
   2035.4   0.59504
   2036.2   0.59605
   2037.0   0.59688
   2037.8   0.59961
   2038.6   0.60226
   2039.4   0.60231
   2040.2   0.60125
   2041.0   0.60143
   2041.8   0.60307
   2042.6   0.60702
   2043.4   0.60747
   2044.2   0.60672
   2045.0   0.60764
   2045.8   0.60856
   2046.6   0.61014
   2047.4   0.61212
   2048.3   0.61341
   2049.1   0.61227
   2049.9   0.61198
   2050.7   0.61149
   2051.5   0.61365
   2052.3   0.61736
   2053.1   0.61747
   2053.9   0.61649
   2054.8   0.61665
   2055.6   0.61621
   2056.4   0.61594
   2057.2   0.61469
   2058.0   0.61205
   2058.8   0.61120
   2059.6   0.61275
   2060.5   0.61500
   2061.3   0.61427
   2062.1   0.61258
   2062.9   0.61138
   2063.7   0.61216
   2064.6   0.61324
   2065.4   0.61109
   2066.2   0.61055
   2067.0   0.61216
   2067.9   0.61349
   2068.7   0.61022
   2069.5   0.60927
   2070.3   0.60979
   2071.2   0.61065
   2072.0   0.61236
   2072.8   0.61258
   2073.7   0.61188
   2074.5   0.61159
   2075.3   0.61156
   2076.1   0.61149
   2077.0   0.61308
   2077.8   0.61253
   2078.6   0.61168
   2079.5   0.61224
   2080.3   0.61337
   2081.1   0.61334
   2082.0   0.61213
   2082.8   0.61058
   2083.7   0.61063
   2084.5   0.61134
   2085.3   0.61169
   2086.2   0.60920
   2087.0   0.60785
   2087.9   0.60858
   2088.7   0.60833
   2089.5   0.60746
   2090.4   0.60628
   2091.2   0.60408
   2092.1   0.60275
   2092.9   0.60336
   2093.8   0.60401
   2094.6   0.60225
   2095.4   0.60209
   2096.3   0.60238
   2097.1   0.60003
   2098.0   0.59838
   2098.8   0.59793
   2099.7   0.59641
   2100.5   0.59564
   2101.4   0.59437
   2102.2   0.59341
   2103.1   0.59235
   2104.0   0.59134
   2104.8   0.59012
   2105.7   0.58903
   2106.5   0.58884
   2107.4   0.58728
   2108.2   0.58648
   2109.1   0.58505
   2109.9   0.58251
   2110.8   0.58308
   2111.7   0.58234
   2112.5   0.57875
   2113.4   0.57706
   2114.2   0.57808
   2115.1   0.57793
   2116.0   0.57558
   2116.8   0.57407
   2117.7   0.57217
   2118.6   0.57100
   2119.4   0.57109
   2120.3   0.56996
   2121.2   0.56866
   2122.0   0.56822
   2122.9   0.56621
   2123.8   0.56519
   2124.6   0.56414
   2125.5   0.56426
   2126.4   0.56515
   2127.3   0.56511
   2128.1   0.56239
   2129.0   0.55929
   2129.9   0.55811
   2130.8   0.55674
   2131.6   0.55528
   2132.5   0.55519
   2133.4   0.55588
   2134.3   0.55528
   2135.1   0.55469
   2136.0   0.55443
   2136.9   0.55369
   2137.8   0.55134
   2138.7   0.54972
   2139.6   0.54957
   2140.4   0.54962
   2141.3   0.54961
   2142.2   0.54722
   2143.1   0.54544
   2144.0   0.54503
   2144.9   0.54314
   2145.8   0.54206
   2146.6   0.54315
   2147.5   0.54184
   2148.4   0.54060
   2149.3   0.54050
   2150.2   0.53781
   2151.1   0.53429
   2152.0   0.53580
   2152.9   0.53674
   2153.8   0.53561
   2154.7   0.53393
   2155.6   0.53250
   2156.5   0.53023
   2157.4   0.52888
   2158.3   0.52885
   2159.2   0.52843
   2160.1   0.52571
   2161.0   0.52564
   2161.9   0.52393
   2162.8   0.52105
   2163.7   0.52056
   2164.6   0.51994
   2165.5   0.51832
   2166.4   0.51864
   2167.3   0.51741
   2168.2   0.51577
   2169.1   0.51362
   2170.0   0.51206
   2170.9   0.50953
   2171.8   0.50979
   2172.7   0.51102
   2173.6   0.51069
   2174.6   0.50924
   2175.5   0.50742
   2176.4   0.50713
   2177.3   0.50702
   2178.2   0.50698
   2179.1   0.50598
   2180.0   0.50495
   2181.0   0.50550
   2181.9   0.50517
   2182.8   0.50424
   2183.7   0.50436
   2184.6   0.50446
   2185.6   0.50419
   2186.5   0.50461
   2187.4   0.50467
   2188.3   0.50503
   2189.2   0.50522
   2190.2   0.50435
   2191.1   0.50247
   2192.0   0.50130
   2193.0   0.50240
   2193.9   0.50198
   2194.8   0.50023
   2195.7   0.49967
   2196.7   0.49880
   2197.6   0.49823
   2198.5   0.49818
   2199.5   0.49628
   2200.4   0.49330
   2201.3   0.49203
   2202.3   0.49123
   2203.2   0.48860
   2204.1   0.48627
   2205.1   0.48634
   2206.0   0.48570
   2207.0   0.48410
   2207.9   0.48232
   2208.8   0.47992
   2209.8   0.47839
   2210.7   0.47736
   2211.7   0.47687
   2212.6   0.47563
   2213.6   0.47440
   2214.5   0.47293
   2215.4   0.47062
   2216.4   0.46996
   2217.3   0.47055
   2218.3   0.47191
   2219.2   0.47139
   2220.2   0.47106
   2221.1   0.47136
   2222.1   0.47254
   2223.0   0.47433
   2224.0   0.47629
   2225.0   0.47962
   2225.9   0.48324
   2226.9   0.48431
   2227.8   0.48636
   2228.8   0.48884
   2229.7   0.49234
   2230.7   0.49491
   2231.7   0.49574
   2232.6   0.49759
   2233.6   0.49959
   2234.5   0.50139
   2235.5   0.50225
   2236.5   0.50448
   2237.4   0.50565
   2238.4   0.50643
   2239.4   0.50774
   2240.3   0.50808
   2241.3   0.50818
   2242.3   0.50839
   2243.2   0.50883
   2244.2   0.50973
   2245.2   0.51157
   2246.2   0.51197
   2247.1   0.51119
   2248.1   0.51242
   2249.1   0.51131
   2250.1   0.50898
   2251.0   0.50877
   2252.0   0.50878
   2253.0   0.50902
   2254.0   0.50876
   2255.0   0.50782
   2255.9   0.50650
   2256.9   0.50570
   2257.9   0.50520
   2258.9   0.50378
   2259.9   0.50272
   2260.9   0.50127
   2261.8   0.50096
   2262.8   0.49982
   2263.8   0.49797
   2264.8   0.49662
   2265.8   0.49677
   2266.8   0.49652
   2267.8   0.49517
   2268.8   0.49402
   2269.8   0.49487
   2270.8   0.49565
   2271.8   0.49603
   2272.7   0.49720
   2273.7   0.49935
   2274.7   0.50090
   2275.7   0.50247
   2276.7   0.50598
   2277.7   0.50872
   2278.7   0.51049
   2279.7   0.51122
   2280.7   0.51160
   2281.7   0.51255
   2282.8   0.51451
   2283.8   0.51730
   2284.8   0.51951
   2285.8   0.51908
   2286.8   0.52122
   2287.8   0.52381
   2288.8   0.52361
   2289.8   0.52330
   2290.8   0.52352
   2291.8   0.52490
   2292.9   0.52646
   2293.9   0.52565
   2294.9   0.52605
   2295.9   0.52780
   2296.9   0.52869
   2297.9   0.52920
   2299.0   0.52948
   2300.0   0.52954
   2301.0   0.52917
   2302.0   0.53007
   2303.0   0.53075
   2304.1   0.53038
   2305.1   0.53034
   2306.1   0.53073
   2307.1   0.53079
   2308.2   0.53116
   2309.2   0.53206
   2310.2   0.53207
   2311.3   0.53157
   2312.3   0.52968
   2313.3   0.52952
   2314.3   0.53098
   2315.4   0.53099
   2316.4   0.52999
   2317.4   0.52883
   2318.5   0.52862
   2319.5   0.52938
   2320.6   0.52952
   2321.6   0.52855
   2322.6   0.52902
   2323.7   0.52859
   2324.7   0.52763
   2325.8   0.52768
   2326.8   0.52736
   2327.9   0.52701
   2328.9   0.52654
   2329.9   0.52563
   2331.0   0.52429
   2332.0   0.52238
   2333.1   0.52161
   2334.1   0.52139
   2335.2   0.52019
   2336.2   0.51937
   2337.3   0.51784
   2338.4   0.51492
   2339.4   0.51225
   2340.5   0.51322
   2341.5   0.51411
   2342.6   0.51176
   2343.6   0.50892
   2344.7   0.50756
   2345.8   0.50778
   2346.8   0.50637
   2347.9   0.50421
   2349.0   0.50264
   2350.0   0.50020
   2351.1   0.49803
   2352.1   0.49664
   2353.2   0.49501
   2354.3   0.49350
   2355.4   0.49215
   2356.4   0.49116
   2357.5   0.48839
   2358.6   0.48473
   2359.6   0.48254
   2360.7   0.48193
   2361.8   0.47972
   2362.9   0.47643
   2363.9   0.47428
   2365.0   0.47265
   2366.1   0.47026
   2367.2   0.46777
   2368.3   0.46462
   2369.3   0.46051
   2370.4   0.45791
   2371.5   0.45618
   2372.6   0.45332
   2373.7   0.44893
   2374.8   0.44478
   2375.9   0.44296
   2377.0   0.43985
   2378.0   0.43590
   2379.1   0.43186
   2380.2   0.42706
   2381.3   0.42324
   2382.4   0.42035
   2383.5   0.41747
   2384.6   0.41398
   2385.7   0.41062
   2386.8   0.40652
   2387.9   0.40143
   2389.0   0.39738
   2390.1   0.39268
   2391.2   0.38720
   2392.3   0.38269
   2393.4   0.37935
   2394.5   0.37549
   2395.6   0.37095
   2396.7   0.36589
   2397.8   0.36114
   2399.0   0.35773
   2400.1   0.35440
   2401.2   0.34977
   2402.3   0.34472
   2403.4   0.33989
   2404.5   0.33643
   2405.6   0.33352
   2406.7   0.32936
   2407.9   0.32594
   2409.0   0.32146
   2410.1   0.31805
   2411.2   0.31554
   2412.3   0.31238
   2413.5   0.30947
   2414.6   0.30737
   2415.7   0.30467
   2416.8   0.30306
   2418.0   0.30164
   2419.1   0.30066
   2420.2   0.29885
   2421.4   0.29653
   2422.5   0.29468
   2423.6   0.29387
   2424.8   0.29312
   2425.9   0.29199
   2427.0   0.29001
   2428.2   0.28795
   2429.3   0.28642
   2430.4   0.28455
   2431.6   0.28368
   2432.7   0.28288
   2433.9   0.28160
   2435.0   0.28102
   2436.2   0.28069
   2437.3   0.28012
   2438.4   0.27912
   2439.6   0.27987
   2440.7   0.27936
   2441.9   0.27766
   2443.0   0.27659
   2444.2   0.27682
   2445.3   0.27745
   2446.5   0.27735
   2447.7   0.27680
   2448.8   0.27640
   2450.0   0.27509
   2451.1   0.27379
   2452.3   0.27372
   2453.4   0.27333
   2454.6   0.27221
   2455.8   0.27155
   2456.9   0.27111
   2458.1   0.26997
   2459.3   0.26948
   2460.4   0.26754
   2461.6   0.26483
   2462.8   0.26383
   2463.9   0.26327
   2465.1   0.26264
   2466.3   0.26140
   2467.5   0.25862
   2468.6   0.25710
   2469.8   0.25754
   2471.0   0.25659
   2472.2   0.25386
   2473.3   0.25191
   2474.5   0.25100
   2475.7   0.25043
   2476.9   0.25006
   2478.1   0.24960
   2479.3   0.24893
   2480.4   0.24748
   2481.6   0.24741
   2482.8   0.24653
   2484.0   0.24597
   2485.2   0.24643
   2486.4   0.24679
   2487.6   0.24603
   2488.8   0.24475
   2490.0   0.24559
   2491.2   0.24682
   2492.4   0.24593
   2493.6   0.24490
   2494.8   0.24502
   2496.0   0.24623
   2497.2   0.24661
   2498.4   0.24725
   2499.6   0.24808
   2500.8   0.24877
   2502.0   0.24905
   2503.2   0.24920
   2504.4   0.24975
   2505.6   0.25134
   2506.8   0.25178
   2508.0   0.25161
   2509.3   0.25182
   2510.5   0.25226
   2511.7   0.25231
   2512.9   0.25261
   2514.1   0.25325
   2515.3   0.25451
   2516.6   0.25452
   2517.8   0.25416
   2519.0   0.25499
   2520.2   0.25534
   2521.5   0.25556
   2522.7   0.25641
   2523.9   0.25715
   2525.2   0.25772
   2526.4   0.25791
   2527.6   0.25733
   2528.8   0.25739
   2530.1   0.25798
   2531.3   0.25714
   2532.6   0.25665
   2533.8   0.25657
   2535.0   0.25628
   2536.3   0.25624
   2537.5   0.25568
   2538.8   0.25562
   2540.0   0.25487
   2541.2   0.25457
   2542.5   0.25484
   2543.7   0.25275
   2545.0   0.25192
   2546.2   0.25205
   2547.5   0.25133
   2548.7   0.25005
   2550.0   0.24982
   2551.2   0.24967
   2552.5   0.24802
   2553.8   0.24678
   2555.0   0.24759
   2556.3   0.24794
   2557.5   0.24736
   2558.8   0.24534
   2560.1   0.24363
   2561.3   0.24289
   2562.6   0.24042
   2563.9   0.23885
   2565.1   0.23867
   2566.4   0.23919
   2567.7   0.24021
   2568.9   0.24073
   2570.2   0.23847
   2571.5   0.23678
   2572.8   0.23789
   2574.0   0.23551
   2575.3   0.23426
   2576.6   0.23498
   2577.9   0.23347
   2579.2   0.23445
   2580.5   0.23539
   2581.7   0.23392
   2583.0   0.23464
   2584.3   0.23407
   2585.6   0.23284
   2586.9   0.23403
   2588.2   0.23337
   2589.5   0.23388
   2590.8   0.23479
   2592.1   0.23532
   2593.4   0.23419
   2594.7   0.23112
   2596.0   0.22527
   2597.3   0.22671
   2598.6   0.23155
   2599.9   0.23316
   2601.2   0.23254
   2602.5   0.23054
   2603.8   0.22975
   2605.1   0.22906
   2606.4   0.22695
   2607.7   0.22671
   2609.0   0.22770
   2610.3   0.22661
   2611.7   0.22601
   2613.0   0.22631
   2614.3   0.22605
   2615.6   0.22593
   2616.9   0.22293
   2618.3   0.21970
   2619.6   0.22189
   2620.9   0.22127
   2622.2   0.22062
   2623.6   0.22331
   2624.9   0.22277
   2626.2   0.22060
   2627.5   0.21756
   2628.9   0.21730
   2630.2   0.21774
   2631.5   0.21431
   2632.9   0.21486
   2634.2   0.21539
   2635.6   0.21378
   2636.9   0.21429
   2638.2   0.21416
   2639.6   0.21303
   2640.9   0.21248
   2642.3   0.21102
   2643.6   0.20873
   2645.0   0.20769
   2646.3   0.20562
   2647.7   0.20449
   2649.0   0.20441
   2650.4   0.20234
   2651.7   0.20016
   2653.1   0.19643
   2654.4   0.19378
   2655.8   0.19347
   2657.2   0.19185
   2658.5   0.19045
   2659.9   0.18739
   2661.3   0.18318
   2662.6   0.18190
   2664.0   0.18065
   2665.4   0.17685
   2666.7   0.17163
   2668.1   0.16812
   2669.5   0.16783
   2670.9   0.16502
   2672.2   0.16136
   2673.6   0.16240
   2675.0   0.16130
   2676.4   0.15803
   2677.8   0.15370
   2679.1   0.15137
   2680.5   0.15025
   2681.9   0.15122
   2683.3   0.14977
   2684.7   0.14627
   2686.1   0.14444
   2687.5   0.14270
   2688.9   0.14095
   2690.3   0.13950
   2691.7   0.13672
   2693.1   0.13413
   2694.5   0.13102
   2695.9   0.12809
   2697.3   0.12641
   2698.7   0.12424
   2700.1   0.12124
   2701.5   0.11770
   2702.9   0.11395
   2704.3   0.11249
   2705.7   0.11018
   2707.1   0.10664
   2708.5   0.10349
   2710.0   0.10000
   2711.4   0.09621
   2712.8   0.09322
   2714.2   0.09156
   2715.6   0.08937
   2717.1   0.08609
   2718.5   0.08291
   2719.9   0.08053
   2721.3   0.07727
   2722.8   0.07445
   2724.2   0.07272
   2725.6   0.06936
   2727.1   0.06751
   2728.5   0.06685
   2729.9   0.06549
   2731.4   0.06328
   2732.8   0.06043
   2734.2   0.05793
   2735.7   0.05612
   2737.1   0.05408
   2738.6   0.05241
   2740.0   0.05006
   2741.5   0.04786
   2742.9   0.04587
   2744.4   0.04451
   2745.8   0.04267
   2747.3   0.04103
   2748.7   0.03954
   2750.2   0.03803
   2751.7   0.03686
   2753.1   0.03506
   2754.6   0.03297
   2756.1   0.03084
   2757.5   0.02930
   2759.0   0.02840
   2760.5   0.02782
   2761.9   0.02700
   2763.4   0.02610
   2764.9   0.02554
   2766.3   0.02445
   2767.8   0.02360
   2769.3   0.02339
   2770.8   0.02263
   2772.3   0.02126
   2773.7   0.02065
   2775.2   0.02051
   2776.7   0.02050
   2778.2   0.01997
   2779.7   0.01906
   2781.2   0.01814
   2782.7   0.01817
   2784.2   0.01822
   2785.7   0.01788
   2787.2   0.01689
   2788.7   0.01679
   2790.2   0.01700
   2791.7   0.01588
   2793.2   0.01551
   2794.7   0.01594
   2796.2   0.01565
   2797.7   0.01515
   2799.2   0.01563
   2800.7   0.01525
   2802.2   0.01497
   2803.8   0.01440
   2805.3   0.01346
   2806.8   0.01403
   2808.3   0.01484
   2809.8   0.01509
   2811.4   0.01512
   2812.9   0.01534
   2814.4   0.01562
   2815.9   0.01501
   2817.5   0.01463
   2819.0   0.01578
   2820.5   0.01622
   2822.1   0.01584
   2823.6   0.01585
   2825.1   0.01561
   2826.7   0.01500
   2828.2   0.01505
   2829.8   0.01534
   2831.3   0.01558
   2832.9   0.01511
   2834.4   0.01517
   2836.0   0.01584
   2837.5   0.01559
   2839.1   0.01493
   2840.6   0.01448
   2842.2   0.01497
   2843.7   0.01550
   2845.3   0.01504
   2846.9   0.01462
   2848.4   0.01515
   2850.0   0.01533
   2851.6   0.01464
   2853.1   0.01453
   2854.7   0.01506
   2856.3   0.01473
   2857.8   0.01413
   2859.4   0.01343
   2861.0   0.01303
   2862.6   0.01373
   2864.2   0.01415
   2865.7   0.01418
   2867.3   0.01497
   2868.9   0.01569
   2870.5   0.01536
   2872.1   0.01572
   2873.7   0.01622
   2875.3   0.01608
   2876.9   0.01545
   2878.5   0.01581
   2880.1   0.01607
   2881.7   0.01613
   2883.3   0.01644
   2884.9   0.01608
   2886.5   0.01578
   2888.1   0.01621
   2889.7   0.01672
   2891.3   0.01637
   2892.9   0.01559
   2894.5   0.01627
   2896.2   0.01709
   2897.8   0.01695
   2899.4   0.01690
   2901.0   0.01707
   2902.7   0.01665
   2904.3   0.01605
   2905.9   0.01625
   2907.5   0.01675
   2909.2   0.01708
   2910.8   0.01715
   2912.4   0.01725
   2914.1   0.01697
   2915.7   0.01670
   2917.4   0.01771
   2919.0   0.01830
   2920.6   0.01846
   2922.3   0.01902
   2923.9   0.01977
   2925.6   0.01989
   2927.2   0.01978
   2928.9   0.02034
   2930.5   0.02090
   2932.2   0.02095
   2933.9   0.02041
   2935.5   0.02058
   2937.2   0.02100
   2938.9   0.02146
   2940.5   0.02171
   2942.2   0.02206
   2943.9   0.02190
   2945.5   0.02155
   2947.2   0.02226
   2948.9   0.02303
   2950.6   0.02293
   2952.2   0.02316
   2953.9   0.02348
   2955.6   0.02351
   2957.3   0.02371
   2959.0   0.02380
   2960.7   0.02398
   2962.4   0.02384
   2964.1   0.02396
   2965.8   0.02419
   2967.4   0.02440
   2969.1   0.02494
   2970.9   0.02554
   2972.6   0.02512
   2974.3   0.02533
   2976.0   0.02547
   2977.7   0.02608
   2979.4   0.02679
   2981.1   0.02598
   2982.8   0.02542
   2984.5   0.02589
   2986.3   0.02623
   2988.0   0.02662
   2989.7   0.02691
   2991.4   0.02657
   2993.1   0.02613
   2994.9   0.02613
   2996.6   0.02621
   2998.3   0.02676
   3000.1   0.02698
   3001.8   0.02672
   3003.6   0.02665
   3005.3   0.02698
   3007.0   0.02766
   3008.8   0.02814
   3010.5   0.02813
   3012.3   0.02825
   3014.0   0.02848
   3015.8   0.02841
   3017.5   0.02871
   3019.3   0.02892
   3021.1   0.02943
   3022.8   0.02989
   3024.6   0.02973
   3026.3   0.02993
   3028.1   0.03059
   3029.9   0.03129
   3031.7   0.03131
   3033.4   0.03138
   3035.2   0.03144
   3037.0   0.03170
   3038.8   0.03229
   3040.5   0.03215
   3042.3   0.03194
   3044.1   0.03218
   3045.9   0.03278
   3047.7   0.03390
   3049.5   0.03416
   3051.3   0.03367
   3053.1   0.03315
   3054.9   0.03346
   3056.7   0.03445
   3058.5   0.03510
   3060.3   0.03511
   3062.1   0.03473
   3063.9   0.03460
   3065.7   0.03450
   3067.5   0.03469
   3069.4   0.03506
   3071.2   0.03506
   3073.0   0.03444
   3074.8   0.03393
   3076.6   0.03344
   3078.5   0.03270
   3080.3   0.03227
   3082.1   0.03317
   3084.0   0.03448
   3085.8   0.03481
   3087.6   0.03422
   3089.5   0.03508
   3091.3   0.03675
   3093.2   0.03755
   3095.0   0.03864
   3096.9   0.03964
   3098.7   0.04048
   3100.6   0.04122
   3102.4   0.04190
   3104.3   0.04291
   3106.1   0.04437
   3108.0   0.04541
   3109.9   0.04548
   3111.7   0.04599
   3113.6   0.04693
   3115.5   0.04768
   3117.3   0.04800
   3119.2   0.04875
   3121.1   0.04911
   3123.0   0.05005
   3124.9   0.05064
   3126.7   0.05074
   3128.6   0.05125
   3130.5   0.05195
   3132.4   0.05223
   3134.3   0.05281
   3136.2   0.05409
   3138.1   0.05530
   3140.0   0.05634
   3141.9   0.05722
   3143.8   0.05818
   3145.7   0.05862
   3147.6   0.05988
   3149.5   0.06165
   3151.4   0.06283
   3153.4   0.06444
   3155.3   0.06643
   3157.2   0.06794
   3159.1   0.06906
   3161.1   0.07006
   3163.0   0.07171
   3164.9   0.07361
   3166.9   0.07464
   3168.8   0.07593
   3170.7   0.07805
   3172.7   0.07991
   3174.6   0.08100
   3176.6   0.08246
   3178.5   0.08432
   3180.5   0.08609
   3182.4   0.08758
   3184.4   0.08859
   3186.3   0.08930
   3188.3   0.09046
   3190.2   0.09209
   3192.2   0.09361
   3194.2   0.09482
   3196.1   0.09604
   3198.1   0.09727
   3200.1   0.09888
   3202.1   0.10064
   3204.0   0.10206
   3206.0   0.10311
   3208.0   0.10441
   3210.0   0.10615
   3212.0   0.10739
   3214.0   0.10832
   3216.0   0.10970
   3218.0   0.11104
   3220.0   0.11252
   3222.0   0.11320
   3224.0   0.11476
   3226.0   0.11629
   3228.0   0.11757
   3230.0   0.11950
   3232.0   0.12148
   3234.0   0.12244
   3236.0   0.12276
   3238.1   0.12406
   3240.1   0.12624
   3242.1   0.12764
   3244.1   0.12898
   3246.2   0.13108
   3248.2   0.13282
   3250.2   0.13441
   3252.3   0.13573
   3254.3   0.13657
   3256.4   0.13784
   3258.4   0.13995
   3260.5   0.14163
   3262.5   0.14321
   3264.6   0.14458
   3266.6   0.14590
   3268.7   0.14737
   3270.7   0.14843
   3272.8   0.14987
   3274.9   0.15193
   3276.9   0.15390
   3279.0   0.15513
   3281.1   0.15712
   3283.2   0.15952
   3285.3   0.16166
   3287.3   0.16367
   3289.4   0.16525
   3291.5   0.16724
   3293.6   0.16949
   3295.7   0.17207
   3297.8   0.17443
   3299.9   0.17649
   3302.0   0.17863
   3304.1   0.18113
   3306.2   0.18342
   3308.3   0.18566
   3310.4   0.18752
   3312.5   0.18986
   3314.7   0.19254
   3316.8   0.19396
   3318.9   0.19563
   3321.0   0.19860
   3323.2   0.20045
   3325.3   0.20225
   3327.4   0.20475
   3329.6   0.20680
   3331.7   0.20903
   3333.8   0.21080
   3336.0   0.21221
   3338.1   0.21421
   3340.3   0.21649
   3342.4   0.21815
   3344.6   0.21970
   3346.8   0.22103
   3348.9   0.22298
   3351.1   0.22532
   3353.3   0.22777
   3355.4   0.22949
   3357.6   0.23128
   3359.8   0.23340
   3362.0   0.23588
   3364.1   0.23860
   3366.3   0.24099
   3368.5   0.24371
   3370.7   0.24657
   3372.9   0.24898
   3375.1   0.25141
   3377.3   0.25376
   3379.5   0.25610
   3381.7   0.25881
   3383.9   0.26135
   3386.1   0.26346
   3388.3   0.26595
   3390.5   0.26807
   3392.8   0.27047
   3395.0   0.27299
   3397.2   0.27472
   3399.4   0.27639
   3401.7   0.27830
   3403.9   0.28056
   3406.1   0.28321
   3408.4   0.28635
   3410.6   0.28928
   3412.9   0.29187
   3415.1   0.29451
   3417.4   0.29716
   3419.6   0.29943
   3421.9   0.30192
   3424.1   0.30427
   3426.4   0.30568
   3428.7   0.30684
   3430.9   0.30794
   3433.2   0.30939
   3435.5   0.31012
   3437.8   0.30927
   3440.0   0.30929
   3442.3   0.31092
   3444.6   0.31239
   3446.9   0.31375
   3449.2   0.31499
   3451.5   0.31647
   3453.8   0.31729
   3456.1   0.31877
   3458.4   0.32061
   3460.7   0.32155
   3463.0   0.32263
   3465.3   0.32375
   3467.6   0.32451
   3470.0   0.32613
   3472.3   0.32800
   3474.6   0.32995
   3477.0   0.33122
   3479.3   0.33226
   3481.6   0.33387
   3484.0   0.33545
   3486.3   0.33697
   3488.7   0.33907
   3491.0   0.34106
   3493.4   0.34299
   3495.7   0.34484
   3498.1   0.34665
   3500.4   0.34864
   3502.8   0.35161
   3505.2   0.35497
   3507.5   0.35717
   3509.9   0.35851
   3512.3   0.35886
   3514.7   0.35828
   3517.1   0.35744
   3519.4   0.35654
   3521.8   0.35657
   3524.2   0.35722
   3526.6   0.35790
   3529.0   0.35781
   3531.4   0.35777
   3533.8   0.35839
   3536.2   0.35913
   3538.7   0.36027
   3541.1   0.36129
   3543.5   0.36200
   3545.9   0.36244
   3548.3   0.36357
   3550.8   0.36513
   3553.2   0.36690
   3555.6   0.36782
   3558.1   0.36852
   3560.5   0.36956
   3563.0   0.37074
   3565.4   0.37215
   3567.9   0.37352
   3570.3   0.37509
   3572.8   0.37618
   3575.3   0.37756
   3577.7   0.37896
   3580.2   0.38012
   3582.7   0.38103
   3585.2   0.38214
   3587.6   0.38378
   3590.1   0.38529
   3592.6   0.38698
   3595.1   0.38918
   3597.6   0.39115
   3600.1   0.39305
   3602.6   0.39516
   3605.1   0.39675
   3607.6   0.39866
   3610.1   0.40001
   3612.6   0.40155
   3615.2   0.40339
   3617.7   0.40461
   3620.2   0.40560
   3622.7   0.40769
   3625.3   0.41007
   3627.8   0.41140
   3630.3   0.41223
   3632.9   0.41338
   3635.4   0.41513
   3638.0   0.41679
   3640.5   0.41750
   3643.1   0.41868
   3645.7   0.42001
   3648.2   0.42110
   3650.8   0.42239
   3653.4   0.42395
   3655.9   0.42561
   3658.5   0.42700
   3661.1   0.42868
   3663.7   0.42977
   3666.3   0.43093
   3668.9   0.43233
   3671.5   0.43372
   3674.1   0.43484
   3676.7   0.43608
   3679.3   0.43648
   3681.9   0.43699
   3684.5   0.43817
   3687.2   0.43986
   3689.8   0.44101
   3692.4   0.44140
   3695.0   0.44214
   3697.7   0.44311
   3700.3   0.44377
   3703.0   0.44419
   3705.6   0.44451
   3708.3   0.44564
   3710.9   0.44553
   3713.6   0.44514
   3716.2   0.44543
   3718.9   0.44574
   3721.6   0.44584
   3724.2   0.44640
   3726.9   0.44633
   3729.6   0.44624
   3732.3   0.44689
   3735.0   0.44730
   3737.7   0.44769
   3740.4   0.44821
   3743.1   0.44844
   3745.8   0.44904
   3748.5   0.44915
   3751.2   0.44946
   3753.9   0.45006
   3756.6   0.45046
   3759.3   0.45046
   3762.1   0.45058
   3764.8   0.45088
   3767.5   0.45101
   3770.3   0.45099
   3773.0   0.45076
   3775.8   0.45077
   3778.5   0.45115
   3781.3   0.45094
   3784.0   0.45081
   3786.8   0.45124
   3789.6   0.45136
   3792.3   0.45131
   3795.1   0.45106
   3797.9   0.45142
   3800.7   0.45168
   3803.5   0.45171
   3806.3   0.45197
   3809.1   0.45191
   3811.9   0.45216
   3814.7   0.45228
   3817.5   0.45165
   3820.3   0.45145
   3823.1   0.45121
   3825.9   0.45059
   3828.8   0.45017
   3831.6   0.44993
   3834.4   0.44990
   3837.3   0.44954
   3840.1   0.44863
   3842.9   0.44738
   3845.8   0.44607
   3848.7   0.44513
   3851.5   0.44418
   3854.4   0.44306
   3857.2   0.44164
   3860.1   0.43847
   3863.0   0.43430
   3865.9   0.42988
   3868.8   0.42585
   3871.6   0.42245
   3874.5   0.42075
   3877.4   0.42222
   3880.3   0.42556
   3883.2   0.42867
   3886.2   0.43139
   3889.1   0.43322
   3892.0   0.43444
   3894.9   0.43450
   3897.8   0.43361
   3900.8   0.43314
   3903.7   0.43315
   3906.7   0.43263
   3909.6   0.43152
   3912.6   0.43053
   3915.5   0.42971
   3918.5   0.42853
   3921.4   0.42673
   3924.4   0.42536
   3927.4   0.42451
   3930.4   0.42298
   3933.3   0.42046
   3936.3   0.41863
   3939.3   0.41737
   3942.3   0.41557
   3945.3   0.41314
   3948.3   0.41064
   3951.3   0.40794
   3954.3   0.40484
   3957.4   0.40108
   3960.4   0.39750
   3963.4   0.39373
   3966.4   0.38888
   3969.5   0.38412
   3972.5   0.38028
   3975.6   0.37768
   3978.6   0.37707
   3981.7   0.37772
   3984.7   0.37871
   3987.8   0.37993
   3990.9   0.38079
   3993.9   0.38090
   3997.0   0.38098
   4000.1   0.38061
   4003.2   0.37978
   4006.3   0.37849
   4009.4   0.37657
   4012.5   0.37430
   4015.6   0.37264
   4018.7   0.37082
   4021.8   0.36849
   4024.9   0.36677
   4028.1   0.36519
   4031.2   0.36300
   4034.3   0.36074
   4037.5   0.35807
   4040.6   0.35528
   4043.8   0.35308
   4046.9   0.35123
   4050.1   0.34866
   4053.3   0.34575
   4056.4   0.34326
   4059.6   0.34086
   4062.8   0.33830
   4066.0   0.33526
   4069.2   0.33298
   4072.4   0.33075
   4075.6   0.32810
   4078.8   0.32508
   4082.0   0.32216
   4085.2   0.31949
   4088.4   0.31693
   4091.7   0.31433
   4094.9   0.31156
   4098.1   0.30916
   4101.4   0.30628
   4104.6   0.30332
   4107.9   0.30070
   4111.1   0.29798
   4114.4   0.29528
   4117.7   0.29293
   4120.9   0.29013
   4124.2   0.28720
   4127.5   0.28450
   4130.8   0.28183
   4134.1   0.27916
   4137.4   0.27651
   4140.7   0.27390
   4144.0   0.27086
   4147.3   0.26764
   4150.6   0.26502
   4154.0   0.26249
   4157.3   0.25977
   4160.6   0.25740
   4164.0   0.25480
   4167.3   0.25178
   4170.7   0.24892
   4174.0   0.24653
   4177.4   0.24348
   4180.8   0.23982
   4184.1   0.23684
   4187.5   0.23391
   4190.9   0.23087
   4194.3   0.22822
   4197.7   0.22530
   4201.1   0.22171
   4204.5   0.21751
   4207.9   0.21272
   4211.3   0.20821
   4214.7   0.20343
   4218.2   0.19868
   4221.6   0.19388
   4225.0   0.18921
   4228.5   0.18565
   4231.9   0.18215
   4235.4   0.17885
   4238.9   0.17551
   4242.3   0.17211
   4245.8   0.16990
   4249.3   0.16810
   4252.8   0.16674
   4256.3   0.16525
   4259.8   0.16324
   4263.3   0.15923
   4266.8   0.15406
   4270.3   0.14961
   4273.8   0.14611
   4277.3   0.14298
   4280.9   0.13954
   4284.4   0.13653
   4288.0   0.13371
   4291.5   0.13041
   4295.1   0.12725
   4298.6   0.12403
   4302.2   0.12073
   4305.8   0.11736
   4309.3   0.11390
   4312.9   0.11102
   4316.5   0.10878
   4320.1   0.10658
   4323.7   0.10404
   4327.3   0.10123
   4330.9   0.09865
   4334.6   0.09637
   4338.2   0.09464
   4341.8   0.09336
   4345.5   0.09142
   4349.1   0.08974
   4352.8   0.08817
   4356.4   0.08653
   4360.1   0.08500
   4363.8   0.08392
   4367.4   0.08274
   4371.1   0.08099
   4374.8   0.07952
   4378.5   0.07814
   4382.2   0.07695
   4385.9   0.07584
   4389.6   0.07476
   4393.3   0.07350
   4397.1   0.07230
   4400.8   0.07054
   4404.5   0.06904
   4408.3   0.06777
   4412.0   0.06655
   4415.8   0.06551
   4419.6   0.06408
   4423.3   0.06255
   4427.1   0.06122
   4430.9   0.06005
   4434.7   0.05873
   4438.5   0.05757
   4442.3   0.05704
   4446.1   0.05607
   4449.9   0.05523
   4453.7   0.05476
   4457.6   0.05386
   4461.4   0.05330
   4465.2   0.05336
   4469.1   0.05288
   4472.9   0.05250
   4476.8   0.05250
   4480.7   0.05220
   4484.5   0.05253
   4488.4   0.05304
   4492.3   0.05293
   4496.2   0.05281
   4500.1   0.05297
   4504.0   0.05285
   4507.9   0.05309
   4511.9   0.05328
   4515.8   0.05310
   4519.7   0.05274
   4523.7   0.05237
   4527.6   0.05249
   4531.6   0.05309
   4535.6   0.05341
   4539.5   0.05328
   4543.5   0.05344
   4547.5   0.05385
   4551.5   0.05440
   4555.5   0.05497
   4559.5   0.05583
   4563.5   0.05749
   4567.5   0.05900
   4571.5   0.06051
   4575.6   0.06235
   4579.6   0.06406
   4583.7   0.06562
   4587.7   0.06726
   4591.8   0.06870
   4595.9   0.07045
   4599.9   0.07249
   4604.0   0.07367
   4608.1   0.07464
   4612.2   0.07598
   4616.3   0.07744
   4620.4   0.07840
   4624.6   0.07934
   4628.7   0.07987
   4632.8   0.08030
   4637.0   0.08087
   4641.1   0.08138
   4645.3   0.08144
   4649.4   0.08120
   4653.6   0.08080
   4657.8   0.08011
   4662.0   0.07927
   4666.2   0.07836
   4670.4   0.07702
   4674.6   0.07597
   4678.8   0.07503
   4683.0   0.07382
   4687.3   0.07295
   4691.5   0.07264
   4695.8   0.07242
   4700.0   0.07234
   4704.3   0.07211
   4708.6   0.07169
   4712.8   0.07157
   4717.1   0.07117
   4721.4   0.07058
   4725.7   0.07027
   4730.0   0.06991
   4734.4   0.07015
   4738.7   0.07140
   4743.0   0.07407
   4747.4   0.07747
   4751.7   0.08155
   4756.1   0.08693
   4760.5   0.09322
   4764.8   0.09937
   4769.2   0.10576
   4773.6   0.11321
   4778.0   0.12029
   4782.4   0.12685
   4786.8   0.13332
   4791.3   0.13900
   4795.7   0.14421
   4800.1   0.14914
   4804.6   0.15386
   4809.0   0.15772
   4813.5   0.16136
   4818.0   0.16493
   4822.5   0.16849
   4826.9   0.17154
   4831.4   0.17446
   4835.9   0.17716
   4840.5   0.17965
   4845.0   0.18154
   4849.5   0.18369
   4854.1   0.18552
   4858.6   0.18721
   4863.2   0.18907
   4867.7   0.19099
   4872.3   0.19259
   4876.9   0.19449
   4881.5   0.19649
   4886.1   0.19843
   4890.7   0.19990
   4895.3   0.20152
   4899.9   0.20312
   4904.6   0.20487
   4909.2   0.20690
   4913.9   0.20866
   4918.5   0.20991
   4923.2   0.21081
   4927.9   0.21180
   4932.6   0.21292
   4937.3   0.21399
   4942.0   0.21487
   4946.7   0.21533
   4951.4   0.21586
   4956.2   0.21575
   4960.9   0.21554
   4965.6   0.21449
   4970.4   0.21263
   4975.2   0.20993
   4980.0   0.20919
   4984.7   0.21110
   4989.5   0.21400
   4994.3   0.21647
   4999.2   0.21829
   5004.0   0.21920
   5008.8   0.21923
   5013.7   0.21922
   5018.5   0.21958
   5023.4   0.21931
   5028.3   0.21947
   5033.1   0.21956
   5038.0   0.21970
   5042.9   0.21964
   5047.8   0.21981
   5052.8   0.21984
   5057.7   0.21967
   5062.6   0.21978
   5067.6   0.22041
   5072.5   0.22081
   5077.5   0.22076
   5082.5   0.22042
   5087.5   0.22092
   5092.5   0.22174
   5097.5   0.22237
   5102.5   0.22283
   5107.5   0.22317
   5112.6   0.22349
   5117.6   0.22397
   5122.7   0.22430
   5127.7   0.22485
   5132.8   0.22519
   5137.9   0.22564
   5143.0   0.22623
   5148.1   0.22615
   5153.2   0.22614
   5158.3   0.22740
   5163.5   0.22828
   5168.6   0.22903
   5173.8   0.22978
   5179.0   0.23057
   5184.1   0.23148
   5189.3   0.23259
   5194.5   0.23305
   5199.7   0.23312
   5205.0   0.23306
   5210.2   0.23390
   5215.4   0.23367
   5220.7   0.23396
   5225.9   0.23452
   5231.2   0.23471
   5236.5   0.23460
   5241.8   0.23423
   5247.1   0.23369
   5252.4   0.23325
   5257.7   0.23260
   5263.1   0.23189
   5268.4   0.23105
   5273.8   0.23057
   5279.2   0.22919
   5284.5   0.22794
   5289.9   0.22725
   5295.3   0.22588
   5300.8   0.22534
   5306.2   0.22534
   5311.6   0.22452
   5317.1   0.22403
   5322.5   0.22329
   5328.0   0.22308
   5333.5   0.22250
   5339.0   0.22145
   5344.5   0.22039
   5350.0   0.21844
   5355.5   0.21596
   5361.0   0.21612
   5366.6   0.21645
   5372.2   0.21608
   5377.7   0.21485
   5383.3   0.21414
   5388.9   0.21345
   5394.5   0.21310
   5400.1   0.21235
   5405.8   0.21148
   5411.4   0.21025
   5417.1   0.20911
   5422.7   0.20693
   5428.4   0.20545
   5434.1   0.20570
   5439.8   0.20513
   5445.5   0.20373
   5451.2   0.20262
   5457.0   0.20143
   5462.7   0.19953
   5468.5   0.19616
   5474.3   0.19494
   5480.1   0.19374
   5485.9   0.19154
   5491.7   0.19025
   5497.5   0.18859
   5503.3   0.18606
   5509.2   0.18359
   5515.0   0.18111
   5520.9   0.17825
   5526.8   0.17527
   5532.7   0.17286
   5538.6   0.17040
   5544.5   0.16763
   5550.5   0.16469
   5556.4   0.16187
   5562.4   0.15990
   5568.4   0.15882
   5574.3   0.15697
   5580.3   0.15407
   5586.4   0.15183
   5592.4   0.15184
   5598.4   0.15086
   5604.5   0.14906
   5610.5   0.14724
   5616.6   0.14569
   5622.7   0.14370
   5628.8   0.14252
   5634.9   0.14041
   5641.1   0.13746
   5647.2   0.13390
   5653.4   0.13279
   5659.5   0.13165
   5665.7   0.13070
   5671.9   0.12930
   5678.1   0.12660
   5684.4   0.12464
   5690.6   0.12357
   5696.9   0.12140
   5703.1   0.12014
   5709.4   0.11803
   5715.7   0.11485
   5722.0   0.11221
   5728.3   0.11068
   5734.7   0.10942
   5741.0   0.10731
   5747.4   0.10445
   5753.8   0.10192
   5760.1   0.10001
   5766.6   0.09682
   5773.0   0.09259
   5779.4   0.09139
   5785.9   0.08968
   5792.3   0.08769
   5798.8   0.08541
   5805.3   0.08273
   5811.8   0.07974
   5818.3   0.07664
   5824.9   0.07241
   5831.4   0.06920
   5838.0   0.06677
   5844.6   0.06421
   5851.2   0.06074
   5857.8   0.05689
   5864.4   0.05281
   5871.0   0.04889
   5877.7   0.04525
   5884.4   0.04061
   5891.1   0.03601
   5897.8   0.03314
   5904.5   0.02877
   5911.2   0.02568
   5918.0   0.02284
   5924.7   0.02000
   5931.5   0.01820
   5938.3   0.01780
   5945.1   0.01789
   5951.9   0.01875
   5958.8   0.02069
   5965.6   0.02318
   5972.5   0.02533
   5979.4   0.02784
   5986.3   0.02992
   5993.2   0.03144
   6000.2   0.03362
   6007.1   0.03508
   6014.1   0.03561
   6021.1   0.03587
   6028.1   0.03607
   6035.1   0.03559
   6042.1   0.03462
   6049.2   0.03255
   6056.2   0.03048
   6063.3   0.03022
   6070.4   0.02929
   6077.5   0.02706
   6084.7   0.02509
   6091.8   0.02345
   6099.0   0.02141
   6106.2   0.01938
   6113.4   0.01761
   6120.6   0.01565
   6127.8   0.01421
   6135.1   0.01375
   6142.3   0.01351
   6149.6   0.01347
   6156.9   0.01448
   6164.3   0.01546
   6171.6   0.01639
   6178.9   0.01713
   6186.3   0.01807
   6193.7   0.01935
   6201.1   0.02106
   6208.5   0.02262
   6216.0   0.02490
   6223.5   0.02708
   6230.9   0.02929
   6238.4   0.03156
   6245.9   0.03399
   6253.5   0.03615
   6261.0   0.03848
   6268.6   0.04058
   6276.2   0.04289
   6283.8   0.04550
   6291.4   0.04804
   6299.1   0.04998
   6306.7   0.05160
   6314.4   0.05311
   6322.1   0.05489
   6329.8   0.05652
   6337.6   0.05804
   6345.3   0.05888
   6353.1   0.06014
   6360.9   0.06172
   6368.7   0.06247
   6376.5   0.06320
   6384.4   0.06489
   6392.3   0.06574
   6400.2   0.06660
   6408.1   0.06731
   6416.0   0.06621
   6424.0   0.06606
   6431.9   0.06787
   6439.9   0.06844
   6447.9   0.06918
   6456.0   0.06951
   6464.0   0.06994
   6472.1   0.06990
   6480.2   0.06972
   6488.3   0.06900
   6496.4   0.06767
   6504.6   0.06846
   6512.7   0.07075
   6520.9   0.07115
   6529.1   0.07066
   6537.4   0.07139
   6545.6   0.07190
   6553.9   0.07220
   6562.2   0.07252
   6570.5   0.07271
   6578.9   0.07290
   6587.2   0.07462
   6595.6   0.07586
   6604.0   0.07682
   6612.4   0.07815
   6620.9   0.07933
   6629.3   0.08004
   6637.8   0.07896
   6646.3   0.07887
   6654.9   0.08116
   6663.4   0.08249
   6672.0   0.08286
   6680.6   0.08283
   6689.2   0.08282
   6697.8   0.08342
   6706.5   0.08376
   6715.2   0.08305
   6723.9   0.08277
   6732.6   0.08323
   6741.4   0.08359
   6750.2   0.08375
   6759.0   0.08340
   6767.8   0.08296
   6776.6   0.08240
   6785.5   0.08156
   6794.4   0.08018
   6803.3   0.07997
   6812.3   0.08081
   6821.2   0.08068
   6830.2   0.08006
   6839.2   0.07993
   6848.3   0.07994
   6857.3   0.07865
   6866.4   0.07666
   6875.5   0.07602
   6884.6   0.07654
   6893.8   0.07624
   6903.0   0.07574
   6912.2   0.07493
   6921.4   0.07428
   6930.7   0.07354
   6939.9   0.07287
   6949.2   0.07242
   6958.6   0.07158
   6967.9   0.07008
   6977.3   0.06982
   6986.7   0.06950
   6996.1   0.06833
   7005.6   0.06734
   7015.1   0.06689
   7024.6   0.06590
   7034.1   0.06464
   7043.7   0.06355
   7053.2   0.06194
   7062.9   0.06131
   7072.5   0.06113
   7082.2   0.06020
   7091.8   0.05902
   7101.6   0.05815
   7111.3   0.05740
   7121.1   0.05588
   7130.9   0.05447
   7140.7   0.05373
   7150.5   0.05250
   7160.4   0.05105
   7170.3   0.04955
   7180.2   0.04851
   7190.2   0.04806
   7200.2   0.04702
   7210.2   0.04578
   7220.2   0.04483
   7230.3   0.04415
   7240.4   0.04328
   7250.5   0.04208
   7260.7   0.04065
   7270.9   0.03964
   7281.1   0.03857
   7291.3   0.03740
   7301.6   0.03632
   7311.9   0.03512
   7322.2   0.03394
   7332.6   0.03315
   7343.0   0.03232
   7353.4   0.03112
   7363.8   0.02994
   7374.3   0.02884
   7384.8   0.02784
   7395.3   0.02689
   7405.9   0.02561
   7416.5   0.02465
   7427.1   0.02377
   7437.8   0.02280
   7448.5   0.02195
   7459.2   0.02092
   7469.9   0.02028
   7480.7   0.01947
   7491.5   0.01845
   7502.4   0.01780
   7513.2   0.01700
   7524.1   0.01620
   7535.1   0.01558
   7546.0   0.01511
   7557.0   0.01434
   7568.1   0.01379
   7579.1   0.01338
   7590.2   0.01291
   7601.4   0.01232
   7612.5   0.01156
   7623.7   0.01077
   7635.0   0.01050
   7646.2   0.01035
   7657.5   0.01021
   7668.8   0.00963
   7680.2   0.00884
   7691.6   0.00864
   7703.0   0.00880
   7714.5   0.00833
   7726.0   0.00768
   7737.5   0.00711
   7749.1   0.00652
   7760.7   0.00584
   7772.3   0.00590
   7784.0   0.00586
   7795.7   0.00549
   7807.4   0.00519
   7819.2   0.00506
   7831.0   0.00495
   7842.9   0.00496
   7854.7   0.00494
   7866.7   0.00460
   7878.6   0.00428
   7890.6   0.00399
   7902.6   0.00394
   7914.7   0.00417
   7926.8   0.00401
   7939.0   0.00354
   7951.1   0.00355
   7963.3   0.00385
   7975.6   0.00399
   7987.9   0.00398
   8000.2   0.00412
   8012.6   0.00458
   8025.0   0.00512
   8037.4   0.00538
   8049.9   0.00590
   8062.4   0.00636
   8075.0   0.00650
   8087.6   0.00675
   8100.2   0.00735
   8112.9   0.00824
   8125.6   0.00908
   8138.4   0.00988
   8151.2   0.01075
   8164.0   0.01179
   8176.9   0.01326
   8189.8   0.01505
   8202.7   0.01731
   8215.7   0.01972
   8228.8   0.02205
   8241.9   0.02501
   8255.0   0.02891
   8268.2   0.03321
   8281.4   0.03764
   8294.6   0.04252
   8307.9   0.04771
   8321.2   0.05288
   8334.6   0.05742
   8348.0   0.06114
   8361.5   0.06458
   8375.0   0.06768
   8388.6   0.07037
   8402.2   0.07250
   8415.8   0.07407
   8429.5   0.07526
   8443.2   0.07566
   8457.0   0.07545
   8470.8   0.07454
   8484.7   0.07359
   8498.6   0.07291
   8512.5   0.07248
   8526.5   0.07347
   8540.6   0.07544
   8554.7   0.07742
   8568.8   0.07911
   8583.0   0.08005
   8597.2   0.08103
   8611.5   0.08130
   8625.8   0.08087
   8640.2   0.08034
   8654.6   0.07979
   8669.1   0.07899
   8683.6   0.07824
   8698.2   0.07727
   8712.8   0.07635
   8727.5   0.07492
   8742.2   0.07310
   8757.0   0.07161
   8771.8   0.06979
   8786.7   0.06738
   8801.6   0.06465
   8816.6   0.06198
   8831.6   0.05959
   8846.6   0.05706
   8861.8   0.05506
   8876.9   0.05382
   8892.2   0.05290
   8907.4   0.05201
   8922.8   0.05187
   8938.2   0.05150
   8953.6   0.05096
   8969.1   0.04999
   8984.6   0.04832
   9000.2   0.04700
   9015.9   0.04567
   9031.6   0.04400
   9047.4   0.04262
   9063.2   0.04172
   9079.0   0.04044
   9095.0   0.03960
   9111.0   0.03938
   9127.0   0.03854
   9143.1   0.03746
   9159.2   0.03669
   9175.5   0.03633
   9191.7   0.03659
   9208.1   0.03663
   9224.4   0.03574
   9240.9   0.03491
   9257.4   0.03449
   9273.9   0.03457
   9290.6   0.03453
   9307.2   0.03431
   9324.0   0.03429
   9340.8   0.03436
   9357.6   0.03447
   9374.6   0.03385
   9391.5   0.03296
   9408.6   0.03289
   9425.7   0.03323
   9442.9   0.03299
   9460.1   0.03250
   9477.4   0.03212
   9494.8   0.03215
   9512.2   0.03220
   9529.7   0.03200
   9547.2   0.03197
   9564.8   0.03179
   9582.5   0.03168
   9600.3   0.03172
   9618.1   0.03139
   9635.9   0.03138
   9653.9   0.03141
   9671.9   0.03117
   9690.0   0.03084
   9708.1   0.03067
   9726.3   0.03076
   9744.6   0.03067
   9763.0   0.03047
   9781.4   0.02996
   9799.9   0.02997
   9818.4   0.03050
   9837.1   0.03101
   9855.8   0.03088
   9874.5   0.03004
   9893.4   0.02924
   9912.3   0.02904
   9931.3   0.02896
   9950.4   0.02761
   9969.5   0.02674
   9988.7   0.02736
  10008.0   0.02834
  10027.3   0.02895
  10046.8   0.02897
  10066.3   0.02882
  10085.9   0.02862
  10105.5   0.02867
  10125.3   0.02855
  10145.1   0.02850
  10165.0   0.02853
  10184.9   0.02818
  10205.0   0.02829
  10225.1   0.02852
  10245.3   0.02822
  10265.6   0.02820
  10286.0   0.02830
  10306.4   0.02815
  10327.0   0.02796
  10347.6   0.02751
  10368.3   0.02753
  10389.0   0.02795
  10409.9   0.02781
  10430.9   0.02743
  10451.9   0.02780
  10473.0   0.02819
  10494.2   0.02822
  10515.5   0.02835
  10536.9   0.02831
  10558.3   0.02836
  10579.9   0.02809
  10601.5   0.02817
  10623.2   0.02859
  10645.0   0.02843
  10666.9   0.02799
  10688.9   0.02804
  10711.0   0.02812
  10733.2   0.02804
  10755.5   0.02820
  10777.8   0.02850
  10800.3   0.02834
  10822.8   0.02803
  10845.5   0.02818
  10868.2   0.02850
  10891.0   0.02865
  10914.0   0.02854
  10937.0   0.02865
  10960.1   0.02850
  10983.3   0.02820
  11006.7   0.02801
  11030.1   0.02839
  11053.6   0.02851
  11077.2   0.02819
  11100.9   0.02817
  11124.8   0.02782
  11148.7   0.02755
  11172.7   0.02751
  11196.8   0.02768
  11221.1   0.02774
  11245.4   0.02810
  11269.9   0.02853
  11294.4   0.02860
  11319.1   0.02868
  11343.8   0.02804
  11368.7   0.02735
  11393.7   0.02681
  11418.8   0.02681
  11444.0   0.02697
  11469.3   0.02721
  11494.8   0.02724
  11520.3   0.02672
  11546.0   0.02685
  11571.7   0.02730
  11597.6   0.02695
  11623.6   0.02722
  11649.7   0.02787
  11676.0   0.02762
  11702.3   0.02723
  11728.8   0.02734
  11755.4   0.02758
  11782.1   0.02700
  11809.0   0.02692
  11835.9   0.02698
  11863.0   0.02753
  11890.2   0.02755
  11917.6   0.02719
  11945.0   0.02674
  11972.6   0.02616
  12000.3   0.02587
  12028.2   0.02620
  12056.1   0.02618
  12084.2   0.02582
  12112.5   0.02569
  12140.8   0.02578
  12169.3   0.02584
  12198.0   0.02610
  12226.7   0.02587
  12255.6   0.02564
  12284.7   0.02556
  12313.9   0.02498
  12343.2   0.02469
  12372.6   0.02491
  12402.2   0.02463
  12432.0   0.02355
  12461.9   0.02382
  12491.9   0.02387
  12522.1   0.02291
  12552.4   0.02281
  12582.9   0.02310
  12613.5   0.02289
  12644.2   0.02214
  12675.1   0.02225
  12706.2   0.02222
  12737.4   0.02254
  12768.8   0.02267
  12800.3   0.02221
  12832.0   0.02220
  12863.9   0.02250
  12895.9   0.02252
  12928.0   0.02224
  12960.3   0.02113
  12992.8   0.02049
  13025.5   0.02053
  13058.3   0.02060
  13091.3   0.01997
  13124.4   0.01968
  13157.7   0.01962
  13191.2   0.01936
  13224.8   0.01857
  13258.7   0.01786
  13292.7   0.01761
  13326.8   0.01737
  13361.2   0.01716
  13395.7   0.01768
  13430.4   0.01784
  13465.3   0.01719
  13500.4   0.01698
  13535.6   0.01635
  13571.0   0.01571
  13606.7   0.01562
  13642.5   0.01516
  13678.5   0.01490
  13714.6   0.01484
  13751.0   0.01401
  13787.6   0.01363
  13824.4   0.01368
  13861.3   0.01338
  13898.5   0.01317
  13935.8   0.01323
  13973.4   0.01294
  14011.2   0.01292
  14049.1   0.01246
  14087.3   0.01186
  14125.7   0.01162
  14164.3   0.01171
  14203.1   0.01177
  14242.1   0.01157
  14281.4   0.01201
  14320.8   0.01240
  14360.5   0.01335
  14400.4   0.01503
  14440.5   0.01685
  14480.8   0.01874
  14521.4   0.02228
  14562.2   0.02706
  14603.2   0.03206
  14644.4   0.03687
  14685.9   0.04186
  14727.7   0.04527
  14769.6   0.04707
  14811.8   0.04847
  14854.3   0.04914
  14896.9   0.04799
  14939.9   0.04500
  14983.0   0.04038
  15026.5   0.03529
  15070.2   0.03207
  15114.1   0.02932
  15158.3   0.02667
  15202.7   0.02421
  15247.5   0.02229
  15292.4   0.02143
  15337.7   0.02034
  15383.2   0.01852
  15429.0   0.01696
  15475.0   0.01617
  15521.4   0.01529
  15568.0   0.01384
  15614.9   0.01271
  15662.0   0.01288
  15709.5   0.01275
  15757.2   0.01161
  15805.3   0.01070
  15853.6   0.01005
  15902.3   0.00995
  15951.2   0.01024
  16000.4   0.01029
  16050.0   0.00990
  16099.8   0.00993
  16150.0   0.01011
  16200.4   0.01159
  16251.2   0.01317
  16302.3   0.01453
  16353.7   0.01626
  16405.5   0.01861
  16457.6   0.02121
  16510.0   0.02286
  16562.7   0.02468
  16615.8   0.02643
  16669.2   0.02731
  16723.0   0.02691
  16777.1   0.02555
  16831.6   0.02408
  16886.4   0.02202
  16941.6   0.02079
  16997.2   0.02064
  17053.1   0.02005
  17109.4   0.01965
  17166.0   0.01949
  17223.0   0.01916
  17280.4   0.01943
  17338.2   0.01993
  17396.4   0.02010
  17455.0   0.01892
  17514.0   0.01862
  17573.3   0.01838
  17633.1   0.01735
  17693.3   0.01835
  17753.9   0.02018
  17814.9   0.01956
  17876.3   0.01895
  17938.2   0.02077
  18000.5   0.02133
  18063.2   0.02041
  18126.3   0.01871
  18189.9   0.01908
  18254.0   0.02089
  18318.5   0.02090
  18383.5   0.02191
  18448.9   0.02200
  18514.8   0.02136
  18581.1   0.02190
  18648.0   0.02379
  18715.3   0.02406
  18783.1   0.02267
  18851.4   0.02252
  18920.2   0.02433
  18989.5   0.02608
  19059.3   0.02837
  19129.6   0.02876
  19200.5   0.02809
  19271.9   0.02827
  19343.8   0.03023
  19416.2   0.03061
  19489.2   0.02946
  19562.8   0.02917
  19636.9   0.02973
  19711.5   0.02989
  19786.8   0.03123
  19862.6   0.03209
  19939.0   0.03224
  20016.0   0.03168
  20093.5   0.03306
  20171.7   0.03435
  20250.5   0.03429
  20329.9   0.03553
  20410.0   0.03444
  20490.7   0.03237
  20572.0   0.03325
  20653.9   0.03482
  20736.5   0.03619
  20819.8   0.03583
  20903.8   0.03426
  20988.4   0.03353
  21073.7   0.03489
  21159.7   0.03582
  21246.5   0.03682
  21333.9   0.03768
  21422.0   0.03883
  21510.9   0.04001
  21600.6   0.03898
  21690.9   0.04149
  21782.1   0.04115
  21874.0   0.03724
  21966.7   0.03531
  22060.1   0.03655
  22154.4   0.03627
  22249.5   0.03603
  22345.4   0.03621
  22442.1   0.03315
  22539.7   0.03445
  22638.1   0.03343
  22737.4   0.03422
  22837.6   0.03506
  22938.7   0.03506
  23040.6   0.03386
  23143.5   0.02919
  23247.2   0.02132
  23352.0   0.02344
  23457.6   0.03395
  23564.3   0.02884
  23671.8   0.02912
  23780.4   0.04028
  23890.0   0.04722
  24000.6   0.03028
  24112.3   0.02111
  24224.9   0.03635
  24338.7   0.05752
  24453.5   0.04631
  24569.4   0.03477
  24686.4   0.06172
  24804.5   0.09399
  24923.7   0.09433



 LOFF557     .ASC                        

 JB-JLB-557                                                              
 Gypsum 63-90 um (off-axis)                                              

 Source Ang: 30.00   Detect Ang: 30.00  Volt: 1.222
 Date:  6-OCT-02   Time: 06:15:08
