  3284
    633.1   0.36775
    633.3   0.18213
    633.4   0.14998
    633.6   0.13422
    633.8   0.14434
    633.9   0.14251
    634.1   0.14622
    634.2   0.14698
    634.4   0.14857
    634.5   0.14900
    634.7   0.14743
    634.8   0.14823
    635.0   0.14891
    635.2   0.14882
    635.3   0.15119
    635.5   0.15124
    635.6   0.15103
    635.8   0.14964
    635.9   0.14884
    636.1   0.14848
    636.2   0.14929
    636.4   0.14632
    636.6   0.14544
    636.7   0.14950
    636.9   0.14990
    637.0   0.14866
    637.2   0.14662
    637.3   0.14480
    637.5   0.14487
    637.7   0.14795
    637.8   0.14957
    638.0   0.14931
    638.1   0.14796
    638.3   0.14989
    638.4   0.14949
    638.6   0.14729
    638.8   0.14667
    638.9   0.14729
    639.1   0.14782
    639.2   0.14761
    639.4   0.14899
    639.5   0.14860
    639.7   0.14919
    639.9   0.14725
    640.0   0.14665
    640.2   0.14877
    640.3   0.15259
    640.5   0.15380
    640.6   0.14980
    640.8   0.14503
    641.0   0.14313
    641.1   0.14506
    641.3   0.14674
    641.4   0.14672
    641.6   0.14606
    641.8   0.14702
    641.9   0.14719
    642.1   0.14524
    642.2   0.14465
    642.4   0.14574
    642.6   0.14694
    642.7   0.15016
    642.9   0.15111
    643.0   0.14915
    643.2   0.14736
    643.4   0.14695
    643.5   0.14760
    643.7   0.14800
    643.8   0.14980
    644.0   0.15037
    644.2   0.15020
    644.3   0.15283
    644.5   0.15082
    644.6   0.14849
    644.8   0.14894
    645.0   0.14923
    645.1   0.14848
    645.3   0.14802
    645.4   0.15156
    645.6   0.15365
    645.8   0.15310
    645.9   0.15146
    646.1   0.15042
    646.2   0.14954
    646.4   0.15063
    646.6   0.15317
    646.7   0.15402
    646.9   0.14958
    647.0   0.14479
    647.2   0.14469
    647.4   0.14660
    647.5   0.14568
    647.7   0.14754
    647.9   0.14897
    648.0   0.14793
    648.2   0.14956
    648.3   0.15031
    648.5   0.14637
    648.7   0.14765
    648.8   0.15207
    649.0   0.15248
    649.2   0.15199
    649.3   0.15195
    649.5   0.14944
    649.6   0.15052
    649.8   0.15224
    650.0   0.15076
    650.1   0.14799
    650.3   0.14986
    650.5   0.15097
    650.6   0.14935
    650.8   0.14683
    650.9   0.14787
    651.1   0.14992
    651.3   0.14942
    651.4   0.14927
    651.6   0.14873
    651.8   0.14745
    651.9   0.14762
    652.1   0.14858
    652.3   0.14947
    652.4   0.14918
    652.6   0.14853
    652.7   0.15211
    652.9   0.15311
    653.1   0.14816
    653.2   0.14455
    653.4   0.14704
    653.6   0.14954
    653.7   0.14760
    653.9   0.14586
    654.1   0.14744
    654.2   0.14964
    654.4   0.15187
    654.6   0.15348
    654.7   0.14874
    654.9   0.14740
    655.1   0.14929
    655.2   0.15025
    655.4   0.15090
    655.6   0.15109
    655.7   0.14981
    655.9   0.14710
    656.1   0.14318
    656.2   0.14233
    656.4   0.14342
    656.6   0.14697
    656.7   0.14917
    656.9   0.14962
    657.1   0.14684
    657.2   0.14810
    657.4   0.15022
    657.6   0.14949
    657.7   0.15003
    657.9   0.15170
    658.1   0.15203
    658.2   0.15169
    658.4   0.14906
    658.6   0.14805
    658.7   0.14750
    658.9   0.14555
    659.1   0.14609
    659.2   0.14909
    659.4   0.14957
    659.6   0.14953
    659.7   0.14809
    659.9   0.14590
    660.1   0.14486
    660.2   0.14831
    660.4   0.14999
    660.6   0.15116
    660.7   0.15335
    660.9   0.15391
    661.1   0.15189
    661.2   0.15096
    661.4   0.15139
    661.6   0.15153
    661.7   0.15129
    661.9   0.15079
    662.1   0.15245
    662.3   0.15498
    662.4   0.15318
    662.6   0.15129
    662.8   0.15245
    662.9   0.15209
    663.1   0.14916
    663.3   0.15150
    663.4   0.15196
    663.6   0.15078
    663.8   0.15089
    664.0   0.14890
    664.1   0.14820
    664.3   0.15006
    664.5   0.14951
    664.6   0.15005
    664.8   0.14839
    665.0   0.14818
    665.1   0.15148
    665.3   0.15167
    665.5   0.14829
    665.7   0.14969
    665.8   0.15144
    666.0   0.15155
    666.2   0.15276
    666.3   0.15452
    666.5   0.15117
    666.7   0.15091
    666.9   0.15392
    667.0   0.15532
    667.2   0.15505
    667.4   0.15307
    667.5   0.15316
    667.7   0.15165
    667.9   0.14841
    668.1   0.14779
    668.2   0.15006
    668.4   0.15281
    668.6   0.15097
    668.7   0.15051
    668.9   0.15280
    669.1   0.15191
    669.3   0.14984
    669.4   0.15161
    669.6   0.15405
    669.8   0.15118
    670.0   0.14903
    670.1   0.15040
    670.3   0.14910
    670.5   0.14923
    670.7   0.15538
    670.8   0.15680
    671.0   0.15214
    671.2   0.14995
    671.3   0.15351
    671.5   0.15741
    671.7   0.15742
    671.9   0.15622
    672.0   0.15225
    672.2   0.15175
    672.4   0.15332
    672.6   0.15337
    672.7   0.15267
    672.9   0.15236
    673.1   0.15240
    673.3   0.15278
    673.4   0.15116
    673.6   0.15317
    673.8   0.15637
    674.0   0.15341
    674.1   0.15238
    674.3   0.15396
    674.5   0.15424
    674.7   0.15408
    674.8   0.15263
    675.0   0.14974
    675.2   0.15393
    675.4   0.15567
    675.5   0.15470
    675.7   0.15368
    675.9   0.15465
    676.1   0.15636
    676.3   0.15298
    676.4   0.15039
    676.6   0.15395
    676.8   0.15576
    677.0   0.15336
    677.1   0.15554
    677.3   0.15857
    677.5   0.15731
    677.7   0.15257
    677.8   0.15047
    678.0   0.15190
    678.2   0.14986
    678.4   0.14941
    678.6   0.15412
    678.7   0.15788
    678.9   0.15600
    679.1   0.15441
    679.3   0.15292
    679.4   0.15367
    679.6   0.15682
    679.8   0.15601
    680.0   0.15354
    680.2   0.15321
    680.3   0.15213
    680.5   0.15243
    680.7   0.15350
    680.9   0.15274
    681.0   0.15050
    681.2   0.15088
    681.4   0.15584
    681.6   0.15461
    681.8   0.15364
    681.9   0.15446
    682.1   0.15167
    682.3   0.14749
    682.5   0.14809
    682.7   0.15297
    682.8   0.15468
    683.0   0.15290
    683.2   0.15397
    683.4   0.15641
    683.6   0.15502
    683.7   0.15528
    683.9   0.15758
    684.1   0.15751
    684.3   0.15498
    684.5   0.15187
    684.6   0.15455
    684.8   0.15721
    685.0   0.15816
    685.2   0.15774
    685.4   0.15517
    685.6   0.15632
    685.7   0.15664
    685.9   0.15417
    686.1   0.15228
    686.3   0.15395
    686.5   0.15555
    686.6   0.15703
    686.8   0.15694
    687.0   0.15531
    687.2   0.15554
    687.4   0.15507
    687.6   0.15567
    687.7   0.15799
    687.9   0.15798
    688.1   0.15692
    688.3   0.15786
    688.5   0.15726
    688.6   0.15981
    688.8   0.15833
    689.0   0.15552
    689.2   0.15936
    689.4   0.16189
    689.6   0.16041
    689.7   0.16325
    689.9   0.16572
    690.1   0.16194
    690.3   0.15924
    690.5   0.16143
    690.7   0.16250
    690.8   0.16469
    691.0   0.16224
    691.2   0.16072
    691.4   0.16036
    691.6   0.16222
    691.8   0.16230
    692.0   0.16153
    692.1   0.16336
    692.3   0.16215
    692.5   0.16150
    692.7   0.16316
    692.9   0.16353
    693.1   0.16521
    693.3   0.16467
    693.4   0.16317
    693.6   0.16391
    693.8   0.16609
    694.0   0.16854
    694.2   0.16844
    694.4   0.16605
    694.6   0.16543
    694.7   0.16505
    694.9   0.16534
    695.1   0.16582
    695.3   0.16565
    695.5   0.16730
    695.7   0.16757
    695.9   0.16627
    696.0   0.16439
    696.2   0.16404
    696.4   0.16338
    696.6   0.16280
    696.8   0.16208
    697.0   0.16071
    697.2   0.16145
    697.4   0.16361
    697.5   0.16268
    697.7   0.16496
    697.9   0.16828
    698.1   0.16777
    698.3   0.16835
    698.5   0.16911
    698.7   0.17212
    698.9   0.17377
    699.0   0.17403
    699.2   0.17200
    699.4   0.17300
    699.6   0.17631
    699.8   0.17508
    700.0   0.17347
    700.2   0.17294
    700.4   0.17240
    700.6   0.17293
    700.7   0.17469
    700.9   0.17710
    701.1   0.17806
    701.3   0.17711
    701.5   0.17970
    701.7   0.18183
    701.9   0.17784
    702.1   0.17597
    702.3   0.17713
    702.5   0.18019
    702.6   0.18041
    702.8   0.17789
    703.0   0.17901
    703.2   0.18163
    703.4   0.18229
    703.6   0.18079
    703.8   0.18167
    704.0   0.18233
    704.2   0.18488
    704.4   0.18555
    704.6   0.18406
    704.7   0.18462
    704.9   0.18528
    705.1   0.18464
    705.3   0.18502
    705.5   0.18790
    705.7   0.18695
    705.9   0.18548
    706.1   0.18492
    706.3   0.18567
    706.5   0.18638
    706.7   0.18755
    706.9   0.18918
    707.1   0.19069
    707.2   0.19203
    707.4   0.19005
    707.6   0.18914
    707.8   0.19010
    708.0   0.18942
    708.2   0.19026
    708.4   0.18978
    708.6   0.18971
    708.8   0.19141
    709.0   0.19285
    709.2   0.19185
    709.4   0.19033
    709.6   0.19251
    709.8   0.19475
    710.0   0.19241
    710.2   0.18878
    710.4   0.18952
    710.5   0.19126
    710.7   0.19240
    710.9   0.19408
    711.1   0.19441
    711.3   0.19559
    711.5   0.19598
    711.7   0.19500
    711.9   0.19532
    712.1   0.19765
    712.3   0.19791
    712.5   0.19413
    712.7   0.19409
    712.9   0.19726
    713.1   0.19711
    713.3   0.19847
    713.5   0.19934
    713.7   0.19917
    713.9   0.19964
    714.1   0.20159
    714.3   0.20249
    714.5   0.20144
    714.7   0.19995
    714.9   0.19907
    715.1   0.20075
    715.3   0.20109
    715.4   0.20234
    715.6   0.20512
    715.8   0.20595
    716.0   0.20564
    716.2   0.20592
    716.4   0.20550
    716.6   0.20646
    716.8   0.20898
    717.0   0.20682
    717.2   0.20664
    717.4   0.20721
    717.6   0.20681
    717.8   0.20601
    718.0   0.20812
    718.2   0.20875
    718.4   0.21012
    718.6   0.21153
    718.8   0.21056
    719.0   0.20820
    719.2   0.20739
    719.4   0.20957
    719.6   0.21066
    719.8   0.21102
    720.0   0.21203
    720.2   0.21073
    720.4   0.20991
    720.6   0.20946
    720.8   0.21146
    721.0   0.21365
    721.2   0.21554
    721.4   0.21651
    721.6   0.21534
    721.8   0.21500
    722.0   0.21522
    722.2   0.21720
    722.4   0.21822
    722.6   0.21751
    722.8   0.21636
    723.0   0.21691
    723.2   0.21802
    723.4   0.21587
    723.6   0.21374
    723.8   0.21426
    724.0   0.21527
    724.2   0.21514
    724.4   0.21652
    724.6   0.21790
    724.9   0.21583
    725.1   0.21530
    725.3   0.21716
    725.5   0.21834
    725.7   0.21771
    725.9   0.21821
    726.1   0.21903
    726.3   0.21739
    726.5   0.21972
    726.7   0.22385
    726.9   0.22049
    727.1   0.21711
    727.3   0.21670
    727.5   0.21674
    727.7   0.21881
    727.9   0.21830
    728.1   0.21641
    728.3   0.21724
    728.5   0.21873
    728.7   0.22018
    728.9   0.21782
    729.1   0.21711
    729.3   0.21864
    729.5   0.21974
    729.7   0.21996
    730.0   0.21929
    730.2   0.21925
    730.4   0.22017
    730.6   0.21854
    730.8   0.21715
    731.0   0.21657
    731.2   0.21536
    731.4   0.21413
    731.6   0.21926
    731.8   0.22737
    732.0   0.22344
    732.2   0.21894
    732.4   0.21723
    732.6   0.21578
    732.8   0.21358
    733.1   0.21183
    733.3   0.21189
    733.5   0.21258
    733.7   0.21110
    733.9   0.20891
    734.1   0.20678
    734.3   0.20461
    734.5   0.19871
    734.7   0.19187
    734.9   0.18398
    735.1   0.17606
    735.3   0.16716
    735.5   0.16366
    735.8   0.16901
    736.0   0.18006
    736.2   0.19151
    736.4   0.20043
    736.6   0.20345
    736.8   0.19757
    737.0   0.19256
    737.2   0.19689
    737.4   0.19833
    737.6   0.19519
    737.9   0.19175
    738.1   0.18688
    738.3   0.18189
    738.5   0.18316
    738.7   0.18310
    738.9   0.18226
    739.1   0.18320
    739.3   0.18478
    739.5   0.18649
    739.7   0.19029
    740.0   0.19338
    740.2   0.19613
    740.4   0.19881
    740.6   0.20056
    740.8   0.20161
    741.0   0.20465
    741.2   0.20320
    741.4   0.20132
    741.7   0.20013
    741.9   0.19696
    742.1   0.17496
    742.3   0.17142
    742.5   0.18783
    742.7   0.19171
    742.9   0.19113
    743.1   0.19044
    743.4   0.18759
    743.6   0.17889
    743.8   0.17241
    744.0   0.16803
    744.2   0.16585
    744.4   0.16721
    744.6   0.16796
    744.8   0.16654
    745.1   0.16618
    745.3   0.16645
    745.5   0.16687
    745.7   0.16296
    745.9   0.15901
    746.1   0.15978
    746.3   0.16139
    746.6   0.16391
    746.8   0.16878
    747.0   0.17050
    747.2   0.16257
    747.4   0.16634
    747.6   0.17699
    747.9   0.17961
    748.1   0.18375
    748.3   0.18625
    748.5   0.18790
    748.7   0.18902
    748.9   0.19068
    749.2   0.19078
    749.4   0.18978
    749.6   0.19184
    749.8   0.19402
    750.0   0.19444
    750.2   0.19391
    750.5   0.19329
    750.7   0.19441
    750.9   0.19350
    751.1   0.18930
    751.3   0.18756
    751.5   0.18900
    751.8   0.18840
    752.0   0.18649
    752.2   0.18374
    752.4   0.18091
    752.6   0.17853
    752.9   0.17221
    753.1   0.17429
    753.3   0.18036
    753.5   0.18438
    753.7   0.18582
    753.9   0.18558
    754.2   0.18684
    754.4   0.18892
    754.6   0.19076
    754.8   0.19091
    755.0   0.19022
    755.3   0.19113
    755.5   0.19196
    755.7   0.19245
    755.9   0.19416
    756.1   0.19675
    756.4   0.19931
    756.6   0.20113
    756.8   0.20251
    757.0   0.20389
    757.3   0.20625
    757.5   0.20806
    757.7   0.20873
    757.9   0.20908
    758.1   0.21225
    758.4   0.21367
    758.6   0.21546
    758.8   0.21726
    759.0   0.21687
    759.2   0.21761
    759.5   0.21799
    759.7   0.21950
    759.9   0.22293
    760.1   0.22512
    760.4   0.22686
    760.6   0.22845
    760.8   0.22921
    761.0   0.22974
    761.3   0.23171
    761.5   0.23211
    761.7   0.23057
    761.9   0.23350
    762.1   0.23521
    762.4   0.23502
    762.6   0.23518
    762.8   0.23632
    763.0   0.23697
    763.3   0.23640
    763.5   0.23599
    763.7   0.23702
    763.9   0.23754
    764.2   0.23670
    764.4   0.23641
    764.6   0.23641
    764.8   0.23850
    765.1   0.23886
    765.3   0.23833
    765.5   0.23795
    765.8   0.23799
    766.0   0.23916
    766.2   0.24003
    766.4   0.24240
    766.7   0.24409
    766.9   0.24427
    767.1   0.24374
    767.3   0.24552
    767.6   0.24703
    767.8   0.24678
    768.0   0.24697
    768.2   0.24778
    768.5   0.25024
    768.7   0.25111
    768.9   0.25139
    769.2   0.25098
    769.4   0.25109
    769.6   0.25151
    769.8   0.25207
    770.1   0.25245
    770.3   0.25179
    770.5   0.25143
    770.8   0.25254
    771.0   0.25388
    771.2   0.25414
    771.4   0.25437
    771.7   0.25556
    771.9   0.25616
    772.1   0.25580
    772.4   0.25610
    772.6   0.25621
    772.8   0.25435
    773.1   0.25287
    773.3   0.25267
    773.5   0.25514
    773.8   0.25587
    774.0   0.25556
    774.2   0.25618
    774.4   0.25571
    774.7   0.25500
    774.9   0.25665
    775.1   0.25659
    775.4   0.25451
    775.6   0.25371
    775.8   0.25381
    776.1   0.25566
    776.3   0.25646
    776.5   0.25557
    776.8   0.25560
    777.0   0.25668
    777.2   0.25711
    777.5   0.25658
    777.7   0.25599
    777.9   0.25614
    778.2   0.25690
    778.4   0.25670
    778.6   0.25547
    778.9   0.25619
    779.1   0.25764
    779.3   0.25703
    779.6   0.25566
    779.8   0.25355
    780.0   0.25288
    780.3   0.25338
    780.5   0.25445
    780.7   0.25508
    781.0   0.25396
    781.2   0.25315
    781.4   0.25349
    781.7   0.25192
    781.9   0.25145
    782.2   0.25200
    782.4   0.25165
    782.6   0.25110
    782.9   0.25130
    783.1   0.25155
    783.3   0.25085
    783.6   0.24958
    783.8   0.24980
    784.0   0.25042
    784.3   0.24900
    784.5   0.24690
    784.8   0.24583
    785.0   0.24397
    785.2   0.24227
    785.5   0.24136
    785.7   0.24050
    786.0   0.23758
    786.2   0.23557
    786.4   0.23285
    786.7   0.23033
    786.9   0.23074
    787.1   0.23378
    787.4   0.23612
    787.6   0.23944
    787.9   0.24373
    788.1   0.24509
    788.3   0.24502
    788.6   0.24786
    788.8   0.24802
    789.1   0.24619
    789.3   0.24572
    789.5   0.24555
    789.8   0.24568
    790.0   0.24433
    790.3   0.24320
    790.5   0.24456
    790.7   0.24525
    791.0   0.24541
    791.2   0.24486
    791.5   0.24344
    791.7   0.24328
    792.0   0.24333
    792.2   0.24233
    792.4   0.24041
    792.7   0.23738
    792.9   0.23594
    793.2   0.23535
    793.4   0.23446
    793.7   0.23308
    793.9   0.23235
    794.1   0.23071
    794.4   0.22878
    794.6   0.22687
    794.9   0.22572
    795.1   0.22219
    795.4   0.21848
    795.6   0.21700
    795.8   0.21429
    796.1   0.21056
    796.3   0.20813
    796.6   0.20610
    796.8   0.20255
    797.1   0.19917
    797.3   0.19757
    797.6   0.19435
    797.8   0.18954
    798.1   0.18400
    798.3   0.17715
    798.5   0.16666
    798.8   0.15444
    799.0   0.14205
    799.3   0.13215
    799.5   0.13076
    799.8   0.14031
    800.0   0.15329
    800.3   0.16371
    800.5   0.17338
    800.8   0.18074
    801.0   0.18770
    801.3   0.19293
    801.5   0.19546
    801.8   0.19856
    802.0   0.20259
    802.2   0.20492
    802.5   0.20328
    802.7   0.20222
    803.0   0.20190
    803.2   0.20111
    803.5   0.20184
    803.7   0.20301
    804.0   0.20083
    804.2   0.19912
    804.5   0.19787
    804.7   0.19545
    805.0   0.19226
    805.2   0.18774
    805.5   0.18249
    805.7   0.17957
    806.0   0.17739
    806.2   0.17523
    806.5   0.17365
    806.7   0.17340
    807.0   0.17365
    807.2   0.17259
    807.5   0.17139
    807.7   0.16945
    808.0   0.16920
    808.3   0.16840
    808.5   0.16633
    808.8   0.16733
    809.0   0.17049
    809.3   0.17423
    809.5   0.17944
    809.8   0.18456
    810.0   0.18923
    810.3   0.19476
    810.5   0.20082
    810.8   0.20522
    811.0   0.20832
    811.3   0.21199
    811.5   0.21513
    811.8   0.21643
    812.1   0.21850
    812.3   0.22136
    812.6   0.22206
    812.8   0.22285
    813.1   0.22499
    813.3   0.22712
    813.6   0.22858
    813.8   0.22960
    814.1   0.23185
    814.3   0.23295
    814.6   0.23406
    814.9   0.23599
    815.1   0.23729
    815.4   0.23669
    815.6   0.23553
    815.9   0.23698
    816.1   0.23852
    816.4   0.24077
    816.7   0.24246
    816.9   0.24298
    817.2   0.24345
    817.4   0.24427
    817.7   0.24507
    817.9   0.24335
    818.2   0.24188
    818.5   0.24202
    818.7   0.24017
    819.0   0.24006
    819.2   0.23948
    819.5   0.23945
    819.8   0.23910
    820.0   0.23851
    820.3   0.23891
    820.5   0.23795
    820.8   0.23780
    821.1   0.23779
    821.3   0.23783
    821.6   0.23844
    821.8   0.23934
    822.1   0.23956
    822.4   0.24015
    822.6   0.24160
    822.9   0.24296
    823.1   0.24396
    823.4   0.24533
    823.7   0.24708
    823.9   0.24821
    824.2   0.24960
    824.4   0.25131
    824.7   0.25313
    825.0   0.25505
    825.2   0.25740
    825.5   0.25912
    825.8   0.25972
    826.0   0.26019
    826.3   0.26077
    826.6   0.26206
    826.8   0.26290
    827.1   0.26286
    827.3   0.26405
    827.6   0.26587
    827.9   0.26630
    828.1   0.26695
    828.4   0.26768
    828.7   0.26833
    828.9   0.26970
    829.2   0.27004
    829.5   0.27048
    829.7   0.27146
    830.0   0.27277
    830.3   0.27275
    830.5   0.27108
    830.8   0.27086
    831.1   0.27097
    831.3   0.27226
    831.6   0.27397
    831.9   0.27454
    832.1   0.27614
    832.4   0.27648
    832.7   0.27584
    832.9   0.27558
    833.2   0.27615
    833.5   0.27675
    833.7   0.27721
    834.0   0.27853
    834.3   0.27915
    834.5   0.27833
    834.8   0.27807
    835.1   0.27793
    835.3   0.27809
    835.6   0.27842
    835.9   0.27909
    836.2   0.27928
    836.4   0.27832
    836.7   0.27880
    837.0   0.27981
    837.2   0.28008
    837.5   0.27991
    837.8   0.28055
    838.0   0.28117
    838.3   0.28045
    838.6   0.28071
    838.9   0.28127
    839.1   0.28058
    839.4   0.28096
    839.7   0.28145
    839.9   0.28137
    840.2   0.28203
    840.5   0.28277
    840.8   0.28279
    841.0   0.28394
    841.3   0.28433
    841.6   0.28378
    841.9   0.28269
    842.1   0.28213
    842.4   0.28285
    842.7   0.28367
    842.9   0.28425
    843.2   0.28455
    843.5   0.28301
    843.8   0.28251
    844.0   0.28408
    844.3   0.28506
    844.6   0.28449
    844.9   0.28462
    845.1   0.28376
    845.4   0.28381
    845.7   0.28420
    846.0   0.28271
    846.3   0.28223
    846.5   0.28240
    846.8   0.28267
    847.1   0.28339
    847.4   0.28444
    847.6   0.28490
    847.9   0.28404
    848.2   0.28377
    848.5   0.28353
    848.7   0.28385
    849.0   0.28402
    849.3   0.28404
    849.6   0.28410
    849.9   0.28394
    850.1   0.28332
    850.4   0.28349
    850.7   0.28333
    851.0   0.28277
    851.3   0.28231
    851.5   0.28338
    851.8   0.28394
    852.1   0.28337
    852.4   0.28246
    852.7   0.28247
    852.9   0.28230
    853.2   0.28162
    853.5   0.28183
    853.8   0.28178
    854.1   0.28226
    854.3   0.28390
    854.6   0.28469
    854.9   0.28440
    855.2   0.28465
    855.5   0.28484
    855.8   0.28391
    856.0   0.28423
    856.3   0.28543
    856.6   0.28576
    856.9   0.28601
    857.2   0.28537
    857.4   0.28519
    857.7   0.28631
    858.0   0.28619
    858.3   0.28608
    858.6   0.28532
    858.9   0.28531
    859.2   0.28577
    859.4   0.28537
    859.7   0.28304
    860.0   0.28287
    860.3   0.28325
    860.6   0.28287
    860.9   0.28215
    861.2   0.28085
    861.4   0.27999
    861.7   0.27931
    862.0   0.27839
    862.3   0.27695
    862.6   0.27560
    862.9   0.27419
    863.2   0.27230
    863.4   0.27024
    863.7   0.26800
    864.0   0.26601
    864.3   0.26358
    864.6   0.26051
    864.9   0.25687
    865.2   0.25514
    865.5   0.25200
    865.8   0.24676
    866.0   0.23992
    866.3   0.23316
    866.6   0.22432
    866.9   0.21336
    867.2   0.20368
    867.5   0.20045
    867.8   0.20469
    868.1   0.21403
    868.4   0.22457
    868.7   0.23374
    868.9   0.24038
    869.2   0.24410
    869.5   0.24442
    869.8   0.24101
    870.1   0.23305
    870.4   0.22047
    870.7   0.20424
    871.0   0.18709
    871.3   0.17539
    871.6   0.17473
    871.9   0.18666
    872.2   0.20311
    872.5   0.21885
    872.8   0.23146
    873.0   0.24158
    873.3   0.25046
    873.6   0.25684
    873.9   0.26180
    874.2   0.26588
    874.5   0.26873
    874.8   0.27105
    875.1   0.27424
    875.4   0.27657
    875.7   0.27872
    876.0   0.28087
    876.3   0.28134
    876.6   0.28186
    876.9   0.28302
    877.2   0.28337
    877.5   0.28262
    877.8   0.28210
    878.1   0.28201
    878.4   0.28245
    878.7   0.28275
    879.0   0.28127
    879.3   0.28045
    879.6   0.28129
    879.9   0.28177
    880.2   0.28166
    880.5   0.28057
    880.8   0.27836
    881.1   0.27644
    881.4   0.27422
    881.7   0.27159
    882.0   0.26983
    882.3   0.26867
    882.6   0.26662
    882.9   0.26504
    883.2   0.26634
    883.5   0.26982
    883.8   0.27303
    884.1   0.27625
    884.4   0.27923
    884.7   0.28173
    885.0   0.28341
    885.3   0.28420
    885.6   0.28485
    885.9   0.28554
    886.2   0.28671
    886.5   0.28783
    886.8   0.28807
    887.1   0.28850
    887.4   0.28905
    887.7   0.28918
    888.0   0.28978
    888.3   0.29095
    888.6   0.29161
    888.9   0.29257
    889.2   0.29428
    889.5   0.29596
    889.8   0.29592
    890.1   0.29589
    890.4   0.29606
    890.7   0.29625
    891.1   0.29608
    891.4   0.29665
    891.7   0.29669
    892.0   0.29598
    892.3   0.29584
    892.6   0.29538
    892.9   0.29439
    893.2   0.29488
    893.5   0.29579
    893.8   0.29560
    894.1   0.29498
    894.4   0.29436
    894.7   0.29243
    895.1   0.29099
    895.4   0.28991
    895.7   0.28801
    896.0   0.28668
    896.3   0.28562
    896.6   0.28555
    896.9   0.28598
    897.2   0.28627
    897.5   0.28717
    897.8   0.28814
    898.2   0.28874
    898.5   0.28961
    898.8   0.29035
    899.1   0.29094
    899.4   0.29091
    899.7   0.29058
    900.0   0.29008
    900.3   0.28977
    900.6   0.29018
    901.0   0.29099
    901.3   0.29240
    901.6   0.29397
    901.9   0.29473
    902.2   0.29614
    902.5   0.29845
    902.8   0.30004
    903.2   0.30176
    903.5   0.30448
    903.8   0.30649
    904.1   0.30797
    904.4   0.30928
    904.7   0.31069
    905.1   0.31236
    905.4   0.31351
    905.7   0.31469
    906.0   0.31589
    906.3   0.31595
    906.6   0.31648
    907.0   0.31765
    907.3   0.31855
    907.6   0.31922
    907.9   0.31942
    908.2   0.32007
    908.5   0.32077
    908.9   0.32175
    909.2   0.32245
    909.5   0.32253
    909.8   0.32257
    910.1   0.32315
    910.5   0.32404
    910.8   0.32388
    911.1   0.32380
    911.4   0.32427
    911.7   0.32475
    912.1   0.32501
    912.4   0.32558
    912.7   0.32654
    913.0   0.32692
    913.3   0.32734
    913.7   0.32748
    914.0   0.32803
    914.3   0.32842
    914.6   0.32835
    915.0   0.32821
    915.3   0.32869
    915.6   0.32904
    915.9   0.32917
    916.2   0.32982
    916.6   0.33011
    916.9   0.33019
    917.2   0.33051
    917.5   0.33058
    917.9   0.33092
    918.2   0.33118
    918.5   0.33143
    918.8   0.33146
    919.2   0.33199
    919.5   0.33234
    919.8   0.33222
    920.2   0.33226
    920.5   0.33281
    920.8   0.33250
    921.1   0.33181
    921.5   0.33238
    921.8   0.33336
    922.1   0.33345
    922.4   0.33338
    922.8   0.33375
    923.1   0.33429
    923.4   0.33414
    923.8   0.33375
    924.1   0.33444
    924.4   0.33540
    924.7   0.33591
    925.1   0.33552
    925.4   0.33495
    925.7   0.33562
    926.1   0.33574
    926.4   0.33532
    926.7   0.33588
    927.1   0.33670
    927.4   0.33728
    927.7   0.33758
    928.1   0.33669
    928.4   0.33648
    928.7   0.33745
    929.1   0.33814
    929.4   0.33877
    929.7   0.33879
    930.1   0.33828
    930.4   0.33874
    930.7   0.33892
    931.1   0.33912
    931.4   0.33860
    931.7   0.33873
    932.1   0.33924
    932.4   0.33944
    932.7   0.33953
    933.1   0.33946
    933.4   0.33971
    933.7   0.33987
    934.1   0.34011
    934.4   0.33980
    934.8   0.33989
    935.1   0.34075
    935.4   0.34112
    935.8   0.34142
    936.1   0.34155
    936.4   0.34123
    936.8   0.34100
    937.1   0.34113
    937.5   0.34131
    937.8   0.34132
    938.1   0.34131
    938.5   0.34172
    938.8   0.34195
    939.2   0.34212
    939.5   0.34203
    939.8   0.34229
    940.2   0.34278
    940.5   0.34252
    940.9   0.34209
    941.2   0.34199
    941.5   0.34291
    941.9   0.34376
    942.2   0.34400
    942.6   0.34399
    942.9   0.34416
    943.3   0.34420
    943.6   0.34430
    943.9   0.34389
    944.3   0.34371
    944.6   0.34366
    945.0   0.34350
    945.3   0.34391
    945.7   0.34422
    946.0   0.34471
    946.4   0.34431
    946.7   0.34396
    947.0   0.34433
    947.4   0.34468
    947.7   0.34437
    948.1   0.34395
    948.4   0.34361
    948.8   0.34347
    949.1   0.34343
    949.5   0.34279
    949.8   0.34122
    950.2   0.33908
    950.5   0.33728
    950.9   0.33558
    951.2   0.33421
    951.6   0.33266
    951.9   0.33203
    952.3   0.33304
    952.6   0.33492
    953.0   0.33799
    953.3   0.34048
    953.7   0.34147
    954.0   0.34280
    954.4   0.34387
    954.7   0.34439
    955.1   0.34491
    955.4   0.34585
    955.8   0.34614
    956.1   0.34632
    956.5   0.34655
    956.8   0.34732
    957.2   0.34790
    957.5   0.34801
    957.9   0.34832
    958.3   0.34895
    958.6   0.34910
    959.0   0.34902
    959.3   0.34850
    959.7   0.34851
    960.0   0.34910
    960.4   0.34939
    960.7   0.34904
    961.1   0.34906
    961.4   0.34963
    961.8   0.35061
    962.2   0.35145
    962.5   0.35088
    962.9   0.35065
    963.2   0.35060
    963.6   0.35056
    964.0   0.35083
    964.3   0.35085
    964.7   0.35056
    965.0   0.35002
    965.4   0.35039
    965.7   0.35103
    966.1   0.35147
    966.5   0.35180
    966.8   0.35191
    967.2   0.35171
    967.6   0.35155
    967.9   0.35150
    968.3   0.35142
    968.6   0.35160
    969.0   0.35155
    969.4   0.35147
    969.7   0.35129
    970.1   0.35160
    970.4   0.35196
    970.8   0.35191
    971.2   0.35192
    971.5   0.35231
    971.9   0.35282
    972.3   0.35265
    972.6   0.35288
    973.0   0.35267
    973.4   0.35233
    973.7   0.35236
    974.1   0.35263
    974.5   0.35295
    974.8   0.35371
    975.2   0.35456
    975.6   0.35484
    975.9   0.35486
    976.3   0.35476
    976.7   0.35459
    977.0   0.35455
    977.4   0.35488
    977.8   0.35514
    978.1   0.35496
    978.5   0.35516
    978.9   0.35561
    979.2   0.35553
    979.6   0.35548
    980.0   0.35617
    980.4   0.35683
    980.7   0.35634
    981.1   0.35614
    981.5   0.35532
    981.8   0.35434
    982.2   0.35499
    982.6   0.35621
    983.0   0.35636
    983.3   0.35616
    983.7   0.35630
    984.1   0.35697
    984.5   0.35740
    984.8   0.35728
    985.2   0.35676
    985.6   0.35696
    986.0   0.35765
    986.3   0.35781
    986.7   0.35759
    987.1   0.35766
    987.5   0.35780
    987.8   0.35783
    988.2   0.35806
    988.6   0.35849
    989.0   0.35868
    989.3   0.35854
    989.7   0.35861
    990.1   0.35894
    990.5   0.35993
    990.9   0.36028
    991.2   0.35997
    991.6   0.36007
    992.0   0.36024
    992.4   0.35957
    992.7   0.35913
    993.1   0.36015
    993.5   0.36117
    993.9   0.36027
    994.3   0.35933
    994.7   0.35959
    995.0   0.35971
    995.4   0.35967
    995.8   0.36010
    996.2   0.36028
    996.6   0.35982
    996.9   0.35972
    997.3   0.36010
    997.7   0.36027
    998.1   0.36017
    998.5   0.35992
    998.9   0.36027
    999.3   0.36066
    999.6   0.36078
   1000.0   0.36079
   1000.4   0.36118
   1000.8   0.36122
   1001.2   0.36113
   1001.6   0.36111
   1002.0   0.36135
   1002.3   0.36123
   1002.7   0.36100
   1003.1   0.36116
   1003.5   0.36164
   1003.9   0.36197
   1004.3   0.36207
   1004.7   0.36206
   1005.1   0.36204
   1005.5   0.36197
   1005.8   0.36195
   1006.2   0.36223
   1006.6   0.36235
   1007.0   0.36241
   1007.4   0.36272
   1007.8   0.36291
   1008.2   0.36272
   1008.6   0.36270
   1009.0   0.36286
   1009.4   0.36265
   1009.8   0.36268
   1010.2   0.36330
   1010.6   0.36348
   1010.9   0.36349
   1011.3   0.36346
   1011.7   0.36339
   1012.1   0.36365
   1012.5   0.36353
   1012.9   0.36344
   1013.3   0.36357
   1013.7   0.36372
   1014.1   0.36374
   1014.5   0.36375
   1014.9   0.36384
   1015.3   0.36413
   1015.7   0.36449
   1016.1   0.36437
   1016.5   0.36415
   1016.9   0.36404
   1017.3   0.36437
   1017.7   0.36506
   1018.1   0.36494
   1018.5   0.36436
   1018.9   0.36446
   1019.3   0.36472
   1019.7   0.36498
   1020.1   0.36487
   1020.5   0.36508
   1020.9   0.36510
   1021.3   0.36509
   1021.7   0.36510
   1022.1   0.36541
   1022.5   0.36545
   1022.9   0.36569
   1023.3   0.36613
   1023.7   0.36615
   1024.1   0.36603
   1024.5   0.36574
   1024.9   0.36582
   1025.3   0.36580
   1025.7   0.36607
   1026.2   0.36614
   1026.6   0.36601
   1027.0   0.36613
   1027.4   0.36616
   1027.8   0.36642
   1028.2   0.36690
   1028.6   0.36679
   1029.0   0.36659
   1029.4   0.36640
   1029.8   0.36629
   1030.2   0.36639
   1030.6   0.36647
   1031.1   0.36677
   1031.5   0.36668
   1031.9   0.36673
   1032.3   0.36705
   1032.7   0.36697
   1033.1   0.36704
   1033.5   0.36713
   1033.9   0.36716
   1034.3   0.36738
   1034.8   0.36766
   1035.2   0.36735
   1035.6   0.36767
   1036.0   0.36783
   1036.4   0.36779
   1036.8   0.36778
   1037.2   0.36769
   1037.7   0.36782
   1038.1   0.36765
   1038.5   0.36767
   1038.9   0.36792
   1039.3   0.36789
   1039.7   0.36773
   1040.2   0.36798
   1040.6   0.36816
   1041.0   0.36817
   1041.4   0.36805
   1041.8   0.36819
   1042.2   0.36841
   1042.7   0.36818
   1043.1   0.36821
   1043.5   0.36833
   1043.9   0.36844
   1044.3   0.36863
   1044.8   0.36884
   1045.2   0.36910
   1045.6   0.36928
   1046.0   0.36907
   1046.5   0.36904
   1046.9   0.36908
   1047.3   0.36936
   1047.7   0.36950
   1048.1   0.36970
   1048.6   0.36987
   1049.0   0.36978
   1049.4   0.36954
   1049.8   0.36961
   1050.3   0.36986
   1050.7   0.37004
   1051.1   0.36996
   1051.5   0.36988
   1052.0   0.37001
   1052.4   0.37007
   1052.8   0.37046
   1053.3   0.37054
   1053.7   0.37052
   1054.1   0.37064
   1054.5   0.37044
   1055.0   0.37043
   1055.4   0.37045
   1055.8   0.37068
   1056.3   0.37114
   1056.7   0.37103
   1057.1   0.37094
   1057.6   0.37094
   1058.0   0.37086
   1058.4   0.37068
   1058.9   0.37089
   1059.3   0.37075
   1059.7   0.37067
   1060.2   0.37091
   1060.6   0.37112
   1061.0   0.37124
   1061.5   0.37131
   1061.9   0.37115
   1062.3   0.37122
   1062.8   0.37127
   1063.2   0.37128
   1063.6   0.37144
   1064.1   0.37134
   1064.5   0.37144
   1064.9   0.37162
   1065.4   0.37151
   1065.8   0.37152
   1066.3   0.37157
   1066.7   0.37146
   1067.1   0.37148
   1067.6   0.37172
   1068.0   0.37205
   1068.5   0.37227
   1068.9   0.37222
   1069.3   0.37233
   1069.8   0.37241
   1070.2   0.37246
   1070.7   0.37248
   1071.1   0.37250
   1071.5   0.37261
   1072.0   0.37261
   1072.4   0.37231
   1072.9   0.37226
   1073.3   0.37263
   1073.8   0.37286
   1074.2   0.37280
   1074.7   0.37261
   1075.1   0.37275
   1075.5   0.37274
   1076.0   0.37277
   1076.4   0.37304
   1076.9   0.37306
   1077.3   0.37285
   1077.8   0.37286
   1078.2   0.37284
   1078.7   0.37284
   1079.1   0.37296
   1079.6   0.37280
   1080.0   0.37257
   1080.5   0.37247
   1080.9   0.37249
   1081.4   0.37267
   1081.8   0.37271
   1082.3   0.37266
   1082.7   0.37289
   1083.2   0.37314
   1083.6   0.37330
   1084.1   0.37329
   1084.5   0.37328
   1085.0   0.37325
   1085.5   0.37327
   1085.9   0.37316
   1086.4   0.37330
   1086.8   0.37375
   1087.3   0.37396
   1087.7   0.37384
   1088.2   0.37387
   1088.6   0.37389
   1089.1   0.37384
   1089.6   0.37396
   1090.0   0.37394
   1090.5   0.37411
   1090.9   0.37423
   1091.4   0.37427
   1091.9   0.37453
   1092.3   0.37486
   1092.8   0.37494
   1093.2   0.37486
   1093.7   0.37464
   1094.2   0.37459
   1094.6   0.37468
   1095.1   0.37477
   1095.5   0.37477
   1096.0   0.37480
   1096.5   0.37509
   1096.9   0.37531
   1097.4   0.37540
   1097.9   0.37550
   1098.3   0.37561
   1098.8   0.37547
   1099.3   0.37548
   1099.7   0.37542
   1100.2   0.37536
   1100.7   0.37559
   1101.1   0.37572
   1101.6   0.37556
   1102.1   0.37549
   1102.5   0.37560
   1103.0   0.37569
   1103.5   0.37582
   1103.9   0.37586
   1104.4   0.37568
   1104.9   0.37586
   1105.4   0.37604
   1105.8   0.37598
   1106.3   0.37602
   1106.8   0.37605
   1107.2   0.37605
   1107.7   0.37599
   1108.2   0.37591
   1108.7   0.37586
   1109.1   0.37615
   1109.6   0.37636
   1110.1   0.37627
   1110.6   0.37617
   1111.0   0.37638
   1111.5   0.37649
   1112.0   0.37664
   1112.5   0.37667
   1113.0   0.37684
   1113.4   0.37701
   1113.9   0.37701
   1114.4   0.37679
   1114.9   0.37675
   1115.3   0.37687
   1115.8   0.37688
   1116.3   0.37704
   1116.8   0.37693
   1117.3   0.37698
   1117.8   0.37720
   1118.2   0.37723
   1118.7   0.37733
   1119.2   0.37744
   1119.7   0.37739
   1120.2   0.37752
   1120.7   0.37756
   1121.1   0.37747
   1121.6   0.37754
   1122.1   0.37758
   1122.6   0.37750
   1123.1   0.37762
   1123.6   0.37771
   1124.1   0.37774
   1124.5   0.37765
   1125.0   0.37774
   1125.5   0.37788
   1126.0   0.37782
   1126.5   0.37764
   1127.0   0.37766
   1127.5   0.37785
   1128.0   0.37802
   1128.5   0.37830
   1128.9   0.37833
   1129.4   0.37818
   1129.9   0.37807
   1130.4   0.37810
   1130.9   0.37815
   1131.4   0.37824
   1131.9   0.37848
   1132.4   0.37854
   1132.9   0.37849
   1133.4   0.37856
   1133.9   0.37844
   1134.4   0.37855
   1134.9   0.37887
   1135.4   0.37898
   1135.9   0.37895
   1136.4   0.37899
   1136.9   0.37880
   1137.4   0.37874
   1137.9   0.37896
   1138.4   0.37905
   1138.9   0.37904
   1139.4   0.37900
   1139.9   0.37884
   1140.4   0.37886
   1140.9   0.37896
   1141.4   0.37915
   1141.9   0.37902
   1142.4   0.37904
   1142.9   0.37934
   1143.4   0.37938
   1143.9   0.37937
   1144.4   0.37952
   1144.9   0.37947
   1145.4   0.37951
   1145.9   0.37933
   1146.4   0.37932
   1146.9   0.37929
   1147.4   0.37936
   1147.9   0.37956
   1148.5   0.37949
   1149.0   0.37941
   1149.5   0.37951
   1150.0   0.37971
   1150.5   0.37961
   1151.0   0.37956
   1151.5   0.37950
   1152.0   0.37957
   1152.5   0.37977
   1153.1   0.37988
   1153.6   0.37983
   1154.1   0.37966
   1154.6   0.37984
   1155.1   0.37997
   1155.6   0.37999
   1156.1   0.37987
   1156.7   0.37989
   1157.2   0.38000
   1157.7   0.38012
   1158.2   0.38021
   1158.7   0.38020
   1159.2   0.38036
   1159.8   0.38041
   1160.3   0.38025
   1160.8   0.38048
   1161.3   0.38033
   1161.8   0.38014
   1162.4   0.38010
   1162.9   0.38009
   1163.4   0.38029
   1163.9   0.38049
   1164.5   0.38049
   1165.0   0.38046
   1165.5   0.38049
   1166.0   0.38055
   1166.5   0.38058
   1167.1   0.38046
   1167.6   0.38039
   1168.1   0.38032
   1168.7   0.38019
   1169.2   0.38048
   1169.7   0.38086
   1170.2   0.38104
   1170.8   0.38090
   1171.3   0.38083
   1171.8   0.38098
   1172.4   0.38091
   1172.9   0.38085
   1173.4   0.38083
   1173.9   0.38084
   1174.5   0.38102
   1175.0   0.38114
   1175.5   0.38107
   1176.1   0.38112
   1176.6   0.38125
   1177.1   0.38116
   1177.7   0.38098
   1178.2   0.38115
   1178.7   0.38128
   1179.3   0.38130
   1179.8   0.38136
   1180.4   0.38132
   1180.9   0.38135
   1181.4   0.38138
   1182.0   0.38145
   1182.5   0.38151
   1183.1   0.38136
   1183.6   0.38123
   1184.1   0.38131
   1184.7   0.38154
   1185.2   0.38154
   1185.8   0.38140
   1186.3   0.38125
   1186.8   0.38150
   1187.4   0.38176
   1187.9   0.38164
   1188.5   0.38166
   1189.0   0.38182
   1189.6   0.38163
   1190.1   0.38166
   1190.7   0.38192
   1191.2   0.38196
   1191.8   0.38189
   1192.3   0.38177
   1192.9   0.38184
   1193.4   0.38190
   1194.0   0.38182
   1194.5   0.38187
   1195.1   0.38189
   1195.6   0.38173
   1196.2   0.38173
   1196.7   0.38197
   1197.3   0.38204
   1197.8   0.38209
   1198.4   0.38205
   1198.9   0.38218
   1199.5   0.38225
   1200.0   0.38221
   1200.6   0.38205
   1201.1   0.38210
   1201.7   0.38220
   1202.3   0.38215
   1202.8   0.38215
   1203.4   0.38230
   1203.9   0.38219
   1204.5   0.38206
   1205.1   0.38209
   1205.6   0.38213
   1206.2   0.38220
   1206.7   0.38220
   1207.3   0.38210
   1207.9   0.38211
   1208.4   0.38215
   1209.0   0.38223
   1209.6   0.38224
   1210.1   0.38214
   1210.7   0.38234
   1211.2   0.38234
   1211.8   0.38225
   1212.4   0.38247
   1212.9   0.38248
   1213.5   0.38239
   1214.1   0.38246
   1214.7   0.38265
   1215.2   0.38254
   1215.8   0.38245
   1216.4   0.38257
   1216.9   0.38257
   1217.5   0.38245
   1218.1   0.38247
   1218.6   0.38259
   1219.2   0.38268
   1219.8   0.38279
   1220.4   0.38272
   1220.9   0.38240
   1221.5   0.38233
   1222.1   0.38244
   1222.7   0.38249
   1223.3   0.38244
   1223.8   0.38238
   1224.4   0.38234
   1225.0   0.38249
   1225.6   0.38260
   1226.1   0.38265
   1226.7   0.38252
   1227.3   0.38222
   1227.9   0.38205
   1228.5   0.38185
   1229.1   0.38162
   1229.6   0.38122
   1230.2   0.38106
   1230.8   0.38081
   1231.4   0.38015
   1232.0   0.37966
   1232.6   0.37913
   1233.1   0.37862
   1233.7   0.37846
   1234.3   0.37867
   1234.9   0.37949
   1235.5   0.38033
   1236.1   0.38088
   1236.7   0.38136
   1237.3   0.38190
   1237.9   0.38222
   1238.4   0.38242
   1239.0   0.38298
   1239.6   0.38326
   1240.2   0.38338
   1240.8   0.38344
   1241.4   0.38330
   1242.0   0.38335
   1242.6   0.38351
   1243.2   0.38344
   1243.8   0.38338
   1244.4   0.38342
   1245.0   0.38346
   1245.6   0.38350
   1246.2   0.38349
   1246.8   0.38363
   1247.4   0.38366
   1248.0   0.38336
   1248.6   0.38346
   1249.2   0.38348
   1249.8   0.38325
   1250.4   0.38327
   1251.0   0.38367
   1251.6   0.38369
   1252.2   0.38350
   1252.8   0.38360
   1253.4   0.38363
   1254.0   0.38367
   1254.6   0.38373
   1255.2   0.38389
   1255.8   0.38393
   1256.5   0.38378
   1257.1   0.38368
   1257.7   0.38368
   1258.3   0.38379
   1258.9   0.38393
   1259.5   0.38395
   1260.1   0.38392
   1260.7   0.38393
   1261.3   0.38394
   1262.0   0.38384
   1262.6   0.38386
   1263.2   0.38417
   1263.8   0.38420
   1264.4   0.38406
   1265.0   0.38406
   1265.7   0.38409
   1266.3   0.38415
   1266.9   0.38417
   1267.5   0.38423
   1268.1   0.38435
   1268.8   0.38455
   1269.4   0.38449
   1270.0   0.38437
   1270.6   0.38424
   1271.2   0.38412
   1271.9   0.38415
   1272.5   0.38423
   1273.1   0.38429
   1273.7   0.38432
   1274.4   0.38436
   1275.0   0.38437
   1275.6   0.38445
   1276.3   0.38450
   1276.9   0.38431
   1277.5   0.38413
   1278.1   0.38422
   1278.8   0.38426
   1279.4   0.38422
   1280.0   0.38406
   1280.7   0.38412
   1281.3   0.38427
   1281.9   0.38417
   1282.6   0.38411
   1283.2   0.38414
   1283.8   0.38425
   1284.5   0.38422
   1285.1   0.38417
   1285.7   0.38403
   1286.4   0.38397
   1287.0   0.38388
   1287.7   0.38381
   1288.3   0.38387
   1288.9   0.38390
   1289.6   0.38392
   1290.2   0.38398
   1290.9   0.38396
   1291.5   0.38371
   1292.2   0.38360
   1292.8   0.38366
   1293.4   0.38369
   1294.1   0.38358
   1294.7   0.38345
   1295.4   0.38347
   1296.0   0.38344
   1296.7   0.38332
   1297.3   0.38346
   1298.0   0.38365
   1298.6   0.38349
   1299.3   0.38333
   1299.9   0.38331
   1300.6   0.38325
   1301.2   0.38328
   1301.9   0.38337
   1302.5   0.38334
   1303.2   0.38321
   1303.9   0.38316
   1304.5   0.38323
   1305.2   0.38319
   1305.8   0.38309
   1306.5   0.38317
   1307.1   0.38316
   1307.8   0.38321
   1308.5   0.38323
   1309.1   0.38324
   1309.8   0.38334
   1310.4   0.38315
   1311.1   0.38277
   1311.8   0.38268
   1312.4   0.38288
   1313.1   0.38282
   1313.8   0.38252
   1314.4   0.38235
   1315.1   0.38235
   1315.8   0.38223
   1316.4   0.38211
   1317.1   0.38210
   1317.8   0.38201
   1318.4   0.38188
   1319.1   0.38168
   1319.8   0.38136
   1320.5   0.38135
   1321.1   0.38144
   1321.8   0.38128
   1322.5   0.38128
   1323.2   0.38126
   1323.8   0.38122
   1324.5   0.38118
   1325.2   0.38107
   1325.9   0.38083
   1326.5   0.38072
   1327.2   0.38058
   1327.9   0.38025
   1328.6   0.37996
   1329.3   0.37970
   1329.9   0.37957
   1330.6   0.37952
   1331.3   0.37960
   1332.0   0.37964
   1332.7   0.37965
   1333.4   0.37940
   1334.1   0.37918
   1334.7   0.37912
   1335.4   0.37888
   1336.1   0.37856
   1336.8   0.37855
   1337.5   0.37886
   1338.2   0.37915
   1338.9   0.37961
   1339.6   0.38028
   1340.3   0.38090
   1341.0   0.38135
   1341.6   0.38187
   1342.3   0.38224
   1343.0   0.38224
   1343.7   0.38229
   1344.4   0.38223
   1345.1   0.38204
   1345.8   0.38192
   1346.5   0.38172
   1347.2   0.38158
   1347.9   0.38140
   1348.6   0.38143
   1349.3   0.38161
   1350.0   0.38180
   1350.7   0.38189
   1351.4   0.38194
   1352.1   0.38209
   1352.9   0.38215
   1353.6   0.38207
   1354.3   0.38203
   1355.0   0.38205
   1355.7   0.38198
   1356.4   0.38195
   1357.1   0.38174
   1357.8   0.38128
   1358.5   0.38065
   1359.2   0.37994
   1360.0   0.37895
   1360.7   0.37754
   1361.4   0.37624
   1362.1   0.37606
   1362.8   0.37676
   1363.5   0.37719
   1364.2   0.37734
   1365.0   0.37763
   1365.7   0.37789
   1366.4   0.37846
   1367.1   0.37911
   1367.8   0.37938
   1368.6   0.37963
   1369.3   0.37987
   1370.0   0.37999
   1370.7   0.37999
   1371.5   0.37976
   1372.2   0.37963
   1372.9   0.37959
   1373.6   0.37937
   1374.4   0.37914
   1375.1   0.37897
   1375.8   0.37867
   1376.6   0.37817
   1377.3   0.37785
   1378.0   0.37746
   1378.8   0.37717
   1379.5   0.37673
   1380.2   0.37597
   1381.0   0.37530
   1381.7   0.37473
   1382.4   0.37373
   1383.2   0.37256
   1383.9   0.37109
   1384.7   0.36905
   1385.4   0.36625
   1386.1   0.36273
   1386.9   0.35869
   1387.6   0.35426
   1388.4   0.34918
   1389.1   0.34237
   1389.8   0.33262
   1390.6   0.31863
   1391.3   0.29915
   1392.1   0.27405
   1392.8   0.24674
   1393.6   0.22600
   1394.3   0.22142
   1395.1   0.23439
   1395.8   0.25706
   1396.6   0.28077
   1397.3   0.30116
   1398.1   0.31704
   1398.8   0.32914
   1399.6   0.33854
   1400.4   0.34600
   1401.1   0.35195
   1401.9   0.35648
   1402.6   0.35949
   1403.4   0.36133
   1404.2   0.36207
   1404.9   0.36199
   1405.7   0.36207
   1406.4   0.36254
   1407.2   0.36370
   1408.0   0.36510
   1408.7   0.36610
   1409.5   0.36658
   1410.3   0.36668
   1411.0   0.36665
   1411.8   0.36649
   1412.6   0.36608
   1413.3   0.36561
   1414.1   0.36474
   1414.9   0.36329
   1415.7   0.36129
   1416.4   0.35892
   1417.2   0.35601
   1418.0   0.35258
   1418.8   0.34857
   1419.5   0.34433
   1420.3   0.34046
   1421.1   0.33766
   1421.9   0.33681
   1422.6   0.33807
   1423.4   0.34102
   1424.2   0.34499
   1425.0   0.34936
   1425.8   0.35359
   1426.6   0.35735
   1427.3   0.36054
   1428.1   0.36327
   1428.9   0.36561
   1429.7   0.36762
   1430.5   0.36923
   1431.3   0.37075
   1432.1   0.37223
   1432.9   0.37376
   1433.7   0.37495
   1434.5   0.37599
   1435.3   0.37684
   1436.0   0.37751
   1436.8   0.37811
   1437.6   0.37878
   1438.4   0.37948
   1439.2   0.38000
   1440.0   0.38043
   1440.8   0.38079
   1441.6   0.38119
   1442.4   0.38153
   1443.2   0.38177
   1444.0   0.38210
   1444.9   0.38244
   1445.7   0.38264
   1446.5   0.38291
   1447.3   0.38325
   1448.1   0.38343
   1448.9   0.38365
   1449.7   0.38378
   1450.5   0.38377
   1451.3   0.38384
   1452.1   0.38395
   1453.0   0.38392
   1453.8   0.38379
   1454.6   0.38370
   1455.4   0.38357
   1456.2   0.38371
   1457.0   0.38373
   1457.9   0.38369
   1458.7   0.38381
   1459.5   0.38385
   1460.3   0.38396
   1461.1   0.38420
   1462.0   0.38433
   1462.8   0.38445
   1463.6   0.38453
   1464.4   0.38462
   1465.3   0.38500
   1466.1   0.38520
   1466.9   0.38524
   1467.8   0.38551
   1468.6   0.38576
   1469.4   0.38583
   1470.3   0.38591
   1471.1   0.38604
   1471.9   0.38606
   1472.8   0.38607
   1473.6   0.38607
   1474.4   0.38604
   1475.3   0.38608
   1476.1   0.38622
   1477.0   0.38634
   1477.8   0.38633
   1478.6   0.38638
   1479.5   0.38652
   1480.3   0.38660
   1481.2   0.38650
   1482.0   0.38647
   1482.9   0.38645
   1483.7   0.38653
   1484.6   0.38671
   1485.4   0.38678
   1486.3   0.38676
   1487.1   0.38672
   1488.0   0.38658
   1488.8   0.38645
   1489.7   0.38663
   1490.6   0.38690
   1491.4   0.38687
   1492.3   0.38688
   1493.1   0.38690
   1494.0   0.38688
   1494.8   0.38694
   1495.7   0.38698
   1496.6   0.38707
   1497.4   0.38705
   1498.3   0.38700
   1499.2   0.38714
   1500.0   0.38721
   1500.9   0.38709
   1501.8   0.38709
   1502.6   0.38702
   1503.5   0.38702
   1504.4   0.38708
   1505.3   0.38708
   1506.1   0.38700
   1507.0   0.38697
   1507.9   0.38707
   1508.8   0.38722
   1509.6   0.38724
   1510.5   0.38713
   1511.4   0.38697
   1512.3   0.38704
   1513.2   0.38710
   1514.1   0.38717
   1514.9   0.38721
   1515.8   0.38716
   1516.7   0.38718
   1517.6   0.38715
   1518.5   0.38711
   1519.4   0.38709
   1520.3   0.38705
   1521.2   0.38713
   1522.1   0.38722
   1523.0   0.38703
   1523.8   0.38699
   1524.7   0.38713
   1525.6   0.38704
   1526.5   0.38707
   1527.4   0.38709
   1528.3   0.38698
   1529.2   0.38696
   1530.1   0.38687
   1531.0   0.38672
   1532.0   0.38672
   1532.9   0.38677
   1533.8   0.38675
   1534.7   0.38688
   1535.6   0.38683
   1536.5   0.38664
   1537.4   0.38655
   1538.3   0.38662
   1539.2   0.38667
   1540.1   0.38657
   1541.1   0.38638
   1542.0   0.38633
   1542.9   0.38645
   1543.8   0.38643
   1544.7   0.38632
   1545.7   0.38611
   1546.6   0.38590
   1547.5   0.38591
   1548.4   0.38602
   1549.4   0.38587
   1550.3   0.38576
   1551.2   0.38565
   1552.1   0.38553
   1553.1   0.38548
   1554.0   0.38535
   1554.9   0.38522
   1555.9   0.38531
   1556.8   0.38526
   1557.7   0.38522
   1558.7   0.38525
   1559.6   0.38507
   1560.5   0.38486
   1561.5   0.38458
   1562.4   0.38432
   1563.4   0.38432
   1564.3   0.38422
   1565.3   0.38390
   1566.2   0.38379
   1567.2   0.38378
   1568.1   0.38365
   1569.0   0.38362
   1570.0   0.38337
   1571.0   0.38315
   1571.9   0.38300
   1572.9   0.38267
   1573.8   0.38237
   1574.8   0.38237
   1575.7   0.38244
   1576.7   0.38235
   1577.6   0.38223
   1578.6   0.38204
   1579.6   0.38178
   1580.5   0.38160
   1581.5   0.38130
   1582.5   0.38106
   1583.4   0.38072
   1584.4   0.38022
   1585.4   0.37982
   1586.3   0.37940
   1587.3   0.37888
   1588.3   0.37842
   1589.3   0.37802
   1590.2   0.37750
   1591.2   0.37688
   1592.2   0.37637
   1593.2   0.37586
   1594.1   0.37527
   1595.1   0.37450
   1596.1   0.37384
   1597.1   0.37315
   1598.1   0.37248
   1599.1   0.37196
   1600.0   0.37139
   1601.0   0.37089
   1602.0   0.37064
   1603.0   0.37050
   1604.0   0.37025
   1605.0   0.36998
   1606.0   0.36983
   1607.0   0.36971
   1608.0   0.36952
   1609.0   0.36929
   1610.0   0.36930
   1611.0   0.36961
   1612.0   0.36997
   1613.0   0.37038
   1614.0   0.37091
   1615.0   0.37173
   1616.0   0.37270
   1617.0   0.37358
   1618.0   0.37414
   1619.0   0.37481
   1620.0   0.37543
   1621.1   0.37580
   1622.1   0.37615
   1623.1   0.37659
   1624.1   0.37701
   1625.1   0.37727
   1626.1   0.37752
   1627.2   0.37768
   1628.2   0.37779
   1629.2   0.37803
   1630.2   0.37825
   1631.3   0.37838
   1632.3   0.37852
   1633.3   0.37872
   1634.3   0.37875
   1635.4   0.37870
   1636.4   0.37873
   1637.4   0.37870
   1638.5   0.37844
   1639.5   0.37839
   1640.5   0.37836
   1641.6   0.37814
   1642.6   0.37797
   1643.7   0.37765
   1644.7   0.37719
   1645.8   0.37669
   1646.8   0.37630
   1647.8   0.37588
   1648.9   0.37553
   1649.9   0.37514
   1651.0   0.37484
   1652.1   0.37478
   1653.1   0.37470
   1654.2   0.37457
   1655.2   0.37422
   1656.3   0.37381
   1657.3   0.37348
   1658.4   0.37293
   1659.5   0.37213
   1660.5   0.37130
   1661.6   0.37020
   1662.6   0.36900
   1663.7   0.36826
   1664.8   0.36802
   1665.9   0.36835
   1666.9   0.36918
   1668.0   0.37003
   1669.1   0.37074
   1670.1   0.37113
   1671.2   0.37111
   1672.3   0.37091
   1673.4   0.37021
   1674.5   0.36904
   1675.5   0.36812
   1676.6   0.36761
   1677.7   0.36750
   1678.8   0.36813
   1679.9   0.36927
   1681.0   0.37070
   1682.1   0.37206
   1683.2   0.37321
   1684.3   0.37410
   1685.3   0.37486
   1686.4   0.37542
   1687.5   0.37588
   1688.6   0.37621
   1689.7   0.37626
   1690.8   0.37640
   1692.0   0.37640
   1693.1   0.37619
   1694.2   0.37605
   1695.3   0.37599
   1696.4   0.37567
   1697.5   0.37533
   1698.6   0.37489
   1699.7   0.37451
   1700.8   0.37388
   1701.9   0.37279
   1703.1   0.37119
   1704.2   0.36908
   1705.3   0.36602
   1706.4   0.36207
   1707.6   0.35780
   1708.7   0.35411
   1709.8   0.35285
   1710.9   0.35427
   1712.1   0.35737
   1713.2   0.36108
   1714.3   0.36453
   1715.5   0.36726
   1716.6   0.36936
   1717.7   0.37098
   1718.9   0.37220
   1720.0   0.37342
   1721.2   0.37444
   1722.3   0.37537
   1723.4   0.37619
   1724.6   0.37696
   1725.7   0.37764
   1726.9   0.37817
   1728.0   0.37870
   1729.2   0.37913
   1730.4   0.37938
   1731.5   0.37954
   1732.7   0.37979
   1733.8   0.38001
   1735.0   0.38020
   1736.1   0.38035
   1737.3   0.38041
   1738.5   0.38045
   1739.6   0.38062
   1740.8   0.38068
   1742.0   0.38061
   1743.2   0.38066
   1744.3   0.38064
   1745.5   0.38061
   1746.7   0.38052
   1747.9   0.38027
   1749.0   0.37997
   1750.2   0.37973
   1751.4   0.37938
   1752.6   0.37904
   1753.8   0.37876
   1755.0   0.37867
   1756.1   0.37888
   1757.3   0.37916
   1758.5   0.37958
   1759.7   0.38013
   1760.9   0.38047
   1762.1   0.38083
   1763.3   0.38114
   1764.5   0.38123
   1765.7   0.38135
   1766.9   0.38151
   1768.1   0.38153
   1769.3   0.38162
   1770.5   0.38171
   1771.7   0.38175
   1773.0   0.38179
   1774.2   0.38180
   1775.4   0.38178
   1776.6   0.38203
   1777.8   0.38210
   1779.0   0.38209
   1780.3   0.38228
   1781.5   0.38235
   1782.7   0.38231
   1783.9   0.38245
   1785.2   0.38253
   1786.4   0.38248
   1787.6   0.38251
   1788.9   0.38242
   1790.1   0.38242
   1791.3   0.38251
   1792.6   0.38258
   1793.8   0.38269
   1795.1   0.38273
   1796.3   0.38276
   1797.6   0.38284
   1798.8   0.38278
   1800.0   0.38263
   1801.3   0.38260
   1802.6   0.38251
   1803.8   0.38248
   1805.1   0.38249
   1806.3   0.38246
   1807.6   0.38244
   1808.8   0.38255
   1810.1   0.38252
   1811.4   0.38249
   1812.6   0.38254
   1813.9   0.38257
   1815.2   0.38257
   1816.4   0.38244
   1817.7   0.38239
   1819.0   0.38238
   1820.3   0.38229
   1821.6   0.38211
   1822.8   0.38202
   1824.1   0.38199
   1825.4   0.38192
   1826.7   0.38193
   1828.0   0.38204
   1829.3   0.38209
   1830.6   0.38224
   1831.8   0.38234
   1833.1   0.38238
   1834.4   0.38240
   1835.7   0.38231
   1837.0   0.38233
   1838.3   0.38239
   1839.7   0.38237
   1841.0   0.38239
   1842.3   0.38237
   1843.6   0.38250
   1844.9   0.38253
   1846.2   0.38237
   1847.5   0.38234
   1848.8   0.38238
   1850.2   0.38252
   1851.5   0.38249
   1852.8   0.38233
   1854.1   0.38213
   1855.5   0.38206
   1856.8   0.38201
   1858.1   0.38202
   1859.4   0.38207
   1860.8   0.38189
   1862.1   0.38167
   1863.5   0.38176
   1864.8   0.38153
   1866.1   0.38124
   1867.5   0.38129
   1868.8   0.38110
   1870.2   0.38084
   1871.5   0.38079
   1872.9   0.38078
   1874.2   0.38079
   1875.6   0.38068
   1876.9   0.38042
   1878.3   0.38032
   1879.7   0.38017
   1881.0   0.37985
   1882.4   0.37978
   1883.8   0.37971
   1885.1   0.37950
   1886.5   0.37943
   1887.9   0.37926
   1889.3   0.37890
   1890.6   0.37868
   1892.0   0.37864
   1893.4   0.37853
   1894.8   0.37824
   1896.2   0.37797
   1897.6   0.37781
   1899.0   0.37763
   1900.3   0.37749
   1901.7   0.37736
   1903.1   0.37705
   1904.5   0.37680
   1905.9   0.37681
   1907.3   0.37678
   1908.7   0.37668
   1910.1   0.37666
   1911.6   0.37653
   1913.0   0.37639
   1914.4   0.37621
   1915.8   0.37605
   1917.2   0.37595
   1918.6   0.37587
   1920.0   0.37567
   1921.5   0.37551
   1922.9   0.37545
   1924.3   0.37526
   1925.8   0.37520
   1927.2   0.37511
   1928.6   0.37485
   1930.1   0.37473
   1931.5   0.37459
   1932.9   0.37440
   1934.4   0.37438
   1935.8   0.37432
   1937.3   0.37415
   1938.7   0.37395
   1940.2   0.37380
   1941.6   0.37369
   1943.1   0.37350
   1944.5   0.37333
   1946.0   0.37309
   1947.5   0.37292
   1948.9   0.37273
   1950.4   0.37261
   1951.9   0.37251
   1953.3   0.37222
   1954.8   0.37209
   1956.3   0.37202
   1957.8   0.37192
   1959.2   0.37188
   1960.7   0.37186
   1962.2   0.37184
   1963.7   0.37196
   1965.2   0.37185
   1966.7   0.37174
   1968.2   0.37176
   1969.7   0.37155
   1971.2   0.37145
   1972.7   0.37137
   1974.2   0.37119
   1975.7   0.37115
   1977.2   0.37119
   1978.7   0.37105
   1980.2   0.37077
   1981.7   0.37064
   1983.2   0.37051
   1984.7   0.37033
   1986.3   0.37004
   1987.8   0.36986
   1989.3   0.36994
   1990.8   0.36986
   1992.4   0.36968
   1993.9   0.36965
   1995.4   0.36959
   1997.0   0.36946
   1998.5   0.36945
   2000.1   0.36948
   2001.6   0.36931
   2003.1   0.36919
   2004.7   0.36917
   2006.2   0.36913
   2007.8   0.36905
   2009.4   0.36899
   2010.9   0.36889
   2012.5   0.36871
   2014.0   0.36843
   2015.6   0.36832
   2017.2   0.36825
   2018.7   0.36828
   2020.3   0.36831
   2021.9   0.36819
   2023.5   0.36814
   2025.1   0.36821
   2026.6   0.36805
   2028.2   0.36791
   2029.8   0.36794
   2031.4   0.36791
   2033.0   0.36789
   2034.6   0.36790
   2036.2   0.36789
   2037.8   0.36793
   2039.4   0.36785
   2041.0   0.36767
   2042.6   0.36767
   2044.2   0.36761
   2045.8   0.36728
   2047.4   0.36694
   2049.1   0.36650
   2050.7   0.36589
   2052.3   0.36509
   2053.9   0.36384
   2055.6   0.36246
   2057.2   0.36097
   2058.8   0.35925
   2060.5   0.35760
   2062.1   0.35609
   2063.7   0.35490
   2065.4   0.35416
   2067.0   0.35367
   2068.7   0.35343
   2070.3   0.35338
   2072.0   0.35287
   2073.7   0.35196
   2075.3   0.35079
   2077.0   0.34908
   2078.6   0.34671
   2080.3   0.34329
   2082.0   0.33929
   2083.7   0.33627
   2085.3   0.33492
   2087.0   0.33500
   2088.7   0.33636
   2090.4   0.33884
   2092.1   0.34207
   2093.8   0.34578
   2095.4   0.34948
   2097.1   0.35267
   2098.8   0.35516
   2100.5   0.35672
   2102.2   0.35782
   2104.0   0.35858
   2105.7   0.35896
   2107.4   0.35917
   2109.1   0.35910
   2110.8   0.35866
   2112.5   0.35806
   2114.2   0.35728
   2116.0   0.35648
   2117.7   0.35544
   2119.4   0.35433
   2121.2   0.35324
   2122.9   0.35213
   2124.6   0.35050
   2126.4   0.34848
   2128.1   0.34650
   2129.9   0.34496
   2131.6   0.34364
   2133.4   0.34250
   2135.1   0.34119
   2136.9   0.33977
   2138.7   0.33862
   2140.4   0.33784
   2142.2   0.33708
   2144.0   0.33551
   2145.8   0.33267
   2147.5   0.32899
   2149.3   0.32470
   2151.1   0.31952
   2152.9   0.31313
   2154.7   0.30554
   2156.5   0.29745
   2158.3   0.28934
   2160.1   0.27906
   2161.9   0.26409
   2163.7   0.24687
   2165.5   0.23312
   2167.3   0.22528
   2169.1   0.22358
   2170.9   0.22934
   2172.7   0.24188
   2174.6   0.25692
   2176.4   0.27111
   2178.2   0.28396
   2180.0   0.29535
   2181.9   0.30472
   2183.7   0.31205
   2185.6   0.31774
   2187.4   0.32212
   2189.2   0.32552
   2191.1   0.32803
   2193.0   0.32985
   2194.8   0.33108
   2196.7   0.33161
   2198.5   0.33159
   2200.4   0.33131
   2202.3   0.33115
   2204.1   0.33162
   2206.0   0.33229
   2207.9   0.33257
   2209.8   0.33247
   2211.7   0.33175
   2213.6   0.33060
   2215.4   0.32933
   2217.3   0.32789
   2219.2   0.32645
   2221.1   0.32541
   2223.0   0.32559
   2225.0   0.32741
   2226.9   0.32986
   2228.8   0.33187
   2230.7   0.33305
   2232.6   0.33344
   2234.5   0.33342
   2236.5   0.33311
   2238.4   0.33263
   2240.3   0.33207
   2242.3   0.33148
   2244.2   0.33051
   2246.2   0.32947
   2248.1   0.32856
   2250.1   0.32749
   2252.0   0.32624
   2254.0   0.32505
   2255.9   0.32381
   2257.9   0.32267
   2259.9   0.32157
   2261.8   0.32029
   2263.8   0.31904
   2265.8   0.31774
   2267.8   0.31618
   2269.8   0.31453
   2271.8   0.31276
   2273.7   0.31083
   2275.7   0.30869
   2277.7   0.30613
   2279.7   0.30319
   2281.7   0.29987
   2283.8   0.29629
   2285.8   0.29283
   2287.8   0.28979
   2289.8   0.28700
   2291.8   0.28450
   2293.9   0.28249
   2295.9   0.28054
   2297.9   0.27854
   2300.0   0.27637
   2302.0   0.27398
   2304.1   0.27141
   2306.1   0.26863
   2308.2   0.26579
   2310.2   0.26261
   2312.3   0.25894
   2314.3   0.25476
   2316.4   0.25029
   2318.5   0.24637
   2320.6   0.24382
   2322.6   0.24317
   2324.7   0.24442
   2326.8   0.24741
   2328.9   0.25139
   2331.0   0.25544
   2333.1   0.25926
   2335.2   0.26225
   2337.3   0.26428
   2339.4   0.26544
   2341.5   0.26552
   2343.6   0.26459
   2345.8   0.26276
   2347.9   0.26112
   2350.0   0.26082
   2352.1   0.26169
   2354.3   0.26293
   2356.4   0.26428
   2358.6   0.26558
   2360.7   0.26662
   2362.9   0.26737
   2365.0   0.26805
   2367.2   0.26904
   2369.3   0.27024
   2371.5   0.27160
   2373.7   0.27251
   2375.9   0.27243
   2378.0   0.27084
   2380.2   0.26777
   2382.4   0.26435
   2384.6   0.26125
   2386.8   0.25861
   2389.0   0.25627
   2391.2   0.25426
   2393.4   0.25326
   2395.6   0.25342
   2397.8   0.25401
   2400.1   0.25448
   2402.3   0.25442
   2404.5   0.25400
   2406.7   0.25365
   2409.0   0.25361
   2411.2   0.25348
   2413.5   0.25338
   2415.7   0.25298
   2418.0   0.25215
   2420.2   0.25094
   2422.5   0.24890
   2424.8   0.24645
   2427.0   0.24423
   2429.3   0.24248
   2431.6   0.24107
   2433.9   0.24022
   2436.2   0.24014
   2438.4   0.24072
   2440.7   0.24152
   2443.0   0.24156
   2445.3   0.24030
   2447.7   0.23836
   2450.0   0.23647
   2452.3   0.23422
   2454.6   0.23087
   2456.9   0.22638
   2459.3   0.22275
   2461.6   0.22169
   2463.9   0.22294
   2466.3   0.22557
   2468.6   0.22885
   2471.0   0.23192
   2473.3   0.23419
   2475.7   0.23536
   2478.1   0.23504
   2480.4   0.23291
   2482.8   0.23015
   2485.2   0.22850
   2487.6   0.22746
   2490.0   0.22591
   2492.4   0.22375
   2494.8   0.22155
   2497.2   0.21990
   2499.6   0.21827
   2502.0   0.21564
   2504.4   0.21241
   2506.8   0.20915
   2509.3   0.20543
   2511.7   0.20100
   2514.1   0.19617
   2516.6   0.19156
   2519.0   0.18853
   2521.5   0.18902
   2523.9   0.19377
   2526.4   0.20098
   2528.8   0.20773
   2531.3   0.21301
   2533.8   0.21709
   2536.3   0.21986
   2538.8   0.22134
   2541.2   0.22212
   2543.7   0.22213
   2546.2   0.22022
   2548.7   0.21710
   2551.2   0.21564
   2553.8   0.21768
   2556.3   0.22137
   2558.8   0.22288
   2561.3   0.22276
   2563.9   0.22261
   2566.4   0.22199
   2568.9   0.21979
   2571.5   0.21678
   2574.0   0.21589
   2576.6   0.21846
   2579.2   0.22143
   2581.7   0.22232
   2584.3   0.22103
   2586.9   0.21778
   2589.5   0.21358
   2592.1   0.20941
   2594.7   0.20536
   2597.3   0.19990
   2599.9   0.19518
   2602.5   0.19403
   2605.1   0.19460
   2607.7   0.19419
   2610.3   0.19395
   2613.0   0.19610
   2615.6   0.20078
   2618.3   0.20647
   2620.9   0.21101
   2623.6   0.21370
   2626.2   0.21510
   2628.9   0.21569
   2631.5   0.21577
   2634.2   0.21556
   2636.9   0.21507
   2639.6   0.21433
   2642.3   0.21349
   2645.0   0.21304
   2647.7   0.21341
   2650.4   0.21454
   2653.1   0.21561
   2655.8   0.21637
   2658.5   0.21635
   2661.3   0.21564
   2664.0   0.21441
   2666.7   0.21262
   2669.5   0.20966
   2672.2   0.20596
   2675.0   0.20202
   2677.8   0.19840
   2680.5   0.19430
   2683.3   0.18965
   2686.1   0.18425
   2688.9   0.17780
   2691.7   0.16978
   2694.5   0.16058
   2697.3   0.15020
   2700.1   0.14023
   2702.9   0.13045
   2705.7   0.12059
   2708.5   0.11090
   2711.4   0.10040
   2714.2   0.08832
   2717.1   0.07865
   2719.9   0.07582
   2722.8   0.07472
   2725.6   0.07315
   2728.5   0.07764
   2731.4   0.08433
   2734.2   0.09040
   2737.1   0.09542
   2740.0   0.09845
   2742.9   0.09588
   2745.8   0.09224
   2748.7   0.09428
   2751.7   0.09620
   2754.6   0.09427
   2757.5   0.09082
   2760.5   0.08498
   2763.4   0.07609
   2766.3   0.06390
   2769.3   0.05231
   2772.3   0.04523
   2775.2   0.04513
   2778.2   0.05132
   2781.2   0.06156
   2784.2   0.07332
   2787.2   0.08495
   2790.2   0.09666
   2793.2   0.10735
   2796.2   0.11633
   2799.2   0.12377
   2802.2   0.12888
   2805.3   0.13275
   2808.3   0.13585
   2811.4   0.13830
   2814.4   0.14105
   2817.5   0.14375
   2820.5   0.14587
   2823.6   0.14750
   2826.7   0.14838
   2829.8   0.14907
   2832.9   0.14913
   2836.0   0.14796
   2839.1   0.14634
   2842.2   0.14479
   2845.3   0.14300
   2848.4   0.14144
   2851.6   0.14077
   2854.7   0.14047
   2857.8   0.13983
   2861.0   0.13943
   2864.2   0.13963
   2867.3   0.13941
   2870.5   0.13869
   2873.7   0.13885
   2876.9   0.14082
   2880.1   0.14378
   2883.3   0.14676
   2886.5   0.14839
   2889.7   0.14826
   2892.9   0.14817
   2896.2   0.14921
   2899.4   0.15010
   2902.7   0.15076
   2905.9   0.15100
   2909.2   0.15087
   2912.4   0.15065
   2915.7   0.14935
   2919.0   0.14658
   2922.3   0.14451
   2925.6   0.14484
   2928.9   0.14697
   2932.2   0.14942
   2935.5   0.15158
   2938.9   0.15334
   2942.2   0.15483
   2945.5   0.15597
   2948.9   0.15689
   2952.2   0.15713
   2955.6   0.15686
   2959.0   0.15599
   2962.4   0.15502
   2965.8   0.15408
   2969.1   0.15309
   2972.6   0.15218
   2976.0   0.15161
   2979.4   0.15188
   2982.8   0.15302
   2986.3   0.15433
   2989.7   0.15562
   2993.1   0.15709
   2996.6   0.15880
   3000.1   0.15984
   3003.6   0.15997
   3007.0   0.16023
   3010.5   0.16109
   3014.0   0.16231
   3017.5   0.16393
   3021.1   0.16576
   3024.6   0.16741
   3028.1   0.16816
   3031.7   0.16861
   3035.2   0.16925
   3038.8   0.17017
   3042.3   0.17110
   3045.9   0.17167
   3049.5   0.17228
   3053.1   0.17276
   3056.7   0.17328
   3060.3   0.17396
   3063.9   0.17430
   3067.5   0.17495
   3071.2   0.17604
   3074.8   0.17729
   3078.5   0.17798
   3082.1   0.17872
   3085.8   0.17962
   3089.5   0.18054
   3093.2   0.18156
   3096.9   0.18225
   3100.6   0.18268
   3104.3   0.18286
   3108.0   0.18321
   3111.7   0.18413
   3115.5   0.18521
   3119.2   0.18642
   3123.0   0.18729
   3126.7   0.18801
   3130.5   0.18846
   3134.3   0.18870
   3138.1   0.18921
   3141.9   0.18980
   3145.7   0.19044
   3149.5   0.19093
   3153.4   0.19105
   3157.2   0.19110
   3161.1   0.19111
   3164.9   0.19139
   3168.8   0.19170
   3172.7   0.19196
   3176.6   0.19238
   3180.5   0.19308
   3184.4   0.19377
   3188.3   0.19445
   3192.2   0.19508
   3196.1   0.19590



 N1WC01      .ASC                        

 WC-CMP-001     PP-02 + NO-01                                            

 Source Ang: 30.00   Detect Ang: 30.00  Volt: 1.222
 Date: 19-AUG-97   Time: 16:40:46
