  4731
    650.1   0.48767
    650.3   0.48702
    650.5   0.48780
    650.6   0.48866
    650.8   0.48794
    650.9   0.48701
    651.1   0.48779
    651.3   0.48869
    651.4   0.48816
    651.6   0.48753
    651.8   0.48852
    651.9   0.48924
    652.1   0.48846
    652.3   0.48743
    652.4   0.48804
    652.6   0.48887
    652.7   0.48843
    652.9   0.48794
    653.1   0.48864
    653.2   0.48951
    653.4   0.48908
    653.6   0.48834
    653.7   0.48914
    653.9   0.48981
    654.1   0.48923
    654.2   0.48849
    654.4   0.48892
    654.6   0.48946
    654.7   0.48900
    654.9   0.48851
    655.1   0.48923
    655.2   0.49000
    655.4   0.48948
    655.6   0.48903
    655.7   0.48967
    655.9   0.49031
    656.1   0.48994
    656.2   0.48952
    656.4   0.48988
    656.6   0.49030
    656.7   0.48985
    656.9   0.48947
    657.1   0.48996
    657.2   0.49049
    657.4   0.49002
    657.6   0.48945
    657.7   0.49007
    657.9   0.49070
    658.1   0.49032
    658.2   0.48977
    658.4   0.49011
    658.6   0.49064
    658.7   0.49036
    658.9   0.49002
    659.1   0.49037
    659.2   0.49078
    659.4   0.49043
    659.6   0.49005
    659.7   0.49048
    659.9   0.49086
    660.1   0.49042
    660.2   0.49006
    660.4   0.49066
    660.6   0.49109
    660.7   0.49074
    660.9   0.49046
    661.1   0.49093
    661.2   0.49138
    661.4   0.49097
    661.6   0.49054
    661.7   0.49111
    661.9   0.49136
    662.1   0.49099
    662.3   0.49051
    662.4   0.49094
    662.6   0.49149
    662.8   0.49117
    662.9   0.49071
    663.1   0.49108
    663.3   0.49144
    663.4   0.49115
    663.6   0.49083
    663.8   0.49113
    664.0   0.49158
    664.1   0.49116
    664.3   0.49079
    664.5   0.49100
    664.6   0.49123
    664.8   0.49094
    665.0   0.49065
    665.1   0.49121
    665.3   0.49164
    665.5   0.49140
    665.7   0.49105
    665.8   0.49127
    666.0   0.49148
    666.2   0.49120
    666.3   0.49085
    666.5   0.49120
    666.7   0.49159
    666.9   0.49125
    667.0   0.49091
    667.2   0.49116
    667.4   0.49145
    667.5   0.49116
    667.7   0.49081
    667.9   0.49114
    668.1   0.49135
    668.2   0.49108
    668.4   0.49079
    668.6   0.49121
    668.7   0.49153
    668.9   0.49138
    669.1   0.49105
    669.3   0.49119
    669.4   0.49132
    669.6   0.49109
    669.8   0.49083
    670.0   0.49111
    670.1   0.49146
    670.3   0.49115
    670.5   0.49080
    670.7   0.49102
    670.8   0.49124
    671.0   0.49104
    671.2   0.49083
    671.3   0.49101
    671.5   0.49134
    671.7   0.49110
    671.9   0.49087
    672.0   0.49108
    672.2   0.49131
    672.4   0.49115
    672.6   0.49081
    672.7   0.49091
    672.9   0.49113
    673.1   0.49077
    673.3   0.49049
    673.4   0.49073
    673.6   0.49105
    673.8   0.49092
    674.0   0.49067
    674.1   0.49085
    674.3   0.49100
    674.5   0.49069
    674.7   0.49047
    674.8   0.49072
    675.0   0.49104
    675.2   0.49087
    675.4   0.49063
    675.5   0.49085
    675.7   0.49093
    675.9   0.49071
    676.1   0.49051
    676.3   0.49071
    676.4   0.49083
    676.6   0.49051
    676.8   0.49014
    677.0   0.49018
    677.1   0.49038
    677.3   0.49010
    677.5   0.48985
    677.7   0.48998
    677.8   0.49013
    678.0   0.49000
    678.2   0.48981
    678.4   0.48999
    678.6   0.49015
    678.7   0.48991
    678.9   0.48961
    679.1   0.48964
    679.3   0.48972
    679.4   0.48961
    679.6   0.48948
    679.8   0.48959
    680.0   0.48969
    680.2   0.48946
    680.3   0.48920
    680.5   0.48942
    680.7   0.48963
    680.9   0.48932
    681.0   0.48903
    681.2   0.48914
    681.4   0.48913
    681.6   0.48895
    681.8   0.48875
    681.9   0.48897
    682.1   0.48906
    682.3   0.48890
    682.5   0.48872
    682.7   0.48889
    682.8   0.48898
    683.0   0.48866
    683.2   0.48835
    683.4   0.48835
    683.6   0.48837
    683.7   0.48816
    683.9   0.48792
    684.1   0.48803
    684.3   0.48818
    684.5   0.48793
    684.6   0.48777
    684.8   0.48784
    685.0   0.48805
    685.2   0.48781
    685.4   0.48752
    685.6   0.48750
    685.7   0.48757
    685.9   0.48733
    686.1   0.48722
    686.3   0.48735
    686.5   0.48743
    686.6   0.48714
    686.8   0.48678
    687.0   0.48671
    687.2   0.48683
    687.4   0.48665
    687.6   0.48644
    687.7   0.48649
    687.9   0.48664
    688.1   0.48640
    688.3   0.48614
    688.5   0.48612
    688.6   0.48623
    688.8   0.48599
    689.0   0.48577
    689.2   0.48577
    689.4   0.48581
    689.6   0.48554
    689.7   0.48523
    689.9   0.48519
    690.1   0.48528
    690.3   0.48509
    690.5   0.48491
    690.7   0.48498
    690.8   0.48504
    691.0   0.48489
    691.2   0.48463
    691.4   0.48478
    691.6   0.48489
    691.8   0.48471
    692.0   0.48449
    692.1   0.48446
    692.3   0.48446
    692.5   0.48416
    692.7   0.48392
    692.9   0.48397
    693.1   0.48405
    693.3   0.48388
    693.4   0.48366
    693.6   0.48367
    693.8   0.48368
    694.0   0.48346
    694.2   0.48323
    694.4   0.48316
    694.6   0.48324
    694.7   0.48301
    694.9   0.48281
    695.1   0.48275
    695.3   0.48280
    695.5   0.48267
    695.7   0.48249
    695.9   0.48249
    696.0   0.48245
    696.2   0.48222
    696.4   0.48197
    696.6   0.48189
    696.8   0.48197
    697.0   0.48176
    697.2   0.48154
    697.4   0.48153
    697.5   0.48141
    697.7   0.48117
    697.9   0.48086
    698.1   0.48088
    698.3   0.48100
    698.5   0.48083
    698.7   0.48068
    698.9   0.48067
    699.0   0.48075
    699.2   0.48047
    699.4   0.48026
    699.6   0.48011
    699.8   0.48008
    700.0   0.47984
    700.2   0.47964
    700.4   0.47957
    700.6   0.47963
    700.7   0.47943
    700.9   0.47919
    701.1   0.47914
    701.3   0.47913
    701.5   0.47893
    701.7   0.47878
    701.9   0.47879
    702.1   0.47872
    702.3   0.47842
    702.5   0.47818
    702.6   0.47817
    702.8   0.47823
    703.0   0.47806
    703.2   0.47780
    703.4   0.47769
    703.6   0.47755
    703.8   0.47741
    704.0   0.47724
    704.2   0.47724
    704.4   0.47725
    704.6   0.47705
    704.7   0.47682
    704.9   0.47678
    705.1   0.47665
    705.3   0.47633
    705.5   0.47608
    705.7   0.47606
    705.9   0.47604
    706.1   0.47586
    706.3   0.47577
    706.5   0.47595
    706.7   0.47605
    706.9   0.47584
    707.1   0.47545
    707.2   0.47523
    707.4   0.47507
    707.6   0.47476
    707.8   0.47447
    708.0   0.47441
    708.2   0.47439
    708.4   0.47422
    708.6   0.47402
    708.8   0.47395
    709.0   0.47395
    709.2   0.47375
    709.4   0.47353
    709.6   0.47345
    709.8   0.47332
    710.0   0.47313
    710.2   0.47293
    710.4   0.47287
    710.5   0.47280
    710.7   0.47257
    710.9   0.47226
    711.1   0.47213
    711.3   0.47200
    711.5   0.47188
    711.7   0.47174
    711.9   0.47164
    712.1   0.47155
    712.3   0.47124
    712.5   0.47100
    712.7   0.47092
    712.9   0.47093
    713.1   0.47074
    713.3   0.47055
    713.5   0.47048
    713.7   0.47043
    713.9   0.47019
    714.1   0.46989
    714.3   0.46977
    714.5   0.46968
    714.7   0.46949
    714.9   0.46927
    715.1   0.46922
    715.3   0.46918
    715.4   0.46897
    715.6   0.46877
    715.8   0.46864
    716.0   0.46852
    716.2   0.46831
    716.4   0.46809
    716.6   0.46801
    716.8   0.46796
    717.0   0.46773
    717.2   0.46751
    717.4   0.46744
    717.6   0.46734
    717.8   0.46712
    718.0   0.46687
    718.2   0.46677
    718.4   0.46671
    718.6   0.46651
    718.8   0.46634
    719.0   0.46623
    719.2   0.46610
    719.4   0.46580
    719.6   0.46552
    719.8   0.46529
    720.0   0.46507
    720.2   0.46487
    720.4   0.46468
    720.6   0.46462
    720.8   0.46459
    721.0   0.46433
    721.2   0.46408
    721.4   0.46396
    721.6   0.46384
    721.8   0.46354
    722.0   0.46330
    722.2   0.46320
    722.4   0.46305
    722.6   0.46276
    722.8   0.46253
    723.0   0.46240
    723.2   0.46235
    723.4   0.46209
    723.6   0.46183
    723.8   0.46174
    724.0   0.46162
    724.2   0.46151
    724.4   0.46139
    724.6   0.46134
    724.9   0.46126
    725.1   0.46102
    725.3   0.46072
    725.5   0.46050
    725.7   0.46034
    725.9   0.46009
    726.1   0.45987
    726.3   0.45973
    726.5   0.45961
    726.7   0.45935
    726.9   0.45905
    727.1   0.45894
    727.3   0.45883
    727.5   0.45860
    727.7   0.45838
    727.9   0.45837
    728.1   0.45833
    728.3   0.45822
    728.5   0.45794
    728.7   0.45774
    728.9   0.45753
    729.1   0.45712
    729.3   0.45682
    729.5   0.45665
    729.7   0.45654
    730.0   0.45629
    730.2   0.45607
    730.4   0.45592
    730.6   0.45584
    730.8   0.45561
    731.0   0.45533
    731.2   0.45518
    731.4   0.45503
    731.6   0.45475
    731.8   0.45450
    732.0   0.45427
    732.2   0.45418
    732.4   0.45395
    732.6   0.45368
    732.8   0.45351
    733.1   0.45339
    733.3   0.45320
    733.5   0.45291
    733.7   0.45277
    733.9   0.45261
    734.1   0.45239
    734.3   0.45210
    734.5   0.45194
    734.7   0.45180
    734.9   0.45150
    735.1   0.45124
    735.3   0.45102
    735.5   0.45091
    735.8   0.45071
    736.0   0.45049
    736.2   0.45043
    736.4   0.45033
    736.6   0.45015
    736.8   0.44988
    737.0   0.44964
    737.2   0.44942
    737.4   0.44912
    737.6   0.44884
    737.9   0.44865
    738.1   0.44847
    738.3   0.44820
    738.5   0.44796
    738.7   0.44784
    738.9   0.44771
    739.1   0.44751
    739.3   0.44727
    739.5   0.44705
    739.7   0.44687
    740.0   0.44657
    740.2   0.44634
    740.4   0.44621
    740.6   0.44606
    740.8   0.44583
    741.0   0.44553
    741.2   0.44533
    741.4   0.44508
    741.7   0.44480
    741.9   0.44451
    742.1   0.44427
    742.3   0.44415
    742.5   0.44389
    742.7   0.44369
    742.9   0.44347
    743.1   0.44332
    743.4   0.44308
    743.6   0.44286
    743.8   0.44263
    744.0   0.44249
    744.2   0.44221
    744.4   0.44188
    744.6   0.44167
    744.8   0.44144
    745.1   0.44114
    745.3   0.44087
    745.5   0.44062
    745.7   0.44042
    745.9   0.44016
    746.1   0.43996
    746.3   0.43980
    746.6   0.43965
    746.8   0.43939
    747.0   0.43914
    747.2   0.43896
    747.4   0.43871
    747.6   0.43841
    747.9   0.43813
    748.1   0.43791
    748.3   0.43765
    748.5   0.43736
    748.7   0.43713
    748.9   0.43695
    749.2   0.43679
    749.4   0.43649
    749.6   0.43619
    749.8   0.43599
    750.0   0.43575
    750.2   0.43545
    750.5   0.43514
    750.7   0.43493
    750.9   0.43475
    751.1   0.43444
    751.3   0.43414
    751.5   0.43396
    751.8   0.43374
    752.0   0.43346
    752.2   0.43317
    752.4   0.43293
    752.6   0.43271
    752.9   0.43246
    753.1   0.43221
    753.3   0.43205
    753.5   0.43192
    753.7   0.43167
    753.9   0.43139
    754.2   0.43110
    754.4   0.43090
    754.6   0.43063
    754.8   0.43034
    755.0   0.43011
    755.3   0.42984
    755.5   0.42959
    755.7   0.42932
    755.9   0.42911
    756.1   0.42892
    756.4   0.42870
    756.6   0.42842
    756.8   0.42819
    757.0   0.42791
    757.3   0.42762
    757.5   0.42733
    757.7   0.42713
    757.9   0.42696
    758.1   0.42666
    758.4   0.42640
    758.6   0.42617
    758.8   0.42595
    759.0   0.42564
    759.2   0.42537
    759.5   0.42512
    759.7   0.42489
    759.9   0.42463
    760.1   0.42431
    760.4   0.42411
    760.6   0.42385
    760.8   0.42359
    761.0   0.42333
    761.3   0.42313
    761.5   0.42291
    761.7   0.42259
    761.9   0.42226
    762.1   0.42198
    762.4   0.42175
    762.6   0.42147
    762.8   0.42121
    763.0   0.42107
    763.3   0.42084
    763.5   0.42056
    763.7   0.42029
    763.9   0.42003
    764.2   0.41983
    764.4   0.41957
    764.6   0.41934
    764.8   0.41907
    765.1   0.41885
    765.3   0.41862
    765.5   0.41831
    765.8   0.41809
    766.0   0.41781
    766.2   0.41750
    766.4   0.41723
    766.7   0.41700
    766.9   0.41680
    767.1   0.41654
    767.3   0.41625
    767.6   0.41594
    767.8   0.41568
    768.0   0.41540
    768.2   0.41516
    768.5   0.41501
    768.7   0.41479
    768.9   0.41448
    769.2   0.41416
    769.4   0.41397
    769.6   0.41377
    769.8   0.41354
    770.1   0.41326
    770.3   0.41308
    770.5   0.41283
    770.8   0.41252
    771.0   0.41225
    771.2   0.41197
    771.4   0.41176
    771.7   0.41145
    771.9   0.41117
    772.1   0.41097
    772.4   0.41076
    772.6   0.41045
    772.8   0.41015
    773.1   0.40986
    773.3   0.40965
    773.5   0.40936
    773.8   0.40913
    774.0   0.40889
    774.2   0.40865
    774.4   0.40839
    774.7   0.40810
    774.9   0.40790
    775.1   0.40769
    775.4   0.40740
    775.6   0.40711
    775.8   0.40683
    776.1   0.40663
    776.3   0.40633
    776.5   0.40603
    776.8   0.40581
    777.0   0.40563
    777.2   0.40537
    777.5   0.40507
    777.7   0.40483
    777.9   0.40458
    778.2   0.40432
    778.4   0.40403
    778.6   0.40381
    778.9   0.40356
    779.1   0.40334
    779.3   0.40311
    779.6   0.40292
    779.8   0.40265
    780.0   0.40238
    780.3   0.40210
    780.5   0.40187
    780.7   0.40164
    781.0   0.40134
    781.2   0.40104
    781.4   0.40082
    781.7   0.40059
    781.9   0.40033
    782.2   0.40007
    782.4   0.39988
    782.6   0.39967
    782.9   0.39940
    783.1   0.39910
    783.3   0.39889
    783.6   0.39864
    783.8   0.39839
    784.0   0.39814
    784.3   0.39791
    784.5   0.39772
    784.8   0.39741
    785.0   0.39710
    785.2   0.39673
    785.5   0.39648
    785.7   0.39620
    786.0   0.39591
    786.2   0.39573
    786.4   0.39549
    786.7   0.39530
    786.9   0.39505
    787.1   0.39480
    787.4   0.39458
    787.6   0.39430
    787.9   0.39403
    788.1   0.39382
    788.3   0.39363
    788.6   0.39342
    788.8   0.39319
    789.1   0.39295
    789.3   0.39265
    789.5   0.39237
    789.8   0.39211
    790.0   0.39191
    790.3   0.39166
    790.5   0.39141
    790.7   0.39114
    791.0   0.39098
    791.2   0.39081
    791.5   0.39056
    791.7   0.39031
    792.0   0.39008
    792.2   0.38982
    792.4   0.38954
    792.7   0.38934
    792.9   0.38913
    793.2   0.38892
    793.4   0.38864
    793.7   0.38838
    793.9   0.38817
    794.1   0.38792
    794.4   0.38765
    794.6   0.38736
    794.9   0.38709
    795.1   0.38686
    795.4   0.38661
    795.6   0.38642
    795.8   0.38626
    796.1   0.38610
    796.3   0.38584
    796.6   0.38560
    796.8   0.38542
    797.1   0.38525
    797.3   0.38498
    797.6   0.38473
    797.8   0.38452
    798.1   0.38429
    798.3   0.38407
    798.5   0.38385
    798.8   0.38365
    799.0   0.38341
    799.3   0.38316
    799.5   0.38287
    799.8   0.38267
    800.0   0.38246
    800.3   0.38222
    800.5   0.38197
    800.8   0.38180
    801.0   0.38160
    801.3   0.38137
    801.5   0.38112
    801.8   0.38089
    802.0   0.38067
    802.2   0.38044
    802.5   0.38022
    802.7   0.38003
    803.0   0.37984
    803.2   0.37959
    803.5   0.37930
    803.7   0.37908
    804.0   0.37886
    804.2   0.37859
    804.5   0.37837
    804.7   0.37822
    805.0   0.37805
    805.2   0.37782
    805.5   0.37758
    805.7   0.37733
    806.0   0.37708
    806.2   0.37683
    806.5   0.37656
    806.7   0.37634
    807.0   0.37612
    807.2   0.37593
    807.5   0.37575
    807.7   0.37561
    808.0   0.37543
    808.3   0.37519
    808.5   0.37494
    808.8   0.37471
    809.0   0.37451
    809.3   0.37429
    809.5   0.37409
    809.8   0.37387
    810.0   0.37371
    810.3   0.37349
    810.5   0.37326
    810.8   0.37307
    811.0   0.37287
    811.3   0.37269
    811.5   0.37246
    811.8   0.37225
    812.1   0.37206
    812.3   0.37184
    812.6   0.37163
    812.8   0.37145
    813.1   0.37125
    813.3   0.37102
    813.6   0.37082
    813.8   0.37060
    814.1   0.37038
    814.3   0.37019
    814.6   0.36999
    814.9   0.36982
    815.1   0.36967
    815.4   0.36946
    815.6   0.36927
    815.9   0.36906
    816.1   0.36884
    816.4   0.36862
    816.7   0.36838
    816.9   0.36820
    817.2   0.36799
    817.4   0.36773
    817.7   0.36753
    817.9   0.36736
    818.2   0.36724
    818.5   0.36701
    818.7   0.36678
    819.0   0.36659
    819.2   0.36642
    819.5   0.36628
    819.8   0.36612
    820.0   0.36591
    820.3   0.36572
    820.5   0.36549
    820.8   0.36531
    821.1   0.36512
    821.3   0.36495
    821.6   0.36474
    821.8   0.36453
    822.1   0.36437
    822.4   0.36423
    822.6   0.36403
    822.9   0.36386
    823.1   0.36366
    823.4   0.36348
    823.7   0.36328
    823.9   0.36310
    824.2   0.36296
    824.4   0.36281
    824.7   0.36259
    825.0   0.36236
    825.2   0.36216
    825.5   0.36195
    825.8   0.36172
    826.0   0.36149
    826.3   0.36132
    826.6   0.36118
    826.8   0.36099
    827.1   0.36079
    827.3   0.36059
    827.6   0.36041
    827.9   0.36023
    828.1   0.36004
    828.4   0.35984
    828.7   0.35965
    828.9   0.35949
    829.2   0.35937
    829.5   0.35928
    829.7   0.35913
    830.0   0.35892
    830.3   0.35871
    830.5   0.35850
    830.8   0.35831
    831.1   0.35811
    831.3   0.35794
    831.6   0.35778
    831.9   0.35759
    832.1   0.35736
    832.4   0.35714
    832.7   0.35699
    832.9   0.35684
    833.2   0.35670
    833.5   0.35657
    833.7   0.35639
    834.0   0.35627
    834.3   0.35611
    834.5   0.35589
    834.8   0.35572
    835.1   0.35554
    835.3   0.35534
    835.6   0.35518
    835.9   0.35505
    836.2   0.35494
    836.4   0.35477
    836.7   0.35458
    837.0   0.35441
    837.2   0.35425
    837.5   0.35413
    837.8   0.35403
    838.0   0.35390
    838.3   0.35378
    838.6   0.35353
    838.9   0.35331
    839.1   0.35312
    839.4   0.35294
    839.7   0.35276
    839.9   0.35257
    840.2   0.35243
    840.5   0.35229
    840.8   0.35216
    841.0   0.35202
    841.3   0.35187
    841.6   0.35171
    841.9   0.35155
    842.1   0.35137
    842.4   0.35124
    842.7   0.35108
    842.9   0.35093
    843.2   0.35072
    843.5   0.35056
    843.8   0.35042
    844.0   0.35025
    844.3   0.35008
    844.6   0.34993
    844.9   0.34981
    845.1   0.34966
    845.4   0.34952
    845.7   0.34939
    846.0   0.34923
    846.3   0.34906
    846.5   0.34886
    846.8   0.34869
    847.1   0.34854
    847.4   0.34836
    847.6   0.34822
    847.9   0.34809
    848.2   0.34796
    848.5   0.34781
    848.7   0.34767
    849.0   0.34756
    849.3   0.34748
    849.6   0.34737
    849.9   0.34723
    850.1   0.34707
    850.4   0.34690
    850.7   0.34670
    851.0   0.34651
    851.3   0.34637
    851.5   0.34623
    851.8   0.34608
    852.1   0.34594
    852.4   0.34582
    852.7   0.34569
    852.9   0.34555
    853.2   0.34538
    853.5   0.34527
    853.8   0.34512
    854.1   0.34498
    854.3   0.34486
    854.6   0.34472
    854.9   0.34457
    855.2   0.34443
    855.5   0.34429
    855.8   0.34416
    856.0   0.34402
    856.3   0.34385
    856.6   0.34369
    856.9   0.34354
    857.2   0.34341
    857.4   0.34329
    857.7   0.34317
    858.0   0.34303
    858.3   0.34289
    858.6   0.34274
    858.9   0.34262
    859.2   0.34251
    859.4   0.34238
    859.7   0.34224
    860.0   0.34208
    860.3   0.34193
    860.6   0.34179
    860.9   0.34164
    861.2   0.34152
    861.4   0.34140
    861.7   0.34127
    862.0   0.34110
    862.3   0.34094
    862.6   0.34082
    862.9   0.34071
    863.2   0.34059
    863.4   0.34048
    863.7   0.34036
    864.0   0.34023
    864.3   0.34005
    864.6   0.33988
    864.9   0.33977
    865.2   0.33965
    865.5   0.33952
    865.8   0.33939
    866.0   0.33926
    866.3   0.33914
    866.6   0.33898
    866.9   0.33881
    867.2   0.33869
    867.5   0.33854
    867.8   0.33841
    868.1   0.33827
    868.4   0.33815
    868.7   0.33799
    868.9   0.33783
    869.2   0.33765
    869.5   0.33752
    869.8   0.33740
    870.1   0.33729
    870.4   0.33714
    870.7   0.33700
    871.0   0.33690
    871.3   0.33677
    871.6   0.33665
    871.9   0.33652
    872.2   0.33639
    872.5   0.33625
    872.8   0.33611
    873.0   0.33597
    873.3   0.33583
    873.6   0.33571
    873.9   0.33559
    874.2   0.33545
    874.5   0.33530
    874.8   0.33514
    875.1   0.33501
    875.4   0.33489
    875.7   0.33476
    876.0   0.33461
    876.3   0.33447
    876.6   0.33434
    876.9   0.33424
    877.2   0.33410
    877.5   0.33398
    877.8   0.33385
    878.1   0.33375
    878.4   0.33363
    878.7   0.33346
    879.0   0.33330
    879.3   0.33313
    879.6   0.33295
    879.9   0.33277
    880.2   0.33261
    880.5   0.33247
    880.8   0.33234
    881.1   0.33221
    881.4   0.33212
    881.7   0.33200
    882.0   0.33185
    882.3   0.33167
    882.6   0.33149
    882.9   0.33135
    883.2   0.33120
    883.5   0.33107
    883.8   0.33093
    884.1   0.33079
    884.4   0.33064
    884.7   0.33050
    885.0   0.33035
    885.3   0.33020
    885.6   0.33005
    885.9   0.32988
    886.2   0.32974
    886.5   0.32960
    886.8   0.32944
    887.1   0.32930
    887.4   0.32916
    887.7   0.32902
    888.0   0.32885
    888.3   0.32869
    888.6   0.32854
    888.9   0.32839
    889.2   0.32824
    889.5   0.32810
    889.8   0.32796
    890.1   0.32780
    890.4   0.32764
    890.7   0.32746
    891.1   0.32732
    891.4   0.32717
    891.7   0.32700
    892.0   0.32681
    892.3   0.32665
    892.6   0.32648
    892.9   0.32629
    893.2   0.32611
    893.5   0.32595
    893.8   0.32578
    894.1   0.32561
    894.4   0.32543
    894.7   0.32528
    895.1   0.32515
    895.4   0.32501
    895.7   0.32486
    896.0   0.32469
    896.3   0.32451
    896.6   0.32433
    896.9   0.32416
    897.2   0.32398
    897.5   0.32382
    897.8   0.32364
    898.2   0.32346
    898.5   0.32329
    898.8   0.32312
    899.1   0.32290
    899.4   0.32269
    899.7   0.32249
    900.0   0.32232
    900.3   0.32215
    900.6   0.32197
    901.0   0.32179
    901.3   0.32162
    901.6   0.32144
    901.9   0.32126
    902.2   0.32109
    902.5   0.32089
    902.8   0.32069
    903.2   0.32051
    903.5   0.32034
    903.8   0.32015
    904.1   0.31994
    904.4   0.31973
    904.7   0.31954
    905.1   0.31934
    905.4   0.31914
    905.7   0.31892
    906.0   0.31873
    906.3   0.31854
    906.6   0.31834
    907.0   0.31813
    907.3   0.31794
    907.6   0.31774
    907.9   0.31753
    908.2   0.31731
    908.5   0.31708
    908.9   0.31689
    909.2   0.31670
    909.5   0.31650
    909.8   0.31629
    910.1   0.31607
    910.5   0.31584
    910.8   0.31562
    911.1   0.31540
    911.4   0.31520
    911.7   0.31498
    912.1   0.31476
    912.4   0.31453
    912.7   0.31433
    913.0   0.31411
    913.3   0.31390
    913.7   0.31367
    914.0   0.31344
    914.3   0.31321
    914.6   0.31299
    915.0   0.31305
    915.3   0.31340
    915.6   0.31383
    915.9   0.31402
    916.2   0.31310
    916.6   0.31192
    916.9   0.31143
    917.2   0.31053
    917.5   0.31104
    917.9   0.31235
    918.2   0.31290
    918.5   0.31189
    918.8   0.31151
    919.2   0.31104
    919.5   0.31027
    919.8   0.30973
    920.2   0.30922
    920.5   0.30957
    920.8   0.30956
    921.1   0.30871
    921.5   0.30914
    921.8   0.30994
    922.1   0.30978
    922.4   0.30947
    922.8   0.30813
    923.1   0.30767
    923.4   0.30758
    923.8   0.30690
    924.1   0.30768
    924.4   0.30745
    924.7   0.30605
    925.1   0.30614
    925.4   0.30705
    925.7   0.30667
    926.1   0.30617
    926.4   0.30529
    926.7   0.30450
    927.1   0.30416
    927.4   0.30378
    927.7   0.30444
    928.1   0.30561
    928.4   0.30500
    928.7   0.30487
    929.1   0.30493
    929.4   0.30404
    929.7   0.30253
    930.1   0.30280
    930.4   0.30257
    930.7   0.30149
    931.1   0.30221
    931.4   0.30205
    931.7   0.30198
    932.1   0.30273
    932.4   0.30185
    932.7   0.30067
    933.1   0.30052
    933.4   0.30098
    933.7   0.30072
    934.1   0.29841
    934.4   0.29779
    934.8   0.29832
    935.1   0.29871
    935.4   0.29858
    935.8   0.29853
    936.1   0.29831
    936.4   0.29797
    936.8   0.29710
    937.1   0.29586
    937.5   0.29604
    937.8   0.29651
    938.1   0.29673
    938.5   0.29571
    938.8   0.29533
    939.2   0.29553
    939.5   0.29496
    939.8   0.29439
    940.2   0.29491
    940.5   0.29466
    940.9   0.29371
    941.2   0.29373
    941.5   0.29330
    941.9   0.29332
    942.2   0.29372
    942.6   0.29383
    942.9   0.29287
    943.3   0.29135
    943.6   0.29110
    943.9   0.29147
    944.3   0.29143
    944.6   0.29090
    945.0   0.29089
    945.3   0.29105
    945.7   0.29055
    946.0   0.29081
    946.4   0.29043
    946.7   0.28986
    947.0   0.28914
    947.4   0.28831
    947.7   0.28775
    948.1   0.28744
    948.4   0.28742
    948.8   0.28687
    949.1   0.28731
    949.5   0.28707
    949.8   0.28646
    950.2   0.28623
    950.5   0.28608
    950.9   0.28486
    951.2   0.28437
    951.6   0.28484
    951.9   0.28498
    952.3   0.28451
    952.6   0.28375
    953.0   0.28300
    953.3   0.28239
    953.7   0.28205
    954.0   0.28260
    954.4   0.28267
    954.7   0.28273
    955.1   0.28192
    955.4   0.28140
    955.8   0.28118
    956.1   0.28082
    956.5   0.28046
    956.8   0.27968
    957.2   0.28027
    957.5   0.28072
    957.9   0.27985
    958.3   0.27911
    958.6   0.27878
    959.0   0.27882
    959.3   0.27849
    959.7   0.27797
    960.0   0.27716
    960.4   0.27653
    960.7   0.27725
    961.1   0.27835
    961.4   0.27735
    961.8   0.27609
    962.2   0.27548
    962.5   0.27563
    962.9   0.27570
    963.2   0.27428
    963.6   0.27354
    964.0   0.27427
    964.3   0.27391
    964.7   0.27275
    965.0   0.27193
    965.4   0.27306
    965.7   0.27352
    966.1   0.27270
    966.5   0.27159
    966.8   0.27139
    967.2   0.27219
    967.6   0.27185
    967.9   0.27120
    968.3   0.27057
    968.6   0.27098
    969.0   0.27053
    969.4   0.26948
    969.7   0.26904
    970.1   0.26927
    970.4   0.26931
    970.8   0.26828
    971.2   0.26811
    971.5   0.26831
    971.9   0.26846
    972.3   0.26784
    972.6   0.26658
    973.0   0.26621
    973.4   0.26612
    973.7   0.26610
    974.1   0.26597
    974.5   0.26598
    974.8   0.26537
    975.2   0.26439
    975.6   0.26485
    975.9   0.26552
    976.3   0.26494
    976.7   0.26423
    977.0   0.26329
    977.4   0.26322
    977.8   0.26314
    978.1   0.26236
    978.5   0.26183
    978.9   0.26138
    979.2   0.26148
    979.6   0.26206
    980.0   0.26177
    980.4   0.26121
    980.7   0.26017
    981.1   0.26038
    981.5   0.26058
    981.8   0.25950
    982.2   0.25889
    982.6   0.25865
    983.0   0.25915
    983.3   0.25928
    983.7   0.25845
    984.1   0.25821
    984.5   0.25814
    984.8   0.25755
    985.2   0.25677
    985.6   0.25641
    986.0   0.25595
    986.3   0.25586
    986.7   0.25586
    987.1   0.25582
    987.5   0.25563
    987.8   0.25558
    988.2   0.25534
    988.6   0.25451
    989.0   0.25382
    989.3   0.25382
    989.7   0.25352
    990.1   0.25332
    990.5   0.25279
    990.9   0.25275
    991.2   0.25262
    991.6   0.25245
    992.0   0.25259
    992.4   0.25270
    992.7   0.25220
    993.1   0.25090
    993.5   0.25030
    993.9   0.25068
    994.3   0.25109
    994.7   0.25052
    995.0   0.24974
    995.4   0.24950
    995.8   0.24912
    996.2   0.24867
    996.6   0.24832
    996.9   0.24815
    997.3   0.24799
    997.7   0.24764
    998.1   0.24795
    998.5   0.24783
    998.9   0.24736
    999.3   0.24713
    999.6   0.24650
   1000.0   0.24582
   1000.4   0.24603
   1000.8   0.24589
   1001.2   0.24522
   1001.6   0.24519
   1002.0   0.24482
   1002.3   0.24504
   1002.7   0.24555
   1003.1   0.24551
   1003.5   0.24490
   1003.9   0.24483
   1004.3   0.24404
   1004.7   0.24323
   1005.1   0.24294
   1005.5   0.24272
   1005.8   0.24237
   1006.2   0.24214
   1006.6   0.24254
   1007.0   0.24241
   1007.4   0.24192
   1007.8   0.24187
   1008.2   0.24159
   1008.6   0.24149
   1009.0   0.24189
   1009.4   0.24181
   1009.8   0.24086
   1010.2   0.24041
   1010.6   0.24000
   1010.9   0.23991
   1011.3   0.24014
   1011.7   0.23997
   1012.1   0.23960
   1012.5   0.23912
   1012.9   0.23952
   1013.3   0.23983
   1013.7   0.23932
   1014.1   0.23845
   1014.5   0.23788
   1014.9   0.23835
   1015.3   0.23893
   1015.7   0.23797
   1016.1   0.23725
   1016.5   0.23729
   1016.9   0.23724
   1017.3   0.23687
   1017.7   0.23636
   1018.1   0.23578
   1018.5   0.23602
   1018.9   0.23622
   1019.3   0.23612
   1019.7   0.23624
   1020.1   0.23640
   1020.5   0.23594
   1020.9   0.23539
   1021.3   0.23544
   1021.7   0.23560
   1022.1   0.23528
   1022.5   0.23523
   1022.9   0.23492
   1023.3   0.23435
   1023.7   0.23405
   1024.1   0.23426
   1024.5   0.23416
   1024.9   0.23400
   1025.3   0.23381
   1025.7   0.23366
   1026.2   0.23350
   1026.6   0.23317
   1027.0   0.23327
   1027.4   0.23361
   1027.8   0.23347
   1028.2   0.23308
   1028.6   0.23292
   1029.0   0.23256
   1029.4   0.23197
   1029.8   0.23164
   1030.2   0.23165
   1030.6   0.23161
   1031.1   0.23126
   1031.5   0.23158
   1031.9   0.23179
   1032.3   0.23160
   1032.7   0.23125
   1033.1   0.23084
   1033.5   0.23105
   1033.9   0.23077
   1034.3   0.23055
   1034.8   0.23080
   1035.2   0.23093
   1035.6   0.23047
   1036.0   0.23016
   1036.4   0.23028
   1036.8   0.23002
   1037.2   0.22986
   1037.7   0.22998
   1038.1   0.23008
   1038.5   0.22988
   1038.9   0.22960
   1039.3   0.22997
   1039.7   0.22954
   1040.2   0.22936
   1040.6   0.22936
   1041.0   0.22901
   1041.4   0.22927
   1041.8   0.22915
   1042.2   0.22936
   1042.7   0.22908
   1043.1   0.22876
   1043.5   0.22895
   1043.9   0.22867
   1044.3   0.22829
   1044.8   0.22826
   1045.2   0.22837
   1045.6   0.22793
   1046.0   0.22794
   1046.5   0.22822
   1046.9   0.22832
   1047.3   0.22841
   1047.7   0.22848
   1048.1   0.22857
   1048.6   0.22863
   1049.0   0.22824
   1049.4   0.22833
   1049.8   0.22856
   1050.3   0.22829
   1050.7   0.22788
   1051.1   0.22750
   1051.5   0.22727
   1052.0   0.22713
   1052.4   0.22757
   1052.8   0.22805
   1053.3   0.22779
   1053.7   0.22761
   1054.1   0.22798
   1054.5   0.22828
   1055.0   0.22845
   1055.4   0.22810
   1055.8   0.22762
   1056.3   0.22776
   1056.7   0.22782
   1057.1   0.22752
   1057.6   0.22747
   1058.0   0.22776
   1058.4   0.22790
   1058.9   0.22767
   1059.3   0.22796
   1059.7   0.22873
   1060.2   0.22895
   1060.6   0.22843
   1061.0   0.22773
   1061.5   0.22777
   1061.9   0.22795
   1062.3   0.22803
   1062.8   0.22816
   1063.2   0.22806
   1063.6   0.22830
   1064.1   0.22835
   1064.5   0.22801
   1064.9   0.22767
   1065.4   0.22778
   1065.8   0.22806
   1066.3   0.22763
   1066.7   0.22792
   1067.1   0.22847
   1067.6   0.22845
   1068.0   0.22839
   1068.5   0.22820
   1068.9   0.22808
   1069.3   0.22818
   1069.8   0.22879
   1070.2   0.22896
   1070.7   0.22865
   1071.1   0.22894
   1071.5   0.22933
   1072.0   0.22955
   1072.4   0.22940
   1072.9   0.22920
   1073.3   0.22923
   1073.8   0.22966
   1074.2   0.22980
   1074.7   0.22985
   1075.1   0.22971
   1075.5   0.22970
   1076.0   0.22998
   1076.4   0.22998
   1076.9   0.23001
   1077.3   0.23039
   1077.8   0.23037
   1078.2   0.23048
   1078.7   0.23073
   1079.1   0.23068
   1079.6   0.23091
   1080.0   0.23134
   1080.5   0.23152
   1080.9   0.23123
   1081.4   0.23160
   1081.8   0.23223
   1082.3   0.23213
   1082.7   0.23182
   1083.2   0.23173
   1083.6   0.23208
   1084.1   0.23209
   1084.5   0.23178
   1085.0   0.23235
   1085.5   0.23311
   1085.9   0.23333
   1086.4   0.23329
   1086.8   0.23294
   1087.3   0.23282
   1087.7   0.23341
   1088.2   0.23384
   1088.6   0.23406
   1089.1   0.23429
   1089.6   0.23401
   1090.0   0.23371
   1090.5   0.23388
   1090.9   0.23455
   1091.4   0.23502
   1091.9   0.23511
   1092.3   0.23494
   1092.8   0.23495
   1093.2   0.23511
   1093.7   0.23534
   1094.2   0.23576
   1094.6   0.23584
   1095.1   0.23594
   1095.5   0.23656
   1096.0   0.23697
   1096.5   0.23692
   1096.9   0.23696
   1097.4   0.23719
   1097.9   0.23734
   1098.3   0.23742
   1098.8   0.23738
   1099.3   0.23740
   1099.7   0.23782
   1100.2   0.23807
   1100.7   0.23825
   1101.1   0.23844
   1101.6   0.23919
   1102.1   0.23922
   1102.5   0.23899
   1103.0   0.23908
   1103.5   0.23957
   1103.9   0.23996
   1104.4   0.23993
   1104.9   0.23997
   1105.4   0.24035
   1105.8   0.24074
   1106.3   0.24085
   1106.8   0.24113
   1107.2   0.24184
   1107.7   0.24193
   1108.2   0.24130
   1108.7   0.24107
   1109.1   0.24135
   1109.6   0.24185
   1110.1   0.24260
   1110.6   0.24278
   1111.0   0.24332
   1111.5   0.24348
   1112.0   0.24317
   1112.5   0.24354
   1113.0   0.24401
   1113.4   0.24400
   1113.9   0.24409
   1114.4   0.24496
   1114.9   0.24530
   1115.3   0.24496
   1115.8   0.24483
   1116.3   0.24510
   1116.8   0.24579
   1117.3   0.24632
   1117.8   0.24665
   1118.2   0.24690
   1118.7   0.24688
   1119.2   0.24683
   1119.7   0.24697
   1120.2   0.24713
   1120.7   0.24718
   1121.1   0.24730
   1121.6   0.24756
   1122.1   0.24798
   1122.6   0.24855
   1123.1   0.24895
   1123.6   0.24914
   1124.1   0.24907
   1124.5   0.24890
   1125.0   0.24890
   1125.5   0.24922
   1126.0   0.24960
   1126.5   0.24985
   1127.0   0.24995
   1127.5   0.25016
   1128.0   0.25039
   1128.5   0.25068
   1128.9   0.25070
   1129.4   0.25114
   1129.9   0.25141
   1130.4   0.25171
   1130.9   0.25160
   1131.4   0.25123
   1131.9   0.25168
   1132.4   0.25277
   1132.9   0.25321
   1133.4   0.25321
   1133.9   0.25358
   1134.4   0.25328
   1134.9   0.25349
   1135.4   0.25378
   1135.9   0.25370
   1136.4   0.25397
   1136.9   0.25388
   1137.4   0.25417
   1137.9   0.25466
   1138.4   0.25478
   1138.9   0.25487
   1139.4   0.25528
   1139.9   0.25565
   1140.4   0.25565
   1140.9   0.25575
   1141.4   0.25587
   1141.9   0.25619
   1142.4   0.25672
   1142.9   0.25713
   1143.4   0.25730
   1143.9   0.25739
   1144.4   0.25733
   1144.9   0.25745
   1145.4   0.25773
   1145.9   0.25786
   1146.4   0.25780
   1146.9   0.25786
   1147.4   0.25831
   1147.9   0.25878
   1148.5   0.25928
   1149.0   0.25970
   1149.5   0.25957
   1150.0   0.25926
   1150.5   0.25936
   1151.0   0.25980
   1151.5   0.26026
   1152.0   0.26066
   1152.5   0.26111
   1153.1   0.26113
   1153.6   0.26103
   1154.1   0.26084
   1154.6   0.26103
   1155.1   0.26157
   1155.6   0.26163
   1156.1   0.26152
   1156.7   0.26164
   1157.2   0.26172
   1157.7   0.26196
   1158.2   0.26208
   1158.7   0.26218
   1159.2   0.26274
   1159.8   0.26306
   1160.3   0.26302
   1160.8   0.26345
   1161.3   0.26354
   1161.8   0.26357
   1162.4   0.26400
   1162.9   0.26419
   1163.4   0.26396
   1163.9   0.26405
   1164.5   0.26416
   1165.0   0.26418
   1165.5   0.26439
   1166.0   0.26487
   1166.5   0.26495
   1167.1   0.26528
   1167.6   0.26548
   1168.1   0.26545
   1168.7   0.26584
   1169.2   0.26635
   1169.7   0.26652
   1170.2   0.26606
   1170.8   0.26586
   1171.3   0.26624
   1171.8   0.26654
   1172.4   0.26661
   1172.9   0.26685
   1173.4   0.26709
   1173.9   0.26729
   1174.5   0.26731
   1175.0   0.26728
   1175.5   0.26717
   1176.1   0.26745
   1176.6   0.26771
   1177.1   0.26791
   1177.7   0.26840
   1178.2   0.26848
   1178.7   0.26848
   1179.3   0.26880
   1179.8   0.26913
   1180.4   0.26937
   1180.9   0.26923
   1181.4   0.26949
   1182.0   0.26977
   1182.5   0.26956
   1183.1   0.26961
   1183.6   0.27002
   1184.1   0.27015
   1184.7   0.27023
   1185.2   0.27033
   1185.8   0.27037
   1186.3   0.27062
   1186.8   0.27050
   1187.4   0.27051
   1187.9   0.27071
   1188.5   0.27082
   1189.0   0.27135
   1189.6   0.27143
   1190.1   0.27128
   1190.7   0.27139
   1191.2   0.27141
   1191.8   0.27171
   1192.3   0.27182
   1192.9   0.27189
   1193.4   0.27198
   1194.0   0.27230
   1194.5   0.27248
   1195.1   0.27225
   1195.6   0.27244
   1196.2   0.27290
   1196.7   0.27293
   1197.3   0.27291
   1197.8   0.27305
   1198.4   0.27328
   1198.9   0.27322
   1199.5   0.27343
   1200.0   0.27366
   1200.6   0.27370
   1201.1   0.27388
   1201.7   0.27406
   1202.3   0.27407
   1202.8   0.27398
   1203.4   0.27433
   1203.9   0.27490
   1204.5   0.27509
   1205.1   0.27494
   1205.6   0.27502
   1206.2   0.27520
   1206.7   0.27517
   1207.3   0.27525
   1207.9   0.27561
   1208.4   0.27577
   1209.0   0.27592
   1209.6   0.27616
   1210.1   0.27620
   1210.7   0.27643
   1211.2   0.27640
   1211.8   0.27636
   1212.4   0.27650
   1212.9   0.27651
   1213.5   0.27667
   1214.1   0.27712
   1214.7   0.27720
   1215.2   0.27705
   1215.8   0.27690
   1216.4   0.27691
   1216.9   0.27748
   1217.5   0.27800
   1218.1   0.27798
   1218.6   0.27781
   1219.2   0.27798
   1219.8   0.27834
   1220.4   0.27850
   1220.9   0.27850
   1221.5   0.27884
   1222.1   0.27889
   1222.7   0.27880
   1223.3   0.27904
   1223.8   0.27943
   1224.4   0.27975
   1225.0   0.27948
   1225.6   0.27953
   1226.1   0.28005
   1226.7   0.28034
   1227.3   0.28047
   1227.9   0.28029
   1228.5   0.28022
   1229.1   0.28059
   1229.6   0.28083
   1230.2   0.28079
   1230.8   0.28092
   1231.4   0.28085
   1232.0   0.28099
   1232.6   0.28124
   1233.1   0.28180
   1233.7   0.28212
   1234.3   0.28199
   1234.9   0.28197
   1235.5   0.28226
   1236.1   0.28259
   1236.7   0.28268
   1237.3   0.28252
   1237.9   0.28272
   1238.4   0.28288
   1239.0   0.28291
   1239.6   0.28334
   1240.2   0.28362
   1240.8   0.28352
   1241.4   0.28353
   1242.0   0.28392
   1242.6   0.28404
   1243.2   0.28432
   1243.8   0.28463
   1244.4   0.28438
   1245.0   0.28418
   1245.6   0.28436
   1246.2   0.28480
   1246.8   0.28501
   1247.4   0.28493
   1248.0   0.28509
   1248.6   0.28541
   1249.2   0.28565
   1249.8   0.28598
   1250.4   0.28608
   1251.0   0.28626
   1251.6   0.28664
   1252.2   0.28682
   1252.8   0.28661
   1253.4   0.28661
   1254.0   0.28696
   1254.6   0.28703
   1255.2   0.28734
   1255.8   0.28784
   1256.5   0.28806
   1257.1   0.28810
   1257.7   0.28869
   1258.3   0.28896
   1258.9   0.28887
   1259.5   0.28880
   1260.1   0.28891
   1260.7   0.28890
   1261.3   0.28909
   1262.0   0.28955
   1262.6   0.28998
   1263.2   0.29023
   1263.8   0.29044
   1264.4   0.29088
   1265.0   0.29105
   1265.7   0.29078
   1266.3   0.29081
   1266.9   0.29106
   1267.5   0.29128
   1268.1   0.29142
   1268.8   0.29158
   1269.4   0.29180
   1270.0   0.29221
   1270.6   0.29267
   1271.2   0.29294
   1271.9   0.29302
   1272.5   0.29309
   1273.1   0.29363
   1273.7   0.29398
   1274.4   0.29396
   1275.0   0.29397
   1275.6   0.29422
   1276.3   0.29466
   1276.9   0.29498
   1277.5   0.29509
   1278.1   0.29523
   1278.8   0.29541
   1279.4   0.29559
   1280.0   0.29577
   1280.7   0.29584
   1281.3   0.29611
   1281.9   0.29647
   1282.6   0.29693
   1283.2   0.29735
   1283.8   0.29731
   1284.5   0.29739
   1285.1   0.29791
   1285.7   0.29820
   1286.4   0.29855
   1287.0   0.29886
   1287.7   0.29907
   1288.3   0.29928
   1288.9   0.29920
   1289.6   0.29954
   1290.2   0.29982
   1290.9   0.30002
   1291.5   0.30037
   1292.2   0.30065
   1292.8   0.30098
   1293.4   0.30121
   1294.1   0.30129
   1294.7   0.30159
   1295.4   0.30194
   1296.0   0.30240
   1296.7   0.30280
   1297.3   0.30270
   1298.0   0.30265
   1298.6   0.30330
   1299.3   0.30393
   1299.9   0.30435
   1300.6   0.30447
   1301.2   0.30469
   1301.9   0.30509
   1302.5   0.30515
   1303.2   0.30524
   1303.9   0.30558
   1304.5   0.30610
   1305.2   0.30659
   1305.8   0.30690
   1306.5   0.30704
   1307.1   0.30719
   1307.8   0.30748
   1308.5   0.30778
   1309.1   0.30824
   1309.8   0.30879
   1310.4   0.30915
   1311.1   0.30931
   1311.8   0.30970
   1312.4   0.31007
   1313.1   0.31044
   1313.8   0.31085
   1314.4   0.31116
   1315.1   0.31129
   1315.8   0.31124
   1316.4   0.31180
   1317.1   0.31249
   1317.8   0.31292
   1318.4   0.31317
   1319.1   0.31368
   1319.8   0.31410
   1320.5   0.31425
   1321.1   0.31460
   1321.8   0.31488
   1322.5   0.31509
   1323.2   0.31531
   1323.8   0.31581
   1324.5   0.31624
   1325.2   0.31657
   1325.9   0.31702
   1326.5   0.31755
   1327.2   0.31784
   1327.9   0.31801
   1328.6   0.31833
   1329.3   0.31886
   1329.9   0.31928
   1330.6   0.31967
   1331.3   0.32008
   1332.0   0.32048
   1332.7   0.32088
   1333.4   0.32111
   1334.1   0.32115
   1334.7   0.32144
   1335.4   0.32183
   1336.1   0.32252
   1336.8   0.32313
   1337.5   0.32361
   1338.2   0.32376
   1338.9   0.32424
   1339.6   0.32469
   1340.3   0.32471
   1341.0   0.32513
   1341.6   0.32569
   1342.3   0.32616
   1343.0   0.32634
   1343.7   0.32679
   1344.4   0.32749
   1345.1   0.32763
   1345.8   0.32786
   1346.5   0.32835
   1347.2   0.32870
   1347.9   0.32938
   1348.6   0.33007
   1349.3   0.33042
   1350.0   0.33073
   1350.7   0.33108
   1351.4   0.33148
   1352.1   0.33205
   1352.9   0.33251
   1353.6   0.33281
   1354.3   0.33320
   1355.0   0.33383
   1355.7   0.33426
   1356.4   0.33469
   1357.1   0.33526
   1357.8   0.33575
   1358.5   0.33619
   1359.2   0.33679
   1360.0   0.33721
   1360.7   0.33738
   1361.4   0.33817
   1362.1   0.33886
   1362.8   0.33943
   1363.5   0.33966
   1364.2   0.33995
   1365.0   0.34063
   1365.7   0.34086
   1366.4   0.34122
   1367.1   0.34188
   1367.8   0.34251
   1368.6   0.34304
   1369.3   0.34348
   1370.0   0.34369
   1370.7   0.34425
   1371.5   0.34470
   1372.2   0.34510
   1372.9   0.34578
   1373.6   0.34601
   1374.4   0.34625
   1375.1   0.34706
   1375.8   0.34790
   1376.6   0.34843
   1377.3   0.34879
   1378.0   0.34906
   1378.8   0.34943
   1379.5   0.34997
   1380.2   0.35060
   1381.0   0.35161
   1381.7   0.35228
   1382.4   0.35266
   1383.2   0.35285
   1383.9   0.35322
   1384.7   0.35383
   1385.4   0.35439
   1386.1   0.35492
   1386.9   0.35530
   1387.6   0.35589
   1388.4   0.35668
   1389.1   0.35695
   1389.8   0.35716
   1390.6   0.35781
   1391.3   0.35855
   1392.1   0.35918
   1392.8   0.35977
   1393.6   0.36022
   1394.3   0.36070
   1395.1   0.36164
   1395.8   0.36221
   1396.6   0.36254
   1397.3   0.36298
   1398.1   0.36334
   1398.8   0.36375
   1399.6   0.36439
   1400.4   0.36513
   1401.1   0.36580
   1401.9   0.36624
   1402.6   0.36663
   1403.4   0.36706
   1404.2   0.36765
   1404.9   0.36843
   1405.7   0.36877
   1406.4   0.36919
   1407.2   0.36993
   1408.0   0.37068
   1408.7   0.37126
   1409.5   0.37181
   1410.3   0.37224
   1411.0   0.37256
   1411.8   0.37291
   1412.6   0.37368
   1413.3   0.37422
   1414.1   0.37487
   1414.9   0.37564
   1415.7   0.37611
   1416.4   0.37638
   1417.2   0.37700
   1418.0   0.37789
   1418.8   0.37840
   1419.5   0.37911
   1420.3   0.38014
   1421.1   0.38064
   1421.9   0.38096
   1422.6   0.38150
   1423.4   0.38205
   1424.2   0.38261
   1425.0   0.38316
   1425.8   0.38349
   1426.6   0.38395
   1427.3   0.38483
   1428.1   0.38560
   1428.9   0.38606
   1429.7   0.38656
   1430.5   0.38723
   1431.3   0.38788
   1432.1   0.38841
   1432.9   0.38898
   1433.7   0.38958
   1434.5   0.39034
   1435.3   0.39078
   1436.0   0.39121
   1436.8   0.39202
   1437.6   0.39264
   1438.4   0.39324
   1439.2   0.39381
   1440.0   0.39459
   1440.8   0.39534
   1441.6   0.39596
   1442.4   0.39649
   1443.2   0.39701
   1444.0   0.39769
   1444.9   0.39823
   1445.7   0.39892
   1446.5   0.39970
   1447.3   0.40010
   1448.1   0.40033
   1448.9   0.40069
   1449.7   0.40140
   1450.5   0.40215
   1451.3   0.40281
   1452.1   0.40337
   1453.0   0.40398
   1453.8   0.40443
   1454.6   0.40503
   1455.4   0.40597
   1456.2   0.40682
   1457.0   0.40724
   1457.9   0.40770
   1458.7   0.40839
   1459.5   0.40917
   1460.3   0.40966
   1461.1   0.40993
   1462.0   0.41054
   1462.8   0.41151
   1463.6   0.41233
   1464.4   0.41283
   1465.3   0.41347
   1466.1   0.41388
   1466.9   0.41447
   1467.8   0.41525
   1468.6   0.41554
   1469.4   0.41618
   1470.3   0.41698
   1471.1   0.41772
   1471.9   0.41843
   1472.8   0.41905
   1473.6   0.41940
   1474.4   0.41991
   1475.3   0.42050
   1476.1   0.42117
   1477.0   0.42190
   1477.8   0.42240
   1478.6   0.42309
   1479.5   0.42394
   1480.3   0.42476
   1481.2   0.42520
   1482.0   0.42553
   1482.9   0.42610
   1483.7   0.42690
   1484.6   0.42760
   1485.4   0.42822
   1486.3   0.42873
   1487.1   0.42943
   1488.0   0.43011
   1488.8   0.43064
   1489.7   0.43103
   1490.6   0.43149
   1491.4   0.43219
   1492.3   0.43300
   1493.1   0.43356
   1494.0   0.43405
   1494.8   0.43465
   1495.7   0.43526
   1496.6   0.43589
   1497.4   0.43660
   1498.3   0.43715
   1499.2   0.43776
   1500.0   0.43855
   1500.9   0.43908
   1501.8   0.43945
   1502.6   0.43994
   1503.5   0.44044
   1504.4   0.44109
   1505.3   0.44164
   1506.1   0.44212
   1507.0   0.44274
   1507.9   0.44347
   1508.8   0.44423
   1509.6   0.44495
   1510.5   0.44561
   1511.4   0.44612
   1512.3   0.44661
   1513.2   0.44700
   1514.1   0.44747
   1514.9   0.44812
   1515.8   0.44881
   1516.7   0.44936
   1517.6   0.44991
   1518.5   0.45054
   1519.4   0.45090
   1520.3   0.45150
   1521.2   0.45202
   1522.1   0.45259
   1523.0   0.45314
   1523.8   0.45350
   1524.7   0.45412
   1525.6   0.45482
   1526.5   0.45519
   1527.4   0.45566
   1528.3   0.45650
   1529.2   0.45724
   1530.1   0.45764
   1531.0   0.45796
   1532.0   0.45848
   1532.9   0.45904
   1533.8   0.45962
   1534.7   0.46020
   1535.6   0.46087
   1536.5   0.46121
   1537.4   0.46160
   1538.3   0.46223
   1539.2   0.46284
   1540.1   0.46341
   1541.1   0.46389
   1542.0   0.46426
   1542.9   0.46474
   1543.8   0.46536
   1544.7   0.46599
   1545.7   0.46662
   1546.6   0.46690
   1547.5   0.46732
   1548.4   0.46784
   1549.4   0.46834
   1550.3   0.46905
   1551.2   0.46969
   1552.1   0.47010
   1553.1   0.47040
   1554.0   0.47077
   1554.9   0.47157
   1555.9   0.47213
   1556.8   0.47251
   1557.7   0.47307
   1558.7   0.47361
   1559.6   0.47404
   1560.5   0.47418
   1561.5   0.47473
   1562.4   0.47539
   1563.4   0.47586
   1564.3   0.47613
   1565.3   0.47667
   1566.2   0.47718
   1567.2   0.47749
   1568.1   0.47785
   1569.0   0.47852
   1570.0   0.47910
   1571.0   0.47950
   1571.9   0.47992
   1572.9   0.48040
   1573.8   0.48080
   1574.8   0.48148
   1575.7   0.48173
   1576.7   0.48197
   1577.6   0.48253
   1578.6   0.48333
   1579.6   0.48380
   1580.5   0.48404
   1581.5   0.48421
   1582.5   0.48478
   1583.4   0.48524
   1584.4   0.48561
   1585.4   0.48582
   1586.3   0.48605
   1587.3   0.48669
   1588.3   0.48742
   1589.3   0.48759
   1590.2   0.48755
   1591.2   0.48790
   1592.2   0.48857
   1593.2   0.48907
   1594.1   0.48927
   1595.1   0.48952
   1596.1   0.48995
   1597.1   0.49043
   1598.1   0.49084
   1599.1   0.49116
   1600.0   0.49167
   1601.0   0.49219
   1602.0   0.49249
   1603.0   0.49277
   1604.0   0.49323
   1605.0   0.49357
   1606.0   0.49387
   1607.0   0.49434
   1608.0   0.49481
   1609.0   0.49510
   1610.0   0.49514
   1611.0   0.49543
   1612.0   0.49595
   1613.0   0.49638
   1614.0   0.49682
   1615.0   0.49710
   1616.0   0.49734
   1617.0   0.49766
   1618.0   0.49799
   1619.0   0.49822
   1620.0   0.49841
   1621.1   0.49882
   1622.1   0.49932
   1623.1   0.49955
   1624.1   0.49965
   1625.1   0.50003
   1626.1   0.50067
   1627.2   0.50102
   1628.2   0.50124
   1629.2   0.50157
   1630.2   0.50175
   1631.3   0.50189
   1632.3   0.50213
   1633.3   0.50235
   1634.3   0.50274
   1635.4   0.50323
   1636.4   0.50336
   1637.4   0.50354
   1638.5   0.50396
   1639.5   0.50431
   1640.5   0.50438
   1641.6   0.50461
   1642.6   0.50479
   1643.7   0.50494
   1644.7   0.50542
   1645.8   0.50596
   1646.8   0.50616
   1647.8   0.50626
   1648.9   0.50649
   1649.9   0.50673
   1651.0   0.50687
   1652.1   0.50724
   1653.1   0.50765
   1654.2   0.50781
   1655.2   0.50815
   1656.3   0.50832
   1657.3   0.50837
   1658.4   0.50858
   1659.5   0.50863
   1660.5   0.50879
   1661.6   0.50920
   1662.6   0.50942
   1663.7   0.50961
   1664.8   0.50980
   1665.9   0.51015
   1666.9   0.51044
   1668.0   0.51051
   1669.1   0.51064
   1670.1   0.51099
   1671.2   0.51147
   1672.3   0.51173
   1673.4   0.51173
   1674.5   0.51188
   1675.5   0.51214
   1676.6   0.51224
   1677.7   0.51214
   1678.8   0.51236
   1679.9   0.51268
   1681.0   0.51262
   1682.1   0.51308
   1683.2   0.51349
   1684.3   0.51361
   1685.3   0.51360
   1686.4   0.51390
   1687.5   0.51430
   1688.6   0.51414
   1689.7   0.51415
   1690.8   0.51424
   1692.0   0.51445
   1693.1   0.51459
   1694.2   0.51464
   1695.3   0.51487
   1696.4   0.51536
   1697.5   0.51562
   1698.6   0.51561
   1699.7   0.51549
   1700.8   0.51569
   1701.9   0.51594
   1703.1   0.51599
   1704.2   0.51607
   1705.3   0.51632
   1706.4   0.51637
   1707.6   0.51646
   1708.7   0.51667
   1709.8   0.51678
   1710.9   0.51694
   1712.1   0.51706
   1713.2   0.51719
   1714.3   0.51727
   1715.5   0.51731
   1716.6   0.51727
   1717.7   0.51748
   1718.9   0.51784
   1720.0   0.51798
   1721.2   0.51806
   1722.3   0.51810
   1723.4   0.51815
   1724.6   0.51827
   1725.7   0.51812
   1726.9   0.51796
   1728.0   0.51824
   1729.2   0.51850
   1730.4   0.51867
   1731.5   0.51879
   1732.7   0.51883
   1733.8   0.51887
   1735.0   0.51894
   1736.1   0.51910
   1737.3   0.51928
   1738.5   0.51947
   1739.6   0.51964
   1740.8   0.51977
   1742.0   0.51983
   1743.2   0.51989
   1744.3   0.52006
   1745.5   0.52025
   1746.7   0.52052
   1747.9   0.52050
   1749.0   0.52042
   1750.2   0.52049
   1751.4   0.52057
   1752.6   0.52070
   1753.8   0.52071
   1755.0   0.52060
   1756.1   0.52059
   1757.3   0.52078
   1758.5   0.52098
   1759.7   0.52120
   1760.9   0.52125
   1762.1   0.52129
   1763.3   0.52139
   1764.5   0.52142
   1765.7   0.52132
   1766.9   0.52146
   1768.1   0.52154
   1769.3   0.52158
   1770.5   0.52202
   1771.7   0.52221
   1773.0   0.52211
   1774.2   0.52240
   1775.4   0.52257
   1776.6   0.52247
   1777.8   0.52250
   1779.0   0.52251
   1780.3   0.52258
   1781.5   0.52252
   1782.7   0.52265
   1783.9   0.52287
   1785.2   0.52302
   1786.4   0.52310
   1787.6   0.52306
   1788.9   0.52310
   1790.1   0.52319
   1791.3   0.52312
   1792.6   0.52320
   1793.8   0.52340
   1795.1   0.52335
   1796.3   0.52352
   1797.6   0.52363
   1798.8   0.52364
   1800.0   0.52373
   1801.3   0.52383
   1802.6   0.52378
   1803.8   0.52366
   1805.1   0.52385
   1806.3   0.52416
   1807.6   0.52420
   1808.8   0.52397
   1810.1   0.52394
   1811.4   0.52418
   1812.6   0.52435
   1813.9   0.52442
   1815.2   0.52432
   1816.4   0.52425
   1817.7   0.52444
   1819.0   0.52461
   1820.3   0.52480
   1821.6   0.52500
   1822.8   0.52496
   1824.1   0.52472
   1825.4   0.52462
   1826.7   0.52504
   1828.0   0.52549
   1829.3   0.52558
   1830.6   0.52555
   1831.8   0.52538
   1833.1   0.52521
   1834.4   0.52516
   1835.7   0.52545
   1837.0   0.52582
   1838.3   0.52576
   1839.7   0.52558
   1841.0   0.52593
   1842.3   0.52631
   1843.6   0.52621
   1844.9   0.52584
   1846.2   0.52586
   1847.5   0.52613
   1848.8   0.52638
   1850.2   0.52602
   1851.5   0.52580
   1852.8   0.52568
   1854.1   0.52602
   1855.5   0.52609
   1856.8   0.52618
   1858.1   0.52617
   1859.4   0.52595
   1860.8   0.52608
   1862.1   0.52600
   1863.5   0.52600
   1864.8   0.52632
   1866.1   0.52632
   1867.5   0.52624
   1868.8   0.52642
   1870.2   0.52639
   1871.5   0.52660
   1872.9   0.52675
   1874.2   0.52683
   1875.6   0.52649
   1876.9   0.52629
   1878.3   0.52627
   1879.7   0.52610
   1881.0   0.52603
   1882.4   0.52600
   1883.8   0.52600
   1885.1   0.52605
   1886.5   0.52619
   1887.9   0.52605
   1889.3   0.52587
   1890.6   0.52607
   1892.0   0.52608
   1893.4   0.52583
   1894.8   0.52578
   1896.2   0.52574
   1897.6   0.52582
   1899.0   0.52610
   1900.3   0.52637
   1901.7   0.52615
   1903.1   0.52574
   1904.5   0.52551
   1905.9   0.52568
   1907.3   0.52573
   1908.7   0.52523
   1910.1   0.52516
   1911.6   0.52529
   1913.0   0.52528
   1914.4   0.52540
   1915.8   0.52529
   1917.2   0.52506
   1918.6   0.52506
   1920.0   0.52529
   1921.5   0.52539
   1922.9   0.52527
   1924.3   0.52515
   1925.8   0.52504
   1927.2   0.52514
   1928.6   0.52511
   1930.1   0.52500
   1931.5   0.52505
   1932.9   0.52499
   1934.4   0.52513
   1935.8   0.52528
   1937.3   0.52524
   1938.7   0.52527
   1940.2   0.52528
   1941.6   0.52513
   1943.1   0.52501
   1944.5   0.52499
   1946.0   0.52511
   1947.5   0.52534
   1948.9   0.52557
   1950.4   0.52579
   1951.9   0.52595
   1953.3   0.52580
   1954.8   0.52583
   1956.3   0.52566
   1957.8   0.52544
   1959.2   0.52555
   1960.7   0.52557
   1962.2   0.52555
   1963.7   0.52567
   1965.2   0.52548
   1966.7   0.52542
   1968.2   0.52537
   1969.7   0.52550
   1971.2   0.52573
   1972.7   0.52591
   1974.2   0.52597
   1975.7   0.52600
   1977.2   0.52581
   1978.7   0.52566
   1980.2   0.52551
   1981.7   0.52558
   1983.2   0.52558
   1984.7   0.52560
   1986.3   0.52585
   1987.8   0.52595
   1989.3   0.52592
   1990.8   0.52583
   1992.4   0.52584
   1993.9   0.52592
   1995.4   0.52588
   1997.0   0.52600
   1998.5   0.52593
   2000.1   0.52568
   2001.6   0.52599
   2003.1   0.52631
   2004.7   0.52620
   2006.2   0.52620
   2007.8   0.52625
   2009.4   0.52631
   2010.9   0.52640
   2012.5   0.52643
   2014.0   0.52631
   2015.6   0.52622
   2017.2   0.52614
   2018.7   0.52614
   2020.3   0.52621
   2021.9   0.52648
   2023.5   0.52650
   2025.1   0.52652
   2026.6   0.52657
   2028.2   0.52662
   2029.8   0.52639
   2031.4   0.52629
   2033.0   0.52656
   2034.6   0.52661
   2036.2   0.52637
   2037.8   0.52633
   2039.4   0.52649
   2041.0   0.52670
   2042.6   0.52674
   2044.2   0.52659
   2045.8   0.52662
   2047.4   0.52669
   2049.1   0.52671
   2050.7   0.52679
   2052.3   0.52659
   2053.9   0.52646
   2055.6   0.52652
   2057.2   0.52658
   2058.8   0.52646
   2060.5   0.52644
   2062.1   0.52647
   2063.7   0.52652
   2065.4   0.52660
   2067.0   0.52667
   2068.7   0.52646
   2070.3   0.52642
   2072.0   0.52639
   2073.7   0.52651
   2075.3   0.52654
   2077.0   0.52679
   2078.6   0.52686
   2080.3   0.52666
   2082.0   0.52654
   2083.7   0.52659
   2085.3   0.52654
   2087.0   0.52652
   2088.7   0.52662
   2090.4   0.52653
   2092.1   0.52647
   2093.8   0.52664
   2095.4   0.52676
   2097.1   0.52690
   2098.8   0.52683
   2100.5   0.52657
   2102.2   0.52639
   2104.0   0.52622
   2105.7   0.52615
   2107.4   0.52649
   2109.1   0.52659
   2110.8   0.52640
   2112.5   0.52634
   2114.2   0.52652
   2116.0   0.52659
   2117.7   0.52650
   2119.4   0.52636
   2121.2   0.52638
   2122.9   0.52660
   2124.6   0.52682
   2126.4   0.52678
   2128.1   0.52672
   2129.9   0.52666
   2131.6   0.52669
   2133.4   0.52672
   2135.1   0.52656
   2136.9   0.52657
   2138.7   0.52651
   2140.4   0.52623
   2142.2   0.52622
   2144.0   0.52640
   2145.8   0.52651
   2147.5   0.52651
   2149.3   0.52639
   2151.1   0.52655
   2152.9   0.52643
   2154.7   0.52619
   2156.5   0.52647
   2158.3   0.52658
   2160.1   0.52654
   2161.9   0.52672
   2163.7   0.52673
   2165.5   0.52647
   2167.3   0.52618
   2169.1   0.52604
   2170.9   0.52625
   2172.7   0.52637
   2174.6   0.52622
   2176.4   0.52609
   2178.2   0.52618
   2180.0   0.52622
   2181.9   0.52626
   2183.7   0.52622
   2185.6   0.52625
   2187.4   0.52634
   2189.2   0.52604
   2191.1   0.52582
   2193.0   0.52605
   2194.8   0.52617
   2196.7   0.52604
   2198.5   0.52591
   2200.4   0.52581
   2202.3   0.52574
   2204.1   0.52567
   2206.0   0.52562
   2207.9   0.52573
   2209.8   0.52581
   2211.7   0.52564
   2213.6   0.52523
   2215.4   0.52511
   2217.3   0.52546
   2219.2   0.52543
   2221.1   0.52517
   2223.0   0.52514
   2225.0   0.52535
   2226.9   0.52525
   2228.8   0.52490
   2230.7   0.52514
   2232.6   0.52536
   2234.5   0.52533
   2236.5   0.52533
   2238.4   0.52503
   2240.3   0.52474
   2242.3   0.52459
   2244.2   0.52443
   2246.2   0.52445
   2248.1   0.52451
   2250.1   0.52449
   2252.0   0.52459
   2254.0   0.52445
   2255.9   0.52436
   2257.9   0.52442
   2259.9   0.52415
   2261.8   0.52419
   2263.8   0.52412
   2265.8   0.52408
   2267.8   0.52398
   2269.8   0.52374
   2271.8   0.52354
   2273.7   0.52370
   2275.7   0.52373
   2277.7   0.52356
   2279.7   0.52328
   2281.7   0.52312
   2283.8   0.52309
   2285.8   0.52308
   2287.8   0.52308
   2289.8   0.52300
   2291.8   0.52281
   2293.9   0.52262
   2295.9   0.52264
   2297.9   0.52261
   2300.0   0.52203
   2302.0   0.52173
   2304.1   0.52197
   2306.1   0.52189
   2308.2   0.52164
   2310.2   0.52166
   2312.3   0.52174
   2314.3   0.52178
   2316.4   0.52186
   2318.5   0.52208
   2320.6   0.52223
   2322.6   0.52219
   2324.7   0.52206
   2326.8   0.52216
   2328.9   0.52216
   2331.0   0.52220
   2333.1   0.52230
   2335.2   0.52230
   2337.3   0.52230
   2339.4   0.52221
   2341.5   0.52215
   2343.6   0.52206
   2345.8   0.52194
   2347.9   0.52191
   2350.0   0.52181
   2352.1   0.52180
   2354.3   0.52183
   2356.4   0.52206
   2358.6   0.52215
   2360.7   0.52215
   2362.9   0.52223
   2365.0   0.52198
   2367.2   0.52186
   2369.3   0.52210
   2371.5   0.52213
   2373.7   0.52212
   2375.9   0.52219
   2378.0   0.52209
   2380.2   0.52182
   2382.4   0.52179
   2384.6   0.52176
   2386.8   0.52160
   2389.0   0.52139
   2391.2   0.52148
   2393.4   0.52162
   2395.6   0.52177
   2397.8   0.52184
   2400.1   0.52173
   2402.3   0.52137
   2404.5   0.52117
   2406.7   0.52139
   2409.0   0.52152
   2411.2   0.52143
   2413.5   0.52150
   2415.7   0.52138
   2418.0   0.52114
   2420.2   0.52136
   2422.5   0.52147
   2424.8   0.52134
   2427.0   0.52119
   2429.3   0.52114
   2431.6   0.52101
   2433.9   0.52098
   2436.2   0.52085
   2438.4   0.52080
   2440.7   0.52085
   2443.0   0.52078
   2445.3   0.52064
   2447.7   0.52075
   2450.0   0.52065
   2452.3   0.52042
   2454.6   0.52038
   2456.9   0.52035
   2459.3   0.52031
   2461.6   0.52022
   2463.9   0.52019
   2466.3   0.52015
   2468.6   0.51982
   2471.0   0.51970
   2473.3   0.51973
   2475.7   0.51964
   2478.1   0.51972
   2480.4   0.51965
   2482.8   0.51932
   2485.2   0.51944
   2487.6   0.51932
   2490.0   0.51915
   2492.4   0.51934
   2494.8   0.51952
   2497.2   0.51943
   2499.6   0.51937
   2502.0   0.51917
   2504.4   0.51901
   2506.8   0.51917
   2509.3   0.51912
   2511.7   0.51902
   2514.1   0.51907
   2516.6   0.51893
   2519.0   0.51889
   2521.5   0.51898
   2523.9   0.51875
   2526.4   0.51870
   2528.8   0.51861
   2531.3   0.51836
   2533.8   0.51855
   2536.3   0.51884
   2538.8   0.51879
   2541.2   0.51864
   2543.7   0.51874
   2546.2   0.51871
   2548.7   0.51858
   2551.2   0.51860
   2553.8   0.51856
   2556.3   0.51831
   2558.8   0.51803
   2561.3   0.51854
   2563.9   0.51946
   2566.4   0.51931
   2568.9   0.51857
   2571.5   0.51830
   2574.0   0.51835
   2576.6   0.51893
   2579.2   0.51903
   2581.7   0.51857
   2584.3   0.51891
   2586.9   0.51899
   2589.5   0.51855
   2592.1   0.51829
   2594.7   0.51852
   2597.3   0.51904
   2599.9   0.51799
   2602.5   0.51776
   2605.1   0.51863
   2607.7   0.51874
   2610.3   0.51795
   2613.0   0.51757
   2615.6   0.51771
   2618.3   0.51830
   2620.9   0.51811
   2623.6   0.51690
   2626.2   0.51662
   2628.9   0.51728
   2631.5   0.51745
   2634.2   0.51682
   2636.9   0.51587
   2639.6   0.51532
   2642.3   0.51533
   2645.0   0.51550
   2647.7   0.51525
   2650.4   0.51471
   2653.1   0.51477
   2655.8   0.51477
   2658.5   0.51423
   2661.3   0.51422
   2664.0   0.51457
   2666.7   0.51547
   2669.5   0.51508
   2672.2   0.51386
   2675.0   0.51303
   2677.8   0.51308
   2680.5   0.51200
   2683.3   0.51004
   2686.1   0.50846
   2688.9   0.50672
   2691.7   0.50480
   2694.5   0.50349
   2697.3   0.50112
   2700.1   0.49711
   2702.9   0.49415
   2705.7   0.49130
   2708.5   0.48885
   2711.4   0.48785
   2714.2   0.48546
   2717.1   0.48270
   2719.9   0.48097
   2722.8   0.47811
   2725.6   0.47435
   2728.5   0.47070
   2731.4   0.46431
   2734.2   0.45938
   2737.1   0.45824
   2740.0   0.45762
   2742.9   0.45166
   2745.8   0.44320
   2748.7   0.44049
   2751.7   0.44081
   2751.7   0.43956
   2753.1   0.43909
   2754.6   0.43619
   2756.1   0.43291
   2757.5   0.43980
   2759.0   0.43419
   2760.5   0.42638
   2761.9   0.42439
   2763.4   0.42516
   2764.9   0.42941
   2766.3   0.42859
   2767.8   0.42466
   2769.3   0.42464
   2770.8   0.42292
   2772.3   0.42176
   2773.7   0.42231
   2775.2   0.41886
   2776.7   0.41552
   2778.2   0.41431
   2779.7   0.41379
   2781.2   0.41184
   2782.7   0.41110
   2784.2   0.41113
   2785.7   0.40881
   2787.2   0.40583
   2788.7   0.40799
   2790.2   0.40907
   2791.7   0.40545
   2793.2   0.40218
   2794.7   0.40063
   2796.2   0.39912
   2797.7   0.39728
   2799.2   0.39540
   2800.7   0.39376
   2802.2   0.39193
   2803.8   0.39251
   2805.3   0.39618
   2806.8   0.39544
   2808.3   0.39225
   2809.8   0.39098
   2811.4   0.39053
   2812.9   0.38975
   2814.4   0.38881
   2815.9   0.38881
   2817.5   0.38900
   2819.0   0.38744
   2820.5   0.38684
   2822.1   0.38734
   2823.6   0.38650
   2825.1   0.38500
   2826.7   0.38385
   2828.2   0.38329
   2829.8   0.38321
   2831.3   0.38238
   2832.9   0.38118
   2834.4   0.38074
   2836.0   0.38053
   2837.5   0.38008
   2839.1   0.37950
   2840.6   0.37938
   2842.2   0.37859
   2843.7   0.37803
   2845.3   0.37764
   2846.9   0.37716
   2848.4   0.37662
   2850.0   0.37647
   2851.6   0.37671
   2853.1   0.37593
   2854.7   0.37518
   2856.3   0.37564
   2857.8   0.37534
   2859.4   0.37420
   2861.0   0.37353
   2862.6   0.37332
   2864.2   0.37266
   2865.7   0.37207
   2867.3   0.37163
   2868.9   0.37144
   2870.5   0.37084
   2872.1   0.37014
   2873.7   0.37008
   2875.3   0.36992
   2876.9   0.36922
   2878.5   0.36878
   2880.1   0.36855
   2881.7   0.36815
   2883.3   0.36768
   2884.9   0.36740
   2886.5   0.36704
   2888.1   0.36665
   2889.7   0.36641
   2891.3   0.36611
   2892.9   0.36568
   2894.5   0.36529
   2896.2   0.36489
   2897.8   0.36442
   2899.4   0.36397
   2901.0   0.36357
   2902.7   0.36383
   2904.3   0.36369
   2905.9   0.36302
   2907.5   0.36270
   2909.2   0.36225
   2910.8   0.36189
   2912.4   0.36152
   2914.1   0.36119
   2915.7   0.36090
   2917.4   0.36069
   2919.0   0.36031
   2920.6   0.36001
   2922.3   0.35964
   2923.9   0.35941
   2925.6   0.35940
   2927.2   0.35915
   2928.9   0.35875
   2930.5   0.35859
   2932.2   0.35837
   2933.9   0.35813
   2935.5   0.35783
   2937.2   0.35758
   2938.9   0.35733
   2940.5   0.35725
   2942.2   0.35705
   2943.9   0.35691
   2945.5   0.35681
   2947.2   0.35666
   2948.9   0.35656
   2950.6   0.35657
   2952.2   0.35623
   2953.9   0.35602
   2955.6   0.35602
   2957.3   0.35613
   2959.0   0.35597
   2960.7   0.35585
   2962.4   0.35584
   2964.1   0.35585
   2965.8   0.35592
   2967.4   0.35606
   2969.1   0.35619
   2970.9   0.35641
   2972.6   0.35665
   2974.3   0.35682
   2976.0   0.35694
   2977.7   0.35718
   2979.4   0.35726
   2981.1   0.35752
   2982.8   0.35772
   2984.5   0.35797
   2986.3   0.35820
   2988.0   0.35840
   2989.7   0.35867
   2991.4   0.35902
   2993.1   0.35917
   2994.9   0.35952
   2996.6   0.35966
   2998.3   0.35983
   3000.1   0.36003
   3001.8   0.36026
   3003.6   0.36042
   3005.3   0.36073
   3007.0   0.36094
   3008.8   0.36119
   3010.5   0.36138
   3012.3   0.36158
   3014.0   0.36182
   3015.8   0.36200
   3017.5   0.36211
   3019.3   0.36231
   3021.1   0.36251
   3022.8   0.36276
   3024.6   0.36302
   3026.3   0.36315
   3028.1   0.36320
   3029.9   0.36337
   3031.7   0.36357
   3033.4   0.36370
   3035.2   0.36389
   3037.0   0.36401
   3038.8   0.36417
   3040.5   0.36437
   3042.3   0.36451
   3044.1   0.36456
   3045.9   0.36456
   3047.7   0.36470
   3049.5   0.36487
   3051.3   0.36501
   3053.1   0.36520
   3054.9   0.36547
   3056.7   0.36577
   3058.5   0.36604
   3060.3   0.36620
   3062.1   0.36647
   3063.9   0.36682
   3065.7   0.36722
   3067.5   0.36758
   3069.4   0.36797
   3071.2   0.36838
   3073.0   0.36884
   3074.8   0.36930
   3076.6   0.36965
   3078.5   0.36990
   3080.3   0.37032
   3082.1   0.37072
   3084.0   0.37122
   3085.8   0.37155
   3087.6   0.37194
   3089.5   0.37226
   3091.3   0.37261
   3093.2   0.37293
   3095.0   0.37332
   3096.9   0.37368
   3098.7   0.37399
   3100.6   0.37437
   3102.4   0.37479
   3104.3   0.37522
   3106.1   0.37564
   3108.0   0.37617
   3109.9   0.37662
   3111.7   0.37702
   3113.6   0.37761
   3115.5   0.37793
   3117.3   0.37834
   3119.2   0.37885
   3121.1   0.37934
   3123.0   0.37983
   3124.9   0.38020
   3126.7   0.38061
   3128.6   0.38112
   3130.5   0.38162
   3132.4   0.38204
   3134.3   0.38238
   3136.2   0.38270
   3138.1   0.38315
   3140.0   0.38370
   3141.9   0.38414
   3143.8   0.38458
   3145.7   0.38502
   3147.6   0.38547
   3149.5   0.38602
   3151.4   0.38645
   3153.4   0.38684
   3155.3   0.38725
   3157.2   0.38770
   3159.1   0.38809
   3161.1   0.38855
   3163.0   0.38904
   3164.9   0.38952
   3166.9   0.38994
   3168.8   0.39034
   3170.7   0.39066
   3172.7   0.39107
   3174.6   0.39153
   3176.6   0.39197
   3178.5   0.39234
   3180.5   0.39277
   3182.4   0.39319
   3184.4   0.39355
   3186.3   0.39394
   3188.3   0.39433
   3190.2   0.39472
   3192.2   0.39508
   3194.2   0.39562
   3196.1   0.39593
   3198.1   0.39617
   3200.1   0.39662
   3202.1   0.39695
   3204.0   0.39734
   3206.0   0.39769
   3208.0   0.39802
   3210.0   0.39843
   3212.0   0.39873
   3214.0   0.39902
   3216.0   0.39931
   3218.0   0.39957
   3220.0   0.39979
   3222.0   0.40006
   3224.0   0.40043
   3226.0   0.40088
   3228.0   0.40120
   3230.0   0.40140
   3232.0   0.40170
   3234.0   0.40199
   3236.0   0.40214
   3238.1   0.40241
   3240.1   0.40258
   3242.1   0.40289
   3244.1   0.40313
   3246.2   0.40339
   3248.2   0.40364
   3250.2   0.40381
   3252.3   0.40413
   3254.3   0.40432
   3256.4   0.40438
   3258.4   0.40458
   3260.5   0.40476
   3262.5   0.40505
   3264.6   0.40539
   3266.6   0.40555
   3268.7   0.40569
   3270.7   0.40585
   3272.8   0.40608
   3274.9   0.40638
   3277.0   0.40647
   3279.0   0.40662
   3281.1   0.40679
   3283.2   0.40698
   3285.3   0.40709
   3287.3   0.40728
   3289.4   0.40733
   3291.5   0.40749
   3293.6   0.40764
   3295.7   0.40774
   3297.8   0.40788
   3299.9   0.40806
   3302.0   0.40811
   3304.1   0.40805
   3306.2   0.40810
   3308.3   0.40821
   3310.4   0.40823
   3312.5   0.40821
   3314.7   0.40802
   3316.8   0.40794
   3318.9   0.40780
   3321.0   0.40764
   3323.2   0.40750
   3325.3   0.40728
   3327.4   0.40718
   3329.6   0.40717
   3331.7   0.40710
   3333.8   0.40699
   3336.0   0.40690
   3338.1   0.40684
   3340.3   0.40691
   3342.4   0.40704
   3344.6   0.40694
   3346.8   0.40672
   3348.9   0.40636
   3351.1   0.40576
   3353.3   0.40511
   3355.4   0.40472
   3357.6   0.40421
   3359.8   0.40360
   3362.0   0.40279
   3364.1   0.40177
   3366.3   0.40026
   3368.5   0.39837
   3370.7   0.39625
   3372.9   0.39424
   3375.1   0.39258
   3377.3   0.39113
   3379.5   0.38989
   3381.7   0.38921
   3383.9   0.38924
   3386.1   0.38995
   3388.3   0.39079
   3390.5   0.39128
   3392.8   0.39115
   3395.0   0.39041
   3397.2   0.38902
   3399.4   0.38702
   3401.7   0.38456
   3403.9   0.38174
   3406.1   0.37854
   3408.4   0.37505
   3410.6   0.37132
   3412.9   0.36745
   3415.1   0.36341
   3417.4   0.35937
   3419.6   0.35551
   3421.9   0.35229
   3424.1   0.35026
   3426.4   0.34975
   3428.7   0.35095
   3430.9   0.35459
   3433.2   0.36048
   3435.5   0.36737
   3437.8   0.37346
   3440.0   0.37806
   3442.3   0.38133
   3444.6   0.38381
   3446.9   0.38580
   3449.2   0.38747
   3451.5   0.38887
   3453.8   0.39020
   3456.1   0.39149
   3458.4   0.39269
   3460.7   0.39374
   3463.0   0.39471
   3465.3   0.39553
   3467.6   0.39619
   3470.0   0.39648
   3472.3   0.39648
   3474.6   0.39632
   3477.0   0.39619
   3479.3   0.39605
   3481.6   0.39581
   3484.0   0.39553
   3486.3   0.39511
   3488.7   0.39433
   3491.0   0.39312
   3493.4   0.39133
   3495.7   0.38904
   3498.1   0.38616
   3500.4   0.38257
   3502.8   0.37845
   3505.2   0.37419
   3507.5   0.37056
   3509.9   0.36924
   3512.3   0.37198
   3514.7   0.37862
   3517.1   0.38604
   3519.4   0.39197
   3521.8   0.39609
   3524.2   0.39894
   3526.6   0.40088
   3529.0   0.40224
   3531.4   0.40320
   3533.8   0.40385
   3536.2   0.40439
   3538.7   0.40479
   3541.1   0.40514
   3543.5   0.40532
   3545.9   0.40548
   3548.3   0.40573
   3550.8   0.40584
   3553.2   0.40593
   3555.6   0.40600
   3558.1   0.40608
   3560.5   0.40606
   3563.0   0.40595
   3565.4   0.40593
   3567.9   0.40593
   3570.3   0.40592
   3572.8   0.40580
   3575.3   0.40570
   3577.7   0.40561
   3580.2   0.40554
   3582.7   0.40546
   3585.2   0.40534
   3587.6   0.40522
   3590.1   0.40503
   3592.6   0.40487
   3595.1   0.40476
   3597.6   0.40461
   3600.1   0.40441
   3602.6   0.40420
   3605.1   0.40390
   3607.6   0.40370
   3610.1   0.40351
   3612.6   0.40330
   3615.2   0.40300
   3617.7   0.40273
   3620.2   0.40244
   3622.7   0.40221
   3625.3   0.40202
   3627.8   0.40179
   3630.3   0.40146
   3632.9   0.40118
   3635.4   0.40088
   3638.0   0.40057
   3640.5   0.40026
   3643.1   0.39998
   3645.7   0.39968
   3648.2   0.39942
   3650.8   0.39907
   3653.4   0.39879
   3655.9   0.39853
   3658.5   0.39831
   3661.1   0.39807
   3663.7   0.39781
   3666.3   0.39758
   3668.9   0.39737
   3671.5   0.39708
   3674.1   0.39689
   3676.7   0.39669
   3679.3   0.39642
   3681.9   0.39615
   3684.5   0.39591
   3687.2   0.39563
   3689.8   0.39535
   3692.4   0.39500
   3695.0   0.39466
   3697.7   0.39435
   3700.3   0.39399
   3703.0   0.39362
   3705.6   0.39326
   3708.3   0.39292
   3710.9   0.39256
   3713.6   0.39220
   3716.2   0.39188
   3718.9   0.39146
   3721.6   0.39107
   3724.2   0.39069
   3726.9   0.39032
   3729.6   0.38999
   3732.3   0.38961
   3735.0   0.38925
   3737.7   0.38890
   3740.4   0.38856
   3743.1   0.38817
   3745.8   0.38773
   3748.5   0.38739
   3751.2   0.38699
   3753.9   0.38659
   3756.6   0.38622
   3759.3   0.38586
   3762.1   0.38550
   3764.8   0.38511
   3767.5   0.38465
   3770.3   0.38427
   3773.0   0.38380
   3775.8   0.38337
   3778.5   0.38296
   3781.3   0.38255
   3784.0   0.38212
   3786.8   0.38165
   3789.6   0.38126
   3792.3   0.38088
   3795.1   0.38051
   3797.9   0.38010
   3800.7   0.37970
   3803.5   0.37927
   3806.3   0.37880
   3809.1   0.37840
   3811.9   0.37803
   3814.7   0.37761
   3817.5   0.37719
   3820.3   0.37685
   3823.1   0.37658
   3825.9   0.37626
   3828.8   0.37594
   3831.6   0.37563
   3834.4   0.37532
   3837.3   0.37500
   3840.1   0.37467
   3842.9   0.37449
   3845.8   0.37428
   3848.7   0.37405
   3851.5   0.37382
   3854.4   0.37364
   3857.2   0.37340
   3860.1   0.37322
   3863.0   0.37305
   3865.9   0.37284
   3868.8   0.37264
   3871.6   0.37250
   3874.5   0.37227
   3877.4   0.37206
   3880.3   0.37185
   3883.2   0.37168
   3886.2   0.37148
   3889.1   0.37130
   3892.0   0.37113
   3894.9   0.37095
   3897.8   0.37076
   3900.8   0.37057
   3903.7   0.37039
   3906.7   0.37017
   3909.6   0.36998
   3912.6   0.36980
   3915.5   0.36964
   3918.5   0.36945
   3921.4   0.36915
   3924.4   0.36888
   3927.4   0.36873
   3930.4   0.36853
   3933.3   0.36823
   3936.3   0.36796
   3939.3   0.36770
   3942.3   0.36741
   3945.3   0.36709
   3948.3   0.36678
   3951.3   0.36646
   3954.3   0.36611
   3957.4   0.36572
   3960.4   0.36530
   3963.4   0.36490
   3966.4   0.36450
   3969.5   0.36397
   3972.5   0.36345
   3975.6   0.36293
   3978.6   0.36236
   3981.7   0.36175
   3984.7   0.36113
   3987.8   0.36043
   3990.9   0.35977
   3993.9   0.35908
   3997.0   0.35840
   4000.1   0.35770
   4003.2   0.35700
   4006.3   0.35639
   4009.4   0.35588
   4012.5   0.35549
   4015.6   0.35511
   4018.7   0.35473
   4021.8   0.35451
   4024.9   0.35439
   4028.1   0.35437
   4031.2   0.35440
   4034.3   0.35450
   4037.5   0.35459
   4040.6   0.35473
   4043.8   0.35477
   4046.9   0.35487
   4050.1   0.35494
   4053.3   0.35496
   4056.4   0.35490
   4059.6   0.35487
   4062.8   0.35481
   4066.0   0.35468
   4069.2   0.35452
   4072.4   0.35438
   4075.6   0.35419
   4078.8   0.35394
   4082.0   0.35367
   4085.2   0.35340
   4088.4   0.35321
   4091.7   0.35292
   4094.9   0.35262
   4098.1   0.35232
   4101.4   0.35201
   4104.6   0.35172
   4107.9   0.35138
   4111.1   0.35107
   4114.4   0.35070
   4117.7   0.35031
   4120.9   0.34994
   4124.2   0.34962
   4127.5   0.34923
   4130.8   0.34887
   4134.1   0.34857
   4137.4   0.34815
   4140.7   0.34776
   4144.0   0.34737
   4147.3   0.34699
   4150.6   0.34655
   4154.0   0.34611
   4157.3   0.34567
   4160.6   0.34527
   4164.0   0.34483
   4167.3   0.34440
   4170.7   0.34401
   4174.0   0.34359
   4177.4   0.34316
   4180.8   0.34264
   4184.1   0.34218
   4187.5   0.34176
   4190.9   0.34122
   4194.3   0.34060
   4197.7   0.33982
   4201.1   0.33869
   4204.5   0.33719
   4207.9   0.33539
   4211.3   0.33351
   4214.7   0.33173
   4218.2   0.33016
   4221.6   0.32875
   4225.0   0.32752
   4228.5   0.32642
   4231.9   0.32548
   4235.4   0.32480
   4238.9   0.32436
   4242.3   0.32420
   4245.8   0.32452
   4249.3   0.32508
   4252.8   0.32616
   4256.3   0.32764
   4259.8   0.32752
   4263.3   0.32488
   4266.8   0.32276
   4270.3   0.32203
   4273.8   0.32176
   4277.3   0.32159
   4280.9   0.32148
   4284.4   0.32137
   4288.0   0.32109
   4291.5   0.32054
   4295.1   0.32033
   4298.6   0.32035
   4302.2   0.32028
   4305.8   0.32000
   4309.3   0.31989
   4312.9   0.31986
   4316.5   0.31996
   4320.1   0.32001
   4323.7   0.31989
   4327.3   0.31977
   4330.9   0.31964
   4334.6   0.31952
   4338.2   0.31940
   4341.8   0.31924
   4345.5   0.31902
   4349.1   0.31865
   4352.8   0.31830
   4356.4   0.31789
   4360.1   0.31749
   4363.8   0.31706
   4367.4   0.31665
   4371.1   0.31623
   4374.8   0.31579
   4378.5   0.31533
   4382.2   0.31488
   4385.9   0.31432
   4389.6   0.31381
   4393.3   0.31330
   4397.1   0.31277
   4400.8   0.31229
   4404.5   0.31178
   4408.3   0.31130
   4412.0   0.31087
   4415.8   0.31040
   4419.6   0.30992
   4423.3   0.30938
   4427.1   0.30886
   4430.9   0.30839
   4434.7   0.30793
   4438.5   0.30743
   4442.3   0.30693
   4446.1   0.30646
   4449.9   0.30593
   4453.7   0.30535
   4457.6   0.30488
   4461.4   0.30443
   4465.2   0.30390
   4469.1   0.30335
   4472.9   0.30283
   4476.8   0.30231
   4480.7   0.30178
   4484.5   0.30129
   4488.4   0.30078
   4492.3   0.30031
   4496.2   0.29979
   4500.1   0.29922
   4504.0   0.29872
   4507.9   0.29817
   4511.9   0.29764
   4515.8   0.29713
   4519.7   0.29657
   4523.7   0.29601
   4527.6   0.29545
   4531.6   0.29489
   4535.6   0.29431
   4539.5   0.29378
   4543.5   0.29321
   4547.5   0.29258
   4551.5   0.29199
   4555.5   0.29137
   4559.5   0.29072
   4563.5   0.29015
   4567.5   0.28959
   4571.5   0.28899
   4575.6   0.28838
   4579.6   0.28780
   4583.7   0.28726
   4587.7   0.28675
   4591.8   0.28619
   4595.9   0.28559
   4599.9   0.28505
   4604.0   0.28453
   4608.1   0.28403
   4612.2   0.28351
   4616.3   0.28296
   4620.4   0.28239
   4624.6   0.28193
   4628.7   0.28144
   4632.8   0.28095
   4637.0   0.28044
   4641.1   0.27988
   4645.3   0.27943
   4649.4   0.27898
   4653.6   0.27850
   4657.8   0.27803
   4662.0   0.27756
   4666.2   0.27713
   4670.4   0.27667
   4674.6   0.27616
   4678.8   0.27567
   4683.0   0.27522
   4687.3   0.27474
   4691.5   0.27425
   4695.8   0.27376
   4700.0   0.27325
   4704.3   0.27276
   4708.6   0.27224
   4712.9   0.27166
   4717.1   0.27112
   4721.4   0.27053
   4725.7   0.26991
   4730.1   0.26933
   4734.4   0.26875
   4738.7   0.26813
   4743.0   0.26745
   4747.4   0.26682
   4751.7   0.26616
   4756.1   0.26548
   4760.5   0.26480
   4764.8   0.26409
   4769.2   0.26332
   4773.6   0.26254
   4778.0   0.26171
   4782.4   0.26089
   4786.8   0.26007
   4791.3   0.25919
   4795.7   0.25818
   4800.1   0.25717
   4804.6   0.25611
   4809.0   0.25501
   4813.5   0.25384
   4818.0   0.25263
   4822.5   0.25134
   4826.9   0.24991
   4831.4   0.24842
   4835.9   0.24680
   4840.5   0.24495
   4845.0   0.24291
   4849.5   0.24065
   4854.1   0.23797
   4858.6   0.23497
   4863.2   0.23155
   4867.7   0.22765
   4872.3   0.22337
   4876.9   0.21875
   4881.5   0.21389
   4886.1   0.20898
   4890.7   0.20417
   4895.3   0.19954
   4899.9   0.19530
   4904.6   0.19149
   4909.2   0.18802
   4913.9   0.18478
   4918.5   0.18185
   4923.2   0.17913
   4927.9   0.17649
   4932.6   0.17401
   4937.3   0.17184
   4942.0   0.17004
   4946.7   0.16877
   4951.4   0.16808
   4956.2   0.16810
   4960.9   0.16868
   4965.6   0.16954
   4970.4   0.17043
   4975.2   0.17144
   4980.0   0.17248
   4984.7   0.17359
   4989.5   0.17451
   4994.3   0.17545
   4999.2   0.17636
   5004.0   0.17726
   5008.8   0.17803
   5013.7   0.17870
   5018.5   0.17925
   5023.4   0.18000
   5028.3   0.18050
   5033.1   0.18070
   5038.0   0.18090
   5042.9   0.18105
   5047.8   0.18117
   5052.8   0.18115
   5057.7   0.18099
   5062.6   0.18076
   5067.6   0.18041
   5072.5   0.18000
   5077.5   0.17948
   5082.5   0.17885
   5087.5   0.17824
   5092.5   0.17744
   5097.5   0.17633
   5102.5   0.17531
   5107.5   0.17425
   5112.6   0.17329
   5117.6   0.17215
   5122.7   0.17099
   5127.7   0.16970
   5132.8   0.16841
   5137.9   0.16699
   5143.0   0.16558
   5148.1   0.16422
   5153.2   0.16307
   5158.3   0.16147
   5163.5   0.15985
   5168.6   0.15851
   5173.8   0.15722
   5179.0   0.15589
   5184.1   0.15456
   5189.3   0.15320
   5194.5   0.15177
   5199.7   0.15039
   5205.0   0.14931
   5210.2   0.14808
   5215.4   0.14709
   5220.7   0.14661
   5225.9   0.14571
   5231.2   0.14512
   5236.5   0.14504
   5241.8   0.14517
   5247.1   0.14526
   5252.4   0.14525
   5257.7   0.14526
   5263.1   0.14527
   5268.4   0.14536
   5273.8   0.14549
   5279.2   0.14566
   5284.5   0.14572
   5289.9   0.14549
   5295.3   0.14544
   5300.8   0.14535
   5306.2   0.14471
   5311.6   0.14436
   5317.1   0.14400
   5322.5   0.14368
   5328.0   0.14336
   5333.5   0.14305
   5339.0   0.14258
   5344.5   0.14190
   5350.0   0.14114
   5355.5   0.14075
   5361.0   0.13956
   5366.6   0.13788
   5372.2   0.13653
   5377.7   0.13554
   5383.3   0.13462
   5388.9   0.13373
   5394.5   0.13271
   5400.1   0.13165
   5405.8   0.13047
   5411.4   0.12932
   5417.1   0.12828
   5422.7   0.12743
   5428.4   0.12697
   5434.1   0.12568
   5439.8   0.12432
   5445.5   0.12375
   5451.2   0.12329
   5457.0   0.12294
   5462.7   0.12276
   5468.5   0.12335
   5474.3   0.12356
   5480.1   0.12328
   5485.9   0.12362
   5491.7   0.12357
   5497.5   0.12345
   5503.3   0.12351
   5509.2   0.12349
   5515.0   0.12334
   5520.9   0.12314
   5526.8   0.12310
   5532.7   0.12265
   5538.6   0.12192
   5544.5   0.12108
   5550.5   0.12023
   5556.4   0.11933
   5562.4   0.11790
   5568.4   0.11571
   5574.3   0.11350
   5580.3   0.11139
   5586.4   0.10925
   5592.4   0.10630
   5598.4   0.10392
   5604.5   0.10225
   5610.5   0.10115
   5616.6   0.10034
   5622.7   0.10022
   5628.8   0.10000
   5634.9   0.10028
   5641.1   0.10097
   5647.2   0.10239
   5653.4   0.10324
   5659.5   0.10384
   5665.7   0.10492
   5671.9   0.10597
   5678.1   0.10777
   5684.4   0.10991
   5690.6   0.11118
   5696.9   0.11294
   5703.1   0.11463
   5709.4   0.11596
   5715.7   0.11830
   5722.0   0.12046
   5728.3   0.12190
   5734.7   0.12303
   5741.0   0.12428
   5747.4   0.12544
   5753.8   0.12664
   5760.1   0.12707
   5766.6   0.12706
   5773.0   0.12849
   5779.4   0.12771
   5785.9   0.12659
   5792.3   0.12571
   5798.8   0.12478
   5805.3   0.12423
   5811.8   0.12369
   5818.3   0.12319
   5824.9   0.12393
   5831.4   0.12422
   5838.0   0.12313
   5844.6   0.12193
   5851.2   0.12108
   5857.8   0.12063
   5864.4   0.12050
   5871.0   0.12055
   5877.7   0.11990
   5884.4   0.12042
   5891.1   0.12152
   5897.8   0.12046
   5904.5   0.12090
   5911.2   0.12000
   5918.0   0.11951
   5924.7   0.11969
   5931.5   0.11951
   5938.3   0.11959
   5945.1   0.12069
   5951.9   0.11880
   5958.8   0.11728
   5965.6   0.11624
   5972.5   0.11594
   5979.4   0.11550
   5986.3   0.11448
   5993.2   0.11453
   6000.2   0.11453
   6007.1   0.11397
   6014.1   0.11468
   6021.1   0.11699
   6028.1   0.11927
   6035.1   0.12186
   6042.1   0.12572
   6049.2   0.13024
   6056.2   0.13915
   6063.3   0.14367
   6070.4   0.14577
   6077.5   0.15132
   6084.7   0.15639
   6091.8   0.15862
   6099.0   0.16135
   6106.2   0.16460
   6113.4   0.16764
   6120.6   0.17231
   6127.8   0.17407
   6135.1   0.17370
   6142.3   0.17469
   6149.6   0.17663
   6156.9   0.17756
   6164.3   0.17858
   6171.6   0.17975
   6178.9   0.17903
   6186.3   0.17918
   6193.7   0.18106
   6201.1   0.18054
   6208.5   0.17930
   6216.0   0.17930
   6223.5   0.17925
   6230.9   0.17892
   6238.4   0.17840
   6245.9   0.17810
   6253.5   0.17759
   6261.0   0.17711
   6268.6   0.17680
   6276.2   0.17681
   6283.8   0.17679
   6291.4   0.17690
   6299.1   0.17718
   6306.7   0.17758
   6314.4   0.17803
   6322.1   0.17849
   6329.8   0.17887
   6337.6   0.17920
   6345.3   0.17985
   6353.1   0.18197
   6360.9   0.18149
   6368.7   0.18033
   6376.5   0.18150
   6384.4   0.18185
   6392.3   0.18070
   6400.2   0.18073
   6408.1   0.18017
   6416.0   0.18151
   6424.0   0.18636
   6431.9   0.18387
   6439.9   0.18181
   6447.9   0.18120
   6456.0   0.18056
   6464.0   0.18055
   6472.1   0.17977
   6480.2   0.18034
   6488.3   0.18084
   6496.4   0.18194
   6504.6   0.18307
   6512.7   0.18076
   6520.9   0.17913
   6529.1   0.18064
   6537.4   0.18039
   6545.6   0.17961
   6553.9   0.18021
   6562.2   0.18120
   6570.5   0.18139
   6578.9   0.18273
   6587.2   0.18326
   6595.6   0.18236
   6604.0   0.18260
   6612.4   0.18135
   6620.9   0.18073
   6629.3   0.18060
   6637.8   0.18121
   6646.3   0.18291
   6654.9   0.18016
   6663.4   0.17699
   6672.0   0.17569
   6680.6   0.17514
   6689.2   0.17448
   6697.8   0.17268
   6706.5   0.17047
   6715.2   0.16972
   6723.9   0.16899
   6732.6   0.16667
   6741.4   0.16404
   6750.2   0.16162
   6759.0   0.15983
   6767.8   0.15777
   6776.6   0.15629
   6785.5   0.15539
   6794.4   0.15468
   6803.3   0.15402
   6812.3   0.15194
   6821.2   0.15079
   6830.2   0.15106
   6839.2   0.15169
   6848.3   0.15113
   6857.3   0.15133
   6866.4   0.15282
   6875.5   0.15393
   6884.6   0.15202
   6893.8   0.15063
   6903.0   0.14987
   6912.2   0.14932
   6921.4   0.14836
   6930.7   0.14675
   6939.9   0.14544
   6949.2   0.14411
   6958.6   0.14301
   6967.9   0.14256
   6977.3   0.14100
   6986.7   0.13876
   6996.1   0.13733
   7005.6   0.13572
   7015.1   0.13384
   7024.6   0.13223
   7034.1   0.13103
   7043.7   0.12974
   7053.2   0.12969
   7062.9   0.12912
   7072.5   0.12794
   7082.2   0.12743
   7091.8   0.12733
   7101.6   0.12725
   7111.3   0.12725
   7121.1   0.12723
   7130.9   0.12701
   7140.7   0.12617
   7150.5   0.12575
   7160.4   0.12535
   7170.3   0.12460
   7180.2   0.12393
   7190.2   0.12276
   7200.2   0.12175
   7210.2   0.12137
   7220.2   0.12109
   7230.3   0.12036
   7240.4   0.11985
   7250.5   0.11961
   7260.7   0.11943
   7270.9   0.11933
   7281.1   0.11935
   7291.3   0.11915
   7301.6   0.11830
   7311.9   0.11757
   7322.2   0.11669
   7332.6   0.11571
   7343.0   0.11495
   7353.4   0.11399
   7363.8   0.11265
   7374.3   0.11162
   7384.8   0.11075
   7395.3   0.10996
   7405.9   0.10907
   7416.5   0.10834
   7427.1   0.10751
   7437.8   0.10663
   7448.5   0.10573
   7459.2   0.10497
   7469.9   0.10433
   7480.7   0.10363
   7491.5   0.10268
   7502.4   0.10192
   7513.2   0.10119
   7524.1   0.10059
   7535.1   0.10000
   7546.0   0.09954
   7557.0   0.09919
   7568.1   0.09903
   7579.1   0.09897
   7590.2   0.09911
   7601.4   0.09923
   7612.5   0.09945
   7623.7   0.09960
   7635.0   0.09985
   7646.2   0.10001
   7657.5   0.10021
   7668.8   0.10036
   7680.2   0.10050
   7691.6   0.10048
   7703.0   0.10044
   7714.5   0.10037
   7726.0   0.10031
   7737.5   0.10000
   7749.1   0.09965
   7760.7   0.09933
   7772.3   0.09908
   7784.0   0.09863
   7795.7   0.09824
   7807.4   0.09800
   7819.2   0.09788
   7831.0   0.09773
   7842.9   0.09775
   7854.8   0.09776
   7866.7   0.09773
   7878.6   0.09765
   7890.6   0.09760
   7902.6   0.09750
   7914.7   0.09731
   7926.8   0.09701
   7939.0   0.09679
   7951.1   0.09641
   7963.3   0.09601
   7975.6   0.09555
   7987.9   0.09509
   8000.2   0.09451
   8012.6   0.09385
   8025.0   0.09310
   8037.4   0.09239
   8049.9   0.09160
   8062.4   0.09089
   8075.0   0.09015
   8087.6   0.08947
   8100.2   0.08870
   8112.9   0.08797
   8125.6   0.08713
   8138.4   0.08631
   8151.2   0.08541
   8164.0   0.08451
   8176.9   0.08358
   8189.8   0.08282
   8202.7   0.08206
   8215.7   0.08144
   8228.8   0.08087
   8241.9   0.08042
   8255.0   0.07996
   8268.2   0.07951
   8281.4   0.07904
   8294.6   0.07863
   8307.9   0.07812
   8321.2   0.07766
   8334.6   0.07710
   8348.0   0.07650
   8361.5   0.07579
   8375.0   0.07504
   8388.6   0.07423
   8402.2   0.07345
   8415.8   0.07265
   8429.5   0.07196
   8443.2   0.07120
   8457.0   0.07049
   8470.8   0.06988
   8484.7   0.06936
   8498.6   0.06882
   8512.5   0.06838
   8526.5   0.06784
   8540.6   0.06739
   8554.7   0.06687
   8568.8   0.06638
   8583.0   0.06585
   8597.2   0.06536
   8611.5   0.06484
   8625.8   0.06449
   8640.2   0.06396
   8654.6   0.06348
   8669.1   0.06300
   8683.6   0.06264
   8698.2   0.06216
   8712.8   0.06187
   8727.5   0.06154
   8742.2   0.06119
   8757.0   0.06079
   8771.8   0.06049
   8786.7   0.06012
   8801.6   0.05987
   8816.6   0.05964
   8831.6   0.05946
   8846.6   0.05914
   8861.8   0.05885
   8876.9   0.05861
   8892.2   0.05864
   8907.4   0.05869
   8922.8   0.05893
   8938.2   0.05941
   8953.6   0.06015
   8969.1   0.06094
   8984.6   0.06197
   9000.2   0.06306
   9015.9   0.06451
   9031.6   0.06624
   9047.4   0.06845
   9063.2   0.07091
   9079.0   0.07376
   9095.0   0.07697
   9111.0   0.08065
   9127.0   0.08463
   9143.1   0.08894
   9159.3   0.09346
   9175.5   0.09844
   9191.7   0.10404
   9208.1   0.11025
   9224.4   0.11670
   9240.9   0.12313
   9257.4   0.12951
   9273.9   0.13580
   9290.6   0.14179
   9307.2   0.14758
   9324.0   0.15306
   9340.8   0.15811
   9357.6   0.16215
   9374.6   0.16463
   9391.5   0.16571
   9408.6   0.16581
   9425.7   0.16531
   9442.9   0.16452
   9460.1   0.16370
   9477.4   0.16272
   9494.8   0.16168
   9512.2   0.16060
   9529.7   0.15952
   9547.2   0.15846
   9564.8   0.15742
   9582.5   0.15647
   9600.3   0.15556
   9618.1   0.15494
   9635.9   0.15455
   9653.9   0.15433
   9671.9   0.15415
   9690.0   0.15409
   9708.1   0.15406
   9726.3   0.15420
   9744.6   0.15441
   9763.0   0.15467
   9781.4   0.15501
   9799.9   0.15554
   9818.4   0.15615
   9837.1   0.15686
   9855.8   0.15751
   9874.5   0.15811
   9893.4   0.15876
   9912.3   0.15932
   9931.3   0.15981
   9950.4   0.16036
   9969.5   0.16089
   9988.7   0.16154
  10008.0   0.16252
  10027.3   0.16385
  10046.8   0.16572
  10066.3   0.16849
  10085.9   0.17268
  10105.5   0.17906
  10125.3   0.18770
  10145.1   0.19673
  10165.0   0.20261
  10184.9   0.20294
  10205.0   0.19806
  10225.1   0.18991
  10245.3   0.18145
  10265.6   0.17498
  10286.0   0.17137
  10306.4   0.17040
  10327.0   0.17203
  10347.6   0.17609
  10368.3   0.18214
  10389.0   0.18924
  10409.9   0.19628
  10430.9   0.20439
  10451.9   0.21941
  10473.0   0.24134
  10494.2   0.26109
  10515.5   0.27389
  10536.9   0.28117
  10558.3   0.28467
  10579.9   0.28610
  10601.5   0.28641
  10623.2   0.28606
  10645.0   0.28501
  10666.9   0.28361
  10688.9   0.28189
  10711.0   0.27990
  10733.2   0.27763
  10755.5   0.27525
  10777.8   0.27265
  10800.3   0.26987
  10822.8   0.26690
  10845.5   0.26395
  10868.2   0.26077
  10891.0   0.25765
  10914.0   0.25471
  10937.0   0.25211
  10960.1   0.24971
  10983.3   0.24740
  11006.7   0.24510
  11030.1   0.24283
  11053.6   0.24056
  11077.2   0.23832
  11100.9   0.23605
  11124.8   0.23387
  11148.7   0.23177
  11172.7   0.22984
  11196.8   0.22793
  11221.1   0.22597
  11245.4   0.22384
  11269.9   0.22140
  11294.4   0.21877
  11319.1   0.21594
  11343.8   0.21279
  11368.7   0.20931
  11393.7   0.20540
  11418.8   0.20076
  11444.0   0.19498
  11469.3   0.18755
  11494.8   0.17823
  11520.3   0.16743
  11546.0   0.15662
  11571.7   0.14703
  11597.6   0.13907
  11623.6   0.13258
  11649.7   0.12725
  11676.0   0.12265
  11702.3   0.11865
  11728.8   0.11492
  11755.4   0.11132
  11782.1   0.10770
  11809.0   0.10443
  11835.9   0.10232
  11863.0   0.10287
  11890.2   0.10623
  11917.6   0.11060
  11945.0   0.11374
  11972.6   0.11466
  12000.3   0.11386
  12028.2   0.11214
  12056.1   0.11020
  12084.2   0.10845
  12112.5   0.10691
  12140.8   0.10565
  12169.3   0.10444
  12198.0   0.10327
  12226.7   0.10223
  12255.6   0.10127
  12284.7   0.10042
  12313.9   0.09958
  12343.2   0.09878
  12372.6   0.09820
  12402.2   0.09761
  12432.0   0.09702
  12461.9   0.09638
  12491.9   0.09580
  12522.1   0.09527
  12552.4   0.09468
  12582.9   0.09416
  12613.5   0.09360
  12644.2   0.09302
  12675.1   0.09252
  12706.2   0.09196
  12737.4   0.09170
  12768.8   0.09135
  12800.3   0.09095
  12832.0   0.09068
  12863.9   0.09038
  12895.9   0.08991
  12928.0   0.08951
  12960.3   0.08893
  12992.8   0.08828
  13025.5   0.08773
  13058.3   0.08722
  13091.3   0.08644
  13124.4   0.08568
  13157.7   0.08491
  13191.2   0.08448
  13224.8   0.08412
  13258.7   0.08382
  13292.7   0.08350
  13326.8   0.08308
  13361.2   0.08255
  13395.7   0.08199
  13430.4   0.08136
  13465.3   0.08100
  13500.4   0.08074
  13535.6   0.08035
  13571.0   0.07996
  13606.7   0.07971
  13642.5   0.07938
  13678.5   0.07876
  13714.6   0.07814
  13751.0   0.07758
  13787.6   0.07689
  13824.4   0.07630
  13861.3   0.07557
  13898.5   0.07497
  13935.8   0.07459
  13973.4   0.07413
  14011.2   0.07357
  14049.1   0.07300
  14087.3   0.07248
  14125.7   0.07202
  14164.3   0.07150
  14203.1   0.07094
  14242.1   0.07028
  14281.4   0.06973
  14320.8   0.06905
  14360.5   0.06838
  14400.4   0.06784
  14440.5   0.06739
  14480.8   0.06680
  14521.4   0.06616
  14562.2   0.06555
  14603.2   0.06514
  14644.4   0.06469
  14685.9   0.06434
  14727.7   0.06397
  14769.6   0.06358
  14811.8   0.06314
  14854.3   0.06285
  14896.9   0.06262
  14939.9   0.06262
  14983.0   0.06208
  15026.5   0.06157
  15070.2   0.06268
  15114.1   0.06375
  15158.3   0.06463
  15202.7   0.06591
  15247.5   0.06750
  15292.4   0.06982
  15337.7   0.07273
  15383.2   0.07633
  15429.0   0.08069
  15475.0   0.08591
  15521.4   0.09139
  15568.0   0.09691
  15614.9   0.10228
  15662.0   0.10737
  15709.5   0.11134
  15757.2   0.11454
  15805.3   0.11694
  15853.6   0.11861
  15902.3   0.11941
  15951.2   0.11945
  16000.4   0.11859
  16050.0   0.11739
  16099.8   0.11542
  16150.0   0.11323
  16200.4   0.11073
  16251.2   0.10795
  16302.3   0.10486
  16353.7   0.10175
  16405.5   0.09852
  16457.6   0.09585
  16510.0   0.09328
  16562.7   0.09076
  16615.8   0.08826
  16669.2   0.08596
  16723.0   0.08357
  16777.1   0.08133
  16831.6   0.07927
  16886.4   0.07807
  16941.6   0.07747
  16997.2   0.07795
  17053.1   0.07925
  17109.4   0.08173
  17166.0   0.08529
  17223.0   0.08965
  17280.5   0.09446
  17338.2   0.09994
  17396.4   0.10628
  17455.0   0.11318
  17514.0   0.11997
  17573.3   0.12719
  17633.1   0.13467
  17693.3   0.14189
  17753.9   0.14784
  17814.9   0.15259
  17876.3   0.15619
  17938.2   0.15965
  18000.5   0.16268
  18063.2   0.16581
  18126.3   0.16951
  18189.9   0.17428
  18254.0   0.17918
  18318.5   0.18273
  18383.5   0.18349
  18448.9   0.18195
  18514.8   0.18037
  18581.1   0.18016
  18648.0   0.18174
  18715.3   0.18712
  18783.1   0.19555
  18851.4   0.20483
  18920.2   0.21222
  18989.5   0.21634
  19059.3   0.21586
  19129.7   0.21107
  19200.5   0.20335
  19271.9   0.19556
  19343.8   0.18824
  19416.2   0.18118
  19489.2   0.17498
  19562.8   0.16967
  19636.9   0.16526
  19711.5   0.16343
  19786.8   0.16424
  19862.6   0.16580
  19939.0   0.16507
  20016.0   0.16038
  20093.5   0.15165
  20171.7   0.14124
  20250.5   0.13076
  20329.9   0.12163
  20410.0   0.11258
  20490.7   0.10451
  20572.0   0.09793
  20653.9   0.09268
  20736.5   0.08948
  20819.8   0.08928
  20903.8   0.09264
  20988.4   0.09789
  21073.7   0.10364
  21159.7   0.10971
  21246.5   0.11521
  21333.9   0.11836
  21422.0   0.11926
  21510.9   0.11885
  21600.6   0.11664
  21690.9   0.11429
  21782.1   0.11306
  21874.0   0.11490
  21966.7   0.12114
  22060.1   0.12924
  22154.4   0.13853
  22249.5   0.14919
  22345.4   0.16129
  22442.1   0.17239
  22539.7   0.17896
  22638.1   0.18140
  22737.4   0.18246
  22837.6   0.18326
  22938.7   0.18599
  23040.6   0.19389
  23143.5   0.20612
  23247.2   0.21976
  23352.0   0.23266
  23457.6   0.24338
  23564.3   0.25117
  23671.8   0.25621
  23780.4   0.25947
  23890.0   0.26260
  24000.6   0.26561
  24112.3   0.26519
  24224.9   0.26042
  24338.7   0.25058
  24453.5   0.23735
  24569.4   0.22791
  24686.4   0.21331
  24804.5   0.19538
  24923.7   0.18719
  25044.1   0.18540
  25165.7   0.18654
  25288.5   0.18609
  25412.4   0.18126
  25537.6   0.17395
  25664.0   0.16337
  25791.7   0.15563
  25920.7   0.14791



 NCMS04      .ASC                        

 MS-CMP-004-C                                                            
 OLIVINE  100-200 UM  ON NICOLET                                         

 Source Ang: 30.00   Detect Ang: 30.00  Volt: 1.222
 Date: 13-AUG-91   Time: 11:34:05
