  4654
    650.1   0.36061
    650.3   0.35831
    650.5   0.35719
    650.6   0.35638
    650.8   0.35477
    650.9   0.35313
    651.1   0.35220
    651.3   0.35126
    651.4   0.34986
    651.6   0.34847
    651.8   0.34747
    651.9   0.34658
    652.1   0.34532
    652.3   0.34393
    652.4   0.34302
    652.6   0.34228
    652.7   0.34132
    652.9   0.33997
    653.1   0.33911
    653.2   0.33849
    653.4   0.33775
    653.6   0.33665
    653.7   0.33597
    653.9   0.33542
    654.1   0.33453
    654.2   0.33347
    654.4   0.33294
    654.6   0.33253
    654.7   0.33163
    654.9   0.33068
    655.1   0.33016
    655.2   0.32981
    655.4   0.32905
    655.6   0.32817
    655.7   0.32779
    655.9   0.32737
    656.1   0.32674
    656.2   0.32605
    656.4   0.32550
    656.6   0.32504
    656.7   0.32443
    656.9   0.32382
    657.1   0.32330
    657.2   0.32317
    657.4   0.32250
    657.6   0.32184
    657.7   0.32153
    657.9   0.32111
    658.1   0.32053
    658.2   0.32000
    658.4   0.31975
    658.6   0.31941
    658.7   0.31891
    658.9   0.31841
    659.1   0.31807
    659.2   0.31784
    659.4   0.31743
    659.6   0.31705
    659.7   0.31679
    659.9   0.31655
    660.1   0.31619
    660.2   0.31588
    660.4   0.31550
    660.6   0.31523
    660.7   0.31477
    660.9   0.31439
    661.1   0.31403
    661.2   0.31383
    661.4   0.31346
    661.6   0.31309
    661.7   0.31291
    661.9   0.31272
    662.1   0.31230
    662.3   0.31188
    662.4   0.31179
    662.6   0.31170
    662.8   0.31137
    662.9   0.31103
    663.1   0.31078
    663.3   0.31053
    663.4   0.31034
    663.6   0.31005
    663.8   0.30978
    664.0   0.30961
    664.1   0.30934
    664.3   0.30908
    664.5   0.30892
    664.6   0.30886
    664.8   0.30852
    665.0   0.30824
    665.1   0.30800
    665.3   0.30793
    665.5   0.30776
    665.7   0.30760
    665.8   0.30740
    666.0   0.30723
    666.2   0.30705
    666.3   0.30678
    666.5   0.30665
    666.7   0.30648
    666.9   0.30624
    667.0   0.30593
    667.2   0.30590
    667.4   0.30587
    667.5   0.30563
    667.7   0.30536
    667.9   0.30530
    668.1   0.30522
    668.2   0.30504
    668.4   0.30492
    668.6   0.30473
    668.7   0.30457
    668.9   0.30448
    669.1   0.30439
    669.3   0.30424
    669.4   0.30413
    669.6   0.30396
    669.8   0.30374
    670.0   0.30368
    670.1   0.30362
    670.3   0.30345
    670.5   0.30329
    670.7   0.30325
    670.8   0.30321
    671.0   0.30301
    671.2   0.30286
    671.3   0.30279
    671.5   0.30270
    671.7   0.30255
    671.9   0.30237
    672.0   0.30230
    672.2   0.30220
    672.4   0.30210
    672.6   0.30192
    672.7   0.30183
    672.9   0.30177
    673.1   0.30169
    673.3   0.30154
    673.4   0.30143
    673.6   0.30132
    673.8   0.30122
    674.0   0.30105
    674.1   0.30096
    674.3   0.30099
    674.5   0.30089
    674.7   0.30074
    674.8   0.30070
    675.0   0.30070
    675.2   0.30059
    675.4   0.30047
    675.5   0.30041
    675.7   0.30036
    675.9   0.30026
    676.1   0.30013
    676.3   0.30011
    676.4   0.30006
    676.6   0.30000
    676.8   0.29989
    677.0   0.29981
    677.1   0.29977
    677.3   0.29965
    677.5   0.29957
    677.7   0.29956
    677.8   0.29951
    678.0   0.29944
    678.2   0.29938
    678.4   0.29938
    678.6   0.29938
    678.7   0.29930
    678.9   0.29917
    679.1   0.29909
    679.3   0.29903
    679.4   0.29899
    679.6   0.29894
    679.8   0.29885
    680.0   0.29883
    680.2   0.29877
    680.3   0.29870
    680.5   0.29862
    680.7   0.29858
    680.9   0.29852
    681.0   0.29838
    681.2   0.29834
    681.4   0.29832
    681.6   0.29827
    681.8   0.29814
    681.9   0.29807
    682.1   0.29809
    682.3   0.29798
    682.5   0.29788
    682.7   0.29784
    682.8   0.29785
    683.0   0.29778
    683.2   0.29770
    683.4   0.29759
    683.6   0.29748
    683.7   0.29737
    683.9   0.29730
    684.1   0.29725
    684.3   0.29716
    684.5   0.29706
    684.6   0.29696
    684.8   0.29688
    685.0   0.29671
    685.2   0.29663
    685.4   0.29651
    685.6   0.29653
    685.7   0.29652
    685.9   0.29634
    686.1   0.29618
    686.3   0.29608
    686.5   0.29601
    686.6   0.29592
    686.8   0.29575
    687.0   0.29568
    687.2   0.29568
    687.4   0.29560
    687.6   0.29547
    687.7   0.29539
    687.9   0.29537
    688.1   0.29534
    688.3   0.29523
    688.5   0.29517
    688.6   0.29513
    688.8   0.29502
    689.0   0.29490
    689.2   0.29484
    689.4   0.29477
    689.6   0.29473
    689.7   0.29468
    689.9   0.29469
    690.1   0.29467
    690.3   0.29458
    690.5   0.29452
    690.7   0.29446
    690.8   0.29441
    691.0   0.29433
    691.2   0.29424
    691.4   0.29422
    691.6   0.29424
    691.8   0.29420
    692.0   0.29419
    692.1   0.29412
    692.3   0.29406
    692.5   0.29403
    692.7   0.29392
    692.9   0.29395
    693.1   0.29392
    693.3   0.29391
    693.4   0.29386
    693.6   0.29386
    693.8   0.29379
    694.0   0.29372
    694.2   0.29362
    694.4   0.29361
    694.6   0.29360
    694.7   0.29352
    694.9   0.29348
    695.1   0.29347
    695.3   0.29345
    695.5   0.29341
    695.7   0.29340
    695.9   0.29336
    696.0   0.29332
    696.2   0.29325
    696.4   0.29319
    696.6   0.29317
    696.8   0.29311
    697.0   0.29310
    697.2   0.29309
    697.4   0.29305
    697.5   0.29305
    697.7   0.29301
    697.9   0.29295
    698.1   0.29296
    698.3   0.29295
    698.5   0.29292
    698.7   0.29290
    698.9   0.29288
    699.0   0.29288
    699.2   0.29282
    699.4   0.29275
    699.6   0.29274
    699.8   0.29273
    700.0   0.29270
    700.2   0.29273
    700.4   0.29273
    700.6   0.29273
    700.7   0.29269
    700.9   0.29266
    701.1   0.29266
    701.3   0.29267
    701.5   0.29268
    701.7   0.29267
    701.9   0.29271
    702.1   0.29273
    702.3   0.29268
    702.5   0.29264
    702.6   0.29260
    702.8   0.29256
    703.0   0.29256
    703.2   0.29252
    703.4   0.29253
    703.6   0.29254
    703.8   0.29253
    704.0   0.29253
    704.2   0.29252
    704.4   0.29253
    704.6   0.29250
    704.7   0.29249
    704.9   0.29251
    705.1   0.29256
    705.3   0.29255
    705.5   0.29250
    705.7   0.29246
    705.9   0.29243
    706.1   0.29243
    706.3   0.29240
    706.5   0.29246
    706.7   0.29247
    706.9   0.29246
    707.1   0.29247
    707.2   0.29248
    707.4   0.29252
    707.6   0.29251
    707.8   0.29244
    708.0   0.29247
    708.2   0.29248
    708.4   0.29251
    708.6   0.29252
    708.8   0.29250
    709.0   0.29252
    709.2   0.29252
    709.4   0.29253
    709.6   0.29253
    709.8   0.29255
    710.0   0.29253
    710.2   0.29249
    710.4   0.29252
    710.5   0.29255
    710.7   0.29254
    710.9   0.29256
    711.1   0.29257
    711.3   0.29259
    711.5   0.29257
    711.7   0.29256
    711.9   0.29262
    712.1   0.29265
    712.3   0.29264
    712.5   0.29261
    712.7   0.29260
    712.9   0.29261
    713.1   0.29259
    713.3   0.29258
    713.5   0.29257
    713.7   0.29262
    713.9   0.29262
    714.1   0.29260
    714.3   0.29261
    714.5   0.29269
    714.7   0.29268
    714.9   0.29266
    715.1   0.29266
    715.3   0.29268
    715.4   0.29269
    715.6   0.29270
    715.8   0.29271
    716.0   0.29274
    716.2   0.29278
    716.4   0.29272
    716.6   0.29275
    716.8   0.29273
    717.0   0.29274
    717.2   0.29275
    717.4   0.29275
    717.6   0.29279
    717.8   0.29279
    718.0   0.29279
    718.2   0.29283
    718.4   0.29286
    718.6   0.29288
    718.8   0.29288
    719.0   0.29288
    719.2   0.29291
    719.4   0.29292
    719.6   0.29289
    719.8   0.29292
    720.0   0.29292
    720.2   0.29291
    720.4   0.29288
    720.6   0.29289
    720.8   0.29291
    721.0   0.29295
    721.2   0.29297
    721.4   0.29298
    721.6   0.29300
    721.8   0.29299
    722.0   0.29300
    722.2   0.29301
    722.4   0.29303
    722.6   0.29304
    722.8   0.29301
    723.0   0.29303
    723.2   0.29305
    723.4   0.29307
    723.6   0.29306
    723.8   0.29309
    724.0   0.29310
    724.2   0.29310
    724.4   0.29311
    724.6   0.29313
    724.9   0.29315
    725.1   0.29317
    725.3   0.29315
    725.5   0.29314
    725.7   0.29317
    725.9   0.29317
    726.1   0.29317
    726.3   0.29317
    726.5   0.29319
    726.7   0.29321
    726.9   0.29322
    727.1   0.29322
    727.3   0.29325
    727.5   0.29322
    727.7   0.29324
    727.9   0.29323
    728.1   0.29325
    728.3   0.29322
    728.5   0.29322
    728.7   0.29325
    728.9   0.29329
    729.1   0.29330
    729.3   0.29331
    729.5   0.29332
    729.7   0.29334
    730.0   0.29336
    730.2   0.29337
    730.4   0.29338
    730.6   0.29336
    730.8   0.29339
    731.0   0.29339
    731.2   0.29338
    731.4   0.29336
    731.6   0.29335
    731.8   0.29335
    732.0   0.29337
    732.2   0.29341
    732.4   0.29343
    732.6   0.29343
    732.8   0.29347
    733.1   0.29346
    733.3   0.29344
    733.5   0.29342
    733.7   0.29343
    733.9   0.29345
    734.1   0.29349
    734.3   0.29347
    734.5   0.29348
    734.7   0.29348
    734.9   0.29349
    735.1   0.29351
    735.3   0.29352
    735.5   0.29351
    735.8   0.29353
    736.0   0.29352
    736.2   0.29354
    736.4   0.29355
    736.6   0.29357
    736.8   0.29357
    737.0   0.29359
    737.2   0.29362
    737.4   0.29363
    737.6   0.29361
    737.9   0.29361
    738.1   0.29359
    738.3   0.29360
    738.5   0.29362
    738.7   0.29363
    738.9   0.29365
    739.1   0.29364
    739.3   0.29364
    739.5   0.29369
    739.7   0.29368
    740.0   0.29367
    740.2   0.29368
    740.4   0.29368
    740.6   0.29371
    740.8   0.29371
    741.0   0.29372
    741.2   0.29372
    741.4   0.29375
    741.7   0.29376
    741.9   0.29374
    742.1   0.29379
    742.3   0.29380
    742.5   0.29378
    742.7   0.29377
    742.9   0.29376
    743.1   0.29378
    743.4   0.29377
    743.6   0.29378
    743.8   0.29379
    744.0   0.29383
    744.2   0.29381
    744.4   0.29382
    744.6   0.29383
    744.8   0.29387
    745.1   0.29385
    745.3   0.29386
    745.5   0.29386
    745.7   0.29387
    745.9   0.29387
    746.1   0.29385
    746.3   0.29385
    746.6   0.29390
    746.8   0.29392
    747.0   0.29393
    747.2   0.29396
    747.4   0.29398
    747.6   0.29396
    747.9   0.29397
    748.1   0.29395
    748.3   0.29395
    748.5   0.29395
    748.7   0.29395
    748.9   0.29397
    749.2   0.29397
    749.4   0.29398
    749.6   0.29400
    749.8   0.29398
    750.0   0.29402
    750.2   0.29402
    750.5   0.29403
    750.7   0.29405
    750.9   0.29405
    751.1   0.29406
    751.3   0.29406
    751.5   0.29406
    751.8   0.29406
    752.0   0.29407
    752.2   0.29405
    752.4   0.29407
    752.6   0.29408
    752.9   0.29409
    753.1   0.29410
    753.3   0.29410
    753.5   0.29412
    753.7   0.29412
    753.9   0.29412
    754.2   0.29414
    754.4   0.29414
    754.6   0.29415
    754.8   0.29412
    755.0   0.29412
    755.3   0.29413
    755.5   0.29415
    755.7   0.29416
    755.9   0.29417
    756.1   0.29417
    756.4   0.29418
    756.6   0.29419
    756.8   0.29419
    757.0   0.29422
    757.3   0.29422
    757.5   0.29423
    757.7   0.29424
    757.9   0.29424
    758.1   0.29424
    758.4   0.29426
    758.6   0.29426
    758.8   0.29426
    759.0   0.29425
    759.2   0.29424
    759.5   0.29427
    759.7   0.29429
    759.9   0.29429
    760.1   0.29430
    760.4   0.29431
    760.6   0.29432
    760.8   0.29431
    761.0   0.29430
    761.3   0.29433
    761.5   0.29435
    761.7   0.29436
    761.9   0.29435
    762.1   0.29435
    762.4   0.29436
    762.6   0.29437
    762.8   0.29436
    763.0   0.29439
    763.3   0.29441
    763.5   0.29443
    763.7   0.29441
    763.9   0.29440
    764.2   0.29441
    764.4   0.29441
    764.6   0.29441
    764.8   0.29441
    765.1   0.29443
    765.3   0.29441
    765.5   0.29443
    765.8   0.29445
    766.0   0.29449
    766.2   0.29447
    766.4   0.29447
    766.7   0.29447
    766.9   0.29449
    767.1   0.29451
    767.3   0.29453
    767.6   0.29453
    767.8   0.29455
    768.0   0.29455
    768.2   0.29454
    768.5   0.29454
    768.7   0.29455
    768.9   0.29453
    769.2   0.29453
    769.4   0.29453
    769.6   0.29456
    769.8   0.29456
    770.1   0.29460
    770.3   0.29459
    770.5   0.29461
    770.8   0.29465
    771.0   0.29463
    771.2   0.29467
    771.4   0.29467
    771.7   0.29466
    771.9   0.29467
    772.1   0.29465
    772.4   0.29465
    772.6   0.29468
    772.8   0.29470
    773.1   0.29471
    773.3   0.29475
    773.5   0.29474
    773.8   0.29471
    774.0   0.29472
    774.2   0.29476
    774.4   0.29478
    774.7   0.29478
    774.9   0.29477
    775.1   0.29478
    775.4   0.29479
    775.6   0.29481
    775.8   0.29477
    776.1   0.29481
    776.3   0.29481
    776.5   0.29482
    776.8   0.29483
    777.0   0.29484
    777.2   0.29486
    777.5   0.29486
    777.7   0.29490
    777.9   0.29490
    778.2   0.29490
    778.4   0.29490
    778.6   0.29489
    778.9   0.29489
    779.1   0.29490
    779.3   0.29493
    779.6   0.29495
    779.8   0.29498
    780.0   0.29496
    780.3   0.29494
    780.5   0.29494
    780.7   0.29496
    781.0   0.29499
    781.2   0.29501
    781.4   0.29504
    781.7   0.29506
    781.9   0.29506
    782.2   0.29508
    782.4   0.29510
    782.6   0.29511
    782.9   0.29511
    783.1   0.29511
    783.3   0.29511
    783.6   0.29511
    783.8   0.29513
    784.0   0.29512
    784.3   0.29516
    784.5   0.29519
    784.8   0.29519
    785.0   0.29520
    785.2   0.29523
    785.5   0.29522
    785.7   0.29523
    786.0   0.29525
    786.2   0.29525
    786.4   0.29527
    786.7   0.29527
    786.9   0.29528
    787.1   0.29531
    787.4   0.29532
    787.6   0.29533
    787.9   0.29532
    788.1   0.29532
    788.3   0.29534
    788.6   0.29535
    788.8   0.29537
    789.1   0.29538
    789.3   0.29538
    789.5   0.29539
    789.8   0.29539
    790.0   0.29541
    790.3   0.29540
    790.5   0.29542
    790.7   0.29543
    791.0   0.29546
    791.2   0.29549
    791.5   0.29550
    791.7   0.29552
    792.0   0.29552
    792.2   0.29555
    792.4   0.29557
    792.7   0.29558
    792.9   0.29559
    793.2   0.29560
    793.4   0.29558
    793.7   0.29558
    793.9   0.29560
    794.1   0.29561
    794.4   0.29565
    794.6   0.29567
    794.9   0.29569
    795.1   0.29571
    795.4   0.29571
    795.6   0.29570
    795.8   0.29571
    796.1   0.29573
    796.3   0.29576
    796.6   0.29579
    796.8   0.29580
    797.1   0.29582
    797.3   0.29582
    797.6   0.29583
    797.8   0.29586
    798.1   0.29587
    798.3   0.29587
    798.5   0.29585
    798.8   0.29588
    799.0   0.29591
    799.3   0.29590
    799.5   0.29591
    799.8   0.29595
    800.0   0.29597
    800.3   0.29599
    800.5   0.29598
    800.8   0.29601
    801.0   0.29604
    801.3   0.29605
    801.5   0.29607
    801.8   0.29607
    802.0   0.29608
    802.2   0.29607
    802.5   0.29609
    802.7   0.29611
    803.0   0.29612
    803.2   0.29613
    803.5   0.29617
    803.7   0.29617
    804.0   0.29618
    804.2   0.29619
    804.5   0.29620
    804.7   0.29623
    805.0   0.29625
    805.2   0.29627
    805.5   0.29626
    805.7   0.29628
    806.0   0.29629
    806.2   0.29631
    806.5   0.29634
    806.7   0.29635
    807.0   0.29637
    807.2   0.29637
    807.5   0.29636
    807.7   0.29639
    808.0   0.29642
    808.3   0.29643
    808.5   0.29645
    808.8   0.29645
    809.0   0.29647
    809.3   0.29648
    809.5   0.29650
    809.8   0.29650
    810.0   0.29650
    810.3   0.29652
    810.5   0.29651
    810.8   0.29653
    811.0   0.29653
    811.3   0.29655
    811.5   0.29657
    811.8   0.29658
    812.1   0.29661
    812.3   0.29662
    812.6   0.29663
    812.8   0.29663
    813.1   0.29665
    813.3   0.29666
    813.6   0.29667
    813.8   0.29668
    814.1   0.29670
    814.3   0.29671
    814.6   0.29672
    814.9   0.29675
    815.1   0.29675
    815.4   0.29676
    815.6   0.29675
    815.9   0.29677
    816.1   0.29677
    816.4   0.29678
    816.7   0.29678
    816.9   0.29679
    817.2   0.29681
    817.4   0.29682
    817.7   0.29684
    817.9   0.29683
    818.2   0.29686
    818.5   0.29686
    818.7   0.29686
    819.0   0.29686
    819.2   0.29689
    819.5   0.29690
    819.8   0.29691
    820.0   0.29693
    820.3   0.29695
    820.5   0.29695
    820.8   0.29694
    821.1   0.29695
    821.3   0.29694
    821.6   0.29696
    821.8   0.29698
    822.1   0.29699
    822.4   0.29698
    822.6   0.29699
    822.9   0.29699
    823.1   0.29701
    823.4   0.29702
    823.7   0.29701
    823.9   0.29702
    824.2   0.29701
    824.4   0.29701
    824.7   0.29701
    825.0   0.29701
    825.2   0.29705
    825.5   0.29706
    825.8   0.29707
    826.0   0.29704
    826.3   0.29705
    826.6   0.29706
    826.8   0.29706
    827.1   0.29707
    827.3   0.29708
    827.6   0.29709
    827.9   0.29707
    828.1   0.29707
    828.4   0.29706
    828.7   0.29707
    828.9   0.29706
    829.2   0.29706
    829.5   0.29708
    829.7   0.29709
    830.0   0.29711
    830.3   0.29709
    830.5   0.29710
    830.8   0.29710
    831.1   0.29709
    831.3   0.29708
    831.6   0.29707
    831.9   0.29707
    832.1   0.29707
    832.4   0.29705
    832.7   0.29705
    832.9   0.29706
    833.2   0.29705
    833.5   0.29705
    833.7   0.29705
    834.0   0.29706
    834.3   0.29706
    834.5   0.29704
    834.8   0.29705
    835.1   0.29705
    835.3   0.29705
    835.6   0.29703
    835.9   0.29702
    836.2   0.29703
    836.4   0.29701
    836.7   0.29699
    837.0   0.29699
    837.2   0.29699
    837.5   0.29699
    837.8   0.29700
    838.0   0.29699
    838.3   0.29698
    838.6   0.29696
    838.9   0.29695
    839.1   0.29694
    839.4   0.29696
    839.7   0.29694
    839.9   0.29691
    840.2   0.29688
    840.5   0.29688
    840.8   0.29686
    841.0   0.29684
    841.3   0.29683
    841.6   0.29681
    841.9   0.29681
    842.1   0.29679
    842.4   0.29679
    842.7   0.29678
    842.9   0.29677
    843.2   0.29675
    843.5   0.29674
    843.8   0.29674
    844.0   0.29671
    844.3   0.29669
    844.6   0.29668
    844.9   0.29667
    845.1   0.29664
    845.4   0.29661
    845.7   0.29658
    846.0   0.29657
    846.3   0.29655
    846.5   0.29654
    846.8   0.29653
    847.1   0.29650
    847.4   0.29647
    847.6   0.29644
    847.9   0.29643
    848.2   0.29639
    848.5   0.29637
    848.7   0.29635
    849.0   0.29633
    849.3   0.29631
    849.6   0.29628
    849.9   0.29624
    850.1   0.29620
    850.4   0.29618
    850.7   0.29616
    851.0   0.29614
    851.3   0.29612
    851.5   0.29609
    851.8   0.29606
    852.1   0.29602
    852.4   0.29599
    852.7   0.29598
    852.9   0.29594
    853.2   0.29591
    853.5   0.29587
    853.8   0.29585
    854.1   0.29583
    854.3   0.29579
    854.6   0.29576
    854.9   0.29572
    855.2   0.29568
    855.5   0.29565
    855.8   0.29562
    856.0   0.29560
    856.3   0.29557
    856.6   0.29552
    856.9   0.29548
    857.2   0.29543
    857.4   0.29539
    857.7   0.29535
    858.0   0.29531
    858.3   0.29528
    858.6   0.29525
    858.9   0.29520
    859.2   0.29515
    859.4   0.29511
    859.7   0.29507
    860.0   0.29502
    860.3   0.29498
    860.6   0.29494
    860.9   0.29489
    861.2   0.29483
    861.4   0.29480
    861.7   0.29475
    862.0   0.29471
    862.3   0.29466
    862.6   0.29462
    862.9   0.29457
    863.2   0.29452
    863.4   0.29446
    863.7   0.29443
    864.0   0.29438
    864.3   0.29433
    864.6   0.29427
    864.9   0.29424
    865.2   0.29420
    865.5   0.29415
    865.8   0.29409
    866.0   0.29403
    866.3   0.29397
    866.6   0.29392
    866.9   0.29387
    867.2   0.29383
    867.5   0.29379
    867.8   0.29373
    868.1   0.29367
    868.4   0.29359
    868.7   0.29354
    868.9   0.29347
    869.2   0.29340
    869.5   0.29334
    869.8   0.29329
    870.1   0.29323
    870.4   0.29317
    870.7   0.29310
    871.0   0.29305
    871.3   0.29298
    871.6   0.29290
    871.9   0.29284
    872.2   0.29279
    872.5   0.29272
    872.8   0.29265
    873.0   0.29257
    873.3   0.29251
    873.6   0.29244
    873.9   0.29236
    874.2   0.29229
    874.5   0.29222
    874.8   0.29215
    875.1   0.29208
    875.4   0.29202
    875.7   0.29196
    876.0   0.29187
    876.3   0.29179
    876.6   0.29171
    876.9   0.29165
    877.2   0.29157
    877.5   0.29150
    877.8   0.29143
    878.1   0.29134
    878.4   0.29126
    878.7   0.29118
    879.0   0.29110
    879.3   0.29101
    879.6   0.29094
    879.9   0.29086
    880.2   0.29078
    880.5   0.29072
    880.8   0.29062
    881.1   0.29052
    881.4   0.29043
    881.7   0.29035
    882.0   0.29026
    882.3   0.29018
    882.6   0.29010
    882.9   0.29001
    883.2   0.28992
    883.5   0.28983
    883.8   0.28974
    884.1   0.28965
    884.4   0.28955
    884.7   0.28946
    885.0   0.28936
    885.3   0.28928
    885.6   0.28918
    885.9   0.28909
    886.2   0.28900
    886.5   0.28892
    886.8   0.28882
    887.1   0.28872
    887.4   0.28863
    887.7   0.28852
    888.0   0.28843
    888.3   0.28833
    888.6   0.28824
    888.9   0.28814
    889.2   0.28804
    889.5   0.28794
    889.8   0.28783
    890.1   0.28773
    890.4   0.28763
    890.7   0.28753
    891.1   0.28743
    891.4   0.28734
    891.7   0.28723
    892.0   0.28711
    892.3   0.28700
    892.6   0.28689
    892.9   0.28678
    893.2   0.28667
    893.5   0.28656
    893.8   0.28646
    894.1   0.28635
    894.4   0.28624
    894.7   0.28613
    895.1   0.28602
    895.4   0.28591
    895.7   0.28579
    896.0   0.28568
    896.3   0.28557
    896.6   0.28546
    896.9   0.28534
    897.2   0.28522
    897.5   0.28511
    897.8   0.28499
    898.2   0.28488
    898.5   0.28475
    898.8   0.28464
    899.1   0.28452
    899.4   0.28440
    899.7   0.28428
    900.0   0.28416
    900.3   0.28404
    900.6   0.28391
    901.0   0.28378
    901.3   0.28365
    901.6   0.28353
    901.9   0.28340
    902.2   0.28328
    902.5   0.28315
    902.8   0.28303
    903.2   0.28290
    903.5   0.28276
    903.8   0.28264
    904.1   0.28251
    904.4   0.28238
    904.7   0.28226
    905.1   0.28214
    905.4   0.28200
    905.7   0.28187
    906.0   0.28174
    906.3   0.28162
    906.6   0.28148
    907.0   0.28135
    907.3   0.28121
    907.6   0.28107
    907.9   0.28092
    908.2   0.28079
    908.5   0.28065
    908.9   0.28052
    909.2   0.28037
    909.5   0.28023
    909.8   0.28009
    910.1   0.27995
    910.5   0.27982
    910.8   0.27968
    911.1   0.27954
    911.4   0.27939
    911.7   0.27925
    912.1   0.27911
    912.4   0.27897
    912.7   0.27881
    913.0   0.27867
    913.3   0.27852
    913.7   0.27837
    914.0   0.27823
    914.3   0.27808
    914.6   0.27794
    915.0   0.27778
    915.3   0.27764
    915.6   0.27749
    915.9   0.27734
    916.2   0.27719
    916.6   0.27704
    916.9   0.27688
    917.2   0.27672
    917.5   0.27659
    917.9   0.27643
    918.2   0.27627
    918.5   0.27611
    918.8   0.27596
    919.2   0.27580
    919.5   0.27565
    919.8   0.27550
    920.2   0.27534
    920.5   0.27519
    920.8   0.27505
    921.1   0.27489
    921.5   0.27473
    921.8   0.27457
    922.1   0.27441
    922.4   0.27426
    922.8   0.27410
    923.1   0.27395
    923.4   0.27379
    923.8   0.27363
    924.1   0.27346
    924.4   0.27329
    924.7   0.27313
    925.1   0.27296
    925.4   0.27281
    925.7   0.27265
    926.1   0.27249
    926.4   0.27233
    926.7   0.27216
    927.1   0.27200
    927.4   0.27183
    927.7   0.27166
    928.1   0.27150
    928.4   0.27134
    928.7   0.27118
    929.1   0.27102
    929.4   0.27084
    929.7   0.27068
    930.1   0.27051
    930.4   0.27035
    930.7   0.27019
    931.1   0.27002
    931.4   0.26985
    931.7   0.26968
    932.1   0.26952
    932.4   0.26935
    932.7   0.26917
    933.1   0.26901
    933.4   0.26884
    933.7   0.26867
    934.1   0.26851
    934.4   0.26834
    934.8   0.26817
    935.1   0.26800
    935.4   0.26782
    935.8   0.26766
    936.1   0.26748
    936.4   0.26731
    936.8   0.26713
    937.1   0.26696
    937.5   0.26679
    937.8   0.26662
    938.1   0.26645
    938.5   0.26627
    938.8   0.26610
    939.2   0.26593
    939.5   0.26574
    939.8   0.26556
    940.2   0.26539
    940.5   0.26521
    940.9   0.26504
    941.2   0.26487
    941.5   0.26470
    941.9   0.26453
    942.2   0.26436
    942.6   0.26418
    942.9   0.26401
    943.3   0.26384
    943.6   0.26366
    943.9   0.26349
    944.3   0.26331
    944.6   0.26315
    945.0   0.26297
    945.3   0.26279
    945.7   0.26261
    946.0   0.26244
    946.4   0.26227
    946.7   0.26209
    947.0   0.26191
    947.4   0.26173
    947.7   0.26156
    948.1   0.26139
    948.4   0.26122
    948.8   0.26105
    949.1   0.26087
    949.5   0.26069
    949.8   0.26053
    950.2   0.26036
    950.5   0.26018
    950.9   0.26000
    951.2   0.25982
    951.6   0.25965
    951.9   0.25947
    952.3   0.25930
    952.6   0.25913
    953.0   0.25896
    953.3   0.25878
    953.7   0.25861
    954.0   0.25843
    954.4   0.25826
    954.7   0.25808
    955.1   0.25791
    955.4   0.25774
    955.8   0.25757
    956.1   0.25739
    956.5   0.25722
    956.8   0.25706
    957.2   0.25688
    957.5   0.25671
    957.9   0.25654
    958.3   0.25637
    958.6   0.25619
    959.0   0.25603
    959.3   0.25586
    959.7   0.25569
    960.0   0.25553
    960.4   0.25535
    960.7   0.25518
    961.1   0.25501
    961.4   0.25484
    961.8   0.25467
    962.2   0.25451
    962.5   0.25434
    962.9   0.25418
    963.2   0.25402
    963.6   0.25385
    964.0   0.25369
    964.3   0.25353
    964.7   0.25336
    965.0   0.25319
    965.4   0.25302
    965.7   0.25287
    966.1   0.25270
    966.5   0.25255
    966.8   0.25237
    967.2   0.25222
    967.6   0.25205
    967.9   0.25189
    968.3   0.25174
    968.6   0.25157
    969.0   0.25142
    969.4   0.25126
    969.7   0.25111
    970.1   0.25095
    970.4   0.25079
    970.8   0.25063
    971.2   0.25047
    971.5   0.25031
    971.9   0.25016
    972.3   0.25000
    972.6   0.24984
    973.0   0.24969
    973.4   0.24954
    973.7   0.24939
    974.1   0.24925
    974.5   0.24911
    974.8   0.24895
    975.2   0.24880
    975.6   0.24866
    975.9   0.24851
    976.3   0.24837
    976.7   0.24822
    977.0   0.24807
    977.4   0.24792
    977.8   0.24777
    978.1   0.24763
    978.5   0.24749
    978.9   0.24736
    979.2   0.24722
    979.6   0.24708
    980.0   0.24695
    980.4   0.24680
    980.7   0.24666
    981.1   0.24653
    981.5   0.24639
    981.8   0.24626
    982.2   0.24612
    982.6   0.24599
    983.0   0.24586
    983.3   0.24574
    983.7   0.24561
    984.1   0.24548
    984.5   0.24534
    984.8   0.24521
    985.2   0.24509
    985.6   0.24496
    986.0   0.24484
    986.3   0.24471
    986.7   0.24459
    987.1   0.24447
    987.5   0.24434
    987.8   0.24423
    988.2   0.24411
    988.6   0.24399
    989.0   0.24386
    989.3   0.24374
    989.7   0.24362
    990.1   0.24351
    990.5   0.24340
    990.9   0.24329
    991.2   0.24317
    991.6   0.24306
    992.0   0.24295
    992.4   0.24284
    992.7   0.24273
    993.1   0.24262
    993.5   0.24251
    993.9   0.24241
    994.3   0.24231
    994.7   0.24221
    995.0   0.24211
    995.4   0.24201
    995.8   0.24191
    996.2   0.24181
    996.6   0.24172
    996.9   0.24163
    997.3   0.24154
    997.7   0.24145
    998.1   0.24136
    998.5   0.24127
    998.9   0.24118
    999.3   0.24109
    999.6   0.24100
   1000.0   0.24092
   1000.4   0.24084
   1000.8   0.24076
   1001.2   0.24068
   1001.6   0.24059
   1002.0   0.24051
   1002.3   0.24043
   1002.7   0.24036
   1003.1   0.24028
   1003.5   0.24021
   1003.9   0.24014
   1004.3   0.24007
   1004.7   0.24000
   1005.1   0.23992
   1005.5   0.23985
   1005.8   0.23979
   1006.2   0.23972
   1006.6   0.23966
   1007.0   0.23960
   1007.4   0.23954
   1007.8   0.23948
   1008.2   0.23942
   1008.6   0.23936
   1009.0   0.23931
   1009.4   0.23925
   1009.8   0.23920
   1010.2   0.23914
   1010.6   0.23909
   1010.9   0.23905
   1011.3   0.23900
   1011.7   0.23896
   1012.1   0.23892
   1012.5   0.23887
   1012.9   0.23884
   1013.3   0.23880
   1013.7   0.23876
   1014.1   0.23872
   1014.5   0.23868
   1014.9   0.23865
   1015.3   0.23862
   1015.7   0.23860
   1016.1   0.23857
   1016.5   0.23854
   1016.9   0.23851
   1017.3   0.23848
   1017.7   0.23846
   1018.1   0.23843
   1018.5   0.23842
   1018.9   0.23840
   1019.3   0.23838
   1019.7   0.23837
   1020.1   0.23835
   1020.5   0.23834
   1020.9   0.23833
   1021.3   0.23832
   1021.7   0.23832
   1022.1   0.23831
   1022.5   0.23830
   1022.9   0.23830
   1023.3   0.23830
   1023.7   0.23830
   1024.1   0.23831
   1024.5   0.23831
   1024.9   0.23833
   1025.3   0.23834
   1025.7   0.23834
   1026.2   0.23834
   1026.6   0.23835
   1027.0   0.23836
   1027.4   0.23838
   1027.8   0.23840
   1028.2   0.23841
   1028.6   0.23844
   1029.0   0.23846
   1029.4   0.23848
   1029.8   0.23850
   1030.2   0.23853
   1030.6   0.23857
   1031.1   0.23860
   1031.5   0.23863
   1031.9   0.23867
   1032.3   0.23870
   1032.7   0.23875
   1033.1   0.23879
   1033.5   0.23883
   1033.9   0.23888
   1034.3   0.23892
   1034.8   0.23897
   1035.2   0.23903
   1035.6   0.23908
   1036.0   0.23913
   1036.4   0.23919
   1036.8   0.23924
   1037.2   0.23930
   1037.7   0.23936
   1038.1   0.23942
   1038.5   0.23949
   1038.9   0.23955
   1039.3   0.23961
   1039.7   0.23968
   1040.2   0.23976
   1040.6   0.23983
   1041.0   0.23990
   1041.4   0.23999
   1041.8   0.24007
   1042.2   0.24016
   1042.7   0.24024
   1043.1   0.24032
   1043.5   0.24040
   1043.9   0.24049
   1044.3   0.24058
   1044.8   0.24067
   1045.2   0.24076
   1045.6   0.24086
   1046.0   0.24097
   1046.5   0.24131
   1046.9   0.24147
   1047.3   0.24132
   1047.7   0.24133
   1048.1   0.24160
   1048.6   0.24162
   1049.0   0.24153
   1049.4   0.24159
   1049.8   0.24189
   1050.3   0.24233
   1050.7   0.24239
   1051.1   0.24238
   1051.5   0.24258
   1052.0   0.24259
   1052.4   0.24262
   1052.8   0.24285
   1053.3   0.24331
   1053.7   0.24351
   1054.1   0.24336
   1054.5   0.24312
   1055.0   0.24343
   1055.4   0.24349
   1055.8   0.24337
   1056.3   0.24368
   1056.7   0.24428
   1057.1   0.24449
   1057.6   0.24456
   1058.0   0.24457
   1058.4   0.24460
   1058.9   0.24490
   1059.3   0.24536
   1059.7   0.24567
   1060.2   0.24569
   1060.6   0.24526
   1061.0   0.24520
   1061.5   0.24573
   1061.9   0.24620
   1062.3   0.24624
   1062.8   0.24619
   1063.2   0.24647
   1063.6   0.24688
   1064.1   0.24668
   1064.5   0.24674
   1064.9   0.24707
   1065.4   0.24707
   1065.8   0.24709
   1066.3   0.24743
   1066.7   0.24789
   1067.1   0.24806
   1067.6   0.24817
   1068.0   0.24850
   1068.5   0.24855
   1068.9   0.24858
   1069.3   0.24865
   1069.8   0.24904
   1070.2   0.24921
   1070.7   0.24956
   1071.1   0.24980
   1071.5   0.24981
   1072.0   0.25005
   1072.4   0.25019
   1072.9   0.25045
   1073.3   0.25076
   1073.8   0.25083
   1074.2   0.25085
   1074.7   0.25071
   1075.1   0.25121
   1075.5   0.25151
   1076.0   0.25148
   1076.4   0.25166
   1076.9   0.25199
   1077.3   0.25232
   1077.8   0.25247
   1078.2   0.25228
   1078.7   0.25278
   1079.1   0.25313
   1079.6   0.25326
   1080.0   0.25367
   1080.5   0.25399
   1080.9   0.25400
   1081.4   0.25423
   1081.8   0.25446
   1082.3   0.25462
   1082.7   0.25483
   1083.2   0.25517
   1083.6   0.25518
   1084.1   0.25544
   1084.5   0.25587
   1085.0   0.25623
   1085.5   0.25632
   1085.9   0.25648
   1086.4   0.25660
   1086.8   0.25658
   1087.3   0.25696
   1087.7   0.25719
   1088.2   0.25720
   1088.6   0.25749
   1089.1   0.25776
   1089.6   0.25789
   1090.0   0.25823
   1090.5   0.25864
   1090.9   0.25889
   1091.4   0.25881
   1091.9   0.25911
   1092.3   0.25943
   1092.8   0.25929
   1093.2   0.25926
   1093.7   0.25974
   1094.2   0.26030
   1094.6   0.26063
   1095.1   0.26091
   1095.5   0.26084
   1096.0   0.26101
   1096.5   0.26141
   1096.9   0.26172
   1097.4   0.26194
   1097.9   0.26222
   1098.3   0.26261
   1098.8   0.26281
   1099.3   0.26288
   1099.7   0.26310
   1100.2   0.26315
   1100.7   0.26325
   1101.1   0.26362
   1101.6   0.26376
   1102.1   0.26410
   1102.5   0.26447
   1103.0   0.26475
   1103.5   0.26495
   1103.9   0.26532
   1104.4   0.26568
   1104.9   0.26556
   1105.4   0.26561
   1105.8   0.26587
   1106.3   0.26623
   1106.8   0.26666
   1107.2   0.26697
   1107.7   0.26724
   1108.2   0.26729
   1108.7   0.26743
   1109.1   0.26781
   1109.6   0.26798
   1110.1   0.26812
   1110.6   0.26829
   1111.0   0.26845
   1111.5   0.26876
   1112.0   0.26883
   1112.5   0.26918
   1113.0   0.26930
   1113.4   0.26914
   1113.9   0.26989
   1114.4   0.27047
   1114.9   0.27067
   1115.3   0.27048
   1115.8   0.27050
   1116.3   0.27111
   1116.8   0.27145
   1117.3   0.27152
   1117.8   0.27189
   1118.2   0.27212
   1118.7   0.27248
   1119.2   0.27283
   1119.7   0.27294
   1120.2   0.27295
   1120.7   0.27327
   1121.1   0.27381
   1121.6   0.27406
   1122.1   0.27400
   1122.6   0.27405
   1123.1   0.27433
   1123.6   0.27455
   1124.1   0.27483
   1124.5   0.27499
   1125.0   0.27531
   1125.5   0.27566
   1126.0   0.27596
   1126.5   0.27626
   1127.0   0.27649
   1127.5   0.27660
   1128.0   0.27674
   1128.5   0.27690
   1128.9   0.27701
   1129.4   0.27726
   1129.9   0.27753
   1130.4   0.27766
   1130.9   0.27776
   1131.4   0.27794
   1131.9   0.27836
   1132.4   0.27866
   1132.9   0.27889
   1133.4   0.27893
   1133.9   0.27928
   1134.4   0.27951
   1134.9   0.27961
   1135.4   0.27999
   1135.9   0.28037
   1136.4   0.28058
   1136.9   0.28059
   1137.4   0.28062
   1137.9   0.28098
   1138.4   0.28145
   1138.9   0.28148
   1139.4   0.28153
   1139.9   0.28199
   1140.4   0.28237
   1140.9   0.28248
   1141.4   0.28260
   1141.9   0.28289
   1142.4   0.28300
   1142.9   0.28293
   1143.4   0.28311
   1143.9   0.28363
   1144.4   0.28403
   1144.9   0.28391
   1145.4   0.28383
   1145.9   0.28422
   1146.4   0.28469
   1146.9   0.28495
   1147.4   0.28499
   1147.9   0.28508
   1148.5   0.28532
   1149.0   0.28538
   1149.5   0.28553
   1150.0   0.28591
   1150.5   0.28615
   1151.0   0.28639
   1151.5   0.28660
   1152.0   0.28687
   1152.5   0.28701
   1153.1   0.28692
   1153.6   0.28713
   1154.1   0.28737
   1154.6   0.28752
   1155.1   0.28781
   1155.6   0.28791
   1156.1   0.28797
   1156.7   0.28829
   1157.2   0.28869
   1157.7   0.28879
   1158.2   0.28883
   1158.7   0.28890
   1159.2   0.28900
   1159.8   0.28939
   1160.3   0.28955
   1160.8   0.28967
   1161.3   0.28994
   1161.8   0.29008
   1162.4   0.29010
   1162.9   0.29041
   1163.4   0.29061
   1163.9   0.29064
   1164.5   0.29098
   1165.0   0.29116
   1165.5   0.29110
   1166.0   0.29133
   1166.5   0.29168
   1167.1   0.29174
   1167.6   0.29203
   1168.1   0.29242
   1168.7   0.29255
   1169.2   0.29242
   1169.7   0.29239
   1170.2   0.29285
   1170.8   0.29304
   1171.3   0.29317
   1171.8   0.29340
   1172.4   0.29369
   1172.9   0.29380
   1173.4   0.29387
   1173.9   0.29396
   1174.5   0.29403
   1175.0   0.29445
   1175.5   0.29475
   1176.1   0.29469
   1176.6   0.29485
   1177.1   0.29524
   1177.7   0.29534
   1178.2   0.29542
   1178.7   0.29562
   1179.3   0.29587
   1179.8   0.29606
   1180.4   0.29618
   1180.9   0.29628
   1181.4   0.29624
   1182.0   0.29635
   1182.5   0.29659
   1183.1   0.29677
   1183.6   0.29676
   1184.1   0.29689
   1184.7   0.29717
   1185.2   0.29749
   1185.8   0.29773
   1186.3   0.29775
   1186.8   0.29776
   1187.4   0.29798
   1187.9   0.29836
   1188.5   0.29847
   1189.0   0.29872
   1189.6   0.29888
   1190.1   0.29887
   1190.7   0.29880
   1191.2   0.29880
   1191.8   0.29896
   1192.3   0.29906
   1192.9   0.29927
   1193.4   0.29948
   1194.0   0.29956
   1194.5   0.29967
   1195.1   0.29974
   1195.6   0.30002
   1196.2   0.30041
   1196.7   0.30076
   1197.3   0.30088
   1197.8   0.30092
   1198.4   0.30091
   1198.9   0.30117
   1199.5   0.30126
   1200.0   0.30128
   1200.6   0.30153
   1201.1   0.30176
   1201.7   0.30172
   1202.3   0.30176
   1202.8   0.30199
   1203.4   0.30224
   1203.9   0.30237
   1204.5   0.30246
   1205.1   0.30267
   1205.6   0.30256
   1206.2   0.30257
   1206.7   0.30284
   1207.3   0.30300
   1207.9   0.30320
   1208.4   0.30338
   1209.0   0.30331
   1209.6   0.30345
   1210.1   0.30353
   1210.7   0.30350
   1211.2   0.30358
   1211.8   0.30383
   1212.4   0.30399
   1212.9   0.30407
   1213.5   0.30424
   1214.1   0.30446
   1214.7   0.30462
   1215.2   0.30477
   1215.8   0.30498
   1216.4   0.30495
   1216.9   0.30489
   1217.5   0.30503
   1218.1   0.30525
   1218.6   0.30543
   1219.2   0.30550
   1219.8   0.30559
   1220.4   0.30569
   1220.9   0.30585
   1221.5   0.30581
   1222.1   0.30596
   1222.7   0.30627
   1223.3   0.30607
   1223.8   0.30595
   1224.4   0.30634
   1225.0   0.30656
   1225.6   0.30663
   1226.1   0.30690
   1226.7   0.30705
   1227.3   0.30709
   1227.9   0.30718
   1228.5   0.30718
   1229.1   0.30728
   1229.6   0.30752
   1230.2   0.30758
   1230.8   0.30754
   1231.4   0.30757
   1232.0   0.30788
   1232.6   0.30811
   1233.1   0.30811
   1233.7   0.30840
   1234.3   0.30867
   1234.9   0.30884
   1235.5   0.30866
   1236.1   0.30855
   1236.7   0.30847
   1237.3   0.30875
   1237.9   0.30905
   1238.4   0.30925
   1239.0   0.30930
   1239.6   0.30925
   1240.2   0.30918
   1240.8   0.30937
   1241.4   0.30960
   1242.0   0.30958
   1242.6   0.30956
   1243.2   0.30980
   1243.8   0.31003
   1244.4   0.30995
   1245.0   0.31034
   1245.6   0.31070
   1246.2   0.31080
   1246.8   0.31074
   1247.4   0.31061
   1248.0   0.31067
   1248.6   0.31080
   1249.2   0.31088
   1249.8   0.31099
   1250.4   0.31116
   1251.0   0.31127
   1251.6   0.31129
   1252.2   0.31162
   1252.8   0.31187
   1253.4   0.31197
   1254.0   0.31198
   1254.6   0.31197
   1255.2   0.31195
   1255.8   0.31205
   1256.5   0.31210
   1257.1   0.31215
   1257.7   0.31224
   1258.3   0.31229
   1258.9   0.31240
   1259.5   0.31251
   1260.1   0.31267
   1260.7   0.31277
   1261.3   0.31295
   1262.0   0.31318
   1262.6   0.31307
   1263.2   0.31321
   1263.8   0.31349
   1264.4   0.31351
   1265.0   0.31342
   1265.7   0.31354
   1266.3   0.31370
   1266.9   0.31362
   1267.5   0.31393
   1268.1   0.31420
   1268.8   0.31411
   1269.4   0.31418
   1270.0   0.31439
   1270.6   0.31431
   1271.2   0.31443
   1271.9   0.31471
   1272.5   0.31468
   1273.1   0.31480
   1273.7   0.31498
   1274.4   0.31506
   1275.0   0.31509
   1275.6   0.31512
   1276.3   0.31504
   1276.9   0.31523
   1277.5   0.31543
   1278.1   0.31544
   1278.8   0.31550
   1279.4   0.31563
   1280.0   0.31582
   1280.7   0.31602
   1281.3   0.31593
   1281.9   0.31591
   1282.6   0.31607
   1283.2   0.31632
   1283.8   0.31618
   1284.5   0.31623
   1285.1   0.31660
   1285.7   0.31683
   1286.4   0.31691
   1287.0   0.31688
   1287.7   0.31694
   1288.3   0.31701
   1288.9   0.31702
   1289.6   0.31707
   1290.2   0.31720
   1290.9   0.31746
   1291.5   0.31760
   1292.2   0.31766
   1292.8   0.31789
   1293.4   0.31802
   1294.1   0.31788
   1294.7   0.31772
   1295.4   0.31784
   1296.0   0.31793
   1296.7   0.31803
   1297.3   0.31819
   1298.0   0.31818
   1298.6   0.31824
   1299.3   0.31861
   1299.9   0.31867
   1300.6   0.31872
   1301.2   0.31884
   1301.9   0.31888
   1302.5   0.31898
   1303.2   0.31921
   1303.9   0.31918
   1304.5   0.31889
   1305.2   0.31923
   1305.8   0.31945
   1306.5   0.31924
   1307.1   0.31936
   1307.8   0.31969
   1308.5   0.31971
   1309.1   0.31964
   1309.8   0.31971
   1310.4   0.31984
   1311.1   0.32000
   1311.8   0.32013
   1312.4   0.32043
   1313.1   0.32049
   1313.8   0.32046
   1314.4   0.32061
   1315.1   0.32065
   1315.8   0.32083
   1316.4   0.32085
   1317.1   0.32083
   1317.8   0.32082
   1318.4   0.32092
   1319.1   0.32112
   1319.8   0.32122
   1320.5   0.32132
   1321.1   0.32143
   1321.8   0.32170
   1322.5   0.32187
   1323.2   0.32187
   1323.8   0.32182
   1324.5   0.32199
   1325.2   0.32219
   1325.9   0.32215
   1326.5   0.32196
   1327.2   0.32215
   1327.9   0.32234
   1328.6   0.32227
   1329.3   0.32237
   1329.9   0.32257
   1330.6   0.32254
   1331.3   0.32259
   1332.0   0.32271
   1332.7   0.32279
   1333.4   0.32300
   1334.1   0.32303
   1334.7   0.32293
   1335.4   0.32303
   1336.1   0.32326
   1336.8   0.32342
   1337.5   0.32340
   1338.2   0.32346
   1338.9   0.32356
   1339.6   0.32364
   1340.3   0.32386
   1341.0   0.32381
   1341.6   0.32380
   1342.3   0.32383
   1343.0   0.32384
   1343.7   0.32401
   1344.4   0.32407
   1345.1   0.32414
   1345.8   0.32423
   1346.5   0.32426
   1347.2   0.32432
   1347.9   0.32451
   1348.6   0.32462
   1349.3   0.32473
   1350.0   0.32496
   1350.7   0.32508
   1351.4   0.32511
   1352.1   0.32507
   1352.9   0.32515
   1353.6   0.32522
   1354.3   0.32544
   1355.0   0.32552
   1355.7   0.32553
   1356.4   0.32553
   1357.1   0.32556
   1357.8   0.32569
   1358.5   0.32584
   1359.2   0.32598
   1360.0   0.32602
   1360.7   0.32609
   1361.4   0.32609
   1362.1   0.32626
   1362.8   0.32636
   1363.5   0.32636
   1364.2   0.32661
   1365.0   0.32669
   1365.7   0.32670
   1366.4   0.32676
   1367.1   0.32672
   1367.8   0.32661
   1368.6   0.32682
   1369.3   0.32690
   1370.0   0.32697
   1370.7   0.32716
   1371.5   0.32727
   1372.2   0.32734
   1372.9   0.32738
   1373.6   0.32742
   1374.4   0.32763
   1375.1   0.32783
   1375.8   0.32780
   1376.6   0.32783
   1377.3   0.32780
   1378.0   0.32786
   1378.8   0.32808
   1379.5   0.32827
   1380.2   0.32828
   1381.0   0.32826
   1381.7   0.32818
   1382.4   0.32825
   1383.2   0.32845
   1383.9   0.32845
   1384.7   0.32848
   1385.4   0.32862
   1386.1   0.32883
   1386.9   0.32880
   1387.6   0.32886
   1388.4   0.32893
   1389.1   0.32895
   1389.8   0.32911
   1390.6   0.32929
   1391.3   0.32927
   1392.1   0.32924
   1392.8   0.32935
   1393.6   0.32947
   1394.3   0.32940
   1395.1   0.32955
   1395.8   0.32959
   1396.6   0.32963
   1397.3   0.32970
   1398.1   0.32970
   1398.8   0.32973
   1399.6   0.32993
   1400.4   0.33005
   1401.1   0.33014
   1401.9   0.33008
   1402.6   0.33012
   1403.4   0.33033
   1404.2   0.33047
   1404.9   0.33041
   1405.7   0.33037
   1406.4   0.33047
   1407.2   0.33060
   1408.0   0.33067
   1408.7   0.33077
   1409.5   0.33079
   1410.3   0.33095
   1411.0   0.33123
   1411.8   0.33122
   1412.6   0.33125
   1413.3   0.33142
   1414.1   0.33150
   1414.9   0.33149
   1415.7   0.33159
   1416.4   0.33173
   1417.2   0.33188
   1418.0   0.33194
   1418.8   0.33192
   1419.5   0.33195
   1420.3   0.33190
   1421.1   0.33200
   1421.9   0.33214
   1422.6   0.33236
   1423.4   0.33233
   1424.2   0.33235
   1425.0   0.33247
   1425.8   0.33263
   1426.6   0.33273
   1427.3   0.33283
   1428.1   0.33283
   1428.9   0.33283
   1429.7   0.33294
   1430.5   0.33311
   1431.3   0.33318
   1432.1   0.33309
   1432.9   0.33313
   1433.7   0.33323
   1434.5   0.33320
   1435.3   0.33333
   1436.0   0.33336
   1436.8   0.33324
   1437.6   0.33335
   1438.4   0.33342
   1439.2   0.33346
   1440.0   0.33363
   1440.8   0.33374
   1441.6   0.33367
   1442.4   0.33383
   1443.2   0.33403
   1444.0   0.33430
   1444.9   0.33436
   1445.7   0.33425
   1446.5   0.33427
   1447.3   0.33438
   1448.1   0.33442
   1448.9   0.33441
   1449.7   0.33436
   1450.5   0.33446
   1451.3   0.33467
   1452.1   0.33479
   1453.0   0.33481
   1453.8   0.33488
   1454.6   0.33499
   1455.4   0.33503
   1456.2   0.33501
   1457.0   0.33496
   1457.9   0.33501
   1458.7   0.33509
   1459.5   0.33512
   1460.3   0.33541
   1461.1   0.33543
   1462.0   0.33538
   1462.8   0.33550
   1463.6   0.33565
   1464.4   0.33561
   1465.3   0.33540
   1466.1   0.33548
   1466.9   0.33582
   1467.8   0.33584
   1468.6   0.33566
   1469.4   0.33583
   1470.3   0.33600
   1471.1   0.33604
   1471.9   0.33615
   1472.8   0.33626
   1473.6   0.33623
   1474.4   0.33628
   1475.3   0.33626
   1476.1   0.33638
   1477.0   0.33630
   1477.8   0.33622
   1478.6   0.33634
   1479.5   0.33648
   1480.3   0.33652
   1481.2   0.33649
   1482.0   0.33647
   1482.9   0.33659
   1483.7   0.33671
   1484.6   0.33684
   1485.4   0.33697
   1486.3   0.33709
   1487.1   0.33705
   1488.0   0.33707
   1488.8   0.33722
   1489.7   0.33728
   1490.6   0.33725
   1491.4   0.33720
   1492.3   0.33715
   1493.1   0.33729
   1494.0   0.33745
   1494.8   0.33742
   1495.7   0.33718
   1496.6   0.33735
   1497.4   0.33738
   1498.3   0.33751
   1499.2   0.33778
   1500.0   0.33775
   1500.9   0.33771
   1501.8   0.33774
   1502.6   0.33779
   1503.5   0.33784
   1504.4   0.33768
   1505.3   0.33762
   1506.1   0.33781
   1507.0   0.33806
   1507.9   0.33816
   1508.8   0.33806
   1509.6   0.33823
   1510.5   0.33837
   1511.4   0.33827
   1512.3   0.33822
   1513.2   0.33826
   1514.1   0.33824
   1514.9   0.33842
   1515.8   0.33846
   1516.7   0.33831
   1517.6   0.33839
   1518.5   0.33859
   1519.4   0.33862
   1520.3   0.33871
   1521.2   0.33878
   1522.1   0.33871
   1523.0   0.33864
   1523.8   0.33860
   1524.7   0.33867
   1525.6   0.33878
   1526.5   0.33885
   1527.4   0.33885
   1528.3   0.33891
   1529.2   0.33909
   1530.1   0.33911
   1531.0   0.33909
   1532.0   0.33910
   1532.9   0.33909
   1533.8   0.33913
   1534.7   0.33926
   1535.6   0.33929
   1536.5   0.33930
   1537.4   0.33934
   1538.3   0.33931
   1539.2   0.33930
   1540.1   0.33932
   1541.1   0.33945
   1542.0   0.33954
   1542.9   0.33958
   1543.8   0.33969
   1544.7   0.33979
   1545.7   0.33984
   1546.6   0.33966
   1547.5   0.33961
   1548.4   0.33965
   1549.4   0.33966
   1550.3   0.33977
   1551.2   0.33985
   1552.1   0.33998
   1553.1   0.33999
   1554.0   0.33998
   1554.9   0.33999
   1555.9   0.34009
   1556.8   0.34020
   1557.7   0.34023
   1558.7   0.34018
   1559.6   0.34025
   1560.5   0.34037
   1561.5   0.34042
   1562.4   0.34034
   1563.4   0.34028
   1564.3   0.34036
   1565.3   0.34051
   1566.2   0.34062
   1567.2   0.34069
   1568.1   0.34067
   1569.0   0.34063
   1570.0   0.34066
   1571.0   0.34079
   1571.9   0.34073
   1572.9   0.34071
   1573.8   0.34097
   1574.8   0.34105
   1575.7   0.34077
   1576.7   0.34072
   1577.6   0.34083
   1578.6   0.34099
   1579.6   0.34099
   1580.5   0.34096
   1581.5   0.34089
   1582.5   0.34090
   1583.4   0.34114
   1584.4   0.34124
   1585.4   0.34098
   1586.3   0.34085
   1587.3   0.34106
   1588.3   0.34109
   1589.3   0.34101
   1590.2   0.34118
   1591.2   0.34116
   1592.2   0.34097
   1593.2   0.34109
   1594.1   0.34119
   1595.1   0.34123
   1596.1   0.34116
   1597.1   0.34113
   1598.1   0.34132
   1599.1   0.34129
   1600.0   0.34122
   1601.0   0.34127
   1602.0   0.34137
   1603.0   0.34140
   1604.0   0.34144
   1605.0   0.34153
   1606.0   0.34155
   1607.0   0.34161
   1608.0   0.34166
   1609.0   0.34158
   1610.0   0.34155
   1611.0   0.34160
   1612.0   0.34164
   1613.0   0.34146
   1614.0   0.34125
   1615.0   0.34142
   1616.0   0.34165
   1617.0   0.34176
   1618.0   0.34177
   1619.0   0.34184
   1620.0   0.34178
   1621.1   0.34162
   1622.1   0.34184
   1623.1   0.34203
   1624.1   0.34182
   1625.1   0.34162
   1626.1   0.34160
   1627.2   0.34159
   1628.2   0.34158
   1629.2   0.34163
   1630.2   0.34178
   1631.3   0.34183
   1632.3   0.34170
   1633.3   0.34171
   1634.3   0.34181
   1635.4   0.34190
   1636.4   0.34198
   1637.4   0.34197
   1638.5   0.34199
   1639.5   0.34199
   1640.5   0.34190
   1641.6   0.34172
   1642.6   0.34173
   1643.7   0.34186
   1644.7   0.34187
   1645.8   0.34177
   1646.8   0.34177
   1647.8   0.34176
   1648.9   0.34175
   1649.9   0.34181
   1651.0   0.34187
   1652.1   0.34178
   1653.1   0.34177
   1654.2   0.34180
   1655.2   0.34188
   1656.3   0.34193
   1657.3   0.34199
   1658.4   0.34200
   1659.5   0.34197
   1660.5   0.34193
   1661.6   0.34199
   1662.6   0.34213
   1663.7   0.34210
   1664.8   0.34205
   1665.9   0.34189
   1666.9   0.34168
   1668.0   0.34184
   1669.1   0.34210
   1670.1   0.34217
   1671.2   0.34206
   1672.3   0.34189
   1673.4   0.34200
   1674.5   0.34222
   1675.5   0.34224
   1676.6   0.34221
   1677.7   0.34215
   1678.8   0.34214
   1679.9   0.34218
   1681.0   0.34219
   1682.1   0.34224
   1683.2   0.34216
   1684.3   0.34214
   1685.3   0.34235
   1686.4   0.34249
   1687.5   0.34250
   1688.6   0.34245
   1689.7   0.34241
   1690.8   0.34247
   1692.0   0.34250
   1693.1   0.34243
   1694.2   0.34240
   1695.3   0.34239
   1696.4   0.34239
   1697.5   0.34250
   1698.6   0.34252
   1699.7   0.34248
   1700.8   0.34256
   1701.9   0.34254
   1703.1   0.34255
   1704.2   0.34254
   1705.3   0.34245
   1706.4   0.34235
   1707.6   0.34241
   1708.7   0.34241
   1709.8   0.34227
   1710.9   0.34232
   1712.1   0.34225
   1713.2   0.34220
   1714.3   0.34209
   1715.5   0.34199
   1716.6   0.34201
   1717.7   0.34201
   1718.9   0.34190
   1720.0   0.34183
   1721.2   0.34182
   1722.3   0.34178
   1723.4   0.34185
   1724.6   0.34178
   1725.7   0.34175
   1726.9   0.34177
   1728.0   0.34189
   1729.2   0.34188
   1730.4   0.34161
   1731.5   0.34154
   1732.7   0.34165
   1733.8   0.34169
   1735.0   0.34166
   1736.1   0.34163
   1737.3   0.34159
   1738.5   0.34155
   1739.6   0.34160
   1740.8   0.34156
   1742.0   0.34141
   1743.2   0.34135
   1744.3   0.34133
   1745.5   0.34136
   1746.7   0.34154
   1747.9   0.34151
   1749.0   0.34142
   1750.2   0.34135
   1751.4   0.34128
   1752.6   0.34123
   1753.8   0.34117
   1755.0   0.34104
   1756.1   0.34093
   1757.3   0.34090
   1758.5   0.34076
   1759.7   0.34073
   1760.9   0.34063
   1762.1   0.34056
   1763.3   0.34059
   1764.5   0.34056
   1765.7   0.34056
   1766.9   0.34059
   1768.1   0.34047
   1769.3   0.34031
   1770.5   0.34014
   1771.7   0.34012
   1773.0   0.34012
   1774.2   0.34004
   1775.4   0.34001
   1776.6   0.34009
   1777.8   0.33998
   1779.0   0.33973
   1780.3   0.33960
   1781.5   0.33958
   1782.7   0.33958
   1783.9   0.33956
   1785.2   0.33940
   1786.4   0.33937
   1787.6   0.33940
   1788.9   0.33942
   1790.1   0.33932
   1791.3   0.33905
   1792.6   0.33903
   1793.8   0.33909
   1795.1   0.33893
   1796.3   0.33884
   1797.6   0.33872
   1798.8   0.33869
   1800.0   0.33877
   1801.3   0.33864
   1802.6   0.33846
   1803.8   0.33839
   1805.1   0.33841
   1806.3   0.33833
   1807.6   0.33823
   1808.8   0.33812
   1810.1   0.33817
   1811.4   0.33821
   1812.6   0.33805
   1813.9   0.33792
   1815.2   0.33783
   1816.4   0.33773
   1817.7   0.33773
   1819.0   0.33768
   1820.3   0.33759
   1821.6   0.33745
   1822.8   0.33748
   1824.1   0.33752
   1825.4   0.33733
   1826.7   0.33726
   1828.0   0.33729
   1829.3   0.33723
   1830.6   0.33712
   1831.8   0.33705
   1833.1   0.33693
   1834.4   0.33678
   1835.7   0.33673
   1837.0   0.33662
   1838.3   0.33658
   1839.7   0.33646
   1841.0   0.33630
   1842.3   0.33631
   1843.6   0.33631
   1844.9   0.33614
   1846.2   0.33608
   1847.5   0.33605
   1848.8   0.33590
   1850.2   0.33567
   1851.5   0.33562
   1852.8   0.33560
   1854.1   0.33551
   1855.5   0.33544
   1856.8   0.33538
   1858.1   0.33525
   1859.4   0.33514
   1860.8   0.33522
   1862.1   0.33520
   1863.5   0.33501
   1864.8   0.33501
   1866.1   0.33491
   1867.5   0.33459
   1868.8   0.33439
   1870.2   0.33439
   1871.5   0.33421
   1872.9   0.33409
   1874.2   0.33405
   1875.6   0.33408
   1876.9   0.33399
   1878.3   0.33385
   1879.7   0.33373
   1881.0   0.33362
   1882.4   0.33346
   1883.8   0.33335
   1885.1   0.33331
   1886.5   0.33329
   1887.9   0.33318
   1889.3   0.33308
   1890.6   0.33290
   1892.0   0.33262
   1893.4   0.33240
   1894.8   0.33234
   1896.2   0.33233
   1897.6   0.33227
   1899.0   0.33216
   1900.3   0.33200
   1901.7   0.33197
   1903.1   0.33187
   1904.5   0.33177
   1905.9   0.33166
   1907.3   0.33152
   1908.7   0.33141
   1910.1   0.33131
   1911.6   0.33110
   1913.0   0.33110
   1914.4   0.33096
   1915.8   0.33093
   1917.2   0.33096
   1918.6   0.33085
   1920.0   0.33068
   1921.5   0.33054
   1922.9   0.33034
   1924.3   0.33029
   1925.8   0.33020
   1927.2   0.33009
   1928.6   0.33002
   1930.1   0.32995
   1931.5   0.32987
   1932.9   0.32961
   1934.4   0.32943
   1935.8   0.32934
   1937.3   0.32930
   1938.7   0.32923
   1940.2   0.32917
   1941.6   0.32901
   1943.1   0.32889
   1944.5   0.32874
   1946.0   0.32856
   1947.5   0.32851
   1948.9   0.32841
   1950.4   0.32836
   1951.9   0.32838
   1953.3   0.32827
   1954.8   0.32803
   1956.3   0.32788
   1957.8   0.32770
   1959.2   0.32766
   1960.7   0.32760
   1962.2   0.32751
   1963.7   0.32726
   1965.2   0.32708
   1966.7   0.32710
   1968.2   0.32701
   1969.7   0.32687
   1971.2   0.32677
   1972.7   0.32663
   1974.2   0.32660
   1975.7   0.32651
   1977.2   0.32639
   1978.7   0.32625
   1980.2   0.32604
   1981.7   0.32601
   1983.2   0.32586
   1984.7   0.32569
   1986.3   0.32558
   1987.8   0.32544
   1989.3   0.32532
   1990.8   0.32513
   1992.4   0.32493
   1993.9   0.32486
   1995.4   0.32474
   1997.0   0.32473
   1998.5   0.32466
   2000.1   0.32451
   2001.6   0.32433
   2003.1   0.32417
   2004.7   0.32390
   2006.2   0.32375
   2007.8   0.32372
   2009.4   0.32366
   2010.9   0.32362
   2012.5   0.32361
   2014.0   0.32336
   2015.6   0.32319
   2017.2   0.32305
   2018.7   0.32285
   2020.3   0.32280
   2021.9   0.32272
   2023.5   0.32257
   2025.1   0.32229
   2026.6   0.32212
   2028.2   0.32206
   2029.8   0.32188
   2031.4   0.32172
   2033.0   0.32183
   2034.6   0.32180
   2036.2   0.32170
   2037.8   0.32156
   2039.4   0.32135
   2041.0   0.32120
   2042.6   0.32084
   2044.2   0.32061
   2045.8   0.32063
   2047.4   0.32060
   2049.1   0.32039
   2050.7   0.32036
   2052.3   0.32038
   2053.9   0.32022
   2055.6   0.32006
   2057.2   0.31994
   2058.8   0.31973
   2060.5   0.31954
   2062.1   0.31949
   2063.7   0.31931
   2065.4   0.31929
   2067.0   0.31910
   2068.7   0.31885
   2070.3   0.31868
   2072.0   0.31863
   2073.7   0.31856
   2075.3   0.31858
   2077.0   0.31845
   2078.6   0.31835
   2080.3   0.31832
   2082.0   0.31814
   2083.7   0.31795
   2085.3   0.31785
   2087.0   0.31781
   2088.7   0.31764
   2090.4   0.31745
   2092.1   0.31724
   2093.8   0.31711
   2095.4   0.31700
   2097.1   0.31691
   2098.8   0.31676
   2100.5   0.31655
   2102.2   0.31644
   2104.0   0.31636
   2105.7   0.31631
   2107.4   0.31614
   2109.1   0.31607
   2110.8   0.31603
   2112.5   0.31587
   2114.2   0.31557
   2116.0   0.31534
   2117.7   0.31525
   2119.4   0.31514
   2121.2   0.31491
   2122.9   0.31492
   2124.6   0.31482
   2126.4   0.31462
   2128.1   0.31458
   2129.9   0.31441
   2131.6   0.31425
   2133.4   0.31421
   2135.1   0.31405
   2136.9   0.31396
   2138.7   0.31386
   2140.4   0.31366
   2142.2   0.31351
   2144.0   0.31363
   2145.8   0.31359
   2147.5   0.31343
   2149.3   0.31332
   2151.1   0.31311
   2152.9   0.31304
   2154.7   0.31300
   2156.5   0.31292
   2158.3   0.31269
   2160.1   0.31252
   2161.9   0.31252
   2163.7   0.31250
   2165.5   0.31239
   2167.3   0.31222
   2169.1   0.31206
   2170.9   0.31189
   2172.7   0.31175
   2174.6   0.31164
   2176.4   0.31143
   2178.2   0.31130
   2180.0   0.31120
   2181.9   0.31107
   2183.7   0.31090
   2185.6   0.31071
   2187.4   0.31057
   2189.2   0.31038
   2191.1   0.31033
   2193.0   0.31037
   2194.8   0.31028
   2196.7   0.31011
   2198.5   0.31007
   2200.4   0.30985
   2202.3   0.30953
   2204.1   0.30948
   2206.0   0.30949
   2207.9   0.30933
   2209.8   0.30928
   2211.7   0.30932
   2213.6   0.30912
   2215.4   0.30903
   2217.3   0.30897
   2219.2   0.30893
   2221.1   0.30893
   2223.0   0.30891
   2225.0   0.30878
   2226.9   0.30881
   2228.8   0.30882
   2230.7   0.30871
   2232.6   0.30862
   2234.5   0.30856
   2236.5   0.30852
   2238.4   0.30850
   2240.3   0.30862
   2242.3   0.30865
   2244.2   0.30868
   2246.2   0.30875
   2248.1   0.30876
   2250.1   0.30872
   2252.0   0.30866
   2254.0   0.30871
   2255.9   0.30878
   2257.9   0.30882
   2259.9   0.30890
   2261.8   0.30900
   2263.8   0.30897
   2265.8   0.30894
   2267.8   0.30904
   2269.8   0.30925
   2271.8   0.30939
   2273.7   0.30946
   2275.7   0.30956
   2277.7   0.30964
   2279.7   0.30969
   2281.7   0.30976
   2283.8   0.30974
   2285.8   0.30982
   2287.8   0.30996
   2289.8   0.30984
   2291.8   0.30986
   2293.9   0.30995
   2295.9   0.31002
   2297.9   0.31010
   2300.0   0.31011
   2302.0   0.31028
   2304.1   0.31039
   2306.1   0.31043
   2308.2   0.31043
   2310.2   0.31044
   2312.3   0.31040
   2314.3   0.31038
   2316.4   0.31041
   2318.5   0.31045
   2320.6   0.31043
   2322.6   0.31059
   2324.7   0.31071
   2326.8   0.31073
   2328.9   0.31082
   2331.0   0.31075
   2333.1   0.31075
   2335.2   0.31072
   2337.3   0.31084
   2339.4   0.31102
   2341.5   0.31107
   2343.6   0.31118
   2345.8   0.31135
   2347.9   0.31131
   2350.0   0.31139
   2352.1   0.31154
   2354.3   0.31164
   2356.4   0.31170
   2358.6   0.31176
   2360.7   0.31184
   2362.9   0.31196
   2365.0   0.31199
   2367.2   0.31218
   2369.3   0.31227
   2371.5   0.31225
   2373.7   0.31234
   2375.9   0.31251
   2378.0   0.31268
   2380.2   0.31290
   2382.4   0.31308
   2384.6   0.31321
   2386.8   0.31328
   2389.0   0.31343
   2391.2   0.31361
   2393.4   0.31374
   2395.6   0.31397
   2397.8   0.31417
   2400.1   0.31436
   2402.3   0.31453
   2404.5   0.31463
   2406.7   0.31487
   2409.0   0.31505
   2411.2   0.31528
   2413.5   0.31534
   2415.7   0.31542
   2418.0   0.31563
   2420.2   0.31591
   2422.5   0.31612
   2424.8   0.31637
   2427.0   0.31668
   2429.3   0.31688
   2431.6   0.31706
   2433.9   0.31730
   2436.2   0.31762
   2438.4   0.31782
   2440.7   0.31799
   2443.0   0.31828
   2445.3   0.31865
   2447.7   0.31897
   2450.0   0.31928
   2452.3   0.31943
   2454.6   0.31965
   2456.9   0.32008
   2459.3   0.32043
   2461.6   0.32051
   2463.9   0.32071
   2466.3   0.32098
   2468.6   0.32123
   2471.0   0.32161
   2473.3   0.32190
   2475.7   0.32209
   2478.1   0.32227
   2480.4   0.32256
   2482.8   0.32296
   2485.2   0.32324
   2487.6   0.32341
   2490.0   0.32357
   2492.4   0.32392
   2494.8   0.32423
   2497.2   0.32458
   2499.6   0.32487
   2502.0   0.32505
   2504.4   0.32514
   2506.8   0.32542
   2509.3   0.32572
   2511.7   0.32604
   2514.1   0.32634
   2516.6   0.32648
   2519.0   0.32666
   2521.5   0.32709
   2523.9   0.32742
   2526.4   0.32780
   2528.8   0.32820
   2531.3   0.32838
   2533.8   0.32846
   2536.3   0.32861
   2538.8   0.32891
   2541.2   0.32930
   2543.7   0.32961
   2546.2   0.32983
   2548.7   0.33007
   2551.2   0.33023
   2553.8   0.33044
   2556.3   0.33064
   2558.8   0.33083
   2561.3   0.33107
   2563.9   0.33121
   2566.4   0.33147
   2568.9   0.33180
   2571.5   0.33188
   2574.0   0.33214
   2576.6   0.33249
   2579.2   0.33262
   2581.7   0.33278
   2584.3   0.33286
   2586.9   0.33322
   2589.5   0.33365
   2592.1   0.33398
   2594.7   0.33349
   2597.3   0.33323
   2599.9   0.33450
   2602.5   0.33501
   2605.1   0.33499
   2607.7   0.33500
   2610.3   0.33547
   2613.0   0.33582
   2615.6   0.33599
   2618.3   0.33587
   2620.9   0.33600
   2623.6   0.33651
   2626.2   0.33678
   2628.9   0.33666
   2631.5   0.33674
   2634.2   0.33700
   2636.9   0.33750
   2639.6   0.33789
   2642.3   0.33812
   2645.0   0.33804
   2647.7   0.33804
   2650.4   0.33843
   2653.1   0.33859
   2655.8   0.33842
   2658.5   0.33840
   2661.3   0.33832
   2664.0   0.33828
   2666.7   0.33780
   2669.5   0.33744
   2672.2   0.33717
   2675.0   0.33729
   2677.8   0.33697
   2680.5   0.33655
   2683.3   0.33672
   2686.1   0.33624
   2688.9   0.33523
   2691.7   0.33419
   2694.5   0.33282
   2697.3   0.33159
   2700.1   0.33099
   2702.9   0.32985
   2705.7   0.32832
   2708.5   0.32690
   2711.4   0.32531
   2714.2   0.32399
   2717.1   0.32391
   2719.9   0.32248
   2722.8   0.32073
   2725.6   0.32028
   2728.5   0.32010
   2731.4   0.32008
   2734.2   0.31901
   2737.1   0.31711
   2740.0   0.31555
   2742.9   0.31443
   2745.8   0.31406
   2748.7   0.31325
   2751.7   0.31248
   2754.6   0.31129
   2757.5   0.30929
   2760.5   0.30848
   2763.4   0.30759
   2766.3   0.30646
   2769.3   0.30545
   2772.3   0.30452
   2775.2   0.30409
   2778.2   0.30349
   2781.2   0.30257
   2784.2   0.30157
   2787.2   0.30053
   2790.2   0.29966
   2793.2   0.29929
   2796.2   0.29849
   2799.2   0.29789
   2802.2   0.29723
   2805.3   0.29615
   2808.3   0.29525
   2811.4   0.29451
   2814.4   0.29375
   2817.5   0.29300
   2820.5   0.29216
   2823.6   0.29149
   2826.7   0.29114
   2829.8   0.29051
   2832.9   0.28966
   2836.0   0.28890
   2839.1   0.28816
   2842.2   0.28762
   2845.3   0.28717
   2848.4   0.28668
   2851.6   0.28615
   2854.7   0.28567
   2857.8   0.28531
   2861.0   0.28479
   2864.2   0.28443
   2867.3   0.28420
   2870.5   0.28394
   2873.7   0.28346
   2876.9   0.28339
   2880.1   0.28346
   2883.3   0.28280
   2886.5   0.28213
   2889.7   0.28200
   2892.9   0.28181
   2896.2   0.28129
   2899.4   0.28107
   2902.7   0.28098
   2905.9   0.28080
   2909.2   0.28058
   2912.4   0.28021
   2915.7   0.28008
   2919.0   0.27978
   2922.3   0.27986
   2925.6   0.28010
   2928.9   0.27991
   2932.2   0.27966
   2935.5   0.27946
   2938.9   0.27936
   2942.2   0.27951
   2945.5   0.27943
   2948.9   0.27916
   2952.2   0.27896
   2955.6   0.27894
   2959.0   0.27890
   2962.4   0.27890
   2965.8   0.27889
   2969.1   0.27904
   2972.6   0.27908
   2976.0   0.27913
   2979.4   0.27925
   2982.8   0.27912
   2986.3   0.27918
   2989.7   0.27931
   2993.1   0.27931
   2994.9   0.27941
   2996.6   0.27941
   2998.3   0.27957
   3000.1   0.27968
   3001.8   0.27973
   3003.6   0.27980
   3005.3   0.27991
   3007.0   0.27996
   3008.8   0.28007
   3010.5   0.28013
   3012.3   0.28024
   3014.0   0.28028
   3015.8   0.28035
   3017.5   0.28038
   3019.3   0.28057
   3021.1   0.28068
   3022.8   0.28063
   3024.6   0.28062
   3026.3   0.28067
   3028.1   0.28077
   3029.9   0.28099
   3031.7   0.28108
   3033.4   0.28115
   3035.2   0.28120
   3037.0   0.28123
   3038.8   0.28131
   3040.5   0.28148
   3042.3   0.28158
   3044.1   0.28169
   3045.9   0.28181
   3047.7   0.28182
   3049.5   0.28186
   3051.3   0.28196
   3053.1   0.28199
   3054.9   0.28210
   3056.7   0.28215
   3058.5   0.28213
   3060.3   0.28224
   3062.1   0.28244
   3063.9   0.28255
   3065.7   0.28264
   3067.5   0.28268
   3069.4   0.28283
   3071.2   0.28286
   3073.0   0.28290
   3074.8   0.28306
   3076.6   0.28312
   3078.5   0.28318
   3080.3   0.28326
   3082.1   0.28337
   3084.0   0.28354
   3085.8   0.28362
   3087.6   0.28374
   3089.5   0.28379
   3091.3   0.28389
   3093.2   0.28393
   3095.0   0.28405
   3096.9   0.28421
   3098.7   0.28432
   3100.6   0.28438
   3102.4   0.28450
   3104.3   0.28464
   3106.1   0.28476
   3108.0   0.28484
   3109.9   0.28496
   3111.7   0.28509
   3113.6   0.28517
   3115.5   0.28522
   3117.3   0.28534
   3119.2   0.28543
   3121.1   0.28558
   3123.0   0.28571
   3124.9   0.28581
   3126.7   0.28596
   3128.6   0.28616
   3130.5   0.28623
   3132.4   0.28632
   3134.3   0.28639
   3136.2   0.28654
   3138.1   0.28668
   3140.0   0.28683
   3141.9   0.28694
   3143.8   0.28712
   3145.7   0.28725
   3147.6   0.28733
   3149.5   0.28742
   3151.4   0.28753
   3153.4   0.28768
   3155.3   0.28783
   3157.2   0.28797
   3159.1   0.28814
   3161.1   0.28827
   3163.0   0.28834
   3164.9   0.28842
   3166.9   0.28855
   3168.8   0.28871
   3170.7   0.28881
   3172.7   0.28880
   3174.6   0.28897
   3176.6   0.28920
   3178.5   0.28935
   3180.5   0.28944
   3182.4   0.28959
   3184.4   0.28962
   3186.3   0.28968
   3188.3   0.28981
   3190.2   0.29003
   3192.2   0.29016
   3194.2   0.29032
   3196.1   0.29036
   3198.1   0.29047
   3200.1   0.29065
   3202.1   0.29082
   3204.0   0.29089
   3206.0   0.29087
   3208.0   0.29088
   3210.0   0.29102
   3212.0   0.29117
   3214.0   0.29141
   3216.0   0.29151
   3218.0   0.29159
   3220.0   0.29173
   3222.0   0.29195
   3224.0   0.29203
   3226.0   0.29210
   3228.0   0.29213
   3230.0   0.29234
   3232.0   0.29246
   3234.0   0.29253
   3236.0   0.29261
   3238.1   0.29266
   3240.1   0.29275
   3242.1   0.29284
   3244.1   0.29285
   3246.2   0.29298
   3248.2   0.29311
   3250.2   0.29319
   3252.3   0.29330
   3254.3   0.29350
   3256.4   0.29361
   3258.4   0.29370
   3260.5   0.29374
   3262.5   0.29385
   3264.6   0.29399
   3266.6   0.29412
   3268.7   0.29426
   3270.7   0.29440
   3272.8   0.29445
   3274.9   0.29453
   3277.0   0.29461
   3279.0   0.29473
   3281.1   0.29487
   3283.2   0.29501
   3285.3   0.29500
   3287.3   0.29508
   3289.4   0.29516
   3291.5   0.29534
   3293.6   0.29551
   3295.7   0.29558
   3297.8   0.29561
   3299.9   0.29575
   3302.0   0.29588
   3304.1   0.29601
   3306.2   0.29611
   3308.3   0.29621
   3310.4   0.29631
   3312.5   0.29638
   3314.7   0.29646
   3316.8   0.29652
   3318.9   0.29649
   3321.0   0.29659
   3323.2   0.29676
   3325.3   0.29699
   3327.4   0.29709
   3329.6   0.29718
   3331.7   0.29722
   3333.8   0.29730
   3336.0   0.29731
   3338.1   0.29734
   3340.3   0.29744
   3342.4   0.29747
   3344.6   0.29755
   3346.8   0.29770
   3348.9   0.29775
   3351.1   0.29770
   3353.3   0.29765
   3355.4   0.29759
   3357.6   0.29751
   3359.8   0.29758
   3362.0   0.29758
   3364.1   0.29749
   3366.3   0.29742
   3368.5   0.29736
   3370.7   0.29729
   3372.9   0.29733
   3375.1   0.29728
   3377.3   0.29727
   3379.5   0.29729
   3381.7   0.29742
   3383.9   0.29755
   3386.1   0.29765
   3388.3   0.29770
   3390.5   0.29778
   3392.8   0.29781
   3395.0   0.29770
   3397.2   0.29755
   3399.4   0.29740
   3401.7   0.29721
   3403.9   0.29711
   3406.1   0.29691
   3408.4   0.29670
   3410.6   0.29652
   3412.9   0.29636
   3415.1   0.29628
   3417.4   0.29638
   3419.6   0.29662
   3421.9   0.29701
   3424.1   0.29747
   3426.4   0.29792
   3428.7   0.29840
   3430.9   0.29884
   3433.2   0.29917
   3435.5   0.29951
   3437.8   0.29986
   3440.0   0.30018
   3442.3   0.30044
   3444.6   0.30068
   3446.9   0.30094
   3449.2   0.30116
   3451.5   0.30133
   3453.8   0.30148
   3456.1   0.30163
   3458.4   0.30188
   3460.7   0.30204
   3463.0   0.30225
   3465.3   0.30233
   3467.6   0.30246
   3470.0   0.30253
   3472.3   0.30256
   3474.6   0.30259
   3477.0   0.30267
   3479.3   0.30269
   3481.6   0.30270
   3484.0   0.30279
   3486.3   0.30284
   3488.7   0.30277
   3491.0   0.30274
   3493.4   0.30270
   3495.7   0.30257
   3498.1   0.30243
   3500.4   0.30246
   3502.8   0.30263
   3505.2   0.30294
   3507.5   0.30331
   3509.9   0.30374
   3512.3   0.30415
   3514.7   0.30458
   3517.1   0.30490
   3519.4   0.30521
   3521.8   0.30540
   3524.2   0.30556
   3526.6   0.30577
   3529.0   0.30598
   3531.4   0.30613
   3533.8   0.30638
   3536.2   0.30655
   3538.7   0.30672
   3541.1   0.30684
   3543.5   0.30703
   3545.9   0.30711
   3548.3   0.30729
   3550.8   0.30738
   3553.2   0.30753
   3555.6   0.30770
   3558.1   0.30781
   3560.5   0.30788
   3563.0   0.30804
   3565.4   0.30815
   3567.9   0.30829
   3570.3   0.30842
   3572.8   0.30854
   3575.3   0.30863
   3577.7   0.30877
   3580.2   0.30892
   3582.7   0.30906
   3585.2   0.30913
   3587.6   0.30918
   3590.1   0.30931
   3592.6   0.30951
   3595.1   0.30962
   3597.6   0.30976
   3600.1   0.30987
   3602.6   0.31001
   3605.1   0.31005
   3607.6   0.31015
   3610.1   0.31032
   3612.6   0.31048
   3615.2   0.31055
   3617.7   0.31066
   3620.2   0.31076
   3622.7   0.31091
   3625.3   0.31100
   3627.8   0.31112
   3630.3   0.31122
   3632.9   0.31133
   3635.4   0.31143
   3638.0   0.31157
   3640.5   0.31162
   3643.1   0.31171
   3645.7   0.31181
   3648.2   0.31198
   3650.8   0.31212
   3653.4   0.31224
   3655.9   0.31231
   3658.5   0.31244
   3661.1   0.31255
   3663.7   0.31267
   3666.3   0.31273
   3668.9   0.31282
   3671.5   0.31289
   3674.1   0.31304
   3676.7   0.31313
   3679.3   0.31325
   3681.9   0.31335
   3684.5   0.31346
   3687.2   0.31359
   3689.8   0.31370
   3692.4   0.31372
   3695.0   0.31379
   3697.7   0.31390
   3700.3   0.31404
   3703.0   0.31409
   3705.6   0.31417
   3708.3   0.31425
   3710.9   0.31433
   3713.6   0.31439
   3716.2   0.31451
   3718.9   0.31459
   3721.6   0.31466
   3724.2   0.31474
   3726.9   0.31480
   3729.6   0.31486
   3732.3   0.31490
   3735.0   0.31498
   3737.7   0.31508
   3740.4   0.31514
   3743.1   0.31525
   3745.8   0.31535
   3748.5   0.31542
   3751.2   0.31546
   3753.9   0.31558
   3756.6   0.31566
   3759.3   0.31573
   3762.1   0.31576
   3764.8   0.31587
   3767.5   0.31589
   3770.3   0.31596
   3773.0   0.31604
   3775.8   0.31612
   3778.5   0.31614
   3781.3   0.31626
   3784.0   0.31628
   3786.8   0.31631
   3789.6   0.31634
   3792.3   0.31640
   3795.1   0.31645
   3797.9   0.31655
   3800.7   0.31661
   3803.5   0.31668
   3806.3   0.31669
   3809.1   0.31676
   3811.9   0.31678
   3814.7   0.31686
   3817.5   0.31690
   3820.3   0.31698
   3823.1   0.31705
   3825.9   0.31714
   3828.8   0.31715
   3831.6   0.31722
   3834.4   0.31724
   3837.3   0.31733
   3840.1   0.31738
   3842.9   0.31742
   3845.8   0.31747
   3848.7   0.31758
   3851.5   0.31761
   3854.4   0.31767
   3857.2   0.31769
   3860.1   0.31774
   3863.0   0.31780
   3865.9   0.31787
   3868.8   0.31796
   3871.6   0.31803
   3874.5   0.31803
   3877.4   0.31813
   3880.3   0.31815
   3883.2   0.31821
   3886.2   0.31825
   3889.1   0.31831
   3892.0   0.31832
   3894.9   0.31840
   3897.8   0.31842
   3900.8   0.31850
   3903.7   0.31853
   3906.7   0.31858
   3909.6   0.31862
   3912.6   0.31867
   3915.5   0.31864
   3918.5   0.31872
   3921.4   0.31874
   3924.4   0.31878
   3927.4   0.31878
   3930.4   0.31881
   3933.3   0.31881
   3936.3   0.31886
   3939.3   0.31888
   3942.3   0.31893
   3945.3   0.31893
   3948.3   0.31896
   3951.3   0.31896
   3954.3   0.31902
   3957.4   0.31901
   3960.4   0.31900
   3963.4   0.31902
   3966.4   0.31904
   3969.5   0.31904
   3972.5   0.31907
   3975.6   0.31906
   3978.6   0.31908
   3981.7   0.31908
   3984.7   0.31909
   3987.8   0.31908
   3990.9   0.31908
   3993.9   0.31906
   3997.0   0.31910
   4000.1   0.31910
   4003.2   0.31908
   4006.3   0.31902
   4009.4   0.31903
   4012.5   0.31903
   4015.6   0.31903
   4018.7   0.31900
   4021.8   0.31905
   4024.9   0.31904
   4028.1   0.31903
   4031.2   0.31903
   4034.3   0.31903
   4037.5   0.31898
   4040.6   0.31899
   4043.8   0.31896
   4046.9   0.31896
   4050.1   0.31897
   4053.3   0.31894
   4056.4   0.31891
   4059.6   0.31894
   4062.8   0.31892
   4066.0   0.31890
   4069.2   0.31889
   4072.4   0.31891
   4075.6   0.31890
   4078.8   0.31890
   4082.0   0.31889
   4085.2   0.31889
   4088.4   0.31887
   4091.7   0.31887
   4094.9   0.31886
   4098.1   0.31886
   4101.4   0.31880
   4104.6   0.31882
   4107.9   0.31882
   4111.1   0.31887
   4114.4   0.31882
   4117.7   0.31879
   4120.9   0.31875
   4124.2   0.31877
   4127.5   0.31873
   4130.8   0.31872
   4134.1   0.31870
   4137.4   0.31872
   4140.7   0.31868
   4144.0   0.31867
   4147.3   0.31861
   4150.6   0.31861
   4154.0   0.31856
   4157.3   0.31859
   4160.6   0.31853
   4164.0   0.31847
   4167.3   0.31839
   4170.7   0.31831
   4174.0   0.31822
   4177.4   0.31818
   4180.8   0.31806
   4184.1   0.31798
   4187.5   0.31782
   4190.9   0.31766
   4194.3   0.31733
   4197.7   0.31686
   4201.1   0.31605
   4204.5   0.31495
   4207.9   0.31337
   4211.3   0.31152
   4214.7   0.30940
   4218.2   0.30732
   4221.6   0.30528
   4225.0   0.30342
   4228.5   0.30166
   4231.9   0.30016
   4235.4   0.29898
   4238.9   0.29821
   4242.3   0.29768
   4245.8   0.29774
   4249.3   0.29817
   4252.8   0.29930
   4256.3   0.30106
   4259.8   0.30250
   4263.3   0.30180
   4266.8   0.29991
   4270.3   0.29869
   4273.8   0.29827
   4277.3   0.29825
   4280.9   0.29849
   4284.4   0.29883
   4288.0   0.29923
   4291.5   0.29954
   4295.1   0.30014
   4298.6   0.30103
   4302.2   0.30200
   4305.8   0.30283
   4309.3   0.30383
   4312.9   0.30499
   4316.5   0.30625
   4320.1   0.30744
   4323.7   0.30854
   4327.3   0.30950
   4330.9   0.31047
   4334.6   0.31136
   4338.2   0.31215
   4341.8   0.31279
   4345.5   0.31341
   4349.1   0.31385
   4352.8   0.31426
   4356.4   0.31455
   4360.1   0.31484
   4363.8   0.31508
   4367.4   0.31532
   4371.1   0.31545
   4374.8   0.31557
   4378.5   0.31569
   4382.2   0.31579
   4385.9   0.31579
   4389.6   0.31575
   4393.3   0.31570
   4397.1   0.31570
   4400.8   0.31568
   4404.5   0.31566
   4408.3   0.31561
   4412.0   0.31559
   4415.8   0.31555
   4419.6   0.31555
   4423.3   0.31547
   4427.1   0.31548
   4430.9   0.31542
   4434.7   0.31537
   4438.5   0.31531
   4442.3   0.31529
   4446.1   0.31518
   4449.9   0.31510
   4453.7   0.31503
   4457.6   0.31496
   4461.4   0.31482
   4465.2   0.31474
   4469.1   0.31462
   4472.9   0.31450
   4476.8   0.31432
   4480.7   0.31421
   4484.5   0.31407
   4488.4   0.31390
   4492.3   0.31369
   4496.2   0.31352
   4500.1   0.31330
   4504.0   0.31310
   4507.9   0.31284
   4511.9   0.31263
   4515.8   0.31238
   4519.7   0.31213
   4523.7   0.31175
   4527.6   0.31140
   4531.6   0.31101
   4535.6   0.31061
   4539.5   0.31012
   4543.5   0.30968
   4547.5   0.30915
   4551.5   0.30863
   4555.5   0.30803
   4559.5   0.30743
   4563.5   0.30680
   4567.5   0.30620
   4571.5   0.30553
   4575.6   0.30489
   4579.6   0.30419
   4583.7   0.30351
   4587.7   0.30277
   4591.8   0.30208
   4595.9   0.30134
   4599.9   0.30062
   4604.0   0.29984
   4608.1   0.29910
   4612.2   0.29830
   4616.3   0.29753
   4620.4   0.29672
   4624.6   0.29597
   4628.7   0.29517
   4632.8   0.29437
   4637.0   0.29353
   4641.1   0.29271
   4645.3   0.29187
   4649.4   0.29106
   4653.6   0.29013
   4657.8   0.28921
   4662.0   0.28829
   4666.2   0.28741
   4670.4   0.28650
   4674.6   0.28562
   4678.8   0.28467
   4683.0   0.28376
   4687.3   0.28277
   4691.5   0.28186
   4695.8   0.28090
   4700.0   0.27997
   4704.3   0.27903
   4708.6   0.27813
   4712.9   0.27718
   4717.1   0.27622
   4721.4   0.27521
   4725.7   0.27427
   4730.1   0.27326
   4734.4   0.27229
   4738.7   0.27129
   4743.0   0.27037
   4747.4   0.26940
   4751.7   0.26846
   4756.1   0.26748
   4760.5   0.26659
   4764.8   0.26566
   4769.2   0.26480
   4773.6   0.26394
   4778.0   0.26310
   4782.4   0.26225
   4786.8   0.26147
   4791.3   0.26062
   4795.7   0.25980
   4800.1   0.25897
   4804.6   0.25818
   4809.0   0.25734
   4813.5   0.25652
   4818.0   0.25564
   4822.5   0.25478
   4826.9   0.25388
   4831.4   0.25300
   4835.9   0.25205
   4840.5   0.25118
   4845.0   0.25026
   4849.5   0.24934
   4854.1   0.24835
   4858.6   0.24741
   4863.2   0.24645
   4867.7   0.24557
   4872.3   0.24466
   4876.9   0.24378
   4881.5   0.24290
   4886.1   0.24206
   4890.7   0.24121
   4895.3   0.24045
   4899.9   0.23968
   4904.6   0.23896
   4909.2   0.23823
   4913.9   0.23755
   4918.5   0.23685
   4923.2   0.23624
   4927.9   0.23561
   4932.6   0.23501
   4937.3   0.23437
   4942.0   0.23380
   4946.7   0.23326
   4951.4   0.23273
   4956.2   0.23216
   4960.9   0.23165
   4965.6   0.23106
   4970.4   0.23048
   4975.2   0.22987
   4980.0   0.22926
   4984.7   0.22864
   4989.5   0.22798
   4994.3   0.22725
   4999.2   0.22655
   5004.0   0.22578
   5008.8   0.22498
   5013.7   0.22410
   5018.5   0.22330
   5023.4   0.22251
   5028.3   0.22152
   5033.1   0.22056
   5038.0   0.21968
   5042.9   0.21878
   5047.8   0.21796
   5052.8   0.21714
   5057.7   0.21641
   5062.6   0.21577
   5067.6   0.21524
   5072.5   0.21474
   5077.5   0.21437
   5082.5   0.21409
   5087.5   0.21400
   5092.5   0.21377
   5097.5   0.21365
   5102.5   0.21360
   5107.5   0.21366
   5112.6   0.21359
   5117.6   0.21362
   5122.7   0.21370
   5127.7   0.21381
   5132.8   0.21390
   5137.9   0.21405
   5143.0   0.21419
   5148.1   0.21447
   5153.2   0.21471
   5158.3   0.21470
   5163.5   0.21480
   5168.6   0.21502
   5173.8   0.21521
   5179.0   0.21545
   5184.1   0.21564
   5189.3   0.21587
   5194.5   0.21609
   5199.7   0.21639
   5205.0   0.21671
   5210.2   0.21679
   5215.4   0.21713
   5220.7   0.21732
   5225.9   0.21718
   5231.2   0.21734
   5236.5   0.21753
   5241.8   0.21777
   5247.1   0.21777
   5252.4   0.21787
   5257.7   0.21799
   5263.1   0.21815
   5268.4   0.21828
   5273.8   0.21850
   5279.2   0.21875
   5284.5   0.21899
   5289.9   0.21928
   5295.3   0.21987
   5300.8   0.22010
   5306.2   0.22040
   5311.6   0.22086
   5317.1   0.22138
   5322.5   0.22186
   5328.0   0.22244
   5333.5   0.22299
   5339.0   0.22362
   5344.5   0.22425
   5350.0   0.22523
   5355.5   0.22623
   5361.0   0.22662
   5366.6   0.22698
   5372.2   0.22765
   5377.7   0.22836
   5383.3   0.22909
   5388.9   0.22976
   5394.5   0.23046
   5400.1   0.23119
   5405.8   0.23191
   5411.4   0.23270
   5417.1   0.23351
   5422.7   0.23460
   5428.4   0.23562
   5434.1   0.23562
   5439.8   0.23625
   5445.5   0.23701
   5451.2   0.23773
   5457.0   0.23831
   5462.7   0.23919
   5468.5   0.24033
   5474.3   0.24074
   5480.1   0.24122
   5485.9   0.24193
   5491.7   0.24205
   5497.5   0.24257
   5503.3   0.24305
   5509.2   0.24362
   5515.0   0.24389
   5520.9   0.24442
   5526.8   0.24482
   5532.7   0.24505
   5538.6   0.24510
   5544.5   0.24535
   5550.5   0.24555
   5556.4   0.24597
   5562.4   0.24584
   5568.4   0.24571
   5574.3   0.24564
   5580.3   0.24621
   5586.4   0.24619
   5592.4   0.24544
   5598.4   0.24505
   5604.5   0.24521
   5610.5   0.24496
   5616.6   0.24479
   5622.7   0.24463
   5628.8   0.24430
   5634.9   0.24410
   5641.1   0.24434
   5647.2   0.24471
   5653.4   0.24380
   5659.5   0.24327
   5665.7   0.24275
   5671.9   0.24220
   5678.1   0.24247
   5684.4   0.24190
   5690.6   0.24127
   5696.9   0.24109
   5703.1   0.24031
   5709.4   0.23998
   5715.7   0.24012
   5722.0   0.23931
   5728.3   0.23844
   5734.7   0.23741
   5741.0   0.23677
   5747.4   0.23581
   5753.8   0.23515
   5760.1   0.23342
   5766.6   0.23323
   5773.0   0.23258
   5779.4   0.23000
   5785.9   0.22853
   5792.3   0.22709
   5798.8   0.22566
   5805.3   0.22452
   5811.8   0.22312
   5818.3   0.22235
   5824.9   0.22221
   5831.4   0.22084
   5838.0   0.21898
   5844.6   0.21753
   5851.2   0.21641
   5857.8   0.21556
   5864.4   0.21482
   5871.0   0.21385
   5877.7   0.21236
   5884.4   0.21275
   5891.1   0.21032
   5897.8   0.20873
   5904.5   0.20720
   5911.2   0.20440
   5918.0   0.20291
   5924.7   0.20138
   5931.5   0.19964
   5938.3   0.19906
   5945.1   0.19728
   5951.9   0.19407
   5958.8   0.19222
   5965.6   0.19055
   5972.5   0.18963
   5979.4   0.18760
   5986.3   0.18599
   5993.2   0.18525
   6000.2   0.18345
   6007.1   0.18170
   6014.1   0.18100
   6021.1   0.18039
   6028.1   0.17907
   6035.1   0.17829
   6042.1   0.17786
   6049.2   0.17871
   6056.2   0.17878
   6063.3   0.17611
   6070.4   0.17587
   6077.5   0.17625
   6084.7   0.17510
   6091.8   0.17408
   6099.0   0.17384
   6106.2   0.17378
   6113.4   0.17426
   6120.6   0.17459
   6127.8   0.17339
   6135.1   0.17299
   6142.3   0.17317
   6149.6   0.17338
   6156.9   0.17323
   6164.3   0.17345
   6171.6   0.17301
   6178.9   0.17253
   6186.3   0.17294
   6193.7   0.17287
   6201.1   0.17166
   6208.5   0.17126
   6216.0   0.17093
   6223.5   0.17052
   6230.9   0.16983
   6238.4   0.16928
   6245.9   0.16864
   6253.5   0.16798
   6261.0   0.16724
   6268.6   0.16666
   6276.2   0.16599
   6283.8   0.16529
   6291.4   0.16450
   6299.1   0.16379
   6306.7   0.16293
   6314.4   0.16217
   6322.1   0.16126
   6329.8   0.16044
   6337.6   0.15956
   6345.3   0.15935
   6353.1   0.15830
   6360.9   0.15643
   6368.7   0.15573
   6376.5   0.15530
   6384.4   0.15378
   6392.3   0.15272
   6400.2   0.15178
   6408.1   0.15113
   6416.0   0.15182
   6424.0   0.15087
   6431.9   0.14847
   6439.9   0.14773
   6447.9   0.14666
   6456.0   0.14613
   6464.0   0.14539
   6472.1   0.14498
   6480.2   0.14497
   6488.3   0.14494
   6496.4   0.14525
   6504.6   0.14451
   6512.7   0.14319
   6520.9   0.14343
   6529.1   0.14379
   6537.4   0.14334
   6545.6   0.14347
   6553.9   0.14399
   6562.2   0.14434
   6570.5   0.14467
   6578.9   0.14551
   6587.2   0.14521
   6595.6   0.14543
   6604.0   0.14564
   6612.4   0.14555
   6620.9   0.14591
   6629.3   0.14639
   6637.8   0.14760
   6646.3   0.14818
   6654.9   0.14724
   6663.4   0.14734
   6672.0   0.14818
   6680.6   0.14914
   6689.2   0.14993
   6697.8   0.15021
   6706.5   0.15097
   6715.2   0.15238
   6723.9   0.15332
   6732.6   0.15387
   6741.4   0.15441
   6750.2   0.15521
   6759.0   0.15610
   6767.8   0.15673
   6776.6   0.15766
   6785.5   0.15846
   6794.4   0.15933
   6803.3   0.15944
   6812.3   0.15912
   6821.2   0.15945
   6830.2   0.16009
   6839.2   0.16011
   6848.3   0.15987
   6857.3   0.16035
   6866.4   0.16121
   6875.5   0.16062
   6884.6   0.15934
   6893.8   0.15905
   6903.0   0.15873
   6912.2   0.15853
   6921.4   0.15777
   6930.7   0.15703
   6939.9   0.15645
   6949.2   0.15581
   6958.6   0.15554
   6967.9   0.15537
   6977.3   0.15401
   6986.7   0.15319
   6996.1   0.15270
   7005.6   0.15199
   7015.1   0.15112
   7024.6   0.15066
   7034.1   0.15004
   7043.7   0.14960
   7053.2   0.14948
   7062.9   0.14842
   7072.5   0.14756
   7082.2   0.14698
   7091.8   0.14652
   7101.6   0.14595
   7111.3   0.14544
   7121.1   0.14514
   7130.9   0.14469
   7140.7   0.14416
   7150.5   0.14408
   7160.4   0.14369
   7170.3   0.14336
   7180.2   0.14304
   7190.2   0.14237
   7200.2   0.14205
   7210.2   0.14202
   7220.2   0.14174
   7230.3   0.14123
   7240.4   0.14102
   7250.5   0.14080
   7260.7   0.14062
   7270.9   0.14048
   7281.1   0.14051
   7291.3   0.14024
   7301.6   0.13982
   7311.9   0.13964
   7322.2   0.13937
   7332.6   0.13910
   7343.0   0.13895
   7353.4   0.13849
   7363.8   0.13782
   7374.3   0.13727
   7384.8   0.13674
   7395.3   0.13613
   7405.9   0.13547
   7416.5   0.13481
   7427.1   0.13409
   7437.8   0.13333
   7448.5   0.13254
   7459.2   0.13178
   7469.9   0.13102
   7480.7   0.13009
   7491.5   0.12904
   7502.4   0.12807
   7513.2   0.12710
   7524.1   0.12614
   7535.1   0.12517
   7546.0   0.12416
   7557.0   0.12313
   7568.1   0.12211
   7579.1   0.12111
   7590.2   0.12009
   7601.4   0.11893
   7612.5   0.11779
   7623.7   0.11665
   7635.0   0.11544
   7646.2   0.11419
   7657.5   0.11298
   7668.8   0.11171
   7680.2   0.11043
   7691.6   0.10912
   7703.0   0.10785
   7714.5   0.10654
   7726.0   0.10528
   7737.5   0.10396
   7749.1   0.10265
   7760.7   0.10131
   7772.3   0.09998
   7784.0   0.09858
   7795.7   0.09724
   7807.4   0.09584
   7819.2   0.09444
   7831.0   0.09299
   7842.9   0.09161
   7854.8   0.09017
   7866.7   0.08874
   7878.6   0.08726
   7890.6   0.08580
   7902.6   0.08431
   7914.7   0.08277
   7926.8   0.08108
   7939.0   0.07937
   7951.1   0.07756
   7963.3   0.07575
   7975.6   0.07390
   7987.9   0.07210
   8000.2   0.07022
   8012.6   0.06839
   8025.0   0.06653
   8037.4   0.06472
   8049.9   0.06289
   8062.4   0.06112
   8075.0   0.05931
   8087.6   0.05756
   8100.2   0.05575
   8112.9   0.05401
   8125.6   0.05220
   8138.4   0.05046
   8151.2   0.04869
   8164.0   0.04698
   8176.9   0.04521
   8189.8   0.04350
   8202.7   0.04174
   8215.7   0.04009
   8228.8   0.03837
   8241.9   0.03675
   8255.0   0.03507
   8268.2   0.03346
   8281.4   0.03184
   8294.6   0.03032
   8307.9   0.02873
   8321.2   0.02725
   8334.6   0.02576
   8348.0   0.02441
   8361.5   0.02306
   8375.0   0.02186
   8388.6   0.02063
   8402.2   0.01956
   8415.8   0.01852
   8429.5   0.01762
   8443.2   0.01672
   8457.0   0.01599
   8470.8   0.01527
   8484.7   0.01476
   8498.6   0.01428
   8512.5   0.01398
   8526.5   0.01375
   8540.6   0.01372
   8554.7   0.01376
   8568.8   0.01400
   8583.0   0.01437
   8597.2   0.01501
   8611.5   0.01576
   8625.8   0.01682
   8640.2   0.01804
   8654.6   0.01961
   8669.1   0.02133
   8683.6   0.02326
   8698.2   0.02519
   8712.8   0.02723
   8727.5   0.02920
   8742.2   0.03122
   8757.0   0.03310
   8771.8   0.03496
   8786.7   0.03664
   8801.6   0.03818
   8816.6   0.03942
   8831.6   0.04051
   8846.6   0.04134
   8861.8   0.04204
   8876.9   0.04245
   8892.2   0.04275
   8907.4   0.04283
   8922.8   0.04283
   8938.2   0.04266
   8953.6   0.04249
   8969.1   0.04221
   8984.6   0.04196
   9000.2   0.04155
   9015.9   0.04111
   9031.6   0.04050
   9047.4   0.03989
   9063.2   0.03911
   9079.0   0.03839
   9095.0   0.03761
   9111.0   0.03691
   9127.0   0.03615
   9143.1   0.03550
   9159.3   0.03484
   9175.5   0.03429
   9191.7   0.03367
   9208.1   0.03318
   9224.4   0.03268
   9240.9   0.03223
   9257.4   0.03169
   9273.9   0.03123
   9290.6   0.03075
   9307.2   0.03032
   9324.0   0.02978
   9340.8   0.02929
   9357.6   0.02866
   9374.6   0.02805
   9391.5   0.02735
   9408.6   0.02671
   9425.7   0.02600
   9442.9   0.02541
   9460.1   0.02479
   9477.4   0.02426
   9494.8   0.02371
   9512.2   0.02333
   9529.7   0.02288
   9547.2   0.02257
   9564.8   0.02226
   9582.5   0.02211
   9600.3   0.02191
   9618.1   0.02176
   9635.9   0.02158
   9653.9   0.02150
   9671.9   0.02133
   9690.0   0.02128
   9708.1   0.02117
   9726.3   0.02107
   9744.6   0.02090
   9763.0   0.02079
   9781.4   0.02065
   9799.9   0.02054
   9818.4   0.02035
   9837.1   0.02026
   9855.8   0.02013
   9874.5   0.02006
   9893.4   0.01992
   9912.3   0.01991
   9931.3   0.01988
   9950.4   0.01992
   9969.5   0.01992
   9988.7   0.01996
  10008.0   0.01989
  10027.3   0.01994
  10046.8   0.01992
  10066.3   0.01998
  10085.9   0.01996
  10105.5   0.02001
  10125.3   0.02010
  10145.1   0.02034
  10165.0   0.02060
  10184.9   0.02104
  10205.0   0.02145
  10225.1   0.02192
  10245.3   0.02236
  10265.6   0.02285
  10286.0   0.02331
  10306.4   0.02386
  10327.0   0.02427
  10347.6   0.02471
  10368.3   0.02501
  10389.0   0.02531
  10409.9   0.02556
  10430.9   0.02581
  10451.9   0.02597
  10473.0   0.02618
  10494.2   0.02633
  10515.5   0.02653
  10536.9   0.02672
  10558.3   0.02699
  10579.9   0.02719
  10601.5   0.02748
  10623.2   0.02767
  10645.0   0.02779
  10666.9   0.02775
  10688.9   0.02771
  10711.0   0.02767
  10733.2   0.02768
  10755.5   0.02763
  10777.8   0.02772
  10800.3   0.02779
  10822.8   0.02794
  10845.5   0.02795
  10868.2   0.02792
  10891.0   0.02786
  10914.0   0.02785
  10937.0   0.02772
  10960.1   0.02766
  10983.3   0.02756
  11006.7   0.02748
  11030.1   0.02737
  11053.6   0.02731
  11077.2   0.02722
  11100.9   0.02721
  11124.8   0.02714
  11148.7   0.02719
  11172.7   0.02719
  11196.8   0.02723
  11221.1   0.02721
  11245.4   0.02729
  11269.9   0.02730
  11294.4   0.02741
  11319.1   0.02746
  11343.8   0.02745
  11368.7   0.02734
  11393.7   0.02737
  11418.8   0.02737
  11444.0   0.02736
  11469.3   0.02723
  11494.8   0.02716
  11520.3   0.02701
  11546.0   0.02694
  11571.7   0.02676
  11597.6   0.02661
  11623.6   0.02648
  11649.7   0.02641
  11676.0   0.02630
  11702.3   0.02626
  11728.8   0.02611
  11755.4   0.02616
  11782.1   0.02618
  11809.0   0.02635
  11835.9   0.02650
  11863.0   0.02674
  11890.2   0.02701
  11917.6   0.02727
  11945.0   0.02745
  11972.6   0.02776
  12000.3   0.02799
  12028.2   0.02826
  12056.1   0.02854
  12084.2   0.02891
  12112.5   0.02920
  12140.8   0.02953
  12169.3   0.02978
  12198.0   0.03011
  12226.7   0.03043
  12255.6   0.03073
  12284.7   0.03097
  12313.9   0.03132
  12343.2   0.03157
  12372.6   0.03178
  12402.2   0.03191
  12432.0   0.03211
  12461.9   0.03226
  12491.9   0.03240
  12522.1   0.03246
  12552.4   0.03257
  12582.9   0.03255
  12613.5   0.03259
  12644.2   0.03259
  12675.1   0.03264
  12706.2   0.03262
  12737.4   0.03267
  12768.8   0.03272
  12800.3   0.03276
  12832.0   0.03280
  12863.9   0.03294
  12895.9   0.03301
  12928.0   0.03309
  12960.3   0.03315
  12992.8   0.03323
  13025.5   0.03324
  13058.3   0.03324
  13091.3   0.03316
  13124.4   0.03320
  13157.7   0.03322
  13191.2   0.03341
  13224.8   0.03350
  13258.7   0.03380
  13292.7   0.03426
  13326.8   0.03473
  13361.2   0.03511
  13395.7   0.03565
  13430.4   0.03631
  13465.3   0.03698
  13500.4   0.03748
  13535.6   0.03795
  13571.0   0.03827
  13606.7   0.03851
  13642.5   0.03862
  13678.5   0.03865
  13714.6   0.03852
  13751.0   0.03822
  13787.6   0.03776
  13824.4   0.03725
  13861.3   0.03659
  13898.5   0.03587
  13935.8   0.03503
  13973.4   0.03435
  14011.2   0.03368
  14049.1   0.03303
  14087.3   0.03219
  14125.7   0.03126
  14164.3   0.03023
  14203.1   0.02926
  14242.1   0.02825
  14281.4   0.02742
  14320.8   0.02669
  14360.5   0.02600
  14400.4   0.02522
  14440.5   0.02443
  14480.8   0.02356
  14521.4   0.02268
  14562.2   0.02158
  14603.2   0.02045
  14644.4   0.01931
  14685.9   0.01834
  14727.7   0.01741
  14769.6   0.01670
  14811.8   0.01607
  14854.3   0.01557
  14896.9   0.01515
  14939.9   0.01487
  14983.0   0.01447
  15026.5   0.01409
  15070.2   0.01402
  15114.1   0.01387
  15158.3   0.01356
  15202.7   0.01333
  15247.5   0.01303
  15292.4   0.01272
  15337.7   0.01228
  15383.2   0.01196
  15429.0   0.01162
  15475.0   0.01150
  15521.4   0.01146
  15568.0   0.01145
  15614.9   0.01142
  15662.0   0.01158
  15709.5   0.01167
  15757.2   0.01188
  15805.3   0.01201
  15853.6   0.01222
  15902.3   0.01237
  15951.2   0.01256
  16000.4   0.01261
  16050.0   0.01273
  16099.8   0.01276
  16150.0   0.01291
  16200.4   0.01295
  16251.2   0.01306
  16302.3   0.01317
  16353.7   0.01348
  16405.5   0.01390
  16457.6   0.01456
  16510.0   0.01525
  16562.7   0.01613
  16615.8   0.01719
  16669.2   0.01841
  16723.0   0.01954
  16777.1   0.02068
  16831.6   0.02173
  16886.4   0.02280
  16941.6   0.02371
  16997.2   0.02477
  17053.1   0.02571
  17109.4   0.02673
  17166.0   0.02754
  17223.0   0.02847
  17280.5   0.02942
  17338.2   0.03036
  17396.4   0.03115
  17455.0   0.03194
  17514.0   0.03263
  17573.3   0.03325
  17633.1   0.03370
  17693.3   0.03416
  17753.9   0.03430
  17814.9   0.03451
  17876.3   0.03463
  17938.2   0.03476
  18000.5   0.03465
  18063.2   0.03449
  18126.3   0.03430
  18189.9   0.03420
  18254.0   0.03398
  18318.5   0.03389
  18383.5   0.03372
  18448.9   0.03361
  18514.8   0.03341
  18581.1   0.03342
  18648.0   0.03337
  18715.3   0.03339
  18783.1   0.03338
  18851.4   0.03358
  18920.2   0.03357
  18989.5   0.03382
  19059.3   0.03408
  19129.7   0.03436
  19200.5   0.03442
  19271.9   0.03459
  19343.8   0.03460
  19416.2   0.03461
  19489.2   0.03460
  19562.8   0.03480
  19636.9   0.03481
  19711.5   0.03466
  19786.8   0.03437
  19862.6   0.03427
  19939.0   0.03404
  20016.0   0.03362
  20093.5   0.03333
  20171.7   0.03370
  20250.5   0.03374
  20329.9   0.03297
  20410.0   0.03244
  20490.7   0.03263
  20572.0   0.03273
  20653.9   0.03287
  20736.5   0.03274
  20819.8   0.03295
  20903.8   0.03325
  20988.4   0.03346
  21073.7   0.03342
  21159.7   0.03343
  21246.5   0.03311
  21333.9   0.03324
  21422.0   0.03317
  21510.9   0.03307
  21600.6   0.03274
  21690.9   0.03252
  21782.1   0.03221
  21874.0   0.03182
  21966.7   0.03126
  22060.1   0.03132
  22154.4   0.03113
  22249.5   0.03076
  22345.4   0.02988
  22442.1   0.02931
  22539.7   0.02882
  22638.1   0.02871
  22737.4   0.02832
  22837.6   0.02761
  22938.7   0.02721
  23040.6   0.02737
  23143.5   0.02717
  23247.2   0.02716
  23352.0   0.02659
  23457.6   0.02605
  23564.3   0.02558
  23671.8   0.02542
  23780.4   0.02459
  23890.0   0.02421
  24000.6   0.02427
  24112.3   0.02482
  24224.9   0.02446
  24338.7   0.02463
  24453.5   0.02499
  24569.4   0.02556
  24686.4   0.02570
  24804.5   0.02611
  24923.7   0.02514
  25044.1   0.02466
  25165.7   0.02350
  25288.5   0.02340
  25412.4   0.02362
  25537.6   0.02330
  25664.0   0.02286
  25791.7   0.02270
  25920.7   0.02056



 NNAPP27     .ASC                        

 PP-CMP-027-A                                                            
 N1,N2,N4 DATA MERGED @ 1046 AND 2993.1  CPX <25                         

 Source Ang: 30.00   Detect Ang: 30.00  Volt: 1.222
 Date: 29-JUL-92   Time: 13:33:26
