  4649
    650.1   0.47865
    650.3   0.47466
    650.5   0.47246
    650.6   0.47066
    650.8   0.46756
    650.9   0.46422
    651.1   0.46191
    651.3   0.46012
    651.4   0.45725
    651.6   0.45424
    651.8   0.45259
    651.9   0.45082
    652.1   0.44841
    652.3   0.44573
    652.4   0.44383
    652.6   0.44227
    652.7   0.44011
    652.9   0.43761
    653.1   0.43602
    653.2   0.43467
    653.4   0.43282
    653.6   0.43065
    653.7   0.42930
    653.9   0.42821
    654.1   0.42615
    654.2   0.42415
    654.4   0.42297
    654.6   0.42212
    654.7   0.42042
    654.9   0.41857
    655.1   0.41769
    655.2   0.41677
    655.4   0.41502
    655.6   0.41322
    655.7   0.41227
    655.9   0.41145
    656.1   0.41005
    656.2   0.40869
    656.4   0.40760
    656.6   0.40663
    656.7   0.40529
    656.9   0.40399
    657.1   0.40304
    657.2   0.40244
    657.4   0.40120
    657.6   0.40004
    657.7   0.39928
    657.9   0.39850
    658.1   0.39724
    658.2   0.39601
    658.4   0.39529
    658.6   0.39466
    658.7   0.39362
    658.9   0.39254
    659.1   0.39192
    659.2   0.39134
    659.4   0.39030
    659.6   0.38926
    659.7   0.38854
    659.9   0.38794
    660.1   0.38702
    660.2   0.38612
    660.4   0.38547
    660.6   0.38499
    660.7   0.38406
    660.9   0.38314
    661.1   0.38254
    661.2   0.38203
    661.4   0.38116
    661.6   0.38031
    661.7   0.37973
    661.9   0.37933
    662.1   0.37860
    662.3   0.37778
    662.4   0.37726
    662.6   0.37685
    662.8   0.37605
    662.9   0.37528
    663.1   0.37478
    663.3   0.37436
    663.4   0.37369
    663.6   0.37299
    663.8   0.37251
    664.0   0.37211
    664.1   0.37142
    664.3   0.37074
    664.5   0.37034
    664.6   0.37002
    664.8   0.36941
    665.0   0.36884
    665.1   0.36835
    665.3   0.36801
    665.5   0.36739
    665.7   0.36687
    665.8   0.36649
    666.0   0.36617
    666.2   0.36568
    666.3   0.36514
    666.5   0.36479
    666.7   0.36443
    666.9   0.36393
    667.0   0.36334
    667.2   0.36309
    667.4   0.36291
    667.5   0.36236
    667.7   0.36177
    667.9   0.36155
    668.1   0.36126
    668.2   0.36080
    668.4   0.36043
    668.6   0.36007
    668.7   0.35973
    668.9   0.35932
    669.1   0.35891
    669.3   0.35854
    669.4   0.35829
    669.6   0.35786
    669.8   0.35745
    670.0   0.35722
    670.1   0.35705
    670.3   0.35662
    670.5   0.35622
    670.7   0.35603
    670.8   0.35583
    671.0   0.35545
    671.2   0.35507
    671.3   0.35483
    671.5   0.35467
    671.7   0.35433
    671.9   0.35398
    672.0   0.35379
    672.2   0.35365
    672.4   0.35330
    672.6   0.35288
    672.7   0.35267
    672.9   0.35241
    673.1   0.35206
    673.3   0.35175
    673.4   0.35155
    673.6   0.35140
    673.8   0.35112
    674.0   0.35074
    674.1   0.35058
    674.3   0.35044
    674.5   0.35014
    674.7   0.34978
    674.8   0.34966
    675.0   0.34954
    675.2   0.34930
    675.4   0.34902
    675.5   0.34886
    675.7   0.34870
    675.9   0.34843
    676.1   0.34817
    676.3   0.34807
    676.4   0.34796
    676.6   0.34773
    676.8   0.34749
    677.0   0.34733
    677.1   0.34724
    677.3   0.34696
    677.5   0.34663
    677.7   0.34656
    677.8   0.34644
    678.0   0.34620
    678.2   0.34594
    678.4   0.34577
    678.6   0.34567
    678.7   0.34546
    678.9   0.34523
    679.1   0.34508
    679.3   0.34489
    679.4   0.34460
    679.6   0.34431
    679.8   0.34415
    680.0   0.34402
    680.2   0.34374
    680.3   0.34344
    680.5   0.34319
    680.7   0.34303
    680.9   0.34277
    681.0   0.34242
    681.2   0.34221
    681.4   0.34201
    681.6   0.34175
    681.8   0.34142
    681.9   0.34115
    682.1   0.34095
    682.3   0.34064
    682.5   0.34032
    682.7   0.34013
    682.8   0.33993
    683.0   0.33964
    683.2   0.33931
    683.4   0.33901
    683.6   0.33876
    683.7   0.33845
    683.9   0.33811
    684.1   0.33786
    684.3   0.33754
    684.5   0.33725
    684.6   0.33696
    684.8   0.33675
    685.0   0.33650
    685.2   0.33624
    685.4   0.33593
    685.6   0.33577
    685.7   0.33553
    685.9   0.33517
    686.1   0.33485
    686.3   0.33459
    686.5   0.33437
    686.6   0.33410
    686.8   0.33378
    687.0   0.33356
    687.2   0.33339
    687.4   0.33309
    687.6   0.33275
    687.7   0.33256
    687.9   0.33240
    688.1   0.33216
    688.3   0.33187
    688.5   0.33164
    688.6   0.33145
    688.8   0.33121
    689.0   0.33097
    689.2   0.33074
    689.4   0.33053
    689.6   0.33026
    689.7   0.32999
    689.9   0.32981
    690.1   0.32959
    690.3   0.32934
    690.5   0.32906
    690.7   0.32888
    690.8   0.32873
    691.0   0.32847
    691.2   0.32822
    691.4   0.32804
    691.6   0.32783
    691.8   0.32759
    692.0   0.32733
    692.1   0.32718
    692.3   0.32698
    692.5   0.32677
    692.7   0.32652
    692.9   0.32641
    693.1   0.32621
    693.3   0.32597
    693.4   0.32573
    693.6   0.32560
    693.8   0.32543
    694.0   0.32523
    694.2   0.32501
    694.4   0.32487
    694.6   0.32475
    694.7   0.32450
    694.9   0.32430
    695.1   0.32417
    695.3   0.32405
    695.5   0.32389
    695.7   0.32370
    695.9   0.32353
    696.0   0.32340
    696.2   0.32319
    696.4   0.32299
    696.6   0.32285
    696.8   0.32269
    697.0   0.32250
    697.2   0.32233
    697.4   0.32214
    697.5   0.32200
    697.7   0.32182
    697.9   0.32160
    698.1   0.32151
    698.3   0.32138
    698.5   0.32118
    698.7   0.32098
    698.9   0.32082
    699.0   0.32068
    699.2   0.32052
    699.4   0.32038
    699.6   0.32027
    699.8   0.32016
    700.0   0.32000
    700.2   0.31982
    700.4   0.31967
    700.6   0.31953
    700.7   0.31935
    700.9   0.31918
    701.1   0.31909
    701.3   0.31900
    701.5   0.31883
    701.7   0.31867
    701.9   0.31857
    702.1   0.31846
    702.3   0.31829
    702.5   0.31809
    702.6   0.31794
    702.8   0.31779
    703.0   0.31764
    703.2   0.31750
    703.4   0.31741
    703.6   0.31727
    703.8   0.31713
    704.0   0.31696
    704.2   0.31681
    704.4   0.31666
    704.6   0.31647
    704.7   0.31630
    704.9   0.31617
    705.1   0.31606
    705.3   0.31590
    705.5   0.31572
    705.7   0.31560
    705.9   0.31548
    706.1   0.31533
    706.3   0.31516
    706.5   0.31506
    706.7   0.31495
    706.9   0.31478
    707.1   0.31465
    707.2   0.31456
    707.4   0.31451
    707.6   0.31431
    707.8   0.31409
    708.0   0.31399
    708.2   0.31389
    708.4   0.31378
    708.6   0.31364
    708.8   0.31349
    709.0   0.31337
    709.2   0.31323
    709.4   0.31307
    709.6   0.31295
    709.8   0.31283
    710.0   0.31271
    710.2   0.31256
    710.4   0.31246
    710.5   0.31235
    710.7   0.31216
    710.9   0.31202
    711.1   0.31188
    711.3   0.31181
    711.5   0.31164
    711.7   0.31152
    711.9   0.31142
    712.1   0.31135
    712.3   0.31118
    712.5   0.31103
    712.7   0.31091
    712.9   0.31078
    713.1   0.31063
    713.3   0.31047
    713.5   0.31034
    713.7   0.31025
    713.9   0.31012
    714.1   0.30996
    714.3   0.30985
    714.5   0.30978
    714.7   0.30962
    714.9   0.30949
    715.1   0.30936
    715.3   0.30925
    715.4   0.30909
    715.6   0.30892
    715.8   0.30881
    716.0   0.30870
    716.2   0.30857
    716.4   0.30840
    716.6   0.30832
    716.8   0.30817
    717.0   0.30804
    717.2   0.30787
    717.4   0.30776
    717.6   0.30767
    717.8   0.30754
    718.0   0.30739
    718.2   0.30727
    718.4   0.30716
    718.6   0.30701
    718.8   0.30687
    719.0   0.30676
    719.2   0.30665
    719.4   0.30652
    719.6   0.30636
    719.8   0.30624
    720.0   0.30610
    720.2   0.30592
    720.4   0.30573
    720.6   0.30561
    720.8   0.30553
    721.0   0.30541
    721.2   0.30529
    721.4   0.30517
    721.6   0.30505
    721.8   0.30489
    722.0   0.30474
    722.2   0.30462
    722.4   0.30450
    722.6   0.30435
    722.8   0.30420
    723.0   0.30410
    723.2   0.30398
    723.4   0.30386
    723.6   0.30372
    723.8   0.30361
    724.0   0.30349
    724.2   0.30336
    724.4   0.30320
    724.6   0.30305
    724.9   0.30291
    725.1   0.30277
    725.3   0.30262
    725.5   0.30250
    725.7   0.30235
    725.9   0.30223
    726.1   0.30209
    726.3   0.30195
    726.5   0.30184
    726.7   0.30172
    726.9   0.30157
    727.1   0.30147
    727.3   0.30138
    727.5   0.30123
    727.7   0.30110
    727.9   0.30098
    728.1   0.30090
    728.3   0.30075
    728.5   0.30059
    728.7   0.30046
    728.9   0.30034
    729.1   0.30019
    729.3   0.30006
    729.5   0.29994
    729.7   0.29980
    730.0   0.29967
    730.2   0.29953
    730.4   0.29941
    730.6   0.29926
    730.8   0.29913
    731.0   0.29898
    731.2   0.29884
    731.4   0.29872
    731.6   0.29857
    731.8   0.29843
    732.0   0.29832
    732.2   0.29820
    732.4   0.29805
    732.6   0.29788
    732.8   0.29778
    733.1   0.29766
    733.3   0.29752
    733.5   0.29736
    733.7   0.29724
    733.9   0.29712
    734.1   0.29697
    734.3   0.29680
    734.5   0.29668
    734.7   0.29654
    734.9   0.29640
    735.1   0.29625
    735.3   0.29615
    735.5   0.29602
    735.8   0.29586
    736.0   0.29571
    736.2   0.29559
    736.4   0.29547
    736.6   0.29534
    736.8   0.29518
    737.0   0.29503
    737.2   0.29492
    737.4   0.29475
    737.6   0.29458
    737.9   0.29442
    738.1   0.29429
    738.3   0.29417
    738.5   0.29401
    738.7   0.29386
    738.9   0.29371
    739.1   0.29357
    739.3   0.29343
    739.5   0.29330
    739.7   0.29314
    740.0   0.29298
    740.2   0.29284
    740.4   0.29270
    740.6   0.29256
    740.8   0.29241
    741.0   0.29224
    741.2   0.29212
    741.4   0.29199
    741.7   0.29184
    741.9   0.29167
    742.1   0.29152
    742.3   0.29135
    742.5   0.29117
    742.7   0.29099
    742.9   0.29088
    743.1   0.29076
    743.4   0.29063
    743.6   0.29048
    743.8   0.29030
    744.0   0.29016
    744.2   0.28997
    744.4   0.28982
    744.6   0.28969
    744.8   0.28954
    745.1   0.28938
    745.3   0.28923
    745.5   0.28908
    745.7   0.28895
    745.9   0.28877
    746.1   0.28858
    746.3   0.28843
    746.6   0.28829
    746.8   0.28813
    747.0   0.28796
    747.2   0.28782
    747.4   0.28765
    747.6   0.28747
    747.9   0.28730
    748.1   0.28713
    748.3   0.28697
    748.5   0.28683
    748.7   0.28665
    748.9   0.28651
    749.2   0.28633
    749.4   0.28615
    749.6   0.28598
    749.8   0.28583
    750.0   0.28570
    750.2   0.28553
    750.5   0.28535
    750.7   0.28520
    750.9   0.28506
    751.1   0.28488
    751.3   0.28471
    751.5   0.28455
    751.8   0.28438
    752.0   0.28422
    752.2   0.28404
    752.4   0.28390
    752.6   0.28373
    752.9   0.28356
    753.1   0.28335
    753.3   0.28321
    753.5   0.28307
    753.7   0.28290
    753.9   0.28272
    754.2   0.28256
    754.4   0.28240
    754.6   0.28222
    754.8   0.28203
    755.0   0.28188
    755.3   0.28174
    755.5   0.28157
    755.7   0.28139
    755.9   0.28122
    756.1   0.28104
    756.4   0.28087
    756.6   0.28070
    756.8   0.28053
    757.0   0.28040
    757.3   0.28021
    757.5   0.28004
    757.7   0.27986
    757.9   0.27968
    758.1   0.27950
    758.4   0.27931
    758.6   0.27917
    758.8   0.27900
    759.0   0.27884
    759.2   0.27866
    759.5   0.27851
    759.7   0.27834
    759.9   0.27817
    760.1   0.27801
    760.4   0.27783
    760.6   0.27767
    760.8   0.27748
    761.0   0.27729
    761.3   0.27712
    761.5   0.27695
    761.7   0.27679
    761.9   0.27661
    762.1   0.27644
    762.4   0.27630
    762.6   0.27613
    762.8   0.27594
    763.0   0.27578
    763.3   0.27561
    763.5   0.27543
    763.7   0.27524
    763.9   0.27507
    764.2   0.27489
    764.4   0.27472
    764.6   0.27454
    764.8   0.27436
    765.1   0.27420
    765.3   0.27401
    765.5   0.27384
    765.8   0.27366
    766.0   0.27350
    766.2   0.27331
    766.4   0.27313
    766.7   0.27298
    766.9   0.27279
    767.1   0.27262
    767.3   0.27243
    767.6   0.27225
    767.8   0.27208
    768.0   0.27189
    768.2   0.27171
    768.5   0.27154
    768.7   0.27135
    768.9   0.27117
    769.2   0.27098
    769.4   0.27082
    769.6   0.27066
    769.8   0.27049
    770.1   0.27032
    770.3   0.27014
    770.5   0.26998
    770.8   0.26981
    771.0   0.26961
    771.2   0.26943
    771.4   0.26924
    771.7   0.26907
    771.9   0.26890
    772.1   0.26871
    772.4   0.26852
    772.6   0.26834
    772.8   0.26816
    773.1   0.26800
    773.3   0.26784
    773.5   0.26764
    773.8   0.26741
    774.0   0.26726
    774.2   0.26708
    774.4   0.26692
    774.7   0.26673
    774.9   0.26655
    775.1   0.26640
    775.4   0.26621
    775.6   0.26604
    775.8   0.26584
    776.1   0.26569
    776.3   0.26550
    776.5   0.26533
    776.8   0.26516
    777.0   0.26498
    777.2   0.26478
    777.5   0.26458
    777.7   0.26439
    777.9   0.26422
    778.2   0.26404
    778.4   0.26387
    778.6   0.26368
    778.9   0.26350
    779.1   0.26331
    779.3   0.26314
    779.6   0.26297
    779.8   0.26280
    780.0   0.26262
    780.3   0.26243
    780.5   0.26224
    780.7   0.26205
    781.0   0.26187
    781.2   0.26168
    781.4   0.26151
    781.7   0.26134
    781.9   0.26113
    782.2   0.26094
    782.4   0.26077
    782.6   0.26060
    782.9   0.26045
    783.1   0.26026
    783.3   0.26010
    783.6   0.25994
    783.8   0.25975
    784.0   0.25958
    784.3   0.25940
    784.5   0.25922
    784.8   0.25905
    785.0   0.25888
    785.2   0.25872
    785.5   0.25853
    785.7   0.25834
    786.0   0.25816
    786.2   0.25798
    786.4   0.25780
    786.7   0.25764
    786.9   0.25745
    787.1   0.25729
    787.4   0.25709
    787.6   0.25692
    787.9   0.25674
    788.1   0.25657
    788.3   0.25640
    788.6   0.25622
    788.8   0.25604
    789.1   0.25587
    789.3   0.25566
    789.5   0.25551
    789.8   0.25533
    790.0   0.25517
    790.3   0.25500
    790.5   0.25482
    790.7   0.25464
    791.0   0.25448
    791.2   0.25432
    791.5   0.25414
    791.7   0.25396
    792.0   0.25379
    792.2   0.25364
    792.4   0.25345
    792.7   0.25328
    792.9   0.25312
    793.2   0.25296
    793.4   0.25278
    793.7   0.25262
    793.9   0.25243
    794.1   0.25224
    794.4   0.25206
    794.6   0.25187
    794.9   0.25170
    795.1   0.25152
    795.4   0.25137
    795.6   0.25120
    795.8   0.25102
    796.1   0.25087
    796.3   0.25071
    796.6   0.25055
    796.8   0.25037
    797.1   0.25021
    797.3   0.25004
    797.6   0.24988
    797.8   0.24974
    798.1   0.24957
    798.3   0.24940
    798.5   0.24922
    798.8   0.24907
    799.0   0.24890
    799.3   0.24870
    799.5   0.24853
    799.8   0.24837
    800.0   0.24821
    800.3   0.24804
    800.5   0.24787
    800.8   0.24772
    801.0   0.24756
    801.3   0.24740
    801.5   0.24723
    801.8   0.24708
    802.0   0.24689
    802.2   0.24672
    802.5   0.24655
    802.7   0.24640
    803.0   0.24623
    803.2   0.24607
    803.5   0.24591
    803.7   0.24575
    804.0   0.24559
    804.2   0.24541
    804.5   0.24524
    804.7   0.24509
    805.0   0.24492
    805.2   0.24477
    805.5   0.24460
    805.7   0.24445
    806.0   0.24430
    806.2   0.24414
    806.5   0.24399
    806.7   0.24382
    807.0   0.24367
    807.2   0.24350
    807.5   0.24332
    807.7   0.24317
    808.0   0.24304
    808.3   0.24287
    808.5   0.24271
    808.8   0.24254
    809.0   0.24239
    809.3   0.24223
    809.5   0.24207
    809.8   0.24190
    810.0   0.24175
    810.3   0.24160
    810.5   0.24145
    810.8   0.24130
    811.0   0.24115
    811.3   0.24100
    811.5   0.24084
    811.8   0.24069
    812.1   0.24055
    812.3   0.24040
    812.6   0.24025
    812.8   0.24010
    813.1   0.23994
    813.3   0.23980
    813.6   0.23965
    813.8   0.23949
    814.1   0.23933
    814.3   0.23918
    814.6   0.23905
    814.9   0.23890
    815.1   0.23873
    815.4   0.23858
    815.6   0.23842
    815.9   0.23829
    816.1   0.23814
    816.4   0.23800
    816.7   0.23785
    816.9   0.23769
    817.2   0.23754
    817.4   0.23740
    817.7   0.23726
    817.9   0.23712
    818.2   0.23698
    818.5   0.23682
    818.7   0.23666
    819.0   0.23650
    819.2   0.23636
    819.5   0.23622
    819.8   0.23608
    820.0   0.23594
    820.3   0.23580
    820.5   0.23566
    820.8   0.23552
    821.1   0.23540
    821.3   0.23523
    821.6   0.23509
    821.8   0.23495
    822.1   0.23482
    822.4   0.23467
    822.6   0.23452
    822.9   0.23436
    823.1   0.23422
    823.4   0.23411
    823.7   0.23396
    823.9   0.23380
    824.2   0.23368
    824.4   0.23355
    824.7   0.23344
    825.0   0.23331
    825.2   0.23318
    825.5   0.23305
    825.8   0.23291
    826.0   0.23276
    826.3   0.23263
    826.6   0.23250
    826.8   0.23236
    827.1   0.23222
    827.3   0.23209
    827.6   0.23196
    827.9   0.23181
    828.1   0.23167
    828.4   0.23155
    828.7   0.23144
    828.9   0.23130
    829.2   0.23116
    829.5   0.23102
    829.7   0.23089
    830.0   0.23079
    830.3   0.23065
    830.5   0.23052
    830.8   0.23038
    831.1   0.23025
    831.3   0.23012
    831.6   0.23000
    831.9   0.22989
    832.1   0.22977
    832.4   0.22964
    832.7   0.22951
    832.9   0.22940
    833.2   0.22927
    833.5   0.22915
    833.7   0.22902
    834.0   0.22889
    834.3   0.22875
    834.5   0.22862
    834.8   0.22849
    835.1   0.22838
    835.3   0.22826
    835.6   0.22815
    835.9   0.22803
    836.2   0.22791
    836.4   0.22778
    836.7   0.22765
    837.0   0.22753
    837.2   0.22742
    837.5   0.22730
    837.8   0.22721
    838.0   0.22708
    838.3   0.22698
    838.6   0.22685
    838.9   0.22673
    839.1   0.22660
    839.4   0.22649
    839.7   0.22637
    839.9   0.22625
    840.2   0.22614
    840.5   0.22602
    840.8   0.22590
    841.0   0.22578
    841.3   0.22568
    841.6   0.22557
    841.9   0.22547
    842.1   0.22536
    842.4   0.22525
    842.7   0.22513
    842.9   0.22502
    843.2   0.22491
    843.5   0.22481
    843.8   0.22469
    844.0   0.22457
    844.3   0.22445
    844.6   0.22434
    844.9   0.22423
    845.1   0.22412
    845.4   0.22402
    845.7   0.22391
    846.0   0.22381
    846.3   0.22370
    846.5   0.22358
    846.8   0.22347
    847.1   0.22337
    847.4   0.22326
    847.6   0.22316
    847.9   0.22305
    848.2   0.22294
    848.5   0.22282
    848.7   0.22273
    849.0   0.22263
    849.3   0.22254
    849.6   0.22243
    849.9   0.22233
    850.1   0.22220
    850.4   0.22211
    850.7   0.22201
    851.0   0.22191
    851.3   0.22181
    851.5   0.22171
    851.8   0.22161
    852.1   0.22150
    852.4   0.22140
    852.7   0.22131
    852.9   0.22121
    853.2   0.22111
    853.5   0.22100
    853.8   0.22091
    854.1   0.22080
    854.3   0.22070
    854.6   0.22059
    854.9   0.22047
    855.2   0.22038
    855.5   0.22029
    855.8   0.22020
    856.0   0.22011
    856.3   0.22001
    856.6   0.21990
    856.9   0.21980
    857.2   0.21971
    857.4   0.21963
    857.7   0.21954
    858.0   0.21945
    858.3   0.21934
    858.6   0.21924
    858.9   0.21914
    859.2   0.21905
    859.4   0.21896
    859.7   0.21887
    860.0   0.21878
    860.3   0.21867
    860.6   0.21858
    860.9   0.21849
    861.2   0.21840
    861.4   0.21831
    861.7   0.21821
    862.0   0.21811
    862.3   0.21801
    862.6   0.21793
    862.9   0.21784
    863.2   0.21774
    863.4   0.21764
    863.7   0.21755
    864.0   0.21745
    864.3   0.21737
    864.6   0.21728
    864.9   0.21720
    865.2   0.21713
    865.5   0.21703
    865.8   0.21693
    866.0   0.21682
    866.3   0.21673
    866.6   0.21664
    866.9   0.21656
    867.2   0.21647
    867.5   0.21637
    867.8   0.21627
    868.1   0.21618
    868.4   0.21609
    868.7   0.21601
    868.9   0.21591
    869.2   0.21581
    869.5   0.21572
    869.8   0.21563
    870.1   0.21555
    870.4   0.21547
    870.7   0.21539
    871.0   0.21530
    871.3   0.21521
    871.6   0.21510
    871.9   0.21501
    872.2   0.21493
    872.5   0.21484
    872.8   0.21475
    873.0   0.21465
    873.3   0.21457
    873.6   0.21447
    873.9   0.21438
    874.2   0.21430
    874.5   0.21420
    874.8   0.21412
    875.1   0.21403
    875.4   0.21394
    875.7   0.21385
    876.0   0.21375
    876.3   0.21365
    876.6   0.21355
    876.9   0.21347
    877.2   0.21338
    877.5   0.21329
    877.8   0.21320
    878.1   0.21312
    878.4   0.21304
    878.7   0.21295
    879.0   0.21286
    879.3   0.21275
    879.6   0.21266
    879.9   0.21257
    880.2   0.21247
    880.5   0.21238
    880.8   0.21229
    881.1   0.21220
    881.4   0.21211
    881.7   0.21203
    882.0   0.21194
    882.3   0.21186
    882.6   0.21175
    882.9   0.21165
    883.2   0.21156
    883.5   0.21147
    883.8   0.21138
    884.1   0.21129
    884.4   0.21120
    884.7   0.21111
    885.0   0.21101
    885.3   0.21091
    885.6   0.21080
    885.9   0.21071
    886.2   0.21061
    886.5   0.21053
    886.8   0.21044
    887.1   0.21034
    887.4   0.21025
    887.7   0.21015
    888.0   0.21004
    888.3   0.20995
    888.6   0.20985
    888.9   0.20976
    889.2   0.20967
    889.5   0.20957
    889.8   0.20947
    890.1   0.20937
    890.4   0.20926
    890.7   0.20915
    891.1   0.20905
    891.4   0.20896
    891.7   0.20886
    892.0   0.20875
    892.3   0.20866
    892.6   0.20856
    892.9   0.20845
    893.2   0.20835
    893.5   0.20825
    893.8   0.20814
    894.1   0.20804
    894.4   0.20795
    894.7   0.20784
    895.1   0.20774
    895.4   0.20763
    895.7   0.20753
    896.0   0.20743
    896.3   0.20733
    896.6   0.20722
    896.9   0.20711
    897.2   0.20700
    897.5   0.20689
    897.8   0.20678
    898.2   0.20667
    898.5   0.20655
    898.8   0.20645
    899.1   0.20634
    899.4   0.20622
    899.7   0.20611
    900.0   0.20600
    900.3   0.20588
    900.6   0.20577
    901.0   0.20565
    901.3   0.20554
    901.6   0.20543
    901.9   0.20531
    902.2   0.20520
    902.5   0.20508
    902.8   0.20496
    903.2   0.20483
    903.5   0.20471
    903.8   0.20460
    904.1   0.20448
    904.4   0.20437
    904.7   0.20426
    905.1   0.20414
    905.4   0.20401
    905.7   0.20388
    906.0   0.20375
    906.3   0.20363
    906.6   0.20351
    907.0   0.20339
    907.3   0.20326
    907.6   0.20314
    907.9   0.20301
    908.2   0.20289
    908.5   0.20275
    908.9   0.20263
    909.2   0.20249
    909.5   0.20236
    909.8   0.20223
    910.1   0.20210
    910.5   0.20198
    910.8   0.20184
    911.1   0.20170
    911.4   0.20157
    911.7   0.20142
    912.1   0.20129
    912.4   0.20116
    912.7   0.20102
    913.0   0.20088
    913.3   0.20074
    913.7   0.20060
    914.0   0.20046
    914.3   0.20032
    914.6   0.20018
    915.0   0.20003
    915.3   0.19989
    915.6   0.19975
    915.9   0.19961
    916.2   0.19946
    916.6   0.19931
    916.9   0.19917
    917.2   0.19901
    917.5   0.19887
    917.9   0.19873
    918.2   0.19858
    918.5   0.19842
    918.8   0.19827
    919.2   0.19811
    919.5   0.19796
    919.8   0.19781
    920.2   0.19766
    920.5   0.19751
    920.8   0.19735
    921.1   0.19720
    921.5   0.19704
    921.8   0.19688
    922.1   0.19672
    922.4   0.19657
    922.8   0.19641
    923.1   0.19626
    923.4   0.19609
    923.8   0.19592
    924.1   0.19575
    924.4   0.19558
    924.7   0.19541
    925.1   0.19525
    925.4   0.19508
    925.7   0.19493
    926.1   0.19476
    926.4   0.19459
    926.7   0.19442
    927.1   0.19425
    927.4   0.19408
    927.7   0.19391
    928.1   0.19374
    928.4   0.19357
    928.7   0.19340
    929.1   0.19322
    929.4   0.19305
    929.7   0.19287
    930.1   0.19270
    930.4   0.19252
    930.7   0.19235
    931.1   0.19217
    931.4   0.19199
    931.7   0.19181
    932.1   0.19163
    932.4   0.19145
    932.7   0.19126
    933.1   0.19109
    933.4   0.19090
    933.7   0.19071
    934.1   0.19053
    934.4   0.19035
    934.8   0.19017
    935.1   0.18998
    935.4   0.18978
    935.8   0.18959
    936.1   0.18940
    936.4   0.18921
    936.8   0.18902
    937.1   0.18883
    937.5   0.18864
    937.8   0.18846
    938.1   0.18826
    938.5   0.18807
    938.8   0.18788
    939.2   0.18768
    939.5   0.18748
    939.8   0.18729
    940.2   0.18709
    940.5   0.18689
    940.9   0.18670
    941.2   0.18650
    941.5   0.18630
    941.9   0.18610
    942.2   0.18590
    942.6   0.18570
    942.9   0.18550
    943.3   0.18530
    943.6   0.18510
    943.9   0.18490
    944.3   0.18469
    944.6   0.18449
    945.0   0.18428
    945.3   0.18407
    945.7   0.18387
    946.0   0.18366
    946.4   0.18345
    946.7   0.18325
    947.0   0.18304
    947.4   0.18283
    947.7   0.18262
    948.1   0.18241
    948.4   0.18220
    948.8   0.18199
    949.1   0.18178
    949.5   0.18157
    949.8   0.18136
    950.2   0.18115
    950.5   0.18093
    950.9   0.18072
    951.2   0.18051
    951.6   0.18030
    951.9   0.18008
    952.3   0.17988
    952.6   0.17966
    953.0   0.17944
    953.3   0.17922
    953.7   0.17901
    954.0   0.17879
    954.4   0.17858
    954.7   0.17836
    955.1   0.17814
    955.4   0.17793
    955.8   0.17771
    956.1   0.17749
    956.5   0.17728
    956.8   0.17706
    957.2   0.17684
    957.5   0.17662
    957.9   0.17640
    958.3   0.17618
    958.6   0.17596
    959.0   0.17574
    959.3   0.17552
    959.7   0.17530
    960.0   0.17508
    960.4   0.17486
    960.7   0.17464
    961.1   0.17443
    961.4   0.17421
    961.8   0.17398
    962.2   0.17376
    962.5   0.17354
    962.9   0.17332
    963.2   0.17310
    963.6   0.17288
    964.0   0.17266
    964.3   0.17244
    964.7   0.17222
    965.0   0.17200
    965.4   0.17178
    965.7   0.17156
    966.1   0.17133
    966.5   0.17111
    966.8   0.17088
    967.2   0.17066
    967.6   0.17044
    967.9   0.17022
    968.3   0.17000
    968.6   0.16978
    969.0   0.16955
    969.4   0.16933
    969.7   0.16911
    970.1   0.16889
    970.4   0.16867
    970.8   0.16844
    971.2   0.16822
    971.5   0.16800
    971.9   0.16778
    972.3   0.16756
    972.6   0.16734
    973.0   0.16712
    973.4   0.16690
    973.7   0.16668
    974.1   0.16646
    974.5   0.16624
    974.8   0.16601
    975.2   0.16580
    975.6   0.16558
    975.9   0.16536
    976.3   0.16515
    976.7   0.16492
    977.0   0.16470
    977.4   0.16448
    977.8   0.16426
    978.1   0.16404
    978.5   0.16383
    978.9   0.16361
    979.2   0.16340
    979.6   0.16319
    980.0   0.16297
    980.4   0.16274
    980.7   0.16253
    981.1   0.16231
    981.5   0.16210
    981.8   0.16189
    982.2   0.16168
    982.6   0.16146
    983.0   0.16125
    983.3   0.16103
    983.7   0.16082
    984.1   0.16062
    984.5   0.16040
    984.8   0.16019
    985.2   0.15998
    985.6   0.15977
    986.0   0.15956
    986.3   0.15935
    986.7   0.15914
    987.1   0.15893
    987.5   0.15873
    987.8   0.15852
    988.2   0.15831
    988.6   0.15811
    989.0   0.15790
    989.3   0.15770
    989.7   0.15749
    990.1   0.15729
    990.5   0.15709
    990.9   0.15688
    991.2   0.15668
    991.6   0.15647
    992.0   0.15627
    992.4   0.15608
    992.7   0.15588
    993.1   0.15568
    993.5   0.15548
    993.9   0.15529
    994.3   0.15509
    994.7   0.15490
    995.0   0.15470
    995.4   0.15451
    995.8   0.15431
    996.2   0.15412
    996.6   0.15393
    996.9   0.15374
    997.3   0.15354
    997.7   0.15335
    998.1   0.15317
    998.5   0.15298
    998.9   0.15279
    999.3   0.15261
    999.6   0.15243
   1000.0   0.15224
   1000.4   0.15206
   1000.8   0.15187
   1001.2   0.15169
   1001.6   0.15151
   1002.0   0.15133
   1002.3   0.15115
   1002.7   0.15097
   1003.1   0.15080
   1003.5   0.15062
   1003.9   0.15045
   1004.3   0.15027
   1004.7   0.15010
   1005.1   0.14992
   1005.5   0.14975
   1005.8   0.14959
   1006.2   0.14942
   1006.6   0.14925
   1007.0   0.14908
   1007.4   0.14891
   1007.8   0.14875
   1008.2   0.14858
   1008.6   0.14841
   1009.0   0.14825
   1009.4   0.14810
   1009.8   0.14793
   1010.2   0.14777
   1010.6   0.14761
   1010.9   0.14745
   1011.3   0.14730
   1011.7   0.14715
   1012.1   0.14699
   1012.5   0.14684
   1012.9   0.14669
   1013.3   0.14654
   1013.7   0.14640
   1014.1   0.14625
   1014.5   0.14610
   1014.9   0.14595
   1015.3   0.14581
   1015.7   0.14566
   1016.1   0.14552
   1016.5   0.14538
   1016.9   0.14525
   1017.3   0.14511
   1017.7   0.14497
   1018.1   0.14483
   1018.5   0.14470
   1018.9   0.14457
   1019.3   0.14445
   1019.7   0.14432
   1020.1   0.14419
   1020.5   0.14406
   1020.9   0.14394
   1021.3   0.14382
   1021.7   0.14370
   1022.1   0.14358
   1022.5   0.14346
   1022.9   0.14334
   1023.3   0.14323
   1023.7   0.14311
   1024.1   0.14299
   1024.5   0.14288
   1024.9   0.14277
   1025.3   0.14266
   1025.7   0.14255
   1026.2   0.14245
   1026.6   0.14234
   1027.0   0.14224
   1027.4   0.14214
   1027.8   0.14204
   1028.2   0.14193
   1028.6   0.14184
   1029.0   0.14175
   1029.4   0.14165
   1029.8   0.14157
   1030.2   0.14148
   1030.6   0.14139
   1031.1   0.14130
   1031.5   0.14122
   1031.9   0.14114
   1032.3   0.14106
   1032.7   0.14098
   1033.1   0.14090
   1033.5   0.14083
   1033.9   0.14076
   1034.3   0.14068
   1034.8   0.14060
   1035.2   0.14053
   1035.6   0.14047
   1036.0   0.14041
   1036.4   0.14034
   1036.8   0.14028
   1037.2   0.14021
   1037.7   0.14016
   1038.1   0.14010
   1038.5   0.14004
   1038.9   0.13999
   1039.3   0.13994
   1039.7   0.13990
   1040.2   0.13985
   1040.6   0.13980
   1041.0   0.13976
   1041.4   0.13972
   1041.8   0.13968
   1042.2   0.13964
   1042.7   0.13960
   1043.1   0.13956
   1043.5   0.13952
   1043.9   0.13950
   1044.3   0.13947
   1044.8   0.13944
   1045.2   0.13942
   1045.6   0.13940
   1046.0   0.13938
   1046.5   0.13904
   1046.9   0.13933
   1047.3   0.13947
   1047.7   0.13924
   1048.1   0.13902
   1048.6   0.13889
   1049.0   0.13882
   1049.4   0.13885
   1049.8   0.13874
   1050.3   0.13881
   1050.7   0.13911
   1051.1   0.13926
   1051.5   0.13917
   1052.0   0.13882
   1052.4   0.13894
   1052.8   0.13916
   1053.3   0.13879
   1053.7   0.13859
   1054.1   0.13876
   1054.5   0.13888
   1055.0   0.13870
   1055.4   0.13868
   1055.8   0.13871
   1056.3   0.13880
   1056.7   0.13881
   1057.1   0.13870
   1057.6   0.13853
   1058.0   0.13853
   1058.4   0.13889
   1058.9   0.13888
   1059.3   0.13859
   1059.7   0.13874
   1060.2   0.13893
   1060.6   0.13879
   1061.0   0.13876
   1061.5   0.13888
   1061.9   0.13885
   1062.3   0.13877
   1062.8   0.13876
   1063.2   0.13867
   1063.6   0.13871
   1064.1   0.13910
   1064.5   0.13909
   1064.9   0.13897
   1065.4   0.13897
   1065.8   0.13906
   1066.3   0.13904
   1066.7   0.13896
   1067.1   0.13890
   1067.6   0.13896
   1068.0   0.13898
   1068.5   0.13908
   1068.9   0.13936
   1069.3   0.13945
   1069.8   0.13936
   1070.2   0.13921
   1070.7   0.13919
   1071.1   0.13925
   1071.5   0.13946
   1072.0   0.13968
   1072.4   0.13985
   1072.9   0.14001
   1073.3   0.13997
   1073.8   0.13986
   1074.2   0.13964
   1074.7   0.13958
   1075.1   0.13969
   1075.5   0.13971
   1076.0   0.13984
   1076.4   0.14030
   1076.9   0.14044
   1077.3   0.14038
   1077.8   0.14037
   1078.2   0.14040
   1078.7   0.14081
   1079.1   0.14108
   1079.6   0.14132
   1080.0   0.14132
   1080.5   0.14109
   1080.9   0.14090
   1081.4   0.14085
   1081.8   0.14104
   1082.3   0.14127
   1082.7   0.14157
   1083.2   0.14154
   1083.6   0.14148
   1084.1   0.14175
   1084.5   0.14195
   1085.0   0.14200
   1085.5   0.14214
   1085.9   0.14232
   1086.4   0.14243
   1086.8   0.14262
   1087.3   0.14242
   1087.7   0.14250
   1088.2   0.14292
   1088.6   0.14297
   1089.1   0.14295
   1089.6   0.14310
   1090.0   0.14326
   1090.5   0.14328
   1090.9   0.14345
   1091.4   0.14364
   1091.9   0.14374
   1092.3   0.14399
   1092.8   0.14424
   1093.2   0.14439
   1093.7   0.14445
   1094.2   0.14440
   1094.6   0.14453
   1095.1   0.14478
   1095.5   0.14481
   1096.0   0.14513
   1096.5   0.14524
   1096.9   0.14500
   1097.4   0.14505
   1097.9   0.14536
   1098.3   0.14564
   1098.8   0.14574
   1099.3   0.14577
   1099.7   0.14571
   1100.2   0.14602
   1100.7   0.14649
   1101.1   0.14662
   1101.6   0.14656
   1102.1   0.14685
   1102.5   0.14690
   1103.0   0.14690
   1103.5   0.14719
   1103.9   0.14730
   1104.4   0.14729
   1104.9   0.14737
   1105.4   0.14780
   1105.8   0.14794
   1106.3   0.14813
   1106.8   0.14828
   1107.2   0.14831
   1107.7   0.14840
   1108.2   0.14858
   1108.7   0.14870
   1109.1   0.14884
   1109.6   0.14909
   1110.1   0.14951
   1110.6   0.14970
   1111.0   0.14974
   1111.5   0.15006
   1112.0   0.15017
   1112.5   0.15011
   1113.0   0.15009
   1113.4   0.14998
   1113.9   0.15027
   1114.4   0.15075
   1114.9   0.15117
   1115.3   0.15136
   1115.8   0.15138
   1116.3   0.15138
   1116.8   0.15167
   1117.3   0.15189
   1117.8   0.15208
   1118.2   0.15234
   1118.7   0.15248
   1119.2   0.15267
   1119.7   0.15287
   1120.2   0.15287
   1120.7   0.15300
   1121.1   0.15313
   1121.6   0.15345
   1122.1   0.15358
   1122.6   0.15382
   1123.1   0.15397
   1123.6   0.15385
   1124.1   0.15396
   1124.5   0.15435
   1125.0   0.15458
   1125.5   0.15467
   1126.0   0.15481
   1126.5   0.15494
   1127.0   0.15506
   1127.5   0.15527
   1128.0   0.15542
   1128.5   0.15552
   1128.9   0.15582
   1129.4   0.15590
   1129.9   0.15608
   1130.4   0.15652
   1130.9   0.15667
   1131.4   0.15659
   1131.9   0.15675
   1132.4   0.15703
   1132.9   0.15715
   1133.4   0.15714
   1133.9   0.15735
   1134.4   0.15750
   1134.9   0.15777
   1135.4   0.15787
   1135.9   0.15816
   1136.4   0.15852
   1136.9   0.15880
   1137.4   0.15887
   1137.9   0.15887
   1138.4   0.15889
   1138.9   0.15906
   1139.4   0.15938
   1139.9   0.15955
   1140.4   0.15959
   1140.9   0.15959
   1141.4   0.15989
   1141.9   0.16009
   1142.4   0.16011
   1142.9   0.16011
   1143.4   0.16041
   1143.9   0.16081
   1144.4   0.16091
   1144.9   0.16102
   1145.4   0.16120
   1145.9   0.16139
   1146.4   0.16146
   1146.9   0.16142
   1147.4   0.16163
   1147.9   0.16199
   1148.5   0.16199
   1149.0   0.16189
   1149.5   0.16205
   1150.0   0.16224
   1150.5   0.16246
   1151.0   0.16269
   1151.5   0.16291
   1152.0   0.16317
   1152.5   0.16329
   1153.1   0.16326
   1153.6   0.16333
   1154.1   0.16336
   1154.6   0.16359
   1155.1   0.16382
   1155.6   0.16386
   1156.1   0.16402
   1156.7   0.16432
   1157.2   0.16445
   1157.7   0.16461
   1158.2   0.16460
   1158.7   0.16472
   1159.2   0.16479
   1159.8   0.16495
   1160.3   0.16519
   1160.8   0.16522
   1161.3   0.16541
   1161.8   0.16562
   1162.4   0.16559
   1162.9   0.16570
   1163.4   0.16596
   1163.9   0.16619
   1164.5   0.16647
   1165.0   0.16644
   1165.5   0.16640
   1166.0   0.16651
   1166.5   0.16670
   1167.1   0.16684
   1167.6   0.16690
   1168.1   0.16706
   1168.7   0.16715
   1169.2   0.16738
   1169.7   0.16755
   1170.2   0.16762
   1170.8   0.16784
   1171.3   0.16792
   1171.8   0.16786
   1172.4   0.16815
   1172.9   0.16827
   1173.4   0.16836
   1173.9   0.16850
   1174.5   0.16868
   1175.0   0.16881
   1175.5   0.16871
   1176.1   0.16873
   1176.6   0.16888
   1177.1   0.16915
   1177.7   0.16941
   1178.2   0.16960
   1178.7   0.16974
   1179.3   0.16978
   1179.8   0.16984
   1180.4   0.16987
   1180.9   0.16999
   1181.4   0.17007
   1182.0   0.17022
   1182.5   0.17020
   1183.1   0.17050
   1183.6   0.17077
   1184.1   0.17074
   1184.7   0.17080
   1185.2   0.17116
   1185.8   0.17118
   1186.3   0.17107
   1186.8   0.17116
   1187.4   0.17120
   1187.9   0.17142
   1188.5   0.17151
   1189.0   0.17163
   1189.6   0.17178
   1190.1   0.17182
   1190.7   0.17176
   1191.2   0.17193
   1191.8   0.17203
   1192.3   0.17216
   1192.9   0.17226
   1193.4   0.17239
   1194.0   0.17274
   1194.5   0.17283
   1195.1   0.17287
   1195.6   0.17291
   1196.2   0.17300
   1196.7   0.17309
   1197.3   0.17309
   1197.8   0.17336
   1198.4   0.17352
   1198.9   0.17353
   1199.5   0.17351
   1200.0   0.17361
   1200.6   0.17384
   1201.1   0.17394
   1201.7   0.17397
   1202.3   0.17398
   1202.8   0.17409
   1203.4   0.17421
   1203.9   0.17445
   1204.5   0.17458
   1205.1   0.17460
   1205.6   0.17454
   1206.2   0.17471
   1206.7   0.17479
   1207.3   0.17501
   1207.9   0.17507
   1208.4   0.17500
   1209.0   0.17508
   1209.6   0.17518
   1210.1   0.17515
   1210.7   0.17536
   1211.2   0.17573
   1211.8   0.17589
   1212.4   0.17589
   1212.9   0.17587
   1213.5   0.17587
   1214.1   0.17592
   1214.7   0.17597
   1215.2   0.17610
   1215.8   0.17633
   1216.4   0.17635
   1216.9   0.17667
   1217.5   0.17675
   1218.1   0.17683
   1218.6   0.17689
   1219.2   0.17683
   1219.8   0.17682
   1220.4   0.17689
   1220.9   0.17708
   1221.5   0.17732
   1222.1   0.17743
   1222.7   0.17746
   1223.3   0.17755
   1223.8   0.17755
   1224.4   0.17760
   1225.0   0.17781
   1225.6   0.17808
   1226.1   0.17815
   1226.7   0.17823
   1227.3   0.17845
   1227.9   0.17862
   1228.5   0.17860
   1229.1   0.17856
   1229.6   0.17862
   1230.2   0.17880
   1230.8   0.17901
   1231.4   0.17902
   1232.0   0.17898
   1232.6   0.17907
   1233.1   0.17932
   1233.7   0.17968
   1234.3   0.17987
   1234.9   0.17976
   1235.5   0.17979
   1236.1   0.17998
   1236.7   0.18004
   1237.3   0.18016
   1237.9   0.18023
   1238.4   0.18028
   1239.0   0.18056
   1239.6   0.18061
   1240.2   0.18048
   1240.8   0.18066
   1241.4   0.18086
   1242.0   0.18098
   1242.6   0.18111
   1243.2   0.18119
   1243.8   0.18126
   1244.4   0.18153
   1245.0   0.18169
   1245.6   0.18175
   1246.2   0.18195
   1246.8   0.18204
   1247.4   0.18215
   1248.0   0.18227
   1248.6   0.18240
   1249.2   0.18262
   1249.8   0.18278
   1250.4   0.18281
   1251.0   0.18279
   1251.6   0.18300
   1252.2   0.18314
   1252.8   0.18310
   1253.4   0.18334
   1254.0   0.18360
   1254.6   0.18364
   1255.2   0.18349
   1255.8   0.18359
   1256.5   0.18388
   1257.1   0.18407
   1257.7   0.18430
   1258.3   0.18449
   1258.9   0.18475
   1259.5   0.18492
   1260.1   0.18489
   1260.7   0.18498
   1261.3   0.18522
   1262.0   0.18515
   1262.6   0.18517
   1263.2   0.18546
   1263.8   0.18559
   1264.4   0.18579
   1265.0   0.18602
   1265.7   0.18613
   1266.3   0.18616
   1266.9   0.18637
   1267.5   0.18657
   1268.1   0.18670
   1268.8   0.18695
   1269.4   0.18714
   1270.0   0.18720
   1270.6   0.18741
   1271.2   0.18763
   1271.9   0.18775
   1272.5   0.18783
   1273.1   0.18801
   1273.7   0.18818
   1274.4   0.18835
   1275.0   0.18846
   1275.6   0.18854
   1276.3   0.18859
   1276.9   0.18876
   1277.5   0.18895
   1278.1   0.18917
   1278.8   0.18943
   1279.4   0.18969
   1280.0   0.18991
   1280.7   0.19003
   1281.3   0.19003
   1281.9   0.19017
   1282.6   0.19024
   1283.2   0.19049
   1283.8   0.19074
   1284.5   0.19090
   1285.1   0.19097
   1285.7   0.19115
   1286.4   0.19131
   1287.0   0.19143
   1287.7   0.19164
   1288.3   0.19197
   1288.9   0.19217
   1289.6   0.19232
   1290.2   0.19255
   1290.9   0.19282
   1291.5   0.19289
   1292.2   0.19306
   1292.8   0.19327
   1293.4   0.19356
   1294.1   0.19385
   1294.7   0.19412
   1295.4   0.19424
   1296.0   0.19435
   1296.7   0.19466
   1297.3   0.19489
   1298.0   0.19492
   1298.6   0.19533
   1299.3   0.19567
   1299.9   0.19562
   1300.6   0.19569
   1301.2   0.19595
   1301.9   0.19629
   1302.5   0.19650
   1303.2   0.19659
   1303.9   0.19692
   1304.5   0.19716
   1305.2   0.19736
   1305.8   0.19747
   1306.5   0.19768
   1307.1   0.19786
   1307.8   0.19808
   1308.5   0.19830
   1309.1   0.19847
   1309.8   0.19864
   1310.4   0.19882
   1311.1   0.19915
   1311.8   0.19946
   1312.4   0.19971
   1313.1   0.19996
   1313.8   0.20026
   1314.4   0.20049
   1315.1   0.20064
   1315.8   0.20094
   1316.4   0.20126
   1317.1   0.20141
   1317.8   0.20152
   1318.4   0.20181
   1319.1   0.20214
   1319.8   0.20242
   1320.5   0.20274
   1321.1   0.20301
   1321.8   0.20317
   1322.5   0.20342
   1323.2   0.20371
   1323.8   0.20386
   1324.5   0.20426
   1325.2   0.20460
   1325.9   0.20480
   1326.5   0.20503
   1327.2   0.20537
   1327.9   0.20566
   1328.6   0.20584
   1329.3   0.20611
   1329.9   0.20624
   1330.6   0.20649
   1331.3   0.20684
   1332.0   0.20716
   1332.7   0.20732
   1333.4   0.20766
   1334.1   0.20796
   1334.7   0.20821
   1335.4   0.20841
   1336.1   0.20876
   1336.8   0.20914
   1337.5   0.20951
   1338.2   0.20977
   1338.9   0.21000
   1339.6   0.21025
   1340.3   0.21049
   1341.0   0.21077
   1341.6   0.21104
   1342.3   0.21133
   1343.0   0.21166
   1343.7   0.21184
   1344.4   0.21210
   1345.1   0.21250
   1345.8   0.21284
   1346.5   0.21294
   1347.2   0.21312
   1347.9   0.21349
   1348.6   0.21393
   1349.3   0.21438
   1350.0   0.21465
   1350.7   0.21491
   1351.4   0.21512
   1352.1   0.21538
   1352.9   0.21585
   1353.6   0.21635
   1354.3   0.21666
   1355.0   0.21688
   1355.7   0.21721
   1356.4   0.21750
   1357.1   0.21768
   1357.8   0.21789
   1358.5   0.21817
   1359.2   0.21870
   1360.0   0.21905
   1360.7   0.21923
   1361.4   0.21949
   1362.1   0.21993
   1362.8   0.22029
   1363.5   0.22055
   1364.2   0.22091
   1365.0   0.22132
   1365.7   0.22176
   1366.4   0.22199
   1367.1   0.22234
   1367.8   0.22273
   1368.6   0.22317
   1369.3   0.22352
   1370.0   0.22382
   1370.7   0.22412
   1371.5   0.22442
   1372.2   0.22483
   1372.9   0.22517
   1373.6   0.22556
   1374.4   0.22596
   1375.1   0.22634
   1375.8   0.22657
   1376.6   0.22678
   1377.3   0.22718
   1378.0   0.22772
   1378.8   0.22827
   1379.5   0.22863
   1380.2   0.22884
   1381.0   0.22922
   1381.7   0.22964
   1382.4   0.22999
   1383.2   0.23039
   1383.9   0.23074
   1384.7   0.23101
   1385.4   0.23139
   1386.1   0.23193
   1386.9   0.23236
   1387.6   0.23262
   1388.4   0.23295
   1389.1   0.23345
   1389.8   0.23376
   1390.6   0.23407
   1391.3   0.23448
   1392.1   0.23498
   1392.8   0.23536
   1393.6   0.23568
   1394.3   0.23614
   1395.1   0.23656
   1395.8   0.23691
   1396.6   0.23727
   1397.3   0.23770
   1398.1   0.23805
   1398.8   0.23852
   1399.6   0.23903
   1400.4   0.23943
   1401.1   0.23970
   1401.9   0.24011
   1402.6   0.24056
   1403.4   0.24082
   1404.2   0.24117
   1404.9   0.24172
   1405.7   0.24227
   1406.4   0.24259
   1407.2   0.24279
   1408.0   0.24334
   1408.7   0.24381
   1409.5   0.24416
   1410.3   0.24465
   1411.0   0.24522
   1411.8   0.24564
   1412.6   0.24603
   1413.3   0.24650
   1414.1   0.24692
   1414.9   0.24732
   1415.7   0.24779
   1416.4   0.24832
   1417.2   0.24868
   1418.0   0.24897
   1418.8   0.24949
   1419.5   0.24990
   1420.3   0.25014
   1421.1   0.25050
   1421.9   0.25093
   1422.6   0.25147
   1423.4   0.25193
   1424.2   0.25241
   1425.0   0.25280
   1425.8   0.25324
   1426.6   0.25363
   1427.3   0.25404
   1428.1   0.25454
   1428.9   0.25492
   1429.7   0.25543
   1430.5   0.25601
   1431.3   0.25640
   1432.1   0.25666
   1432.9   0.25716
   1433.7   0.25773
   1434.5   0.25811
   1435.3   0.25858
   1436.0   0.25903
   1436.8   0.25944
   1437.6   0.25990
   1438.4   0.26039
   1439.2   0.26079
   1440.0   0.26115
   1440.8   0.26147
   1441.6   0.26200
   1442.4   0.26260
   1443.2   0.26298
   1444.0   0.26329
   1444.9   0.26387
   1445.7   0.26432
   1446.5   0.26477
   1447.3   0.26524
   1448.1   0.26561
   1448.9   0.26597
   1449.7   0.26640
   1450.5   0.26691
   1451.3   0.26738
   1452.1   0.26792
   1453.0   0.26844
   1453.8   0.26885
   1454.6   0.26919
   1455.4   0.26956
   1456.2   0.27010
   1457.0   0.27064
   1457.9   0.27114
   1458.7   0.27160
   1459.5   0.27198
   1460.3   0.27241
   1461.1   0.27279
   1462.0   0.27320
   1462.8   0.27370
   1463.6   0.27427
   1464.4   0.27480
   1465.3   0.27518
   1466.1   0.27561
   1466.9   0.27607
   1467.8   0.27645
   1468.6   0.27680
   1469.4   0.27727
   1470.3   0.27766
   1471.1   0.27810
   1471.9   0.27860
   1472.8   0.27913
   1473.6   0.27960
   1474.4   0.28005
   1475.3   0.28051
   1476.1   0.28095
   1477.0   0.28141
   1477.8   0.28183
   1478.6   0.28228
   1479.5   0.28283
   1480.3   0.28343
   1481.2   0.28376
   1482.0   0.28416
   1482.9   0.28469
   1483.7   0.28510
   1484.6   0.28551
   1485.4   0.28589
   1486.3   0.28638
   1487.1   0.28691
   1488.0   0.28746
   1488.8   0.28789
   1489.7   0.28821
   1490.6   0.28866
   1491.4   0.28925
   1492.3   0.28958
   1493.1   0.28996
   1494.0   0.29041
   1494.8   0.29090
   1495.7   0.29129
   1496.6   0.29178
   1497.4   0.29218
   1498.3   0.29252
   1499.2   0.29295
   1500.0   0.29342
   1500.9   0.29387
   1501.8   0.29430
   1502.6   0.29474
   1503.5   0.29526
   1504.4   0.29576
   1505.3   0.29605
   1506.1   0.29652
   1507.0   0.29702
   1507.9   0.29749
   1508.8   0.29795
   1509.6   0.29834
   1510.5   0.29871
   1511.4   0.29911
   1512.3   0.29957
   1513.2   0.30005
   1514.1   0.30045
   1514.9   0.30086
   1515.8   0.30122
   1516.7   0.30167
   1517.6   0.30222
   1518.5   0.30265
   1519.4   0.30302
   1520.3   0.30342
   1521.2   0.30392
   1522.1   0.30438
   1523.0   0.30470
   1523.8   0.30506
   1524.7   0.30556
   1525.6   0.30606
   1526.5   0.30646
   1527.4   0.30682
   1528.3   0.30727
   1529.2   0.30786
   1530.1   0.30820
   1531.0   0.30845
   1532.0   0.30893
   1532.9   0.30939
   1533.8   0.30979
   1534.7   0.31020
   1535.6   0.31057
   1536.5   0.31097
   1537.4   0.31136
   1538.3   0.31170
   1539.2   0.31207
   1540.1   0.31254
   1541.1   0.31305
   1542.0   0.31335
   1542.9   0.31366
   1543.8   0.31406
   1544.7   0.31448
   1545.7   0.31490
   1546.6   0.31531
   1547.5   0.31576
   1548.4   0.31612
   1549.4   0.31650
   1550.3   0.31698
   1551.2   0.31735
   1552.1   0.31773
   1553.1   0.31806
   1554.0   0.31835
   1554.9   0.31877
   1555.9   0.31923
   1556.8   0.31961
   1557.7   0.31992
   1558.7   0.32016
   1559.6   0.32056
   1560.5   0.32100
   1561.5   0.32141
   1562.4   0.32179
   1563.4   0.32216
   1564.3   0.32253
   1565.3   0.32289
   1566.2   0.32323
   1567.2   0.32358
   1568.1   0.32389
   1569.0   0.32417
   1570.0   0.32461
   1571.0   0.32489
   1571.9   0.32529
   1572.9   0.32576
   1573.8   0.32612
   1574.8   0.32630
   1575.7   0.32662
   1576.7   0.32702
   1577.6   0.32732
   1578.6   0.32767
   1579.6   0.32801
   1580.5   0.32828
   1581.5   0.32857
   1582.5   0.32897
   1583.4   0.32933
   1584.4   0.32968
   1585.4   0.33001
   1586.3   0.33030
   1587.3   0.33047
   1588.3   0.33085
   1589.3   0.33123
   1590.2   0.33158
   1591.2   0.33189
   1592.2   0.33212
   1593.2   0.33239
   1594.1   0.33270
   1595.1   0.33298
   1596.1   0.33330
   1597.1   0.33360
   1598.1   0.33396
   1599.1   0.33425
   1600.0   0.33439
   1601.0   0.33475
   1602.0   0.33511
   1603.0   0.33544
   1604.0   0.33581
   1605.0   0.33606
   1606.0   0.33619
   1607.0   0.33646
   1608.0   0.33674
   1609.0   0.33707
   1610.0   0.33736
   1611.0   0.33757
   1612.0   0.33786
   1613.0   0.33817
   1614.0   0.33846
   1615.0   0.33864
   1616.0   0.33883
   1617.0   0.33910
   1618.0   0.33936
   1619.0   0.33959
   1620.0   0.34000
   1621.1   0.34035
   1622.1   0.34051
   1623.1   0.34069
   1624.1   0.34094
   1625.1   0.34110
   1626.1   0.34119
   1627.2   0.34150
   1628.2   0.34177
   1629.2   0.34204
   1630.2   0.34231
   1631.3   0.34249
   1632.3   0.34265
   1633.3   0.34293
   1634.3   0.34320
   1635.4   0.34343
   1636.4   0.34362
   1637.4   0.34388
   1638.5   0.34424
   1639.5   0.34441
   1640.5   0.34447
   1641.6   0.34471
   1642.6   0.34488
   1643.7   0.34500
   1644.7   0.34524
   1645.8   0.34550
   1646.8   0.34568
   1647.8   0.34594
   1648.9   0.34632
   1649.9   0.34646
   1651.0   0.34652
   1652.1   0.34667
   1653.1   0.34685
   1654.2   0.34712
   1655.2   0.34733
   1656.3   0.34745
   1657.3   0.34759
   1658.4   0.34774
   1659.5   0.34796
   1660.5   0.34815
   1661.6   0.34836
   1662.6   0.34856
   1663.7   0.34871
   1664.8   0.34886
   1665.9   0.34895
   1666.9   0.34916
   1668.0   0.34948
   1669.1   0.34977
   1670.1   0.34988
   1671.2   0.35008
   1672.3   0.35026
   1673.4   0.35051
   1674.5   0.35070
   1675.5   0.35079
   1676.6   0.35094
   1677.7   0.35108
   1678.8   0.35124
   1679.9   0.35149
   1681.0   0.35167
   1682.1   0.35183
   1683.2   0.35200
   1684.3   0.35215
   1685.3   0.35227
   1686.4   0.35244
   1687.5   0.35269
   1688.6   0.35290
   1689.7   0.35306
   1690.8   0.35316
   1692.0   0.35322
   1693.1   0.35341
   1694.2   0.35362
   1695.3   0.35380
   1696.4   0.35399
   1697.5   0.35418
   1698.6   0.35426
   1699.7   0.35429
   1700.8   0.35456
   1701.9   0.35479
   1703.1   0.35497
   1704.2   0.35506
   1705.3   0.35518
   1706.4   0.35529
   1707.6   0.35528
   1708.7   0.35524
   1709.8   0.35530
   1710.9   0.35550
   1712.1   0.35568
   1713.2   0.35575
   1714.3   0.35578
   1715.5   0.35589
   1716.6   0.35599
   1717.7   0.35592
   1718.9   0.35594
   1720.0   0.35603
   1721.2   0.35613
   1722.3   0.35624
   1723.4   0.35619
   1724.6   0.35622
   1725.7   0.35641
   1726.9   0.35646
   1728.0   0.35650
   1729.2   0.35657
   1730.4   0.35659
   1731.5   0.35669
   1732.7   0.35688
   1733.8   0.35703
   1735.0   0.35719
   1736.1   0.35738
   1737.3   0.35728
   1738.5   0.35728
   1739.6   0.35746
   1740.8   0.35757
   1742.0   0.35764
   1743.2   0.35758
   1744.3   0.35761
   1745.5   0.35774
   1746.7   0.35789
   1747.9   0.35793
   1749.0   0.35797
   1750.2   0.35801
   1751.4   0.35816
   1752.6   0.35827
   1753.8   0.35830
   1755.0   0.35829
   1756.1   0.35830
   1757.3   0.35840
   1758.5   0.35838
   1759.7   0.35829
   1760.9   0.35832
   1762.1   0.35842
   1763.3   0.35854
   1764.5   0.35856
   1765.7   0.35844
   1766.9   0.35845
   1768.1   0.35850
   1769.3   0.35852
   1770.5   0.35857
   1771.7   0.35863
   1773.0   0.35864
   1774.2   0.35867
   1775.4   0.35862
   1776.6   0.35855
   1777.8   0.35856
   1779.0   0.35858
   1780.3   0.35856
   1781.5   0.35861
   1782.7   0.35871
   1783.9   0.35868
   1785.2   0.35860
   1786.4   0.35863
   1787.6   0.35873
   1788.9   0.35877
   1790.1   0.35883
   1791.3   0.35878
   1792.6   0.35874
   1793.8   0.35876
   1795.1   0.35880
   1796.3   0.35889
   1797.6   0.35901
   1798.8   0.35909
   1800.0   0.35906
   1801.3   0.35899
   1802.6   0.35905
   1803.8   0.35907
   1805.1   0.35908
   1806.3   0.35896
   1807.6   0.35896
   1808.8   0.35904
   1810.1   0.35907
   1811.4   0.35921
   1812.6   0.35917
   1813.9   0.35907
   1815.2   0.35910
   1816.4   0.35913
   1817.7   0.35916
   1819.0   0.35925
   1820.3   0.35917
   1821.6   0.35909
   1822.8   0.35924
   1824.1   0.35928
   1825.4   0.35920
   1826.7   0.35910
   1828.0   0.35919
   1829.3   0.35928
   1830.6   0.35925
   1831.8   0.35919
   1833.1   0.35925
   1834.4   0.35930
   1835.7   0.35928
   1837.0   0.35927
   1838.3   0.35928
   1839.7   0.35929
   1841.0   0.35923
   1842.3   0.35924
   1843.6   0.35930
   1844.9   0.35927
   1846.2   0.35920
   1847.5   0.35917
   1848.8   0.35922
   1850.2   0.35928
   1851.5   0.35921
   1852.8   0.35931
   1854.1   0.35934
   1855.5   0.35932
   1856.8   0.35927
   1858.1   0.35934
   1859.4   0.35935
   1860.8   0.35930
   1862.1   0.35932
   1863.5   0.35942
   1864.8   0.35945
   1866.1   0.35942
   1867.5   0.35929
   1868.8   0.35929
   1870.2   0.35944
   1871.5   0.35938
   1872.9   0.35929
   1874.2   0.35927
   1875.6   0.35940
   1876.9   0.35942
   1878.3   0.35936
   1879.7   0.35938
   1881.0   0.35936
   1882.4   0.35928
   1883.8   0.35938
   1885.1   0.35931
   1886.5   0.35926
   1887.9   0.35941
   1889.3   0.35956
   1890.6   0.35957
   1892.0   0.35946
   1893.4   0.35939
   1894.8   0.35941
   1896.2   0.35938
   1897.6   0.35928
   1899.0   0.35927
   1900.3   0.35921
   1901.7   0.35918
   1903.1   0.35913
   1904.5   0.35913
   1905.9   0.35908
   1907.3   0.35917
   1908.7   0.35929
   1910.1   0.35935
   1911.6   0.35930
   1913.0   0.35926
   1914.4   0.35936
   1915.8   0.35940
   1917.2   0.35938
   1918.6   0.35929
   1920.0   0.35918
   1921.5   0.35916
   1922.9   0.35916
   1924.3   0.35914
   1925.8   0.35926
   1927.2   0.35930
   1928.6   0.35931
   1930.1   0.35938
   1931.5   0.35942
   1932.9   0.35939
   1934.4   0.35934
   1935.8   0.35923
   1937.3   0.35916
   1938.7   0.35910
   1940.2   0.35918
   1941.6   0.35928
   1943.1   0.35928
   1944.5   0.35927
   1946.0   0.35925
   1947.5   0.35930
   1948.9   0.35930
   1950.4   0.35922
   1951.9   0.35934
   1953.3   0.35933
   1954.8   0.35915
   1956.3   0.35919
   1957.8   0.35923
   1959.2   0.35928
   1960.7   0.35929
   1962.2   0.35924
   1963.7   0.35921
   1965.2   0.35919
   1966.7   0.35925
   1968.2   0.35929
   1969.7   0.35927
   1971.2   0.35922
   1972.7   0.35921
   1974.2   0.35915
   1975.7   0.35915
   1977.2   0.35918
   1978.7   0.35923
   1980.2   0.35914
   1981.7   0.35927
   1983.2   0.35934
   1984.7   0.35932
   1986.3   0.35928
   1987.8   0.35916
   1989.3   0.35916
   1990.8   0.35927
   1992.4   0.35919
   1993.9   0.35912
   1995.4   0.35917
   1997.0   0.35921
   1998.5   0.35921
   2000.1   0.35927
   2001.6   0.35929
   2003.1   0.35927
   2004.7   0.35929
   2006.2   0.35929
   2007.8   0.35930
   2009.4   0.35927
   2010.9   0.35926
   2012.5   0.35925
   2014.0   0.35922
   2015.6   0.35925
   2017.2   0.35920
   2018.7   0.35919
   2020.3   0.35927
   2021.9   0.35938
   2023.5   0.35942
   2025.1   0.35955
   2026.6   0.35956
   2028.2   0.35945
   2029.8   0.35953
   2031.4   0.35965
   2033.0   0.35965
   2034.6   0.35959
   2036.2   0.35958
   2037.8   0.35964
   2039.4   0.35956
   2041.0   0.35959
   2042.6   0.35973
   2044.2   0.35966
   2045.8   0.35967
   2047.4   0.35976
   2049.1   0.35974
   2050.7   0.35971
   2052.3   0.35983
   2053.9   0.35983
   2055.6   0.35981
   2057.2   0.35987
   2058.8   0.35980
   2060.5   0.35974
   2062.1   0.35992
   2063.7   0.36004
   2065.4   0.36004
   2067.0   0.35996
   2068.7   0.36005
   2070.3   0.36011
   2072.0   0.36010
   2073.7   0.36004
   2075.3   0.36007
   2077.0   0.36011
   2078.6   0.36017
   2080.3   0.36016
   2082.0   0.36006
   2083.7   0.36001
   2085.3   0.36008
   2087.0   0.36015
   2088.7   0.36021
   2090.4   0.36023
   2092.1   0.36020
   2093.8   0.36026
   2095.4   0.36025
   2097.1   0.36032
   2098.8   0.36036
   2100.5   0.36032
   2102.2   0.36023
   2104.0   0.36026
   2105.7   0.36032
   2107.4   0.36033
   2109.1   0.36038
   2110.8   0.36037
   2112.5   0.36025
   2114.2   0.36032
   2116.0   0.36040
   2117.7   0.36044
   2119.4   0.36040
   2121.2   0.36021
   2122.9   0.36024
   2124.6   0.36038
   2126.4   0.36032
   2128.1   0.36030
   2129.9   0.36026
   2131.6   0.36031
   2133.4   0.36036
   2135.1   0.36046
   2136.9   0.36054
   2138.7   0.36056
   2140.4   0.36046
   2142.2   0.36052
   2144.0   0.36053
   2145.8   0.36053
   2147.5   0.36057
   2149.3   0.36052
   2151.1   0.36047
   2152.9   0.36057
   2154.7   0.36054
   2156.5   0.36048
   2158.3   0.36050
   2160.1   0.36054
   2161.9   0.36060
   2163.7   0.36061
   2165.5   0.36064
   2167.3   0.36052
   2169.1   0.36054
   2170.9   0.36057
   2172.7   0.36057
   2174.6   0.36059
   2176.4   0.36056
   2178.2   0.36052
   2180.0   0.36033
   2181.9   0.36024
   2183.7   0.36028
   2185.6   0.36029
   2187.4   0.36024
   2189.2   0.36022
   2191.1   0.36011
   2193.0   0.36007
   2194.8   0.35991
   2196.7   0.35970
   2198.5   0.35981
   2200.4   0.35984
   2202.3   0.35976
   2204.1   0.35969
   2206.0   0.35965
   2207.9   0.35964
   2209.8   0.35967
   2211.7   0.35967
   2213.6   0.35972
   2215.4   0.35974
   2217.3   0.35980
   2219.2   0.35980
   2221.1   0.35979
   2223.0   0.35977
   2225.0   0.35968
   2226.9   0.35982
   2228.8   0.35995
   2230.7   0.35989
   2232.6   0.35983
   2234.5   0.35980
   2236.5   0.35992
   2238.4   0.35999
   2240.3   0.36003
   2242.3   0.36001
   2244.2   0.36012
   2246.2   0.36017
   2248.1   0.36019
   2250.1   0.36034
   2252.0   0.36057
   2254.0   0.36079
   2255.9   0.36081
   2257.9   0.36088
   2259.9   0.36093
   2261.8   0.36112
   2263.8   0.36130
   2265.8   0.36139
   2267.8   0.36148
   2269.8   0.36155
   2271.8   0.36168
   2273.7   0.36183
   2275.7   0.36188
   2277.7   0.36196
   2279.7   0.36206
   2281.7   0.36208
   2283.8   0.36218
   2285.8   0.36230
   2287.8   0.36226
   2289.8   0.36235
   2291.8   0.36251
   2293.9   0.36254
   2295.9   0.36256
   2297.9   0.36257
   2300.0   0.36251
   2302.0   0.36257
   2304.1   0.36253
   2306.1   0.36253
   2308.2   0.36262
   2310.2   0.36264
   2312.3   0.36254
   2314.3   0.36250
   2316.4   0.36251
   2318.5   0.36247
   2320.6   0.36234
   2322.6   0.36231
   2324.7   0.36221
   2326.8   0.36220
   2328.9   0.36224
   2331.0   0.36215
   2333.1   0.36214
   2335.2   0.36217
   2337.3   0.36218
   2339.4   0.36215
   2341.5   0.36201
   2343.6   0.36196
   2345.8   0.36208
   2347.9   0.36211
   2350.0   0.36205
   2352.1   0.36208
   2354.3   0.36211
   2356.4   0.36208
   2358.6   0.36201
   2360.7   0.36188
   2362.9   0.36181
   2365.0   0.36173
   2367.2   0.36166
   2369.3   0.36167
   2371.5   0.36166
   2373.7   0.36163
   2375.9   0.36164
   2378.0   0.36154
   2380.2   0.36152
   2382.4   0.36165
   2384.6   0.36159
   2386.8   0.36145
   2389.0   0.36145
   2391.2   0.36151
   2393.4   0.36157
   2395.6   0.36158
   2397.8   0.36142
   2400.1   0.36148
   2402.3   0.36153
   2404.5   0.36151
   2406.7   0.36147
   2409.0   0.36142
   2411.2   0.36128
   2413.5   0.36128
   2415.7   0.36133
   2418.0   0.36134
   2420.2   0.36134
   2422.5   0.36136
   2424.8   0.36135
   2427.0   0.36152
   2429.3   0.36154
   2431.6   0.36150
   2433.9   0.36140
   2436.2   0.36132
   2438.4   0.36138
   2440.7   0.36146
   2443.0   0.36144
   2445.3   0.36156
   2447.7   0.36161
   2450.0   0.36174
   2452.3   0.36186
   2454.6   0.36183
   2456.9   0.36189
   2459.3   0.36190
   2461.6   0.36182
   2463.9   0.36165
   2466.3   0.36166
   2468.6   0.36171
   2471.0   0.36158
   2473.3   0.36144
   2475.7   0.36153
   2478.1   0.36165
   2480.4   0.36152
   2482.8   0.36153
   2485.2   0.36161
   2487.6   0.36151
   2490.0   0.36134
   2492.4   0.36122
   2494.8   0.36104
   2497.2   0.36112
   2499.6   0.36125
   2502.0   0.36118
   2504.4   0.36117
   2506.8   0.36114
   2509.3   0.36105
   2511.7   0.36106
   2514.1   0.36099
   2516.6   0.36103
   2519.0   0.36098
   2521.5   0.36086
   2523.9   0.36077
   2526.4   0.36076
   2528.8   0.36071
   2531.3   0.36063
   2533.8   0.36061
   2536.3   0.36058
   2538.8   0.36047
   2541.2   0.36052
   2543.7   0.36031
   2546.2   0.36023
   2548.7   0.36013
   2551.2   0.35994
   2553.8   0.35979
   2556.3   0.36000
   2558.8   0.36005
   2561.3   0.35965
   2563.9   0.35917
   2566.4   0.35943
   2568.9   0.35981
   2571.5   0.35960
   2574.0   0.35941
   2576.6   0.35930
   2579.2   0.35935
   2581.7   0.35929
   2584.3   0.35871
   2586.9   0.35859
   2589.5   0.35881
   2592.1   0.35888
   2594.7   0.35815
   2597.3   0.35754
   2599.9   0.35856
   2602.5   0.35872
   2605.1   0.35812
   2607.7   0.35774
   2610.3   0.35817
   2613.0   0.35845
   2615.6   0.35829
   2618.3   0.35782
   2620.9   0.35760
   2623.6   0.35799
   2626.2   0.35833
   2628.9   0.35782
   2631.5   0.35740
   2634.2   0.35751
   2636.9   0.35802
   2639.6   0.35827
   2642.3   0.35811
   2645.0   0.35786
   2647.7   0.35777
   2650.4   0.35773
   2653.1   0.35744
   2655.8   0.35696
   2658.5   0.35683
   2661.3   0.35647
   2664.0   0.35604
   2666.7   0.35504
   2669.5   0.35426
   2672.2   0.35396
   2675.0   0.35428
   2677.8   0.35370
   2680.5   0.35290
   2683.3   0.35274
   2686.1   0.35200
   2688.9   0.35081
   2691.7   0.34944
   2694.5   0.34712
   2697.3   0.34449
   2700.1   0.34266
   2702.9   0.34043
   2705.7   0.33793
   2708.5   0.33577
   2711.4   0.33356
   2714.2   0.33235
   2717.1   0.33212
   2719.9   0.33038
   2722.8   0.32844
   2725.6   0.32799
   2728.5   0.32866
   2731.4   0.32904
   2734.2   0.32793
   2737.1   0.32637
   2740.0   0.32496
   2742.9   0.32372
   2745.8   0.32401
   2748.7   0.32430
   2751.7   0.32391
   2754.6   0.32259
   2757.5   0.32083
   2760.5   0.32059
   2763.4   0.32025
   2766.3   0.31966
   2769.3   0.31932
   2772.3   0.31878
   2775.2   0.31836
   2778.2   0.31779
   2781.2   0.31704
   2784.2   0.31634
   2787.2   0.31575
   2790.2   0.31535
   2793.2   0.31523
   2796.2   0.31468
   2799.2   0.31416
   2802.2   0.31339
   2805.3   0.31265
   2808.3   0.31260
   2811.4   0.31233
   2814.4   0.31182
   2817.5   0.31148
   2820.5   0.31075
   2823.6   0.31017
   2825.1   0.30989
   2826.7   0.30979
   2828.2   0.30975
   2829.8   0.30954
   2831.3   0.30922
   2832.9   0.30908
   2834.4   0.30900
   2836.0   0.30886
   2837.5   0.30856
   2839.1   0.30831
   2840.6   0.30795
   2842.2   0.30766
   2843.7   0.30759
   2845.3   0.30740
   2846.9   0.30714
   2848.4   0.30702
   2850.0   0.30701
   2851.6   0.30679
   2853.1   0.30650
   2854.7   0.30649
   2856.3   0.30642
   2857.8   0.30613
   2859.4   0.30595
   2861.0   0.30577
   2862.6   0.30559
   2864.2   0.30547
   2865.7   0.30533
   2867.3   0.30524
   2868.9   0.30509
   2870.5   0.30486
   2872.1   0.30489
   2873.7   0.30482
   2875.3   0.30453
   2876.9   0.30443
   2878.5   0.30430
   2880.1   0.30420
   2881.7   0.30407
   2883.3   0.30389
   2884.9   0.30374
   2886.5   0.30373
   2888.1   0.30374
   2889.7   0.30366
   2891.3   0.30344
   2892.9   0.30337
   2894.5   0.30330
   2896.2   0.30311
   2897.8   0.30308
   2899.4   0.30297
   2901.0   0.30297
   2902.7   0.30297
   2904.3   0.30283
   2905.9   0.30277
   2907.5   0.30258
   2909.2   0.30237
   2910.8   0.30228
   2912.4   0.30225
   2914.1   0.30228
   2915.7   0.30221
   2917.4   0.30217
   2919.0   0.30214
   2920.6   0.30212
   2922.3   0.30206
   2923.9   0.30198
   2925.6   0.30194
   2927.2   0.30190
   2928.9   0.30183
   2930.5   0.30178
   2932.2   0.30183
   2933.9   0.30186
   2935.5   0.30177
   2937.2   0.30178
   2938.9   0.30171
   2940.5   0.30153
   2942.2   0.30148
   2943.9   0.30159
   2945.5   0.30161
   2947.2   0.30174
   2948.9   0.30167
   2950.6   0.30161
   2952.2   0.30165
   2953.9   0.30169
   2955.6   0.30172
   2957.3   0.30183
   2959.0   0.30178
   2960.7   0.30170
   2962.4   0.30167
   2964.1   0.30179
   2965.8   0.30185
   2967.4   0.30182
   2969.1   0.30170
   2970.9   0.30174
   2972.6   0.30176
   2974.3   0.30186
   2976.0   0.30195
   2977.7   0.30188
   2979.4   0.30194
   2981.1   0.30208
   2982.8   0.30220
   2984.5   0.30220
   2986.3   0.30210
   2988.0   0.30221
   2989.7   0.30236
   2991.4   0.30241
   2993.1   0.30241
   2994.9   0.30248
   2996.6   0.30249
   2998.3   0.30259
   3000.1   0.30259
   3001.8   0.30267
   3003.6   0.30274
   3005.3   0.30285
   3007.0   0.30289
   3008.8   0.30289
   3010.5   0.30297
   3012.3   0.30308
   3014.0   0.30318
   3015.8   0.30332
   3017.5   0.30340
   3019.3   0.30344
   3021.1   0.30349
   3022.8   0.30360
   3024.6   0.30357
   3026.3   0.30359
   3028.1   0.30370
   3029.9   0.30393
   3031.7   0.30405
   3033.4   0.30407
   3035.2   0.30401
   3037.0   0.30417
   3038.8   0.30415
   3040.5   0.30419
   3042.3   0.30429
   3044.1   0.30444
   3045.9   0.30452
   3047.7   0.30460
   3049.5   0.30467
   3051.3   0.30472
   3053.1   0.30479
   3054.9   0.30488
   3056.7   0.30485
   3058.5   0.30492
   3060.3   0.30509
   3062.1   0.30523
   3063.9   0.30533
   3065.7   0.30541
   3067.5   0.30545
   3069.4   0.30558
   3071.2   0.30564
   3073.0   0.30572
   3074.8   0.30582
   3076.6   0.30595
   3078.5   0.30608
   3080.3   0.30606
   3082.1   0.30613
   3084.0   0.30627
   3085.8   0.30641
   3087.6   0.30656
   3089.5   0.30659
   3091.3   0.30668
   3093.2   0.30671
   3095.0   0.30688
   3096.9   0.30700
   3098.7   0.30709
   3100.6   0.30716
   3102.4   0.30725
   3104.3   0.30737
   3106.1   0.30754
   3108.0   0.30768
   3109.9   0.30782
   3111.7   0.30794
   3113.6   0.30806
   3115.5   0.30818
   3117.3   0.30828
   3119.2   0.30837
   3121.1   0.30854
   3123.0   0.30874
   3124.9   0.30887
   3126.7   0.30897
   3128.6   0.30910
   3130.5   0.30917
   3132.4   0.30929
   3134.3   0.30938
   3136.2   0.30952
   3138.1   0.30963
   3140.0   0.30979
   3141.9   0.30996
   3143.8   0.31013
   3145.7   0.31027
   3147.6   0.31037
   3149.5   0.31051
   3151.4   0.31067
   3153.4   0.31074
   3155.3   0.31094
   3157.2   0.31111
   3159.1   0.31129
   3161.1   0.31137
   3163.0   0.31152
   3164.9   0.31161
   3166.9   0.31174
   3168.8   0.31186
   3170.7   0.31192
   3172.7   0.31201
   3174.6   0.31217
   3176.6   0.31233
   3178.5   0.31251
   3180.5   0.31261
   3182.4   0.31275
   3184.4   0.31285
   3186.3   0.31292
   3188.3   0.31303
   3190.2   0.31318
   3192.2   0.31333
   3194.2   0.31341
   3196.1   0.31348
   3198.1   0.31366
   3200.1   0.31377
   3202.1   0.31394
   3204.0   0.31402
   3206.0   0.31402
   3208.0   0.31403
   3210.0   0.31417
   3212.0   0.31427
   3214.0   0.31447
   3216.0   0.31457
   3218.0   0.31463
   3220.0   0.31472
   3222.0   0.31485
   3224.0   0.31493
   3226.0   0.31505
   3228.0   0.31512
   3230.0   0.31526
   3232.0   0.31530
   3234.0   0.31541
   3236.0   0.31541
   3238.1   0.31547
   3240.1   0.31554
   3242.1   0.31558
   3244.1   0.31561
   3246.2   0.31569
   3248.2   0.31571
   3250.2   0.31579
   3252.3   0.31588
   3254.3   0.31605
   3256.4   0.31614
   3258.4   0.31622
   3260.5   0.31614
   3262.5   0.31619
   3264.6   0.31631
   3266.6   0.31638
   3268.7   0.31642
   3270.7   0.31649
   3272.8   0.31657
   3274.9   0.31657
   3277.0   0.31659
   3279.0   0.31665
   3281.1   0.31672
   3283.2   0.31678
   3285.3   0.31672
   3287.3   0.31675
   3289.4   0.31679
   3291.5   0.31694
   3293.6   0.31695
   3295.7   0.31696
   3297.8   0.31690
   3299.9   0.31698
   3302.0   0.31702
   3304.1   0.31697
   3306.2   0.31691
   3308.3   0.31700
   3310.4   0.31695
   3312.5   0.31697
   3314.7   0.31699
   3316.8   0.31693
   3318.9   0.31680
   3321.0   0.31673
   3323.2   0.31670
   3325.3   0.31677
   3327.4   0.31683
   3329.6   0.31685
   3331.7   0.31674
   3333.8   0.31667
   3336.0   0.31656
   3338.1   0.31650
   3340.3   0.31642
   3342.4   0.31630
   3344.6   0.31619
   3346.8   0.31622
   3348.9   0.31618
   3351.1   0.31607
   3353.3   0.31587
   3355.4   0.31569
   3357.6   0.31552
   3359.8   0.31548
   3362.0   0.31536
   3364.1   0.31520
   3366.3   0.31507
   3368.5   0.31495
   3370.7   0.31476
   3372.9   0.31466
   3375.1   0.31455
   3377.3   0.31448
   3379.5   0.31445
   3381.7   0.31446
   3383.9   0.31448
   3386.1   0.31455
   3388.3   0.31453
   3390.5   0.31450
   3392.8   0.31445
   3395.0   0.31435
   3397.2   0.31422
   3399.4   0.31412
   3401.7   0.31397
   3403.9   0.31378
   3406.1   0.31354
   3408.4   0.31335
   3410.6   0.31314
   3412.9   0.31298
   3415.1   0.31289
   3417.4   0.31292
   3419.6   0.31304
   3421.9   0.31330
   3424.1   0.31357
   3426.4   0.31388
   3428.7   0.31409
   3430.9   0.31431
   3433.2   0.31447
   3435.5   0.31468
   3437.8   0.31488
   3440.0   0.31500
   3442.3   0.31512
   3444.6   0.31523
   3446.9   0.31527
   3449.2   0.31532
   3451.5   0.31533
   3453.8   0.31539
   3456.1   0.31547
   3458.4   0.31552
   3460.7   0.31550
   3463.0   0.31545
   3465.3   0.31544
   3467.6   0.31544
   3470.0   0.31533
   3472.3   0.31521
   3474.6   0.31510
   3477.0   0.31507
   3479.3   0.31502
   3481.6   0.31489
   3484.0   0.31477
   3486.3   0.31469
   3488.7   0.31460
   3491.0   0.31450
   3493.4   0.31435
   3495.7   0.31416
   3498.1   0.31390
   3500.4   0.31377
   3502.8   0.31370
   3505.2   0.31379
   3507.5   0.31391
   3509.9   0.31411
   3512.3   0.31426
   3514.7   0.31441
   3517.1   0.31451
   3519.4   0.31460
   3521.8   0.31457
   3524.2   0.31454
   3526.6   0.31458
   3529.0   0.31463
   3531.4   0.31460
   3533.8   0.31465
   3536.2   0.31461
   3538.7   0.31462
   3541.1   0.31456
   3543.5   0.31452
   3545.9   0.31445
   3548.3   0.31437
   3550.8   0.31434
   3553.2   0.31425
   3555.6   0.31416
   3558.1   0.31412
   3560.5   0.31399
   3563.0   0.31393
   3565.4   0.31388
   3567.9   0.31382
   3570.3   0.31368
   3572.8   0.31357
   3575.3   0.31349
   3577.7   0.31342
   3580.2   0.31331
   3582.7   0.31325
   3585.2   0.31311
   3587.6   0.31300
   3590.1   0.31289
   3592.6   0.31283
   3595.1   0.31269
   3597.6   0.31257
   3600.1   0.31243
   3602.6   0.31230
   3605.1   0.31212
   3607.6   0.31199
   3610.1   0.31187
   3612.6   0.31179
   3615.2   0.31164
   3617.7   0.31144
   3620.2   0.31125
   3622.7   0.31112
   3625.3   0.31092
   3627.8   0.31081
   3630.3   0.31064
   3632.9   0.31051
   3635.4   0.31027
   3638.0   0.31008
   3640.5   0.30992
   3643.1   0.30980
   3645.7   0.30966
   3648.2   0.30951
   3650.8   0.30934
   3653.4   0.30919
   3655.9   0.30900
   3658.5   0.30887
   3661.1   0.30869
   3663.7   0.30854
   3666.3   0.30842
   3668.9   0.30827
   3671.5   0.30811
   3674.1   0.30795
   3676.7   0.30770
   3679.3   0.30757
   3681.9   0.30744
   3684.5   0.30727
   3687.2   0.30704
   3689.8   0.30683
   3692.4   0.30663
   3695.0   0.30641
   3697.7   0.30616
   3700.3   0.30596
   3703.0   0.30572
   3705.6   0.30550
   3708.3   0.30525
   3710.9   0.30505
   3713.6   0.30483
   3716.2   0.30458
   3718.9   0.30436
   3721.6   0.30415
   3724.2   0.30391
   3726.9   0.30369
   3729.6   0.30344
   3732.3   0.30321
   3735.0   0.30294
   3737.7   0.30273
   3740.4   0.30247
   3743.1   0.30227
   3745.8   0.30198
   3748.5   0.30179
   3751.2   0.30156
   3753.9   0.30135
   3756.6   0.30112
   3759.3   0.30088
   3762.1   0.30058
   3764.8   0.30034
   3767.5   0.30010
   3770.3   0.29989
   3773.0   0.29962
   3775.8   0.29933
   3778.5   0.29905
   3781.3   0.29882
   3784.0   0.29855
   3786.8   0.29833
   3789.6   0.29804
   3792.3   0.29780
   3795.1   0.29754
   3797.9   0.29731
   3800.7   0.29707
   3803.5   0.29682
   3806.3   0.29654
   3809.1   0.29627
   3811.9   0.29602
   3814.7   0.29581
   3817.5   0.29557
   3820.3   0.29538
   3823.1   0.29518
   3825.9   0.29503
   3828.8   0.29481
   3831.6   0.29462
   3834.4   0.29439
   3837.3   0.29420
   3840.1   0.29401
   3842.9   0.29388
   3845.8   0.29374
   3848.7   0.29362
   3851.5   0.29341
   3854.4   0.29330
   3857.2   0.29318
   3860.1   0.29305
   3863.0   0.29285
   3865.9   0.29276
   3868.8   0.29264
   3871.6   0.29252
   3874.5   0.29241
   3877.4   0.29231
   3880.3   0.29215
   3883.2   0.29202
   3886.2   0.29187
   3889.1   0.29174
   3892.0   0.29157
   3894.9   0.29144
   3897.8   0.29132
   3900.8   0.29120
   3903.7   0.29105
   3906.7   0.29089
   3909.6   0.29068
   3912.6   0.29055
   3915.5   0.29039
   3918.5   0.29023
   3921.4   0.29002
   3924.4   0.28987
   3927.4   0.28969
   3930.4   0.28949
   3933.3   0.28930
   3936.3   0.28910
   3939.3   0.28887
   3942.3   0.28864
   3945.3   0.28839
   3948.3   0.28818
   3951.3   0.28793
   3954.3   0.28769
   3957.4   0.28738
   3960.4   0.28709
   3963.4   0.28678
   3966.4   0.28651
   3969.5   0.28615
   3972.5   0.28581
   3975.6   0.28544
   3978.6   0.28509
   3981.7   0.28466
   3984.7   0.28426
   3987.8   0.28384
   3990.9   0.28341
   3993.9   0.28294
   3997.0   0.28248
   4000.1   0.28203
   4003.2   0.28163
   4006.3   0.28119
   4009.4   0.28079
   4012.5   0.28038
   4015.6   0.28003
   4018.7   0.27971
   4021.8   0.27950
   4024.9   0.27928
   4028.1   0.27920
   4031.2   0.27904
   4034.3   0.27900
   4037.5   0.27896
   4040.6   0.27897
   4043.8   0.27896
   4046.9   0.27899
   4050.1   0.27897
   4053.3   0.27898
   4056.4   0.27892
   4059.6   0.27888
   4062.8   0.27881
   4066.0   0.27873
   4069.2   0.27860
   4072.4   0.27847
   4075.6   0.27832
   4078.8   0.27816
   4082.0   0.27797
   4085.2   0.27777
   4088.4   0.27754
   4091.7   0.27734
   4094.9   0.27707
   4098.1   0.27686
   4101.4   0.27661
   4104.6   0.27636
   4107.9   0.27608
   4111.1   0.27582
   4114.4   0.27554
   4117.7   0.27528
   4120.9   0.27500
   4124.2   0.27475
   4127.5   0.27440
   4130.8   0.27412
   4134.1   0.27383
   4137.4   0.27357
   4140.7   0.27326
   4144.0   0.27297
   4147.3   0.27265
   4150.6   0.27233
   4154.0   0.27199
   4157.3   0.27172
   4160.6   0.27138
   4164.0   0.27108
   4167.3   0.27071
   4170.7   0.27042
   4174.0   0.27012
   4177.4   0.26981
   4382.2   0.24971
   4385.9   0.24934
   4389.6   0.24898
   4393.3   0.24863
   4397.1   0.24829
   4400.8   0.24795
   4404.5   0.24757
   4408.3   0.24721
   4412.0   0.24684
   4415.8   0.24644
   4419.6   0.24609
   4423.3   0.24573
   4427.1   0.24537
   4430.9   0.24499
   4434.7   0.24466
   4438.5   0.24427
   4442.3   0.24389
   4446.1   0.24348
   4449.9   0.24307
   4453.7   0.24266
   4457.6   0.24226
   4461.4   0.24186
   4465.2   0.24150
   4469.1   0.24114
   4472.9   0.24081
   4476.8   0.24046
   4480.7   0.24016
   4484.5   0.23984
   4488.4   0.23953
   4492.3   0.23915
   4496.2   0.23880
   4500.1   0.23842
   4504.0   0.23810
   4507.9   0.23771
   4511.9   0.23731
   4515.8   0.23689
   4519.7   0.23652
   4523.7   0.23613
   4527.6   0.23575
   4531.6   0.23533
   4535.6   0.23495
   4539.5   0.23451
   4543.5   0.23409
   4547.5   0.23368
   4551.5   0.23325
   4555.5   0.23284
   4559.5   0.23245
   4563.5   0.23202
   4567.5   0.23158
   4571.5   0.23114
   4575.6   0.23073
   4579.6   0.23031
   4583.7   0.22988
   4587.7   0.22951
   4591.8   0.22915
   4595.9   0.22874
   4599.9   0.22834
   4604.0   0.22795
   4608.1   0.22759
   4612.2   0.22715
   4616.3   0.22676
   4620.4   0.22637
   4624.6   0.22605
   4628.7   0.22569
   4632.8   0.22535
   4637.0   0.22496
   4641.1   0.22458
   4645.3   0.22424
   4649.4   0.22392
   4653.6   0.22354
   4657.8   0.22317
   4662.0   0.22282
   4666.2   0.22250
   4670.4   0.22215
   4674.6   0.22181
   4678.8   0.22146
   4683.0   0.22116
   4687.3   0.22079
   4691.5   0.22043
   4695.8   0.22005
   4700.0   0.21973
   4704.3   0.21933
   4708.6   0.21896
   4712.9   0.21860
   4717.1   0.21822
   4721.4   0.21777
   4725.7   0.21737
   4730.1   0.21696
   4734.4   0.21655
   4738.7   0.21609
   4743.0   0.21567
   4747.4   0.21518
   4751.7   0.21471
   4756.1   0.21421
   4760.5   0.21371
   4764.8   0.21319
   4769.2   0.21267
   4773.6   0.21212
   4778.0   0.21157
   4782.4   0.21094
   4786.8   0.21032
   4791.3   0.20963
   4795.7   0.20896
   4800.1   0.20824
   4804.6   0.20746
   4809.0   0.20665
   4813.5   0.20582
   4818.0   0.20494
   4822.5   0.20400
   4826.9   0.20300
   4831.4   0.20190
   4835.9   0.20067
   4840.5   0.19940
   4845.0   0.19800
   4849.5   0.19642
   4854.1   0.19460
   4858.6   0.19258
   4863.2   0.19026
   4867.7   0.18762
   4872.3   0.18468
   4876.9   0.18140
   4881.5   0.17781
   4886.1   0.17397
   4890.7   0.16998
   4895.3   0.16594
   4899.9   0.16198
   4904.6   0.15822
   4909.2   0.15469
   4913.9   0.15146
   4918.5   0.14843
   4923.2   0.14564
   4927.9   0.14301
   4932.6   0.14052
   4937.3   0.13815
   4942.0   0.13610
   4946.7   0.13436
   4951.4   0.13302
   4956.2   0.13224
   4960.9   0.13201
   4965.6   0.13218
   4970.4   0.13270
   4975.2   0.13346
   4980.0   0.13435
   4984.7   0.13531
   4989.5   0.13629
   4994.3   0.13722
   4999.2   0.13813
   5004.0   0.13897
   5008.8   0.13976
   5013.7   0.14047
   5018.5   0.14115
   5023.4   0.14180
   5028.3   0.14228
   5033.1   0.14270
   5038.0   0.14308
   5042.9   0.14339
   5047.8   0.14362
   5052.8   0.14374
   5057.7   0.14378
   5062.6   0.14377
   5067.6   0.14365
   5072.5   0.14342
   5077.5   0.14310
   5082.5   0.14273
   5087.5   0.14229
   5092.5   0.14165
   5097.5   0.14096
   5102.5   0.14026
   5107.5   0.13951
   5112.6   0.13861
   5117.6   0.13772
   5122.7   0.13678
   5127.7   0.13577
   5132.8   0.13473
   5137.9   0.13362
   5143.0   0.13247
   5148.1   0.13133
   5153.2   0.13007
   5158.3   0.12867
   5163.5   0.12743
   5168.6   0.12622
   5173.8   0.12504
   5179.0   0.12386
   5184.1   0.12265
   5189.3   0.12139
   5194.5   0.12010
   5199.7   0.11883
   5205.0   0.11757
   5210.2   0.11623
   5215.4   0.11518
   5220.7   0.11410
   5225.9   0.11312
   5231.2   0.11249
   5236.5   0.11210
   5241.8   0.11189
   5247.1   0.11174
   5252.4   0.11168
   5257.7   0.11172
   5263.1   0.11179
   5268.4   0.11184
   5273.8   0.11194
   5279.2   0.11205
   5284.5   0.11209
   5289.9   0.11208
   5295.3   0.11208
   5300.8   0.11184
   5306.2   0.11154
   5311.6   0.11129
   5317.1   0.11096
   5322.5   0.11066
   5328.0   0.11032
   5333.5   0.10997
   5339.0   0.10952
   5344.5   0.10898
   5350.0   0.10844
   5355.5   0.10771
   5361.0   0.10648
   5366.6   0.10525
   5372.2   0.10407
   5377.7   0.10297
   5383.3   0.10191
   5388.9   0.10092
   5394.5   0.09989
   5400.1   0.09885
   5405.8   0.09770
   5411.4   0.09656
   5417.1   0.09535
   5422.7   0.09439
   5428.4   0.09326
   5434.1   0.09186
   5439.8   0.09087
   5445.5   0.09009
   5451.2   0.08939
   5457.0   0.08885
   5462.7   0.08856
   5468.5   0.08856
   5474.3   0.08837
   5480.1   0.08837
   5485.9   0.08851
   5491.7   0.08852
   5497.5   0.08864
   5503.3   0.08878
   5509.2   0.08888
   5515.0   0.08881
   5520.9   0.08875
   5526.8   0.08860
   5532.7   0.08824
   5538.6   0.08775
   5544.5   0.08715
   5550.5   0.08639
   5556.4   0.08541
   5562.4   0.08402
   5568.4   0.08224
   5574.3   0.08028
   5580.3   0.07820
   5586.4   0.07559
   5592.4   0.07268
   5598.4   0.07026
   5604.5   0.06815
   5610.5   0.06635
   5616.6   0.06499
   5622.7   0.06412
   5628.8   0.06347
   5634.9   0.06336
   5641.1   0.06364
   5647.2   0.06435
   5653.4   0.06485
   5659.5   0.06581
   5665.7   0.06707
   5671.9   0.06857
   5678.1   0.07045
   5684.4   0.07248
   5690.6   0.07436
   5696.9   0.07653
   5703.1   0.07854
   5709.4   0.08060
   5715.7   0.08295
   5722.0   0.08508
   5728.3   0.08693
   5734.7   0.08874
   5741.0   0.09054
   5747.4   0.09213
   5753.8   0.09360
   5760.1   0.09442
   5766.6   0.09541
   5773.0   0.09609
   5779.4   0.09555
   5785.9   0.09521
   5792.3   0.09472
   5798.8   0.09421
   5805.3   0.09370
   5811.8   0.09310
   5818.3   0.09276
   5824.9   0.09276
   5831.4   0.09214
   5838.0   0.09141
   5844.6   0.09078
   5851.2   0.09032
   5857.8   0.08989
   5864.4   0.08957
   5871.0   0.08914
   5877.7   0.08872
   5884.4   0.08913
   5891.1   0.08867
   5897.8   0.08841
   5904.5   0.08855
   5911.2   0.08808
   5918.0   0.08822
   5924.7   0.08828
   5931.5   0.08827
   5938.3   0.08852
   5945.1   0.08820
   5951.9   0.08692
   5958.8   0.08621
   5965.6   0.08546
   5972.5   0.08509
   5979.4   0.08400
   5986.3   0.08319
   5993.2   0.08276
   6000.2   0.08219
   6007.1   0.08184
   6014.1   0.08253
   6021.1   0.08383
   6028.1   0.08568
   6035.1   0.08842
   6042.1   0.09219
   6049.2   0.09680
   6056.2   0.10317
   6063.3   0.10777
   6070.4   0.11225
   6077.5   0.11770
   6084.7   0.12250
   6091.8   0.12608
   6099.0   0.12986
   6106.2   0.13333
   6113.4   0.13681
   6120.6   0.13994
   6127.8   0.14153
   6135.1   0.14288
   6142.3   0.14466
   6149.6   0.14619
   6156.9   0.14737
   6164.3   0.14858
   6171.6   0.14919
   6178.9   0.14950
   6186.3   0.15054
   6193.7   0.15107
   6201.1   0.15062
   6208.5   0.15066
   6216.0   0.15081
   6223.5   0.15078
   6230.9   0.15059
   6238.4   0.15039
   6245.9   0.15014
   6253.5   0.14981
   6261.0   0.14950
   6268.6   0.14928
   6276.2   0.14912
   6283.8   0.14899
   6291.4   0.14902
   6299.1   0.14917
   6306.7   0.14944
   6314.4   0.14984
   6322.1   0.15032
   6329.8   0.15090
   6337.6   0.15145
   6345.3   0.15248
   6353.1   0.15304
   6360.9   0.15252
   6368.7   0.15276
   6376.5   0.15327
   6384.4   0.15274
   6392.3   0.15236
   6400.2   0.15223
   6408.1   0.15234
   6416.0   0.15377
   6424.0   0.15391
   6431.9   0.15238
   6439.9   0.15212
   6447.9   0.15174
   6456.0   0.15174
   6464.0   0.15155
   6472.1   0.15154
   6480.2   0.15189
   6488.3   0.15218
   6496.4   0.15273
   6504.6   0.15209
   6512.7   0.15069
   6520.9   0.15071
   6529.1   0.15093
   6537.4   0.15033
   6545.6   0.15031
   6553.9   0.15065
   6562.2   0.15086
   6570.5   0.15108
   6578.9   0.15180
   6587.2   0.15139
   6595.6   0.15142
   6604.0   0.15135
   6612.4   0.15096
   6620.9   0.15093
   6629.3   0.15087
   6637.8   0.15152
   6646.3   0.15123
   6654.9   0.14915
   6663.4   0.14804
   6672.0   0.14751
   6680.6   0.14693
   6689.2   0.14604
   6697.8   0.14446
   6706.5   0.14342
   6715.2   0.14279
   6723.9   0.14150
   6732.6   0.13988
   6741.4   0.13824
   6750.2   0.13681
   6759.0   0.13546
   6767.8   0.13396
   6776.6   0.13289
   6785.5   0.13185
   6794.4   0.13106
   6803.3   0.12975
   6812.3   0.12848
   6821.2   0.12802
   6830.2   0.12801
   6839.2   0.12770
   6848.3   0.12735
   6857.3   0.12772
   6866.4   0.12853
   6875.5   0.12821
   6884.6   0.12721
   6893.8   0.12686
   6903.0   0.12642
   6912.2   0.12593
   6921.4   0.12489
   6930.7   0.12379
   6939.9   0.12271
   6949.2   0.12154
   6958.6   0.12064
   6967.9   0.11971
   6977.3   0.11778
   6986.7   0.11627
   6996.1   0.11494
   7005.6   0.11336
   7015.1   0.11161
   7024.6   0.11016
   7034.1   0.10867
   7043.7   0.10751
   7053.2   0.10677
   7062.9   0.10558
   7072.5   0.10478
   7082.2   0.10432
   7091.8   0.10408
   7101.6   0.10393
   7111.3   0.10384
   7121.1   0.10377
   7130.9   0.10350
   7140.7   0.10303
   7150.5   0.10274
   7160.4   0.10213
   7170.3   0.10145
   7180.2   0.10071
   7190.2   0.09970
   7200.2   0.09891
   7210.2   0.09839
   7220.2   0.09779
   7230.3   0.09714
   7240.4   0.09674
   7250.5   0.09643
   7260.7   0.09623
   7270.9   0.09607
   7281.1   0.09597
   7291.3   0.09566
   7301.6   0.09510
   7311.9   0.09454
   7322.2   0.09375
   7332.6   0.09287
   7343.0   0.09196
   7353.4   0.09074
   7363.8   0.08942
   7374.3   0.08828
   7384.8   0.08719
   7395.3   0.08610
   7405.9   0.08504
   7416.5   0.08409
   7427.1   0.08311
   7437.8   0.08212
   7448.5   0.08107
   7459.2   0.08008
   7469.9   0.07913
   7480.7   0.07811
   7491.5   0.07708
   7502.4   0.07617
   7513.2   0.07533
   7524.1   0.07461
   7535.1   0.07390
   7546.0   0.07332
   7557.0   0.07280
   7568.1   0.07247
   7579.1   0.07225
   7590.2   0.07221
   7601.4   0.07229
   7612.5   0.07250
   7623.7   0.07273
   7635.0   0.07299
   7646.2   0.07323
   7657.5   0.07351
   7668.8   0.07370
   7680.2   0.07384
   7691.6   0.07390
   7703.0   0.07390
   7714.5   0.07377
   7726.0   0.07363
   7737.5   0.07339
   7749.1   0.07306
   7760.7   0.07268
   7772.3   0.07230
   7784.0   0.07186
   7795.7   0.07152
   7807.4   0.07120
   7819.2   0.07099
   7831.0   0.07083
   7842.9   0.07078
   7854.8   0.07078
   7866.7   0.07085
   7878.6   0.07090
   7890.6   0.07098
   7902.6   0.07097
   7914.7   0.07083
   7926.8   0.07056
   7939.0   0.07022
   7951.1   0.06979
   7963.3   0.06934
   7975.6   0.06879
   7987.9   0.06820
   8000.2   0.06749
   8012.6   0.06670
   8025.0   0.06582
   8037.4   0.06492
   8049.9   0.06397
   8062.4   0.06304
   8075.0   0.06207
   8087.6   0.06113
   8100.2   0.06020
   8112.9   0.05927
   8125.6   0.05823
   8138.4   0.05717
   8151.2   0.05606
   8164.0   0.05497
   8176.9   0.05384
   8189.8   0.05278
   8202.7   0.05175
   8215.7   0.05086
   8228.8   0.05006
   8241.9   0.04941
   8255.0   0.04879
   8268.2   0.04832
   8281.4   0.04783
   8294.6   0.04739
   8307.9   0.04692
   8321.2   0.04644
   8334.6   0.04591
   8348.0   0.04536
   8361.5   0.04471
   8375.0   0.04408
   8388.6   0.04337
   8402.2   0.04264
   8415.8   0.04189
   8429.5   0.04117
   8443.2   0.04038
   8457.0   0.03968
   8470.8   0.03904
   8484.7   0.03850
   8498.6   0.03799
   8512.5   0.03753
   8526.5   0.03701
   8540.6   0.03651
   8554.7   0.03598
   8568.8   0.03547
   8583.0   0.03489
   8597.2   0.03432
   8611.5   0.03367
   8625.8   0.03304
   8640.2   0.03236
   8654.6   0.03174
   8669.1   0.03106
   8683.6   0.03045
   8698.2   0.02977
   8712.8   0.02910
   8727.5   0.02843
   8742.2   0.02782
   8757.0   0.02718
   8771.8   0.02659
   8786.7   0.02592
   8801.6   0.02532
   8816.6   0.02474
   8831.6   0.02423
   8846.6   0.02369
   8861.8   0.02319
   8876.9   0.02261
   8892.2   0.02215
   8907.4   0.02167
   8922.8   0.02135
   8938.2   0.02149
   8953.6   0.02229
   8969.1   0.02335
   8984.6   0.02457
   9000.2   0.02578
   9015.9   0.02713
   9031.6   0.02861
   9047.4   0.03037
   9063.2   0.03238
   9079.0   0.03467
   9095.0   0.03710
   9111.0   0.03987
   9127.0   0.04289
   9143.1   0.04621
   9159.3   0.04976
   9175.5   0.05358
   9191.7   0.05757
   9208.1   0.06189
   9224.4   0.06637
   9240.9   0.07103
   9257.4   0.07580
   9273.9   0.08068
   9290.6   0.08557
   9307.2   0.09056
   9324.0   0.09549
   9340.8   0.10017
   9357.6   0.10427
   9374.6   0.10739
   9391.5   0.10930
   9408.6   0.11024
   9425.7   0.11051
   9442.9   0.11044
   9460.1   0.11019
   9477.4   0.10990
   9494.8   0.10961
   9512.2   0.10932
   9529.7   0.10908
   9547.2   0.10879
   9564.8   0.10840
   9582.5   0.10811
   9600.3   0.10790
   9618.1   0.10776
   9635.9   0.10775
   9653.9   0.10781
   9671.9   0.10796
   9690.0   0.10829
   9708.1   0.10870
   9726.3   0.10926
   9744.6   0.10992
   9763.0   0.11063
   9781.4   0.11141
   9799.9   0.11219
   9818.4   0.11297
   9837.1   0.11376
   9855.8   0.11452
   9874.5   0.11524
   9893.4   0.11588
   9912.3   0.11633
   9931.3   0.11658
   9950.4   0.11674
   9969.5   0.11685
   9988.7   0.11680
  10008.0   0.11667
  10027.3   0.11668
  10046.8   0.11701
  10066.3   0.11786
  10085.9   0.11942
  10105.5   0.12205
  10125.3   0.12612
  10145.1   0.13097
  10165.0   0.13485
  10184.9   0.13584
  10205.0   0.13344
  10225.1   0.12841
  10245.3   0.12219
  10265.6   0.11614
  10286.0   0.11141
  10306.4   0.10855
  10327.0   0.10760
  10347.6   0.10864
  10368.3   0.11154
  10389.0   0.11581
  10409.9   0.12079
  10430.9   0.12638
  10451.9   0.13464
  10473.0   0.14778
  10494.2   0.16285
  10515.5   0.17468
  10536.9   0.18194
  10558.3   0.18566
  10579.9   0.18716
  10601.5   0.18730
  10623.2   0.18667
  10645.0   0.18546
  10666.9   0.18395
  10688.9   0.18219
  10711.0   0.18032
  10733.2   0.17830
  10755.5   0.17628
  10777.8   0.17418
  10800.3   0.17200
  10822.8   0.16975
  10845.5   0.16755
  10868.2   0.16529
  10891.0   0.16311
  10914.0   0.16109
  10937.0   0.15915
  10960.1   0.15726
  10983.3   0.15551
  11006.7   0.15378
  11030.1   0.15209
  11053.6   0.15038
  11077.2   0.14871
  11100.9   0.14704
  11124.8   0.14532
  11148.7   0.14353
  11172.7   0.14177
  11196.8   0.13996
  11221.1   0.13811
  11245.4   0.13614
  11269.9   0.13405
  11294.4   0.13165
  11319.1   0.12899
  11343.8   0.12603
  11368.7   0.12280
  11393.7   0.11929
  11418.8   0.11532
  11444.0   0.11074
  11469.3   0.10528
  11494.8   0.09891
  11520.3   0.09187
  11546.0   0.08477
  11571.7   0.07827
  11597.6   0.07274
  11623.6   0.06802
  11649.7   0.06411
  11676.0   0.06082
  11702.3   0.05794
  11728.8   0.05528
  11755.4   0.05278
  11782.1   0.05035
  11809.0   0.04816
  11835.9   0.04658
  11863.0   0.04632
  11890.2   0.04773
  11917.6   0.05022
  11945.0   0.05233
  11972.6   0.05306
  12000.3   0.05249
  12028.2   0.05127
  12056.1   0.04980
  12084.2   0.04840
  12112.5   0.04706
  12140.8   0.04592
  12169.3   0.04489
  12198.0   0.04400
  12226.7   0.04321
  12255.6   0.04249
  12284.7   0.04181
  12313.9   0.04121
  12343.2   0.04067
  12372.6   0.04024
  12402.2   0.03975
  12432.0   0.03940
  12461.9   0.03908
  12491.9   0.03872
  12522.1   0.03846
  12552.4   0.03834
  12582.9   0.03818
  12613.5   0.03806
  12644.2   0.03797
  12675.1   0.03797
  12706.2   0.03788
  12737.4   0.03777
  12768.8   0.03759
  12800.3   0.03755
  12832.0   0.03741
  12863.9   0.03730
  12895.9   0.03717
  12928.0   0.03709
  12960.3   0.03702
  12992.8   0.03689
  13025.5   0.03655
  13058.3   0.03626
  13091.3   0.03597
  13124.4   0.03562
  13157.7   0.03518
  13191.2   0.03479
  13224.8   0.03430
  13258.7   0.03380
  13292.7   0.03334
  13326.8   0.03312
  13361.2   0.03289
  13395.7   0.03263
  13430.4   0.03227
  13465.3   0.03206
  13500.4   0.03185
  13535.6   0.03159
  13571.0   0.03128
  13606.7   0.03105
  13642.5   0.03070
  13678.5   0.03034
  13714.6   0.02992
  13751.0   0.02948
  13787.6   0.02901
  13824.4   0.02858
  13861.3   0.02808
  13898.5   0.02760
  13935.8   0.02710
  13973.4   0.02664
  14011.2   0.02615
  14049.1   0.02566
  14087.3   0.02512
  14125.7   0.02457
  14164.3   0.02402
  14203.1   0.02353
  14242.1   0.02302
  14281.4   0.02259
  14320.8   0.02207
  14360.5   0.02163
  14400.4   0.02115
  14440.5   0.02078
  14480.8   0.02031
  14521.4   0.01987
  14562.2   0.01947
  14603.2   0.01912
  14644.4   0.01866
  14685.9   0.01834
  14727.7   0.01803
  14769.6   0.01771
  14811.8   0.01738
  14854.3   0.01718
  14896.9   0.01688
  14939.9   0.01659
  14983.0   0.01631
  15026.5   0.01625
  15070.2   0.01644
  15114.1   0.01690
  15158.3   0.01753
  15202.7   0.01846
  15247.5   0.01957
  15292.4   0.02105
  15337.7   0.02273
  15383.2   0.02480
  15429.0   0.02728
  15475.0   0.03024
  15521.4   0.03331
  15568.0   0.03648
  15614.9   0.03946
  15662.0   0.04236
  15709.5   0.04491
  15757.2   0.04709
  15805.3   0.04881
  15853.6   0.05027
  15902.3   0.05111
  15951.2   0.05163
  16000.4   0.05162
  16050.0   0.05130
  16099.8   0.05069
  16150.0   0.04986
  16200.4   0.04871
  16251.2   0.04741
  16302.3   0.04592
  16353.7   0.04426
  16405.5   0.04259
  16457.6   0.04095
  16510.0   0.03913
  16562.7   0.03761
  16615.8   0.03617
  16669.2   0.03465
  16723.0   0.03319
  16777.1   0.03186
  16831.6   0.03066
  16886.4   0.02974
  16941.6   0.02908
  16997.2   0.02909
  17053.1   0.02971
  17109.4   0.03104
  17166.0   0.03295
  17223.0   0.03545
  17280.5   0.03837
  17338.2   0.04182
  17396.4   0.04554
  17455.0   0.04974
  17514.0   0.05422
  17573.3   0.05903
  17633.1   0.06384
  17693.3   0.06851
  17753.9   0.07295
  17814.9   0.07710
  17876.3   0.08048
  17938.2   0.08341
  18000.5   0.08602
  18063.2   0.08875
  18126.3   0.09169
  18189.9   0.09481
  18254.0   0.09775
  18318.5   0.10006
  18383.5   0.10099
  18448.9   0.10072
  18514.8   0.10011
  18581.1   0.09978
  18648.0   0.10045
  18715.3   0.10274
  18783.1   0.10655
  18851.4   0.11146
  18920.2   0.11633
  18989.5   0.11985
  19059.3   0.12076
  19129.7   0.11898
  19200.5   0.11542
  19271.9   0.11136
  19343.8   0.10701
  19416.2   0.10281
  19489.2   0.09902
  19562.8   0.09549
  19636.9   0.09257
  19711.5   0.09053
  19786.8   0.08948
  19862.6   0.08948
  19939.0   0.08894
  20016.0   0.08692
  20093.5   0.08265
  20171.7   0.07557
  20250.5   0.06737
  20329.9   0.06254
  20410.0   0.05748
  20490.7   0.05168
  20572.0   0.04692
  20653.9   0.04274
  20736.5   0.04009
  20819.8   0.03878
  20903.8   0.03900
  20988.4   0.04092
  21073.7   0.04400
  21159.7   0.04768
  21246.5   0.05141
  21333.9   0.05434
  21422.0   0.05603
  21510.9   0.05643
  21600.6   0.05560
  21690.9   0.05403
  21782.1   0.05254
  21874.0   0.05236
  21966.7   0.05357
  22060.1   0.05709
  22154.4   0.06265
  22249.5   0.06934
  22345.4   0.07816
  22442.1   0.08766
  22539.7   0.09478
  22638.1   0.09952
  22737.4   0.10308
  22837.6   0.10581
  22938.7   0.10899
  23040.6   0.11347
  23143.5   0.11954
  23247.2   0.12786
  23352.0   0.13723
  23457.6   0.14638
  23564.3   0.15366
  23671.8   0.15916
  23780.4   0.16348
  23890.0   0.16704
  24000.6   0.16964
  24112.3   0.16925
  24224.9   0.16819
  24338.7   0.16359
  24453.5   0.15522
  24569.4   0.14419
  24686.4   0.13283
  24804.5   0.12396
  24923.7   0.11595
  25044.1   0.10913
  25165.7   0.10633
  25288.5   0.10540
  25412.4   0.10258
  25537.6   0.09849
  25664.0   0.09359
  25791.7   0.08610
  25920.7   0.07873



 NNBPO32     .ASC                        

 PO-CMP-032-B                                                            
 N1,N2,N4 DATA MERGED @ 1046.032 AND 2823.603   OLV 25-75                

 Source Ang: 30.00   Detect Ang: 30.00  Volt: 1.222
 Date: 30-JUL-92   Time: 10:19:54
