  4666
    650.1   0.51029
    650.3   0.50791
    650.5   0.50604
    650.6   0.50489
    650.8   0.50322
    650.9   0.50120
    651.1   0.49993
    651.3   0.49896
    651.4   0.49762
    651.6   0.49610
    651.8   0.49479
    651.9   0.49344
    652.1   0.49233
    652.3   0.49054
    652.4   0.48951
    652.6   0.48857
    652.7   0.48734
    652.9   0.48581
    653.1   0.48484
    653.2   0.48375
    653.4   0.48288
    653.6   0.48168
    653.7   0.48108
    653.9   0.48049
    654.1   0.47916
    654.2   0.47785
    654.4   0.47693
    654.6   0.47635
    654.7   0.47524
    654.9   0.47410
    655.1   0.47356
    655.2   0.47308
    655.4   0.47212
    655.6   0.47103
    655.7   0.47040
    655.9   0.46976
    656.1   0.46904
    656.2   0.46837
    656.4   0.46750
    656.6   0.46684
    656.7   0.46623
    656.9   0.46545
    657.1   0.46479
    657.2   0.46461
    657.4   0.46375
    657.6   0.46293
    657.7   0.46255
    657.9   0.46212
    658.1   0.46137
    658.2   0.46055
    658.4   0.46009
    658.6   0.45949
    658.7   0.45888
    658.9   0.45836
    659.1   0.45793
    659.2   0.45754
    659.4   0.45702
    659.6   0.45643
    659.7   0.45606
    659.9   0.45574
    660.1   0.45512
    660.2   0.45462
    660.4   0.45423
    660.6   0.45389
    660.7   0.45327
    660.9   0.45276
    661.1   0.45235
    661.2   0.45205
    661.4   0.45149
    661.6   0.45102
    661.7   0.45056
    661.9   0.45031
    662.1   0.44980
    662.3   0.44932
    662.4   0.44909
    662.6   0.44886
    662.8   0.44834
    662.9   0.44798
    663.1   0.44769
    663.3   0.44741
    663.4   0.44702
    663.6   0.44662
    663.8   0.44633
    664.0   0.44600
    664.1   0.44550
    664.3   0.44511
    664.5   0.44498
    664.6   0.44478
    664.8   0.44434
    665.0   0.44396
    665.1   0.44366
    665.3   0.44348
    665.5   0.44309
    665.7   0.44281
    665.8   0.44250
    666.0   0.44217
    666.2   0.44186
    666.3   0.44162
    666.5   0.44139
    666.7   0.44128
    666.9   0.44092
    667.0   0.44040
    667.2   0.44023
    667.4   0.44016
    667.5   0.43983
    667.7   0.43939
    667.9   0.43929
    668.1   0.43919
    668.2   0.43888
    668.4   0.43875
    668.6   0.43841
    668.7   0.43805
    668.9   0.43788
    669.1   0.43759
    669.3   0.43742
    669.4   0.43728
    669.6   0.43697
    669.8   0.43676
    670.0   0.43662
    670.1   0.43642
    670.3   0.43616
    670.5   0.43599
    670.7   0.43569
    670.8   0.43556
    671.0   0.43522
    671.2   0.43498
    671.3   0.43483
    671.5   0.43465
    671.7   0.43444
    671.9   0.43417
    672.0   0.43407
    672.2   0.43394
    672.4   0.43360
    672.6   0.43340
    672.7   0.43319
    672.9   0.43302
    673.1   0.43281
    673.3   0.43261
    673.4   0.43247
    673.6   0.43223
    673.8   0.43207
    674.0   0.43172
    674.1   0.43161
    674.3   0.43154
    674.5   0.43127
    674.7   0.43101
    674.8   0.43089
    675.0   0.43068
    675.2   0.43052
    675.4   0.43036
    675.5   0.43021
    675.7   0.43013
    675.9   0.42992
    676.1   0.42975
    676.3   0.42965
    676.4   0.42957
    676.6   0.42935
    676.8   0.42915
    677.0   0.42908
    677.1   0.42897
    677.3   0.42868
    677.5   0.42836
    677.7   0.42828
    677.8   0.42820
    678.0   0.42797
    678.2   0.42784
    678.4   0.42764
    678.6   0.42753
    678.7   0.42735
    678.9   0.42713
    679.1   0.42709
    679.3   0.42692
    679.4   0.42678
    679.6   0.42652
    679.8   0.42639
    680.0   0.42643
    680.2   0.42626
    680.3   0.42605
    680.5   0.42594
    680.7   0.42589
    680.9   0.42568
    681.0   0.42547
    681.2   0.42535
    681.4   0.42526
    681.6   0.42521
    681.8   0.42496
    681.9   0.42483
    682.1   0.42478
    682.3   0.42467
    682.5   0.42447
    682.7   0.42439
    682.8   0.42427
    683.0   0.42413
    683.2   0.42405
    683.4   0.42378
    683.6   0.42364
    683.7   0.42353
    683.9   0.42343
    684.1   0.42332
    684.3   0.42327
    684.5   0.42315
    684.6   0.42308
    684.8   0.42294
    685.0   0.42279
    685.2   0.42268
    685.4   0.42262
    685.6   0.42254
    685.7   0.42245
    685.9   0.42222
    686.1   0.42208
    686.3   0.42195
    686.5   0.42184
    686.6   0.42173
    686.8   0.42157
    687.0   0.42151
    687.2   0.42144
    687.4   0.42136
    687.6   0.42113
    687.7   0.42106
    687.9   0.42102
    688.1   0.42094
    688.3   0.42082
    688.5   0.42070
    688.6   0.42059
    688.8   0.42048
    689.0   0.42038
    689.2   0.42026
    689.4   0.42020
    689.6   0.42004
    689.7   0.41995
    689.9   0.41982
    690.1   0.41974
    690.3   0.41962
    690.5   0.41947
    690.7   0.41942
    690.8   0.41936
    691.0   0.41924
    691.2   0.41916
    691.4   0.41908
    691.6   0.41897
    691.8   0.41891
    692.0   0.41880
    692.1   0.41872
    692.3   0.41861
    692.5   0.41849
    692.7   0.41825
    692.9   0.41827
    693.1   0.41818
    693.3   0.41811
    693.4   0.41796
    693.6   0.41789
    693.8   0.41782
    694.0   0.41778
    694.2   0.41766
    694.4   0.41765
    694.6   0.41761
    694.7   0.41745
    694.9   0.41728
    695.1   0.41719
    695.3   0.41711
    695.5   0.41700
    695.7   0.41686
    695.9   0.41680
    696.0   0.41676
    696.2   0.41664
    696.4   0.41654
    696.6   0.41645
    696.8   0.41639
    697.0   0.41637
    697.2   0.41633
    697.4   0.41621
    697.5   0.41610
    697.7   0.41601
    697.9   0.41590
    698.1   0.41586
    698.3   0.41578
    698.5   0.41570
    698.7   0.41561
    698.9   0.41551
    699.0   0.41545
    699.2   0.41539
    699.4   0.41524
    699.6   0.41511
    699.8   0.41507
    700.0   0.41500
    700.2   0.41493
    700.4   0.41489
    700.6   0.41484
    700.7   0.41475
    700.9   0.41470
    701.1   0.41457
    701.3   0.41458
    701.5   0.41447
    701.7   0.41441
    701.9   0.41431
    702.1   0.41433
    702.3   0.41422
    702.5   0.41415
    702.6   0.41404
    702.8   0.41398
    703.0   0.41390
    703.2   0.41381
    703.4   0.41376
    703.6   0.41367
    703.8   0.41364
    704.0   0.41354
    704.2   0.41348
    704.4   0.41341
    704.6   0.41333
    704.7   0.41330
    704.9   0.41322
    705.1   0.41321
    705.3   0.41307
    705.5   0.41295
    705.7   0.41289
    705.9   0.41281
    706.1   0.41276
    706.3   0.41268
    706.5   0.41265
    706.7   0.41264
    706.9   0.41250
    707.1   0.41242
    707.2   0.41234
    707.4   0.41228
    707.6   0.41222
    707.8   0.41213
    708.0   0.41213
    708.2   0.41206
    708.4   0.41202
    708.6   0.41196
    708.8   0.41187
    709.0   0.41181
    709.2   0.41174
    709.4   0.41166
    709.6   0.41162
    709.8   0.41153
    710.0   0.41146
    710.2   0.41133
    710.4   0.41130
    710.5   0.41129
    710.7   0.41123
    710.9   0.41121
    711.1   0.41112
    711.3   0.41109
    711.5   0.41097
    711.7   0.41092
    711.9   0.41092
    712.1   0.41089
    712.3   0.41079
    712.5   0.41070
    712.7   0.41063
    712.9   0.41052
    713.1   0.41044
    713.3   0.41035
    713.5   0.41029
    713.7   0.41030
    713.9   0.41028
    714.1   0.41025
    714.3   0.41019
    714.5   0.41017
    714.7   0.41005
    714.9   0.40997
    715.1   0.40988
    715.3   0.40989
    715.4   0.40984
    715.6   0.40980
    715.8   0.40972
    716.0   0.40965
    716.2   0.40961
    716.4   0.40949
    716.6   0.40942
    716.8   0.40933
    717.0   0.40928
    717.2   0.40925
    717.4   0.40918
    717.6   0.40927
    717.8   0.40916
    718.0   0.40908
    718.2   0.40902
    718.4   0.40895
    718.6   0.40889
    718.8   0.40887
    719.0   0.40883
    719.2   0.40880
    719.4   0.40872
    719.6   0.40867
    719.8   0.40861
    720.0   0.40856
    720.2   0.40853
    720.4   0.40845
    720.6   0.40837
    720.8   0.40838
    721.0   0.40829
    721.2   0.40822
    721.4   0.40821
    721.6   0.40814
    721.8   0.40807
    722.0   0.40804
    722.2   0.40799
    722.4   0.40800
    722.6   0.40796
    722.8   0.40792
    723.0   0.40784
    723.2   0.40782
    723.4   0.40774
    723.6   0.40769
    723.8   0.40768
    724.0   0.40763
    724.2   0.40757
    724.4   0.40747
    724.6   0.40739
    724.9   0.40734
    725.1   0.40733
    725.3   0.40726
    725.5   0.40725
    725.7   0.40720
    725.9   0.40716
    726.1   0.40708
    726.3   0.40705
    726.5   0.40699
    726.7   0.40701
    726.9   0.40694
    727.1   0.40692
    727.3   0.40688
    727.5   0.40680
    727.7   0.40675
    727.9   0.40674
    728.1   0.40673
    728.3   0.40665
    728.5   0.40660
    728.7   0.40657
    728.9   0.40654
    729.1   0.40646
    729.3   0.40639
    729.5   0.40634
    729.7   0.40630
    730.0   0.40627
    730.2   0.40621
    730.4   0.40616
    730.6   0.40609
    730.8   0.40606
    731.0   0.40603
    731.2   0.40600
    731.4   0.40596
    731.6   0.40589
    731.8   0.40582
    732.0   0.40578
    732.2   0.40575
    732.4   0.40568
    732.6   0.40565
    732.8   0.40561
    733.1   0.40557
    733.3   0.40553
    733.5   0.40549
    733.7   0.40548
    733.9   0.40546
    734.1   0.40540
    734.3   0.40536
    734.5   0.40531
    734.7   0.40529
    734.9   0.40524
    735.1   0.40519
    735.3   0.40516
    735.5   0.40510
    735.8   0.40507
    736.0   0.40499
    736.2   0.40496
    736.4   0.40492
    736.6   0.40489
    736.8   0.40483
    737.0   0.40479
    737.2   0.40477
    737.4   0.40472
    737.6   0.40469
    737.9   0.40464
    738.1   0.40461
    738.3   0.40459
    738.5   0.40455
    738.7   0.40454
    738.9   0.40450
    739.1   0.40444
    739.3   0.40439
    739.5   0.40433
    739.7   0.40429
    740.0   0.40425
    740.2   0.40421
    740.4   0.40417
    740.6   0.40414
    740.8   0.40410
    741.0   0.40407
    741.2   0.40403
    741.4   0.40401
    741.7   0.40397
    741.9   0.40393
    742.1   0.40393
    742.3   0.40390
    742.5   0.40386
    742.7   0.40374
    742.9   0.40370
    743.1   0.40369
    743.4   0.40368
    743.6   0.40362
    743.8   0.40356
    744.0   0.40355
    744.2   0.40350
    744.4   0.40347
    744.6   0.40348
    744.8   0.40346
    745.1   0.40340
    745.3   0.40335
    745.5   0.40329
    745.7   0.40326
    745.9   0.40323
    746.1   0.40316
    746.3   0.40317
    746.6   0.40317
    746.8   0.40314
    747.0   0.40308
    747.2   0.40308
    747.4   0.40301
    747.6   0.40298
    747.9   0.40296
    748.1   0.40290
    748.3   0.40286
    748.5   0.40283
    748.7   0.40279
    748.9   0.40278
    749.2   0.40271
    749.4   0.40269
    749.6   0.40265
    749.8   0.40259
    750.0   0.40256
    750.2   0.40250
    750.5   0.40251
    750.7   0.40248
    750.9   0.40247
    751.1   0.40241
    751.3   0.40240
    751.5   0.40231
    751.8   0.40226
    752.0   0.40221
    752.2   0.40217
    752.4   0.40213
    752.6   0.40213
    752.9   0.40212
    753.1   0.40205
    753.3   0.40203
    753.5   0.40202
    753.7   0.40198
    753.9   0.40192
    754.2   0.40190
    754.4   0.40185
    754.6   0.40181
    754.8   0.40175
    755.0   0.40176
    755.3   0.40174
    755.5   0.40173
    755.7   0.40169
    755.9   0.40165
    756.1   0.40159
    756.4   0.40156
    756.6   0.40150
    756.8   0.40146
    757.0   0.40147
    757.3   0.40140
    757.5   0.40135
    757.7   0.40132
    757.9   0.40128
    758.1   0.40126
    758.4   0.40122
    758.6   0.40120
    758.8   0.40114
    759.0   0.40116
    759.2   0.40114
    759.5   0.40113
    759.7   0.40112
    759.9   0.40107
    760.1   0.40104
    760.4   0.40100
    760.6   0.40095
    760.8   0.40092
    761.0   0.40086
    761.3   0.40085
    761.5   0.40085
    761.7   0.40081
    761.9   0.40079
    762.1   0.40074
    762.4   0.40074
    762.6   0.40067
    762.8   0.40059
    763.0   0.40057
    763.3   0.40056
    763.5   0.40054
    763.7   0.40049
    763.9   0.40042
    764.2   0.40041
    764.4   0.40038
    764.6   0.40036
    764.8   0.40028
    765.1   0.40029
    765.3   0.40025
    765.5   0.40022
    765.8   0.40018
    766.0   0.40017
    766.2   0.40015
    766.4   0.40008
    766.7   0.40007
    766.9   0.40000
    767.1   0.39998
    767.3   0.39997
    767.6   0.39994
    767.8   0.39995
    768.0   0.39989
    768.2   0.39986
    768.5   0.39982
    768.7   0.39979
    768.9   0.39973
    769.2   0.39968
    769.4   0.39965
    769.6   0.39962
    769.8   0.39958
    770.1   0.39955
    770.3   0.39951
    770.5   0.39948
    770.8   0.39946
    771.0   0.39940
    771.2   0.39940
    771.4   0.39938
    771.7   0.39936
    771.9   0.39934
    772.1   0.39925
    772.4   0.39921
    772.6   0.39921
    772.8   0.39918
    773.1   0.39915
    773.3   0.39914
    773.5   0.39908
    773.8   0.39902
    774.0   0.39897
    774.2   0.39896
    774.4   0.39897
    774.7   0.39896
    774.9   0.39894
    775.1   0.39889
    775.4   0.39885
    775.6   0.39882
    775.8   0.39874
    776.1   0.39875
    776.3   0.39871
    776.5   0.39872
    776.8   0.39869
    777.0   0.39868
    777.2   0.39864
    777.5   0.39860
    777.7   0.39857
    777.9   0.39853
    778.2   0.39850
    778.4   0.39848
    778.6   0.39843
    778.9   0.39839
    779.1   0.39838
    779.3   0.39833
    779.6   0.39832
    779.8   0.39829
    780.0   0.39824
    780.3   0.39822
    780.5   0.39819
    780.7   0.39818
    781.0   0.39817
    781.2   0.39814
    781.4   0.39811
    781.7   0.39805
    781.9   0.39799
    782.2   0.39797
    782.4   0.39794
    782.6   0.39790
    782.9   0.39787
    783.1   0.39782
    783.3   0.39778
    783.6   0.39779
    783.8   0.39776
    784.0   0.39770
    784.3   0.39770
    784.5   0.39766
    784.8   0.39763
    785.0   0.39761
    785.2   0.39758
    785.5   0.39756
    785.7   0.39748
    786.0   0.39748
    786.2   0.39745
    786.4   0.39744
    786.7   0.39741
    786.9   0.39736
    787.1   0.39732
    787.4   0.39726
    787.6   0.39726
    787.9   0.39724
    788.1   0.39719
    788.3   0.39715
    788.6   0.39713
    788.8   0.39708
    789.1   0.39706
    789.3   0.39699
    789.5   0.39697
    789.8   0.39693
    790.0   0.39693
    790.3   0.39692
    790.5   0.39690
    790.7   0.39685
    791.0   0.39682
    791.2   0.39680
    791.5   0.39676
    791.7   0.39673
    792.0   0.39669
    792.2   0.39668
    792.4   0.39668
    792.7   0.39666
    792.9   0.39662
    793.2   0.39663
    793.4   0.39655
    793.7   0.39655
    793.9   0.39649
    794.1   0.39645
    794.4   0.39641
    794.6   0.39638
    794.9   0.39635
    795.1   0.39633
    795.4   0.39631
    795.6   0.39628
    795.8   0.39622
    796.1   0.39617
    796.3   0.39615
    796.6   0.39615
    796.8   0.39612
    797.1   0.39607
    797.3   0.39606
    797.6   0.39601
    797.8   0.39604
    798.1   0.39600
    798.3   0.39597
    798.5   0.39592
    798.8   0.39592
    799.0   0.39594
    799.3   0.39587
    799.5   0.39583
    799.8   0.39578
    800.0   0.39571
    800.3   0.39571
    800.5   0.39567
    800.8   0.39565
    801.0   0.39562
    801.3   0.39558
    801.5   0.39557
    801.8   0.39556
    802.0   0.39550
    802.2   0.39545
    802.5   0.39542
    802.7   0.39538
    803.0   0.39535
    803.2   0.39534
    803.5   0.39532
    803.7   0.39526
    804.0   0.39524
    804.2   0.39520
    804.5   0.39519
    804.7   0.39514
    805.0   0.39513
    805.2   0.39510
    805.5   0.39506
    805.7   0.39501
    806.0   0.39498
    806.2   0.39497
    806.5   0.39497
    806.7   0.39492
    807.0   0.39491
    807.2   0.39487
    807.5   0.39480
    807.7   0.39478
    808.0   0.39477
    808.3   0.39474
    808.5   0.39471
    808.8   0.39469
    809.0   0.39467
    809.3   0.39465
    809.5   0.39463
    809.8   0.39458
    810.0   0.39454
    810.3   0.39452
    810.5   0.39448
    810.8   0.39447
    811.0   0.39442
    811.3   0.39440
    811.5   0.39437
    811.8   0.39434
    812.1   0.39437
    812.3   0.39431
    812.6   0.39426
    812.8   0.39421
    813.1   0.39418
    813.3   0.39418
    813.6   0.39414
    813.8   0.39409
    814.1   0.39409
    814.3   0.39403
    814.6   0.39400
    814.9   0.39400
    815.1   0.39395
    815.4   0.39389
    815.6   0.39383
    815.9   0.39382
    816.1   0.39380
    816.4   0.39378
    816.7   0.39378
    816.9   0.39374
    817.2   0.39367
    817.4   0.39368
    817.7   0.39364
    817.9   0.39360
    818.2   0.39357
    818.5   0.39356
    818.7   0.39352
    819.0   0.39349
    819.2   0.39349
    819.5   0.39346
    819.8   0.39339
    820.0   0.39337
    820.3   0.39335
    820.5   0.39332
    820.8   0.39332
    821.1   0.39327
    821.3   0.39323
    821.6   0.39322
    821.8   0.39318
    822.1   0.39316
    822.4   0.39313
    822.6   0.39311
    822.9   0.39308
    823.1   0.39306
    823.4   0.39305
    823.7   0.39300
    823.9   0.39295
    824.2   0.39295
    824.4   0.39293
    824.7   0.39291
    825.0   0.39286
    825.2   0.39285
    825.5   0.39281
    825.8   0.39281
    826.0   0.39278
    826.3   0.39273
    826.6   0.39270
    826.8   0.39268
    827.1   0.39268
    827.3   0.39265
    827.6   0.39261
    827.9   0.39258
    828.1   0.39256
    828.4   0.39252
    828.7   0.39249
    828.9   0.39245
    829.2   0.39239
    829.5   0.39238
    829.7   0.39236
    830.0   0.39236
    830.3   0.39233
    830.5   0.39229
    830.8   0.39227
    831.1   0.39225
    831.3   0.39222
    831.6   0.39217
    831.9   0.39215
    832.1   0.39210
    832.4   0.39207
    832.7   0.39204
    832.9   0.39205
    833.2   0.39199
    833.5   0.39198
    833.7   0.39198
    834.0   0.39196
    834.3   0.39193
    834.5   0.39187
    834.8   0.39184
    835.1   0.39183
    835.3   0.39179
    835.6   0.39176
    835.9   0.39174
    836.2   0.39173
    836.4   0.39171
    836.7   0.39168
    837.0   0.39163
    837.2   0.39162
    837.5   0.39158
    837.8   0.39156
    838.0   0.39154
    838.3   0.39151
    838.6   0.39147
    838.9   0.39143
    839.1   0.39138
    839.4   0.39139
    839.7   0.39136
    839.9   0.39133
    840.2   0.39131
    840.5   0.39130
    840.8   0.39130
    841.0   0.39125
    841.3   0.39126
    841.6   0.39120
    841.9   0.39120
    842.1   0.39117
    842.4   0.39117
    842.7   0.39111
    842.9   0.39108
    843.2   0.39103
    843.5   0.39104
    843.8   0.39104
    844.0   0.39100
    844.3   0.39097
    844.6   0.39095
    844.9   0.39093
    845.1   0.39092
    845.4   0.39090
    845.7   0.39089
    846.0   0.39086
    846.3   0.39083
    846.5   0.39079
    846.8   0.39078
    847.1   0.39076
    847.4   0.39073
    847.6   0.39072
    847.9   0.39069
    848.2   0.39064
    848.5   0.39061
    848.7   0.39059
    849.0   0.39060
    849.3   0.39057
    849.6   0.39054
    849.9   0.39054
    850.1   0.39048
    850.4   0.39045
    850.7   0.39043
    851.0   0.39042
    851.3   0.39042
    851.5   0.39040
    851.8   0.39038
    852.1   0.39035
    852.4   0.39034
    852.7   0.39033
    852.9   0.39030
    853.2   0.39029
    853.5   0.39025
    853.8   0.39026
    854.1   0.39024
    854.3   0.39021
    854.6   0.39017
    854.9   0.39015
    855.2   0.39014
    855.5   0.39014
    855.8   0.39013
    856.0   0.39011
    856.3   0.39009
    856.6   0.39005
    856.9   0.39001
    857.2   0.38998
    857.4   0.38996
    857.7   0.38993
    858.0   0.38992
    858.3   0.38991
    858.6   0.38992
    858.9   0.38991
    859.2   0.38988
    859.4   0.38987
    859.7   0.38986
    860.0   0.38985
    860.3   0.38982
    860.6   0.38979
    860.9   0.38977
    861.2   0.38974
    861.4   0.38974
    861.7   0.38972
    862.0   0.38970
    862.3   0.38967
    862.6   0.38966
    862.9   0.38966
    863.2   0.38964
    863.4   0.38962
    863.7   0.38961
    864.0   0.38958
    864.3   0.38956
    864.6   0.38953
    864.9   0.38952
    865.2   0.38954
    865.5   0.38951
    865.8   0.38951
    866.0   0.38947
    866.3   0.38946
    866.6   0.38943
    866.9   0.38940
    867.2   0.38941
    867.5   0.38940
    867.8   0.38940
    868.1   0.38937
    868.4   0.38937
    868.7   0.38935
    868.9   0.38933
    869.2   0.38930
    869.5   0.38929
    869.8   0.38929
    870.1   0.38928
    870.4   0.38927
    870.7   0.38925
    871.0   0.38924
    871.3   0.38923
    871.6   0.38920
    871.9   0.38918
    872.2   0.38918
    872.5   0.38917
    872.8   0.38915
    873.0   0.38912
    873.3   0.38911
    873.6   0.38911
    873.9   0.38909
    874.2   0.38908
    874.5   0.38909
    874.8   0.38908
    875.1   0.38906
    875.4   0.38904
    875.7   0.38903
    876.0   0.38902
    876.3   0.38901
    876.6   0.38899
    876.9   0.38899
    877.2   0.38897
    877.5   0.38896
    877.8   0.38895
    878.1   0.38894
    878.4   0.38893
    878.7   0.38891
    879.0   0.38889
    879.3   0.38889
    879.6   0.38888
    879.9   0.38888
    880.2   0.38885
    880.5   0.38885
    880.8   0.38884
    881.1   0.38882
    881.4   0.38881
    881.7   0.38882
    882.0   0.38880
    882.3   0.38879
    882.6   0.38878
    882.9   0.38878
    883.2   0.38877
    883.5   0.38876
    883.8   0.38875
    884.1   0.38875
    884.4   0.38872
    884.7   0.38872
    885.0   0.38870
    885.3   0.38869
    885.6   0.38867
    885.9   0.38864
    886.2   0.38864
    886.5   0.38865
    886.8   0.38865
    887.1   0.38863
    887.4   0.38862
    887.7   0.38861
    888.0   0.38862
    888.3   0.38860
    888.6   0.38860
    888.9   0.38859
    889.2   0.38858
    889.5   0.38857
    889.8   0.38856
    890.1   0.38854
    890.4   0.38855
    890.7   0.38854
    891.1   0.38854
    891.4   0.38854
    891.7   0.38854
    892.0   0.38851
    892.3   0.38850
    892.6   0.38851
    892.9   0.38850
    893.2   0.38850
    893.5   0.38848
    893.8   0.38848
    894.1   0.38848
    894.4   0.38849
    894.7   0.38846
    895.1   0.38845
    895.4   0.38844
    895.7   0.38843
    896.0   0.38842
    896.3   0.38841
    896.6   0.38841
    896.9   0.38840
    897.2   0.38839
    897.5   0.38838
    897.8   0.38839
    898.2   0.38839
    898.5   0.38837
    898.8   0.38838
    899.1   0.38837
    899.4   0.38834
    899.7   0.38835
    900.0   0.38834
    900.3   0.38834
    900.6   0.38833
    901.0   0.38832
    901.3   0.38833
    901.6   0.38831
    901.9   0.38831
    902.2   0.38828
    902.5   0.38828
    902.8   0.38829
    903.2   0.38828
    903.5   0.38826
    903.8   0.38826
    904.1   0.38825
    904.4   0.38825
    904.7   0.38826
    905.1   0.38824
    905.4   0.38823
    905.7   0.38822
    906.0   0.38823
    906.3   0.38824
    906.6   0.38823
    907.0   0.38823
    907.3   0.38820
    907.6   0.38819
    907.9   0.38818
    908.2   0.38817
    908.5   0.38817
    908.9   0.38816
    909.2   0.38815
    909.5   0.38814
    909.8   0.38813
    910.1   0.38813
    910.5   0.38813
    910.8   0.38812
    911.1   0.38812
    911.4   0.38812
    911.7   0.38811
    912.1   0.38812
    912.4   0.38811
    912.7   0.38808
    913.0   0.38809
    913.3   0.38809
    913.7   0.38810
    914.0   0.38808
    914.3   0.38807
    914.6   0.38806
    915.0   0.38805
    915.3   0.38804
    915.6   0.38803
    915.9   0.38803
    916.2   0.38802
    916.6   0.38801
    916.9   0.38801
    917.2   0.38800
    917.5   0.38801
    917.9   0.38801
    918.2   0.38799
    918.5   0.38799
    918.8   0.38798
    919.2   0.38798
    919.5   0.38797
    919.8   0.38796
    920.2   0.38795
    920.5   0.38795
    920.8   0.38794
    921.1   0.38794
    921.5   0.38793
    921.8   0.38793
    922.1   0.38791
    922.4   0.38791
    922.8   0.38790
    923.1   0.38790
    923.4   0.38789
    923.8   0.38788
    924.1   0.38787
    924.4   0.38787
    924.7   0.38787
    925.1   0.38785
    925.4   0.38786
    925.7   0.38785
    926.1   0.38784
    926.4   0.38783
    926.7   0.38781
    927.1   0.38780
    927.4   0.38780
    927.7   0.38780
    928.1   0.38779
    928.4   0.38779
    928.7   0.38778
    929.1   0.38778
    929.4   0.38776
    929.7   0.38775
    930.1   0.38774
    930.4   0.38773
    930.7   0.38773
    931.1   0.38772
    931.4   0.38771
    931.7   0.38771
    932.1   0.38770
    932.4   0.38770
    932.7   0.38769
    933.1   0.38768
    933.4   0.38767
    933.7   0.38765
    934.1   0.38765
    934.4   0.38764
    934.8   0.38763
    935.1   0.38763
    935.4   0.38760
    935.8   0.38761
    936.1   0.38760
    936.4   0.38759
    936.8   0.38757
    937.1   0.38755
    937.5   0.38755
    937.8   0.38754
    938.1   0.38754
    938.5   0.38752
    938.8   0.38751
    939.2   0.38750
    939.5   0.38749
    939.8   0.38748
    940.2   0.38746
    940.5   0.38745
    940.9   0.38744
    941.2   0.38742
    941.5   0.38742
    941.9   0.38741
    942.2   0.38740
    942.6   0.38740
    942.9   0.38739
    943.3   0.38738
    943.6   0.38736
    943.9   0.38735
    944.3   0.38732
    944.6   0.38732
    945.0   0.38731
    945.3   0.38729
    945.7   0.38727
    946.0   0.38726
    946.4   0.38725
    946.7   0.38724
    947.0   0.38722
    947.4   0.38721
    947.7   0.38719
    948.1   0.38717
    948.4   0.38716
    948.8   0.38714
    949.1   0.38713
    949.5   0.38711
    949.8   0.38710
    950.2   0.38710
    950.5   0.38708
    950.9   0.38706
    951.2   0.38704
    951.6   0.38703
    951.9   0.38701
    952.3   0.38700
    952.6   0.38698
    953.0   0.38697
    953.3   0.38695
    953.7   0.38692
    954.0   0.38691
    954.4   0.38689
    954.7   0.38687
    955.1   0.38686
    955.4   0.38684
    955.8   0.38681
    956.1   0.38680
    956.5   0.38679
    956.8   0.38676
    957.2   0.38674
    957.5   0.38672
    957.9   0.38671
    958.3   0.38669
    958.6   0.38668
    959.0   0.38666
    959.3   0.38664
    959.7   0.38662
    960.0   0.38660
    960.4   0.38657
    960.7   0.38656
    961.1   0.38654
    961.4   0.38652
    961.8   0.38649
    962.2   0.38649
    962.5   0.38647
    962.9   0.38646
    963.2   0.38643
    963.6   0.38641
    964.0   0.38638
    964.3   0.38637
    964.7   0.38635
    965.0   0.38633
    965.4   0.38631
    965.7   0.38631
    966.1   0.38628
    966.5   0.38627
    966.8   0.38625
    967.2   0.38622
    967.6   0.38621
    967.9   0.38619
    968.3   0.38618
    968.6   0.38615
    969.0   0.38614
    969.4   0.38612
    969.7   0.38610
    970.1   0.38608
    970.4   0.38606
    970.8   0.38605
    971.2   0.38603
    971.5   0.38600
    971.9   0.38598
    972.3   0.38596
    972.6   0.38595
    973.0   0.38593
    973.4   0.38590
    973.7   0.38589
    974.1   0.38588
    974.5   0.38586
    974.8   0.38584
    975.2   0.38581
    975.6   0.38579
    975.9   0.38578
    976.3   0.38576
    976.7   0.38574
    977.0   0.38571
    977.4   0.38569
    977.8   0.38566
    978.1   0.38564
    978.5   0.38563
    978.9   0.38561
    979.2   0.38559
    979.6   0.38556
    980.0   0.38555
    980.4   0.38552
    980.7   0.38550
    981.1   0.38548
    981.5   0.38546
    981.8   0.38544
    982.2   0.38541
    982.6   0.38539
    983.0   0.38536
    983.3   0.38534
    983.7   0.38532
    984.1   0.38529
    984.5   0.38528
    984.8   0.38525
    985.2   0.38523
    985.6   0.38520
    986.0   0.38519
    986.3   0.38516
    986.7   0.38515
    987.1   0.38512
    987.5   0.38510
    987.8   0.38508
    988.2   0.38506
    988.6   0.38504
    989.0   0.38501
    989.3   0.38499
    989.7   0.38496
    990.1   0.38494
    990.5   0.38493
    990.9   0.38492
    991.2   0.38489
    991.6   0.38487
    992.0   0.38484
    992.4   0.38483
    992.7   0.38481
    993.1   0.38478
    993.5   0.38476
    993.9   0.38476
    994.3   0.38474
    994.7   0.38472
    995.0   0.38471
    995.4   0.38469
    995.8   0.38467
    996.2   0.38465
    996.6   0.38463
    996.9   0.38461
    997.3   0.38460
    997.7   0.38457
    998.1   0.38455
    998.5   0.38454
    998.9   0.38452
    999.3   0.38451
    999.6   0.38449
   1000.0   0.38447
   1000.4   0.38446
   1000.8   0.38445
   1001.2   0.38443
   1001.6   0.38442
   1002.0   0.38441
   1002.3   0.38440
   1002.7   0.38438
   1003.1   0.38437
   1003.5   0.38436
   1003.9   0.38435
   1004.3   0.38434
   1004.7   0.38433
   1005.1   0.38432
   1005.5   0.38431
   1005.8   0.38430
   1006.2   0.38429
   1006.6   0.38428
   1007.0   0.38426
   1007.4   0.38426
   1007.8   0.38424
   1008.2   0.38425
   1008.6   0.38425
   1009.0   0.38424
   1009.4   0.38424
   1009.8   0.38423
   1010.2   0.38422
   1010.6   0.38423
   1010.9   0.38423
   1011.3   0.38423
   1011.7   0.38424
   1012.1   0.38422
   1012.5   0.38422
   1012.9   0.38423
   1013.3   0.38424
   1013.7   0.38424
   1014.1   0.38425
   1014.5   0.38426
   1014.9   0.38426
   1015.3   0.38427
   1015.7   0.38428
   1016.1   0.38430
   1016.5   0.38431
   1016.9   0.38433
   1017.3   0.38434
   1017.7   0.38436
   1018.1   0.38438
   1018.5   0.38439
   1018.9   0.38440
   1019.3   0.38442
   1019.7   0.38443
   1020.1   0.38446
   1020.5   0.38449
   1020.9   0.38451
   1021.3   0.38454
   1021.7   0.38456
   1022.1   0.38458
   1022.5   0.38461
   1022.9   0.38465
   1023.3   0.38467
   1023.7   0.38471
   1024.1   0.38474
   1024.5   0.38476
   1024.9   0.38482
   1025.3   0.38485
   1025.7   0.38488
   1026.2   0.38493
   1026.6   0.38497
   1027.0   0.38491
   1027.4   0.38492
   1027.8   0.38482
   1028.2   0.38507
   1028.6   0.38535
   1029.0   0.38518
   1029.4   0.38530
   1029.8   0.38572
   1030.2   0.38537
   1030.6   0.38500
   1031.1   0.38501
   1031.5   0.38537
   1031.9   0.38556
   1032.3   0.38530
   1032.7   0.38490
   1033.1   0.38468
   1033.5   0.38511
   1033.9   0.38551
   1034.3   0.38544
   1034.8   0.38565
   1035.2   0.38549
   1035.6   0.38525
   1036.0   0.38540
   1036.4   0.38543
   1036.8   0.38550
   1037.2   0.38543
   1037.7   0.38534
   1038.1   0.38515
   1038.5   0.38531
   1038.9   0.38565
   1039.3   0.38543
   1039.7   0.38525
   1040.2   0.38562
   1040.6   0.38565
   1041.0   0.38580
   1041.4   0.38587
   1041.8   0.38529
   1042.2   0.38522
   1042.7   0.38541
   1043.1   0.38549
   1043.5   0.38580
   1043.9   0.38594
   1044.3   0.38590
   1044.8   0.38592
   1045.2   0.38566
   1045.6   0.38553
   1046.0   0.38592
   1046.5   0.38559
   1046.9   0.38547
   1047.3   0.38564
   1047.7   0.38548
   1048.1   0.38535
   1048.6   0.38570
   1049.0   0.38554
   1049.4   0.38542
   1049.8   0.38574
   1050.3   0.38587
   1050.7   0.38561
   1051.1   0.38547
   1051.5   0.38552
   1052.0   0.38560
   1052.4   0.38598
   1052.8   0.38622
   1053.3   0.38631
   1053.7   0.38624
   1054.1   0.38590
   1054.5   0.38572
   1055.0   0.38568
   1055.4   0.38576
   1055.8   0.38576
   1056.3   0.38604
   1056.7   0.38589
   1057.1   0.38581
   1057.6   0.38583
   1058.0   0.38597
   1058.4   0.38597
   1058.9   0.38603
   1059.3   0.38599
   1059.7   0.38592
   1060.2   0.38611
   1060.6   0.38616
   1061.0   0.38608
   1061.5   0.38582
   1061.9   0.38587
   1062.3   0.38587
   1062.8   0.38576
   1063.2   0.38589
   1063.6   0.38590
   1064.1   0.38600
   1064.5   0.38586
   1064.9   0.38571
   1065.4   0.38591
   1065.8   0.38602
   1066.3   0.38610
   1066.7   0.38629
   1067.1   0.38638
   1067.6   0.38629
   1068.0   0.38600
   1068.5   0.38591
   1068.9   0.38607
   1069.3   0.38634
   1069.8   0.38619
   1070.2   0.38609
   1070.7   0.38595
   1071.1   0.38569
   1071.5   0.38568
   1072.0   0.38595
   1072.4   0.38607
   1072.9   0.38588
   1073.3   0.38607
   1073.8   0.38616
   1074.2   0.38609
   1074.7   0.38594
   1075.1   0.38569
   1075.5   0.38565
   1076.0   0.38573
   1076.4   0.38584
   1076.9   0.38594
   1077.3   0.38599
   1077.8   0.38596
   1078.2   0.38592
   1078.7   0.38594
   1079.1   0.38592
   1079.6   0.38594
   1080.0   0.38590
   1080.5   0.38586
   1080.9   0.38586
   1081.4   0.38590
   1081.8   0.38579
   1082.3   0.38576
   1082.7   0.38585
   1083.2   0.38592
   1083.6   0.38580
   1084.1   0.38582
   1084.5   0.38564
   1085.0   0.38583
   1085.5   0.38603
   1085.9   0.38590
   1086.4   0.38573
   1086.8   0.38578
   1087.3   0.38574
   1087.7   0.38595
   1088.2   0.38597
   1088.6   0.38588
   1089.1   0.38583
   1089.6   0.38578
   1090.0   0.38579
   1090.5   0.38588
   1090.9   0.38582
   1091.4   0.38590
   1091.9   0.38592
   1092.3   0.38608
   1092.8   0.38625
   1093.2   0.38618
   1093.7   0.38585
   1094.2   0.38583
   1094.6   0.38593
   1095.1   0.38606
   1095.5   0.38620
   1096.0   0.38611
   1096.5   0.38611
   1096.9   0.38580
   1097.4   0.38564
   1097.9   0.38578
   1098.3   0.38589
   1098.8   0.38571
   1099.3   0.38576
   1099.7   0.38594
   1100.2   0.38598
   1100.7   0.38591
   1101.1   0.38589
   1101.6   0.38591
   1102.1   0.38605
   1102.5   0.38591
   1103.0   0.38562
   1103.5   0.38590
   1103.9   0.38597
   1104.4   0.38578
   1104.9   0.38580
   1105.4   0.38602
   1105.8   0.38590
   1106.3   0.38569
   1106.8   0.38560
   1107.2   0.38595
   1107.7   0.38587
   1108.2   0.38574
   1108.7   0.38573
   1109.1   0.38578
   1109.6   0.38566
   1110.1   0.38574
   1110.6   0.38573
   1111.0   0.38569
   1111.5   0.38567
   1112.0   0.38575
   1112.5   0.38563
   1113.0   0.38552
   1113.4   0.38498
   1113.9   0.38500
   1114.4   0.38568
   1114.9   0.38591
   1115.3   0.38579
   1115.8   0.38574
   1116.3   0.38567
   1116.8   0.38585
   1117.3   0.38589
   1117.8   0.38583
   1118.2   0.38591
   1118.7   0.38578
   1119.2   0.38559
   1119.7   0.38565
   1120.2   0.38577
   1120.7   0.38604
   1121.1   0.38595
   1121.6   0.38588
   1122.1   0.38590
   1122.6   0.38593
   1123.1   0.38547
   1123.6   0.38544
   1124.1   0.38581
   1124.5   0.38580
   1125.0   0.38589
   1125.5   0.38574
   1126.0   0.38580
   1126.5   0.38578
   1127.0   0.38596
   1127.5   0.38604
   1128.0   0.38572
   1128.5   0.38554
   1128.9   0.38572
   1129.4   0.38574
   1129.9   0.38574
   1130.4   0.38554
   1130.9   0.38564
   1131.4   0.38576
   1131.9   0.38557
   1132.4   0.38555
   1132.9   0.38572
   1133.4   0.38580
   1133.9   0.38584
   1134.4   0.38562
   1134.9   0.38546
   1135.4   0.38554
   1135.9   0.38566
   1136.4   0.38574
   1136.9   0.38561
   1137.4   0.38554
   1137.9   0.38532
   1138.4   0.38543
   1138.9   0.38556
   1139.4   0.38541
   1139.9   0.38549
   1140.4   0.38560
   1140.9   0.38566
   1141.4   0.38556
   1141.9   0.38531
   1142.4   0.38540
   1142.9   0.38543
   1143.4   0.38537
   1143.9   0.38547
   1144.4   0.38550
   1144.9   0.38549
   1145.4   0.38552
   1145.9   0.38546
   1146.4   0.38528
   1146.9   0.38547
   1147.4   0.38572
   1147.9   0.38559
   1148.5   0.38543
   1149.0   0.38536
   1149.5   0.38524
   1150.0   0.38515
   1150.5   0.38541
   1151.0   0.38556
   1151.5   0.38536
   1152.0   0.38526
   1152.5   0.38536
   1153.1   0.38542
   1153.6   0.38530
   1154.1   0.38501
   1154.6   0.38507
   1155.1   0.38530
   1155.6   0.38544
   1156.1   0.38562
   1156.7   0.38554
   1157.2   0.38552
   1157.7   0.38560
   1158.2   0.38541
   1158.7   0.38531
   1159.2   0.38524
   1159.8   0.38533
   1160.3   0.38530
   1160.8   0.38522
   1161.3   0.38517
   1161.8   0.38502
   1162.4   0.38501
   1162.9   0.38531
   1163.4   0.38539
   1163.9   0.38546
   1164.5   0.38554
   1165.0   0.38555
   1165.5   0.38552
   1166.0   0.38532
   1166.5   0.38517
   1167.1   0.38505
   1167.6   0.38515
   1168.1   0.38511
   1168.7   0.38500
   1169.2   0.38494
   1169.7   0.38504
   1170.2   0.38530
   1170.8   0.38539
   1171.3   0.38520
   1171.8   0.38497
   1172.4   0.38496
   1172.9   0.38498
   1173.4   0.38501
   1173.9   0.38502
   1174.5   0.38510
   1175.0   0.38515
   1175.5   0.38498
   1176.1   0.38488
   1176.6   0.38516
   1177.1   0.38534
   1177.7   0.38510
   1178.2   0.38493
   1178.7   0.38505
   1179.3   0.38504
   1179.8   0.38486
   1180.4   0.38459
   1180.9   0.38482
   1181.4   0.38488
   1182.0   0.38484
   1182.5   0.38494
   1183.1   0.38503
   1183.6   0.38506
   1184.1   0.38494
   1184.7   0.38479
   1185.2   0.38473
   1185.8   0.38482
   1186.3   0.38474
   1186.8   0.38469
   1187.4   0.38495
   1187.9   0.38499
   1188.5   0.38496
   1189.0   0.38492
   1189.6   0.38483
   1190.1   0.38483
   1190.7   0.38484
   1191.2   0.38490
   1191.8   0.38505
   1192.3   0.38483
   1192.9   0.38461
   1193.4   0.38454
   1194.0   0.38470
   1194.5   0.38497
   1195.1   0.38502
   1195.6   0.38500
   1196.2   0.38498
   1196.7   0.38509
   1197.3   0.38514
   1197.8   0.38509
   1198.4   0.38516
   1198.9   0.38492
   1199.5   0.38480
   1200.0   0.38496
   1200.6   0.38488
   1201.1   0.38471
   1201.7   0.38463
   1202.3   0.38456
   1202.8   0.38460
   1203.4   0.38462
   1203.9   0.38483
   1204.5   0.38482
   1205.1   0.38473
   1205.6   0.38467
   1206.2   0.38470
   1206.7   0.38469
   1207.3   0.38468
   1207.9   0.38472
   1208.4   0.38473
   1209.0   0.38470
   1209.6   0.38478
   1210.1   0.38471
   1210.7   0.38458
   1211.2   0.38473
   1211.8   0.38483
   1212.4   0.38493
   1212.9   0.38494
   1213.5   0.38481
   1214.1   0.38456
   1214.7   0.38455
   1215.2   0.38475
   1215.8   0.38484
   1216.4   0.38479
   1216.9   0.38463
   1217.5   0.38456
   1218.1   0.38453
   1218.6   0.38468
   1219.2   0.38487
   1219.8   0.38490
   1220.4   0.38477
   1220.9   0.38462
   1221.5   0.38459
   1222.1   0.38463
   1222.7   0.38465
   1223.3   0.38460
   1223.8   0.38460
   1224.4   0.38455
   1225.0   0.38471
   1225.6   0.38477
   1226.1   0.38456
   1226.7   0.38465
   1227.3   0.38467
   1227.9   0.38460
   1228.5   0.38458
   1229.1   0.38466
   1229.6   0.38467
   1230.2   0.38467
   1230.8   0.38457
   1231.4   0.38454
   1232.0   0.38460
   1232.6   0.38473
   1233.1   0.38461
   1233.7   0.38448
   1234.3   0.38460
   1234.9   0.38468
   1235.5   0.38448
   1236.1   0.38452
   1236.7   0.38445
   1237.3   0.38452
   1237.9   0.38462
   1238.4   0.38461
   1239.0   0.38451
   1239.6   0.38448
   1240.2   0.38452
   1240.8   0.38460
   1241.4   0.38466
   1242.0   0.38466
   1242.6   0.38459
   1243.2   0.38455
   1243.8   0.38446
   1244.4   0.38451
   1245.0   0.38465
   1245.6   0.38457
   1246.2   0.38470
   1246.8   0.38467
   1247.4   0.38457
   1248.0   0.38466
   1248.6   0.38477
   1249.2   0.38462
   1249.8   0.38462
   1250.4   0.38474
   1251.0   0.38462
   1251.6   0.38454
   1252.2   0.38469
   1252.8   0.38463
   1253.4   0.38468
   1254.0   0.38462
   1254.6   0.38458
   1255.2   0.38458
   1255.8   0.38460
   1256.5   0.38482
   1257.1   0.38477
   1257.7   0.38460
   1258.3   0.38456
   1258.9   0.38472
   1259.5   0.38484
   1260.1   0.38464
   1260.7   0.38460
   1261.3   0.38485
   1262.0   0.38488
   1262.6   0.38486
   1263.2   0.38477
   1263.8   0.38483
   1264.4   0.38483
   1265.0   0.38467
   1265.7   0.38456
   1266.3   0.38449
   1266.9   0.38442
   1267.5   0.38447
   1268.1   0.38470
   1268.8   0.38484
   1269.4   0.38492
   1270.0   0.38483
   1270.6   0.38484
   1271.2   0.38491
   1271.9   0.38481
   1272.5   0.38450
   1273.1   0.38453
   1273.7   0.38475
   1274.4   0.38490
   1275.0   0.38476
   1275.6   0.38474
   1276.3   0.38477
   1276.9   0.38473
   1277.5   0.38465
   1278.1   0.38471
   1278.8   0.38475
   1279.4   0.38469
   1280.0   0.38484
   1280.7   0.38501
   1281.3   0.38508
   1281.9   0.38499
   1282.6   0.38480
   1283.2   0.38477
   1283.8   0.38477
   1284.5   0.38479
   1285.1   0.38471
   1285.7   0.38471
   1286.4   0.38482
   1287.0   0.38495
   1287.7   0.38498
   1288.3   0.38469
   1288.9   0.38456
   1289.6   0.38470
   1290.2   0.38488
   1290.9   0.38505
   1291.5   0.38512
   1292.2   0.38488
   1292.8   0.38467
   1293.4   0.38480
   1294.1   0.38488
   1294.7   0.38491
   1295.4   0.38487
   1296.0   0.38476
   1296.7   0.38481
   1297.3   0.38490
   1298.0   0.38502
   1298.6   0.38518
   1299.3   0.38521
   1299.9   0.38513
   1300.6   0.38506
   1301.2   0.38497
   1301.9   0.38500
   1302.5   0.38501
   1303.2   0.38490
   1303.9   0.38497
   1304.5   0.38501
   1305.2   0.38500
   1305.8   0.38512
   1306.5   0.38520
   1307.1   0.38497
   1307.8   0.38483
   1308.5   0.38504
   1309.1   0.38518
   1309.8   0.38500
   1310.4   0.38496
   1311.1   0.38510
   1311.8   0.38521
   1312.4   0.38522
   1313.1   0.38518
   1313.8   0.38512
   1314.4   0.38523
   1315.1   0.38531
   1315.8   0.38515
   1316.4   0.38515
   1317.1   0.38538
   1317.8   0.38546
   1318.4   0.38543
   1319.1   0.38525
   1319.8   0.38524
   1320.5   0.38532
   1321.1   0.38532
   1321.8   0.38536
   1322.5   0.38538
   1323.2   0.38555
   1323.8   0.38559
   1324.5   0.38548
   1325.2   0.38551
   1325.9   0.38552
   1326.5   0.38542
   1327.2   0.38554
   1327.9   0.38575
   1328.6   0.38557
   1329.3   0.38542
   1329.9   0.38555
   1330.6   0.38570
   1331.3   0.38582
   1332.0   0.38583
   1332.7   0.38572
   1333.4   0.38564
   1334.1   0.38563
   1334.7   0.38572
   1335.4   0.38563
   1336.1   0.38565
   1336.8   0.38573
   1337.5   0.38567
   1338.2   0.38559
   1338.9   0.38559
   1339.6   0.38567
   1340.3   0.38580
   1341.0   0.38583
   1341.6   0.38582
   1342.3   0.38587
   1343.0   0.38587
   1343.7   0.38577
   1344.4   0.38576
   1345.1   0.38583
   1345.8   0.38597
   1346.5   0.38605
   1347.2   0.38606
   1347.9   0.38600
   1348.6   0.38588
   1349.3   0.38599
   1350.0   0.38608
   1350.7   0.38586
   1351.4   0.38572
   1352.1   0.38586
   1352.9   0.38595
   1353.6   0.38607
   1354.3   0.38617
   1355.0   0.38611
   1355.7   0.38604
   1356.4   0.38601
   1357.1   0.38600
   1357.8   0.38591
   1358.5   0.38587
   1359.2   0.38578
   1360.0   0.38580
   1360.7   0.38585
   1361.4   0.38574
   1362.1   0.38585
   1362.8   0.38607
   1363.5   0.38612
   1364.2   0.38614
   1365.0   0.38613
   1365.7   0.38613
   1366.4   0.38619
   1367.1   0.38608
   1367.8   0.38602
   1368.6   0.38622
   1369.3   0.38627
   1370.0   0.38624
   1370.7   0.38617
   1371.5   0.38612
   1372.2   0.38620
   1372.9   0.38631
   1373.6   0.38646
   1374.4   0.38657
   1375.1   0.38645
   1375.8   0.38649
   1376.6   0.38645
   1377.3   0.38639
   1378.0   0.38640
   1378.8   0.38638
   1379.5   0.38654
   1380.2   0.38669
   1381.0   0.38661
   1381.7   0.38656
   1382.4   0.38652
   1383.2   0.38656
   1383.9   0.38660
   1384.7   0.38659
   1385.4   0.38656
   1386.1   0.38659
   1386.9   0.38661
   1387.6   0.38662
   1388.4   0.38655
   1389.1   0.38657
   1389.8   0.38649
   1390.6   0.38645
   1391.3   0.38642
   1392.1   0.38647
   1392.8   0.38638
   1393.6   0.38631
   1394.3   0.38638
   1395.1   0.38630
   1395.8   0.38607
   1396.6   0.38597
   1397.3   0.38604
   1398.1   0.38599
   1398.8   0.38574
   1399.6   0.38577
   1400.4   0.38588
   1401.1   0.38586
   1401.9   0.38565
   1402.6   0.38563
   1403.4   0.38568
   1404.2   0.38569
   1404.9   0.38553
   1405.7   0.38546
   1406.4   0.38552
   1407.2   0.38552
   1408.0   0.38553
   1408.7   0.38558
   1409.5   0.38550
   1410.3   0.38556
   1411.0   0.38563
   1411.8   0.38552
   1412.6   0.38552
   1413.3   0.38563
   1414.1   0.38568
   1414.9   0.38581
   1415.7   0.38607
   1416.4   0.38610
   1417.2   0.38612
   1418.0   0.38638
   1418.8   0.38646
   1419.5   0.38652
   1420.3   0.38676
   1421.1   0.38687
   1421.9   0.38698
   1422.6   0.38715
   1423.4   0.38713
   1424.2   0.38717
   1425.0   0.38729
   1425.8   0.38751
   1426.6   0.38766
   1427.3   0.38770
   1428.1   0.38778
   1428.9   0.38788
   1429.7   0.38786
   1430.5   0.38789
   1431.3   0.38800
   1432.1   0.38801
   1432.9   0.38798
   1433.7   0.38801
   1434.5   0.38807
   1435.3   0.38822
   1436.0   0.38826
   1436.8   0.38824
   1437.6   0.38832
   1438.4   0.38827
   1439.2   0.38828
   1440.0   0.38846
   1440.8   0.38854
   1441.6   0.38848
   1442.4   0.38854
   1443.2   0.38863
   1444.0   0.38881
   1444.9   0.38890
   1445.7   0.38884
   1446.5   0.38873
   1447.3   0.38868
   1448.1   0.38864
   1448.9   0.38876
   1449.7   0.38893
   1450.5   0.38910
   1451.3   0.38911
   1452.1   0.38923
   1453.0   0.38925
   1453.8   0.38924
   1454.6   0.38919
   1455.4   0.38926
   1456.2   0.38940
   1457.0   0.38942
   1457.9   0.38947
   1458.7   0.38943
   1459.5   0.38940
   1460.3   0.38956
   1461.1   0.38963
   1462.0   0.38957
   1462.8   0.38955
   1463.6   0.38966
   1464.4   0.38978
   1465.3   0.38979
   1466.1   0.38974
   1466.9   0.38983
   1467.8   0.38984
   1468.6   0.38966
   1469.4   0.38978
   1470.3   0.38992
   1471.1   0.38995
   1471.9   0.38989
   1472.8   0.38993
   1473.6   0.39011
   1474.4   0.39023
   1475.3   0.39015
   1476.1   0.39032
   1477.0   0.39028
   1477.8   0.39021
   1478.6   0.39028
   1479.5   0.39048
   1480.3   0.39050
   1481.2   0.39047
   1482.0   0.39046
   1482.9   0.39046
   1483.7   0.39051
   1484.6   0.39068
   1485.4   0.39084
   1486.3   0.39076
   1487.1   0.39059
   1488.0   0.39054
   1488.8   0.39069
   1489.7   0.39086
   1490.6   0.39097
   1491.4   0.39105
   1492.3   0.39099
   1493.1   0.39091
   1494.0   0.39089
   1494.8   0.39096
   1495.7   0.39094
   1496.6   0.39095
   1497.4   0.39109
   1498.3   0.39122
   1499.2   0.39124
   1500.0   0.39134
   1500.9   0.39139
   1501.8   0.39135
   1502.6   0.39140
   1503.5   0.39141
   1504.4   0.39137
   1505.3   0.39139
   1506.1   0.39142
   1507.0   0.39141
   1507.9   0.39148
   1508.8   0.39153
   1509.6   0.39145
   1510.5   0.39157
   1511.4   0.39176
   1512.3   0.39166
   1513.2   0.39162
   1514.1   0.39165
   1514.9   0.39167
   1515.8   0.39172
   1516.7   0.39175
   1517.6   0.39178
   1518.5   0.39187
   1519.4   0.39189
   1520.3   0.39184
   1521.2   0.39193
   1522.1   0.39189
   1523.0   0.39193
   1523.8   0.39203
   1524.7   0.39203
   1525.6   0.39223
   1526.5   0.39217
   1527.4   0.39219
   1528.3   0.39218
   1529.2   0.39218
   1530.1   0.39218
   1531.0   0.39211
   1532.0   0.39215
   1532.9   0.39232
   1533.8   0.39238
   1534.7   0.39240
   1535.6   0.39252
   1536.5   0.39262
   1537.4   0.39271
   1538.3   0.39273
   1539.2   0.39260
   1540.1   0.39255
   1541.1   0.39262
   1542.0   0.39264
   1542.9   0.39280
   1543.8   0.39288
   1544.7   0.39279
   1545.7   0.39278
   1546.6   0.39276
   1547.5   0.39288
   1548.4   0.39285
   1549.4   0.39277
   1550.3   0.39288
   1551.2   0.39287
   1552.1   0.39300
   1553.1   0.39305
   1554.0   0.39302
   1554.9   0.39301
   1555.9   0.39309
   1556.8   0.39312
   1557.7   0.39321
   1558.7   0.39313
   1559.6   0.39301
   1560.5   0.39315
   1561.5   0.39322
   1562.4   0.39324
   1563.4   0.39325
   1564.3   0.39325
   1565.3   0.39327
   1566.2   0.39330
   1567.2   0.39337
   1568.1   0.39335
   1569.0   0.39337
   1570.0   0.39343
   1571.0   0.39347
   1571.9   0.39358
   1572.9   0.39355
   1573.8   0.39350
   1574.8   0.39348
   1575.7   0.39366
   1576.7   0.39375
   1577.6   0.39357
   1578.6   0.39354
   1579.6   0.39364
   1580.5   0.39379
   1581.5   0.39383
   1582.5   0.39381
   1583.4   0.39374
   1584.4   0.39380
   1585.4   0.39386
   1586.3   0.39379
   1587.3   0.39368
   1588.3   0.39369
   1589.3   0.39368
   1590.2   0.39375
   1591.2   0.39378
   1592.2   0.39384
   1593.2   0.39384
   1594.1   0.39387
   1595.1   0.39398
   1596.1   0.39400
   1597.1   0.39390
   1598.1   0.39380
   1599.1   0.39383
   1600.0   0.39388
   1601.0   0.39408
   1602.0   0.39415
   1603.0   0.39409
   1604.0   0.39415
   1605.0   0.39411
   1606.0   0.39407
   1607.0   0.39417
   1608.0   0.39418
   1609.0   0.39414
   1610.0   0.39422
   1611.0   0.39421
   1612.0   0.39425
   1613.0   0.39425
   1614.0   0.39414
   1615.0   0.39411
   1616.0   0.39416
   1617.0   0.39426
   1618.0   0.39430
   1619.0   0.39433
   1620.0   0.39442
   1621.1   0.39450
   1622.1   0.39444
   1623.1   0.39441
   1624.1   0.39433
   1625.1   0.39431
   1626.1   0.39429
   1627.2   0.39436
   1628.2   0.39443
   1629.2   0.39442
   1630.2   0.39439
   1631.3   0.39432
   1632.3   0.39424
   1633.3   0.39429
   1634.3   0.39436
   1635.4   0.39441
   1636.4   0.39461
   1637.4   0.39459
   1638.5   0.39446
   1639.5   0.39442
   1640.5   0.39438
   1641.6   0.39446
   1642.6   0.39459
   1643.7   0.39460
   1644.7   0.39464
   1645.8   0.39468
   1646.8   0.39471
   1647.8   0.39469
   1648.9   0.39457
   1649.9   0.39454
   1651.0   0.39464
   1652.1   0.39448
   1653.1   0.39443
   1654.2   0.39459
   1655.2   0.39470
   1656.3   0.39463
   1657.3   0.39457
   1658.4   0.39452
   1659.5   0.39460
   1660.5   0.39463
   1661.6   0.39461
   1662.6   0.39467
   1663.7   0.39467
   1664.8   0.39462
   1665.9   0.39460
   1666.9   0.39468
   1668.0   0.39468
   1669.1   0.39454
   1670.1   0.39457
   1671.2   0.39470
   1672.3   0.39471
   1673.4   0.39467
   1674.5   0.39470
   1675.5   0.39457
   1676.6   0.39450
   1677.7   0.39458
   1678.8   0.39465
   1679.9   0.39464
   1681.0   0.39455
   1682.1   0.39461
   1683.2   0.39468
   1684.3   0.39470
   1685.3   0.39468
   1686.4   0.39464
   1687.5   0.39470
   1688.6   0.39478
   1689.7   0.39470
   1690.8   0.39457
   1692.0   0.39444
   1693.1   0.39443
   1694.2   0.39465
   1695.3   0.39472
   1696.4   0.39467
   1697.5   0.39465
   1698.6   0.39461
   1699.7   0.39453
   1700.8   0.39458
   1701.9   0.39462
   1703.1   0.39462
   1704.2   0.39456
   1705.3   0.39455
   1706.4   0.39467
   1707.6   0.39466
   1708.7   0.39466
   1709.8   0.39463
   1710.9   0.39456
   1712.1   0.39459
   1713.2   0.39463
   1714.3   0.39460
   1715.5   0.39465
   1716.6   0.39465
   1717.7   0.39452
   1718.9   0.39445
   1720.0   0.39448
   1721.2   0.39454
   1722.3   0.39465
   1723.4   0.39464
   1724.6   0.39463
   1725.7   0.39477
   1726.9   0.39469
   1728.0   0.39470
   1729.2   0.39467
   1730.4   0.39452
   1731.5   0.39452
   1732.7   0.39470
   1733.8   0.39477
   1735.0   0.39476
   1736.1   0.39472
   1737.3   0.39468
   1738.5   0.39461
   1739.6   0.39462
   1740.8   0.39465
   1742.0   0.39473
   1743.2   0.39475
   1744.3   0.39473
   1745.5   0.39466
   1746.7   0.39466
   1747.9   0.39466
   1749.0   0.39468
   1750.2   0.39470
   1751.4   0.39470
   1752.6   0.39476
   1753.8   0.39471
   1755.0   0.39465
   1756.1   0.39469
   1757.3   0.39471
   1758.5   0.39471
   1759.7   0.39465
   1760.9   0.39453
   1762.1   0.39455
   1763.3   0.39466
   1764.5   0.39477
   1765.7   0.39482
   1766.9   0.39479
   1768.1   0.39468
   1769.3   0.39461
   1770.5   0.39463
   1771.7   0.39470
   1773.0   0.39472
   1774.2   0.39473
   1775.4   0.39469
   1776.6   0.39465
   1777.8   0.39468
   1779.0   0.39468
   1780.3   0.39474
   1781.5   0.39487
   1782.7   0.39492
   1783.9   0.39488
   1785.2   0.39486
   1786.4   0.39478
   1787.6   0.39466
   1788.9   0.39460
   1790.1   0.39471
   1791.3   0.39487
   1792.6   0.39493
   1793.8   0.39490
   1795.1   0.39486
   1796.3   0.39490
   1797.6   0.39487
   1798.8   0.39488
   1800.0   0.39476
   1801.3   0.39477
   1802.6   0.39486
   1803.8   0.39488
   1805.1   0.39490
   1806.3   0.39493
   1807.6   0.39493
   1808.8   0.39485
   1810.1   0.39476
   1811.4   0.39472
   1812.6   0.39469
   1813.9   0.39482
   1815.2   0.39489
   1816.4   0.39477
   1817.7   0.39471
   1819.0   0.39476
   1820.3   0.39473
   1821.6   0.39470
   1822.8   0.39481
   1824.1   0.39482
   1825.4   0.39471
   1826.7   0.39466
   1828.0   0.39471
   1829.3   0.39477
   1830.6   0.39476
   1831.8   0.39471
   1833.1   0.39476
   1834.4   0.39482
   1835.7   0.39486
   1837.0   0.39472
   1838.3   0.39474
   1839.7   0.39484
   1841.0   0.39483
   1842.3   0.39490
   1843.6   0.39495
   1844.9   0.39493
   1846.2   0.39488
   1847.5   0.39482
   1848.8   0.39491
   1850.2   0.39498
   1851.5   0.39493
   1852.8   0.39494
   1854.1   0.39488
   1855.5   0.39491
   1856.8   0.39496
   1858.1   0.39493
   1859.4   0.39488
   1860.8   0.39476
   1862.1   0.39477
   1863.5   0.39487
   1864.8   0.39486
   1866.1   0.39488
   1867.5   0.39485
   1868.8   0.39478
   1870.2   0.39482
   1871.5   0.39471
   1872.9   0.39468
   1874.2   0.39473
   1875.6   0.39468
   1876.9   0.39456
   1878.3   0.39455
   1879.7   0.39459
   1881.0   0.39466
   1882.4   0.39459
   1883.8   0.39445
   1885.1   0.39433
   1886.5   0.39439
   1887.9   0.39432
   1889.3   0.39419
   1890.6   0.39404
   1892.0   0.39401
   1893.4   0.39392
   1894.8   0.39372
   1896.2   0.39356
   1897.6   0.39343
   1899.0   0.39325
   1900.3   0.39307
   1901.7   0.39292
   1903.1   0.39279
   1904.5   0.39266
   1905.9   0.39262
   1907.3   0.39250
   1908.7   0.39233
   1910.1   0.39232
   1911.6   0.39236
   1913.0   0.39226
   1914.4   0.39224
   1915.8   0.39230
   1917.2   0.39227
   1918.6   0.39219
   1920.0   0.39214
   1921.5   0.39216
   1922.9   0.39218
   1924.3   0.39223
   1925.8   0.39235
   1927.2   0.39238
   1928.6   0.39240
   1930.1   0.39236
   1931.5   0.39242
   1932.9   0.39260
   1934.4   0.39267
   1935.8   0.39260
   1937.3   0.39262
   1938.7   0.39276
   1940.2   0.39279
   1941.6   0.39273
   1943.1   0.39264
   1944.5   0.39270
   1946.0   0.39276
   1947.5   0.39281
   1948.9   0.39289
   1950.4   0.39302
   1951.9   0.39303
   1953.3   0.39298
   1954.8   0.39296
   1956.3   0.39305
   1957.8   0.39306
   1959.2   0.39312
   1960.7   0.39322
   1962.2   0.39315
   1963.7   0.39311
   1965.2   0.39319
   1966.7   0.39321
   1968.2   0.39328
   1969.7   0.39338
   1971.2   0.39340
   1972.7   0.39333
   1974.2   0.39335
   1975.7   0.39341
   1977.2   0.39345
   1978.7   0.39352
   1980.2   0.39353
   1981.7   0.39356
   1983.2   0.39361
   1984.7   0.39383
   1986.3   0.39384
   1987.8   0.39368
   1989.3   0.39369
   1990.8   0.39378
   1992.4   0.39381
   1993.9   0.39378
   1995.4   0.39371
   1997.0   0.39379
   1998.5   0.39391
   2000.1   0.39391
   2001.6   0.39387
   2003.1   0.39395
   2004.7   0.39398
   2006.2   0.39397
   2007.8   0.39399
   2009.4   0.39403
   2010.9   0.39407
   2012.5   0.39405
   2014.0   0.39398
   2015.6   0.39417
   2017.2   0.39428
   2018.7   0.39423
   2020.3   0.39428
   2021.9   0.39434
   2023.5   0.39427
   2025.1   0.39432
   2026.6   0.39428
   2028.2   0.39424
   2029.8   0.39443
   2031.4   0.39455
   2033.0   0.39446
   2034.6   0.39443
   2036.2   0.39445
   2037.8   0.39458
   2039.4   0.39460
   2041.0   0.39462
   2042.6   0.39455
   2044.2   0.39455
   2045.8   0.39468
   2047.4   0.39470
   2049.1   0.39461
   2050.7   0.39457
   2052.3   0.39472
   2053.9   0.39470
   2055.6   0.39454
   2057.2   0.39451
   2058.8   0.39453
   2060.5   0.39449
   2062.1   0.39460
   2063.7   0.39466
   2065.4   0.39469
   2067.0   0.39466
   2068.7   0.39470
   2070.3   0.39477
   2072.0   0.39472
   2073.7   0.39462
   2075.3   0.39475
   2077.0   0.39474
   2078.6   0.39475
   2080.3   0.39477
   2082.0   0.39466
   2083.7   0.39466
   2085.3   0.39482
   2087.0   0.39487
   2088.7   0.39477
   2090.4   0.39474
   2092.1   0.39462
   2093.8   0.39465
   2095.4   0.39471
   2097.1   0.39473
   2098.8   0.39479
   2100.5   0.39473
   2102.2   0.39460
   2104.0   0.39457
   2105.7   0.39471
   2107.4   0.39483
   2109.1   0.39484
   2110.8   0.39460
   2112.5   0.39447
   2114.2   0.39441
   2116.0   0.39438
   2117.7   0.39454
   2119.4   0.39459
   2121.2   0.39446
   2122.9   0.39446
   2124.6   0.39446
   2126.4   0.39454
   2128.1   0.39460
   2129.9   0.39446
   2131.6   0.39439
   2133.4   0.39448
   2135.1   0.39453
   2136.9   0.39440
   2138.7   0.39437
   2140.4   0.39440
   2142.2   0.39443
   2144.0   0.39440
   2145.8   0.39437
   2147.5   0.39426
   2149.3   0.39423
   2151.1   0.39407
   2152.9   0.39411
   2154.7   0.39397
   2156.5   0.39380
   2158.3   0.39373
   2160.1   0.39366
   2161.9   0.39360
   2163.7   0.39360
   2165.5   0.39355
   2167.3   0.39331
   2169.1   0.39314
   2170.9   0.39304
   2172.7   0.39293
   2174.6   0.39275
   2176.4   0.39249
   2178.2   0.39232
   2180.0   0.39214
   2181.9   0.39195
   2183.7   0.39172
   2185.6   0.39132
   2187.4   0.39095
   2189.2   0.39068
   2191.1   0.39046
   2193.0   0.39037
   2194.8   0.39017
   2196.7   0.38998
   2198.5   0.38987
   2200.4   0.38976
   2202.3   0.38969
   2204.1   0.38976
   2206.0   0.39000
   2207.9   0.39018
   2209.8   0.39029
   2211.7   0.39044
   2213.6   0.39071
   2215.4   0.39093
   2217.3   0.39107
   2219.2   0.39131
   2221.1   0.39164
   2223.0   0.39175
   2225.0   0.39174
   2226.9   0.39186
   2228.8   0.39195
   2230.7   0.39210
   2232.6   0.39219
   2234.5   0.39218
   2236.5   0.39220
   2238.4   0.39221
   2240.3   0.39220
   2242.3   0.39222
   2244.2   0.39219
   2246.2   0.39214
   2248.1   0.39212
   2250.1   0.39214
   2252.0   0.39215
   2254.0   0.39229
   2255.9   0.39218
   2257.9   0.39216
   2259.9   0.39217
   2261.8   0.39203
   2263.8   0.39201
   2265.8   0.39207
   2267.8   0.39203
   2269.8   0.39186
   2271.8   0.39173
   2273.7   0.39177
   2275.7   0.39189
   2277.7   0.39189
   2279.7   0.39176
   2281.7   0.39166
   2283.8   0.39152
   2285.8   0.39150
   2287.8   0.39152
   2289.8   0.39132
   2291.8   0.39119
   2293.9   0.39106
   2295.9   0.39097
   2297.9   0.39093
   2300.0   0.39087
   2302.0   0.39098
   2304.1   0.39097
   2306.1   0.39086
   2308.2   0.39067
   2310.2   0.39046
   2312.3   0.39043
   2314.3   0.39051
   2316.4   0.39051
   2318.5   0.39023
   2320.6   0.39006
   2322.6   0.38999
   2324.7   0.38982
   2326.8   0.38972
   2328.9   0.38974
   2331.0   0.38968
   2333.1   0.38957
   2335.2   0.38942
   2337.3   0.38940
   2339.4   0.38935
   2341.5   0.38915
   2343.6   0.38898
   2345.8   0.38902
   2347.9   0.38898
   2350.0   0.38887
   2352.1   0.38895
   2354.3   0.38893
   2356.4   0.38892
   2358.6   0.38898
   2360.7   0.38894
   2362.9   0.38907
   2365.0   0.38915
   2367.2   0.38908
   2369.3   0.38918
   2371.5   0.38924
   2373.7   0.38927
   2375.9   0.38949
   2378.0   0.38941
   2380.2   0.38938
   2382.4   0.38947
   2384.6   0.38925
   2386.8   0.38918
   2389.0   0.38926
   2391.2   0.38927
   2393.4   0.38924
   2395.6   0.38923
   2397.8   0.38910
   2400.1   0.38899
   2402.3   0.38893
   2404.5   0.38896
   2406.7   0.38904
   2409.0   0.38885
   2411.2   0.38861
   2413.5   0.38854
   2415.7   0.38850
   2418.0   0.38834
   2420.2   0.38810
   2422.5   0.38780
   2424.8   0.38766
   2427.0   0.38768
   2429.3   0.38760
   2431.6   0.38750
   2433.9   0.38723
   2436.2   0.38703
   2438.4   0.38693
   2440.7   0.38675
   2443.0   0.38661
   2445.3   0.38655
   2447.7   0.38646
   2450.0   0.38640
   2452.3   0.38627
   2454.6   0.38623
   2456.9   0.38611
   2459.3   0.38618
   2461.6   0.38622
   2463.9   0.38616
   2466.3   0.38613
   2468.6   0.38604
   2471.0   0.38602
   2473.3   0.38609
   2475.7   0.38617
   2478.1   0.38621
   2480.4   0.38603
   2482.8   0.38601
   2485.2   0.38608
   2487.6   0.38596
   2490.0   0.38599
   2492.4   0.38610
   2494.8   0.38600
   2497.2   0.38605
   2499.6   0.38600
   2502.0   0.38595
   2504.4   0.38605
   2506.8   0.38593
   2509.3   0.38582
   2511.7   0.38609
   2514.1   0.38605
   2516.6   0.38593
   2519.0   0.38591
   2521.5   0.38588
   2523.9   0.38579
   2526.4   0.38577
   2528.8   0.38573
   2531.3   0.38572
   2533.8   0.38575
   2536.3   0.38566
   2538.8   0.38560
   2541.2   0.38567
   2543.7   0.38557
   2546.2   0.38545
   2548.7   0.38532
   2551.2   0.38524
   2553.8   0.38519
   2556.3   0.38534
   2558.8   0.38537
   2561.3   0.38505
   2563.9   0.38456
   2566.4   0.38461
   2568.9   0.38484
   2571.5   0.38473
   2574.0   0.38453
   2576.6   0.38425
   2579.2   0.38418
   2581.7   0.38430
   2584.3   0.38404
   2586.9   0.38386
   2589.5   0.38397
   2592.1   0.38396
   2594.7   0.38358
   2597.3   0.38301
   2599.9   0.38332
   2602.5   0.38340
   2605.1   0.38303
   2607.7   0.38271
   2610.3   0.38294
   2613.0   0.38309
   2615.6   0.38306
   2618.3   0.38281
   2620.9   0.38247
   2623.6   0.38262
   2626.2   0.38278
   2628.9   0.38243
   2631.5   0.38208
   2634.2   0.38217
   2636.9   0.38234
   2639.6   0.38238
   2642.3   0.38221
   2645.0   0.38177
   2647.7   0.38143
   2650.4   0.38123
   2653.1   0.38093
   2655.8   0.38028
   2658.5   0.37971
   2661.3   0.37904
   2664.0   0.37822
   2666.7   0.37702
   2669.5   0.37567
   2672.2   0.37422
   2675.0   0.37302
   2677.8   0.37177
   2680.5   0.37020
   2683.3   0.36888
   2686.1   0.36699
   2688.9   0.36443
   2691.7   0.36119
   2694.5   0.35708
   2697.3   0.35211
   2700.1   0.34719
   2702.9   0.34154
   2705.7   0.33518
   2708.5   0.32884
   2711.4   0.32218
   2714.2   0.31414
   2717.1   0.30625
   2719.9   0.29753
   2722.8   0.28814
   2725.6   0.27941
   2728.5   0.27207
   2731.4   0.26553
   2734.2   0.26004
   2737.1   0.25570
   2740.0   0.25211
   2742.9   0.24835
   2745.8   0.24548
   2748.7   0.24281
   2751.7   0.23980
   2754.6   0.23691
   2757.5   0.23534
   2760.5   0.23523
   2763.4   0.23613
   2766.3   0.23816
   2769.3   0.24131
   2772.3   0.24511
   2773.7   0.24726
   2775.2   0.24938
   2776.7   0.25178
   2778.2   0.25420
   2779.7   0.25653
   2781.2   0.25878
   2782.7   0.26102
   2784.2   0.26294
   2785.7   0.26458
   2787.2   0.26661
   2788.7   0.26850
   2790.2   0.26935
   2791.7   0.27025
   2793.2   0.27135
   2794.7   0.27233
   2796.2   0.27320
   2797.7   0.27389
   2799.2   0.27449
   2800.7   0.27505
   2802.2   0.27564
   2803.8   0.27643
   2805.3   0.27655
   2806.8   0.27622
   2808.3   0.27621
   2809.8   0.27634
   2811.4   0.27629
   2812.9   0.27637
   2814.4   0.27638
   2815.9   0.27644
   2817.5   0.27638
   2819.0   0.27637
   2820.5   0.27643
   2822.1   0.27624
   2823.6   0.27599
   2825.1   0.27576
   2826.7   0.27574
   2828.2   0.27573
   2829.8   0.27559
   2831.3   0.27539
   2832.9   0.27529
   2834.4   0.27530
   2836.0   0.27523
   2837.5   0.27508
   2839.1   0.27486
   2840.6   0.27472
   2842.2   0.27453
   2843.7   0.27445
   2845.3   0.27431
   2846.9   0.27416
   2848.4   0.27410
   2850.0   0.27414
   2851.6   0.27396
   2853.1   0.27382
   2854.7   0.27385
   2856.3   0.27383
   2857.8   0.27363
   2859.4   0.27349
   2861.0   0.27336
   2862.6   0.27327
   2864.2   0.27316
   2865.7   0.27310
   2867.3   0.27293
   2868.9   0.27289
   2870.5   0.27273
   2872.1   0.27268
   2873.7   0.27256
   2875.3   0.27239
   2876.9   0.27220
   2878.5   0.27212
   2880.1   0.27204
   2881.7   0.27191
   2883.3   0.27170
   2884.9   0.27154
   2886.5   0.27141
   2888.1   0.27133
   2889.7   0.27116
   2891.3   0.27107
   2892.9   0.27086
   2894.5   0.27077
   2896.2   0.27060
   2897.8   0.27046
   2899.4   0.27031
   2901.0   0.27020
   2902.7   0.27011
   2904.3   0.26998
   2905.9   0.26993
   2907.5   0.26978
   2909.2   0.26960
   2910.8   0.26953
   2912.4   0.26948
   2914.1   0.26950
   2915.7   0.26943
   2917.4   0.26945
   2919.0   0.26946
   2920.6   0.26942
   2922.3   0.26947
   2923.9   0.26959
   2925.6   0.26963
   2927.2   0.26963
   2928.9   0.26961
   2930.5   0.26971
   2932.2   0.26976
   2933.9   0.26990
   2935.5   0.27002
   2937.2   0.27015
   2938.9   0.27030
   2940.5   0.27037
   2942.2   0.27041
   2943.9   0.27071
   2945.5   0.27094
   2947.2   0.27110
   2948.9   0.27124
   2950.6   0.27143
   2952.2   0.27170
   2953.9   0.27192
   2955.6   0.27217
   2957.3   0.27245
   2959.0   0.27270
   2960.7   0.27288
   2962.4   0.27316
   2964.1   0.27344
   2965.8   0.27372
   2967.4   0.27402
   2969.1   0.27432
   2970.9   0.27462
   2972.6   0.27498
   2974.3   0.27534
   2976.0   0.27562
   2977.7   0.27591
   2979.4   0.27620
   2981.1   0.27664
   2982.8   0.27700
   2984.5   0.27733
   2986.3   0.27761
   2988.0   0.27803
   2989.7   0.27843
   2991.4   0.27880
   2993.1   0.27908
   2994.9   0.27946
   2996.6   0.27980
   2998.3   0.28020
   3000.1   0.28055
   3001.8   0.28099
   3003.6   0.28136
   3005.3   0.28165
   3007.0   0.28197
   3008.8   0.28233
   3010.5   0.28265
   3012.3   0.28302
   3014.0   0.28336
   3015.8   0.28372
   3017.5   0.28407
   3019.3   0.28444
   3021.1   0.28471
   3022.8   0.28503
   3024.6   0.28531
   3026.3   0.28560
   3028.1   0.28597
   3029.9   0.28639
   3031.7   0.28674
   3033.4   0.28703
   3035.2   0.28733
   3037.0   0.28763
   3038.8   0.28789
   3040.5   0.28831
   3042.3   0.28864
   3044.1   0.28902
   3045.9   0.28934
   3047.7   0.28965
   3049.5   0.28996
   3051.3   0.29036
   3053.1   0.29071
   3054.9   0.29104
   3056.7   0.29132
   3058.5   0.29164
   3060.3   0.29200
   3062.1   0.29244
   3063.9   0.29274
   3065.7   0.29310
   3067.5   0.29348
   3069.4   0.29395
   3071.2   0.29425
   3073.0   0.29455
   3074.8   0.29489
   3076.6   0.29526
   3078.5   0.29560
   3080.3   0.29596
   3082.1   0.29626
   3084.0   0.29670
   3085.8   0.29713
   3087.6   0.29751
   3089.5   0.29785
   3091.3   0.29827
   3093.2   0.29859
   3095.0   0.29895
   3096.9   0.29937
   3098.7   0.29986
   3100.6   0.30023
   3102.4   0.30066
   3104.3   0.30109
   3106.1   0.30155
   3108.0   0.30192
   3109.9   0.30238
   3111.7   0.30288
   3113.6   0.30334
   3115.5   0.30379
   3117.3   0.30423
   3119.2   0.30460
   3121.1   0.30509
   3123.0   0.30559
   3124.9   0.30603
   3126.7   0.30650
   3128.6   0.30703
   3130.5   0.30750
   3132.4   0.30798
   3134.3   0.30844
   3136.2   0.30890
   3138.1   0.30927
   3140.0   0.30981
   3141.9   0.31035
   3143.8   0.31087
   3145.7   0.31130
   3147.6   0.31177
   3149.5   0.31226
   3151.4   0.31278
   3153.4   0.31328
   3155.3   0.31380
   3157.2   0.31429
   3159.1   0.31483
   3161.1   0.31529
   3163.0   0.31581
   3164.9   0.31633
   3166.9   0.31685
   3168.8   0.31737
   3170.7   0.31786
   3172.7   0.31825
   3174.6   0.31871
   3176.6   0.31931
   3178.5   0.31982
   3180.5   0.32034
   3182.4   0.32089
   3184.4   0.32134
   3186.3   0.32178
   3188.3   0.32226
   3190.2   0.32285
   3192.2   0.32339
   3194.2   0.32385
   3196.1   0.32423
   3198.1   0.32473
   3200.1   0.32515
   3202.1   0.32560
   3204.0   0.32599
   3206.0   0.32630
   3208.0   0.32666
   3210.0   0.32710
   3212.0   0.32752
   3214.0   0.32800
   3216.0   0.32848
   3218.0   0.32884
   3220.0   0.32920
   3222.0   0.32964
   3224.0   0.33010
   3226.0   0.33045
   3228.0   0.33078
   3230.0   0.33124
   3232.0   0.33161
   3234.0   0.33198
   3236.0   0.33230
   3238.1   0.33265
   3240.1   0.33300
   3242.1   0.33335
   3244.1   0.33359
   3246.2   0.33397
   3248.2   0.33439
   3250.2   0.33482
   3252.3   0.33519
   3254.3   0.33564
   3256.4   0.33605
   3258.4   0.33643
   3260.5   0.33668
   3262.5   0.33706
   3264.6   0.33746
   3266.6   0.33780
   3268.7   0.33817
   3270.7   0.33855
   3272.8   0.33889
   3274.9   0.33918
   3277.0   0.33948
   3279.0   0.33985
   3281.1   0.34018
   3283.2   0.34054
   3285.3   0.34081
   3287.3   0.34109
   3289.4   0.34137
   3291.5   0.34180
   3293.6   0.34221
   3295.7   0.34253
   3297.8   0.34279
   3299.9   0.34316
   3302.0   0.34346
   3304.1   0.34387
   3306.2   0.34421
   3308.3   0.34452
   3310.4   0.34480
   3312.5   0.34512
   3314.7   0.34535
   3316.8   0.34570
   3318.9   0.34586
   3321.0   0.34612
   3323.2   0.34648
   3325.3   0.34689
   3327.4   0.34719
   3329.6   0.34752
   3331.7   0.34776
   3333.8   0.34793
   3336.0   0.34813
   3338.1   0.34831
   3340.3   0.34846
   3342.4   0.34855
   3344.6   0.34857
   3346.8   0.34867
   3348.9   0.34868
   3351.1   0.34874
   3353.3   0.34881
   3355.4   0.34893
   3357.6   0.34909
   3359.8   0.34936
   3362.0   0.34961
   3364.1   0.34980
   3366.3   0.35004
   3368.5   0.35030
   3370.7   0.35048
   3372.9   0.35070
   3375.1   0.35088
   3377.3   0.35106
   3379.5   0.35128
   3381.7   0.35153
   3383.9   0.35181
   3386.1   0.35216
   3388.3   0.35238
   3390.5   0.35269
   3392.8   0.35291
   3395.0   0.35308
   3397.2   0.35327
   3399.4   0.35347
   3401.7   0.35369
   3403.9   0.35399
   3406.1   0.35408
   3408.4   0.35423
   3410.6   0.35438
   3412.9   0.35457
   3415.1   0.35466
   3417.4   0.35494
   3419.6   0.35520
   3421.9   0.35549
   3424.1   0.35579
   3426.4   0.35611
   3428.7   0.35643
   3430.9   0.35672
   3433.2   0.35697
   3435.5   0.35732
   3437.8   0.35766
   3440.0   0.35802
   3442.3   0.35828
   3444.6   0.35850
   3446.9   0.35869
   3449.2   0.35899
   3451.5   0.35923
   3453.8   0.35948
   3456.1   0.35965
   3458.4   0.35992
   3460.7   0.36008
   3463.0   0.36026
   3465.3   0.36031
   3467.6   0.36038
   3470.0   0.36033
   3472.3   0.36028
   3474.6   0.36022
   3477.0   0.36018
   3479.3   0.36016
   3481.6   0.36021
   3484.0   0.36037
   3486.3   0.36067
   3488.7   0.36091
   3491.0   0.36116
   3493.4   0.36134
   3495.7   0.36160
   3498.1   0.36180
   3500.4   0.36206
   3502.8   0.36233
   3505.2   0.36260
   3507.5   0.36285
   3509.9   0.36317
   3512.3   0.36354
   3514.7   0.36398
   3517.1   0.36444
   3519.4   0.36494
   3521.8   0.36533
   3524.2   0.36569
   3526.6   0.36607
   3529.0   0.36650
   3531.4   0.36685
   3533.8   0.36725
   3536.2   0.36759
   3538.7   0.36787
   3541.1   0.36808
   3543.5   0.36831
   3545.9   0.36852
   3548.3   0.36873
   3550.8   0.36894
   3553.2   0.36917
   3555.6   0.36936
   3558.1   0.36954
   3560.5   0.36968
   3563.0   0.36987
   3565.4   0.37005
   3567.9   0.37022
   3570.3   0.37036
   3572.8   0.37052
   3575.3   0.37064
   3577.7   0.37080
   3580.2   0.37099
   3582.7   0.37115
   3585.2   0.37125
   3587.6   0.37136
   3590.1   0.37150
   3592.6   0.37169
   3595.1   0.37178
   3597.6   0.37191
   3600.1   0.37196
   3602.6   0.37209
   3605.1   0.37214
   3607.6   0.37233
   3610.1   0.37242
   3612.6   0.37256
   3615.2   0.37262
   3617.7   0.37271
   3620.2   0.37275
   3622.7   0.37283
   3625.3   0.37287
   3627.8   0.37299
   3630.3   0.37304
   3632.9   0.37308
   3635.4   0.37307
   3638.0   0.37312
   3640.5   0.37313
   3643.1   0.37321
   3645.7   0.37323
   3648.2   0.37326
   3650.8   0.37328
   3653.4   0.37330
   3655.9   0.37328
   3658.5   0.37331
   3661.1   0.37328
   3663.7   0.37328
   3666.3   0.37324
   3668.9   0.37327
   3671.5   0.37327
   3674.1   0.37333
   3676.7   0.37331
   3679.3   0.37332
   3681.9   0.37329
   3684.5   0.37323
   3687.2   0.37317
   3689.8   0.37317
   3692.4   0.37316
   3695.0   0.37314
   3697.7   0.37309
   3700.3   0.37307
   3703.0   0.37298
   3705.6   0.37294
   3708.3   0.37290
   3710.9   0.37284
   3713.6   0.37276
   3716.2   0.37273
   3718.9   0.37265
   3721.6   0.37264
   3724.2   0.37258
   3726.9   0.37250
   3729.6   0.37240
   3732.3   0.37232
   3735.0   0.37223
   3737.7   0.37215
   3740.4   0.37209
   3743.1   0.37200
   3745.8   0.37193
   3748.5   0.37182
   3751.2   0.37171
   3753.9   0.37164
   3756.6   0.37154
   3759.3   0.37145
   3762.1   0.37128
   3764.8   0.37120
   3767.5   0.37109
   3770.3   0.37094
   3773.0   0.37082
   3775.8   0.37074
   3778.5   0.37060
   3781.3   0.37045
   3784.0   0.37026
   3786.8   0.37012
   3789.6   0.36992
   3792.3   0.36974
   3795.1   0.36950
   3797.9   0.36935
   3800.7   0.36914
   3803.5   0.36896
   3806.3   0.36868
   3809.1   0.36846
   3811.9   0.36820
   3814.7   0.36800
   3817.5   0.36774
   3820.3   0.36750
   3823.1   0.36721
   3825.9   0.36697
   3828.8   0.36668
   3831.6   0.36645
   3834.4   0.36619
   3837.3   0.36597
   3840.1   0.36565
   3842.9   0.36543
   3845.8   0.36518
   3848.7   0.36502
   3851.5   0.36482
   3854.4   0.36467
   3857.2   0.36444
   3860.1   0.36428
   3863.0   0.36408
   3865.9   0.36390
   3868.8   0.36366
   3871.6   0.36353
   3874.5   0.36335
   3877.4   0.36325
   3880.3   0.36305
   3883.2   0.36291
   3886.2   0.36269
   3889.1   0.36252
   3892.0   0.36233
   3894.9   0.36222
   3897.8   0.36200
   3900.8   0.36185
   3903.7   0.36161
   3906.7   0.36146
   3909.6   0.36128
   3912.6   0.36115
   3915.5   0.36091
   3918.5   0.36075
   3921.4   0.36050
   3924.4   0.36030
   3927.4   0.36005
   3930.4   0.35980
   3933.3   0.35953
   3936.3   0.35937
   3939.3   0.35907
   3942.3   0.35876
   3945.3   0.35831
   3948.3   0.35780
   3951.3   0.35723
   3954.3   0.35672
   3957.4   0.35615
   3960.4   0.35562
   3963.4   0.35508
   3966.4   0.35461
   3969.5   0.35415
   3972.5   0.35383
   3975.6   0.35351
   3978.6   0.35325
   3981.7   0.35300
   3984.7   0.35284
   3987.8   0.35273
   3990.9   0.35276
   3993.9   0.35292
   3997.0   0.35318
   4000.1   0.35344
   4003.2   0.35376
   4006.3   0.35404
   4009.4   0.35437
   4012.5   0.35461
   4015.6   0.35479
   4018.7   0.35490
   4021.8   0.35498
   4024.9   0.35495
   4028.1   0.35497
   4031.2   0.35495
   4034.3   0.35497
   4037.5   0.35491
   4040.6   0.35494
   4043.8   0.35491
   4046.9   0.35495
   4050.1   0.35490
   4053.3   0.35482
   4056.4   0.35470
   4059.6   0.35466
   4062.8   0.35452
   4066.0   0.35443
   4069.2   0.35427
   4072.4   0.35414
   4075.6   0.35397
   4078.8   0.35388
   4082.0   0.35370
   4085.2   0.35362
   4088.4   0.35345
   4091.7   0.35329
   4094.9   0.35310
   4098.1   0.35302
   4101.4   0.35280
   4104.6   0.35264
   4107.9   0.35247
   4111.1   0.35230
   4114.4   0.35206
   4117.7   0.35192
   4120.9   0.35166
   4124.2   0.35144
   4127.5   0.35116
   4130.8   0.35098
   4134.1   0.35072
   4137.4   0.35051
   4140.7   0.35019
   4144.0   0.34992
   4147.3   0.34957
   4150.6   0.34927
   4154.0   0.34889
   4157.3   0.34862
   4160.6   0.34827
   4164.0   0.34791
   4167.3   0.34747
   4170.7   0.34705
   4174.0   0.34655
   4177.4   0.34613
   4382.2   0.28929
   4385.9   0.28802
   4389.6   0.28682
   4393.3   0.28558
   4397.1   0.28435
   4400.8   0.28309
   4404.5   0.28187
   4408.3   0.28066
   4412.0   0.27946
   4415.8   0.27823
   4419.6   0.27706
   4423.3   0.27582
   4427.1   0.27462
   4430.9   0.27339
   4434.7   0.27222
   4438.5   0.27100
   4442.3   0.26981
   4446.1   0.26856
   4449.9   0.26733
   4453.7   0.26602
   4457.6   0.26478
   4461.4   0.26348
   4465.2   0.26221
   4469.1   0.26086
   4472.9   0.25950
   4476.8   0.25809
   4480.7   0.25673
   4484.5   0.25531
   4488.4   0.25392
   4492.3   0.25246
   4496.2   0.25104
   4500.1   0.24957
   4504.0   0.24812
   4507.9   0.24660
   4511.9   0.24515
   4515.8   0.24365
   4519.7   0.24218
   4523.7   0.24066
   4527.6   0.23918
   4531.6   0.23769
   4535.6   0.23623
   4539.5   0.23472
   4543.5   0.23326
   4547.5   0.23177
   4551.5   0.23031
   4555.5   0.22883
   4559.5   0.22738
   4563.5   0.22585
   4567.5   0.22441
   4571.5   0.22296
   4575.6   0.22153
   4579.6   0.22000
   4583.7   0.21857
   4587.7   0.21710
   4591.8   0.21569
   4595.9   0.21425
   4599.9   0.21284
   4604.0   0.21137
   4608.1   0.20997
   4612.2   0.20851
   4616.3   0.20707
   4620.4   0.20564
   4624.6   0.20421
   4628.7   0.20274
   4632.8   0.20137
   4637.0   0.19994
   4641.1   0.19856
   4645.3   0.19717
   4649.4   0.19587
   4653.6   0.19454
   4657.8   0.19331
   4662.0   0.19209
   4666.2   0.19095
   4670.4   0.18979
   4674.6   0.18870
   4678.8   0.18761
   4683.0   0.18659
   4687.3   0.18557
   4691.5   0.18462
   4695.8   0.18362
   4700.0   0.18272
   4704.3   0.18177
   4708.6   0.18089
   4712.9   0.18005
   4717.1   0.17927
   4721.4   0.17842
   4725.7   0.17765
   4730.1   0.17689
   4734.4   0.17619
   4738.7   0.17542
   4743.0   0.17472
   4747.4   0.17404
   4751.7   0.17343
   4756.1   0.17282
   4760.5   0.17227
   4764.8   0.17170
   4769.2   0.17121
   4773.6   0.17071
   4778.0   0.17034
   4782.4   0.16991
   4786.8   0.16957
   4791.3   0.16922
   4795.7   0.16893
   4800.1   0.16861
   4804.6   0.16832
   4809.0   0.16800
   4813.5   0.16771
   4818.0   0.16736
   4822.5   0.16703
   4826.9   0.16663
   4831.4   0.16627
   4835.9   0.16582
   4840.5   0.16538
   4845.0   0.16490
   4849.5   0.16441
   4854.1   0.16387
   4858.6   0.16338
   4863.2   0.16285
   4867.7   0.16233
   4872.3   0.16176
   4876.9   0.16121
   4881.5   0.16064
   4886.1   0.16012
   4890.7   0.15960
   4895.3   0.15909
   4899.9   0.15855
   4904.6   0.15807
   4909.2   0.15756
   4913.9   0.15708
   4918.5   0.15659
   4923.2   0.15619
   4927.9   0.15574
   4932.6   0.15532
   4937.3   0.15479
   4942.0   0.15428
   4946.7   0.15368
   4951.4   0.15309
   4956.2   0.15241
   4960.9   0.15168
   4965.6   0.15088
   4970.4   0.15009
   4975.2   0.14923
   4980.0   0.14836
   4984.7   0.14746
   4989.5   0.14656
   4994.3   0.14559
   4999.2   0.14464
   5004.0   0.14366
   5008.8   0.14270
   5013.7   0.14165
   5018.5   0.14063
   5023.4   0.13960
   5028.3   0.13851
   5033.1   0.13735
   5038.0   0.13616
   5042.9   0.13494
   5047.8   0.13374
   5052.8   0.13250
   5057.7   0.13126
   5062.6   0.12994
   5067.6   0.12859
   5072.5   0.12722
   5077.5   0.12588
   5082.5   0.12454
   5087.5   0.12319
   5092.5   0.12176
   5097.5   0.12036
   5102.5   0.11900
   5107.5   0.11768
   5112.6   0.11629
   5117.6   0.11497
   5122.7   0.11368
   5127.7   0.11242
   5132.8   0.11118
   5137.9   0.11000
   5143.0   0.10885
   5148.1   0.10775
   5153.2   0.10663
   5158.3   0.10548
   5163.5   0.10437
   5168.6   0.10329
   5173.8   0.10219
   5179.0   0.10113
   5184.1   0.10008
   5189.3   0.09907
   5194.5   0.09805
   5199.7   0.09709
   5205.0   0.09613
   5210.2   0.09514
   5215.4   0.09429
   5220.7   0.09342
   5225.9   0.09248
   5231.2   0.09168
   5236.5   0.09096
   5241.8   0.09032
   5247.1   0.08963
   5252.4   0.08903
   5257.7   0.08852
   5263.1   0.08806
   5268.4   0.08759
   5273.8   0.08715
   5279.2   0.08674
   5284.5   0.08636
   5289.9   0.08596
   5295.3   0.08565
   5300.8   0.08525
   5306.2   0.08484
   5311.6   0.08443
   5317.1   0.08402
   5322.5   0.08362
   5328.0   0.08320
   5333.5   0.08271
   5339.0   0.08226
   5344.5   0.08176
   5350.0   0.08133
   5355.5   0.08082
   5361.0   0.08015
   5366.6   0.07947
   5372.2   0.07885
   5377.7   0.07818
   5383.3   0.07747
   5388.9   0.07674
   5394.5   0.07602
   5400.1   0.07526
   5405.8   0.07450
   5411.4   0.07372
   5417.1   0.07291
   5422.7   0.07218
   5428.4   0.07136
   5434.1   0.07035
   5439.8   0.06948
   5445.5   0.06864
   5451.2   0.06776
   5457.0   0.06685
   5462.7   0.06603
   5468.5   0.06528
   5474.3   0.06436
   5480.1   0.06351
   5485.9   0.06272
   5491.7   0.06182
   5497.5   0.06102
   5503.3   0.06021
   5509.2   0.05942
   5515.0   0.05862
   5520.9   0.05789
   5526.8   0.05717
   5532.7   0.05636
   5538.6   0.05555
   5544.5   0.05483
   5550.5   0.05415
   5556.4   0.05348
   5562.4   0.05277
   5568.4   0.05211
   5574.3   0.05156
   5580.3   0.05116
   5586.4   0.05070
   5592.4   0.05017
   5598.4   0.04976
   5604.5   0.04942
   5610.5   0.04909
   5616.6   0.04878
   5622.7   0.04850
   5628.8   0.04820
   5634.9   0.04796
   5641.1   0.04780
   5647.2   0.04764
   5653.4   0.04730
   5659.5   0.04710
   5665.7   0.04690
   5671.9   0.04671
   5678.1   0.04665
   5684.4   0.04647
   5690.6   0.04632
   5696.9   0.04627
   5703.1   0.04615
   5709.4   0.04609
   5715.7   0.04610
   5722.0   0.04601
   5728.3   0.04592
   5734.7   0.04584
   5741.0   0.04583
   5747.4   0.04583
   5753.8   0.04588
   5760.1   0.04581
   5766.6   0.04589
   5773.0   0.04600
   5779.4   0.04583
   5785.9   0.04576
   5792.3   0.04574
   5798.8   0.04574
   5805.3   0.04575
   5811.8   0.04572
   5818.3   0.04577
   5824.9   0.04591
   5831.4   0.04584
   5838.0   0.04567
   5844.6   0.04556
   5851.2   0.04549
   5857.8   0.04545
   5864.4   0.04543
   5871.0   0.04538
   5877.7   0.04530
   5884.4   0.04551
   5891.1   0.04537
   5897.8   0.04522
   5904.5   0.04520
   5911.2   0.04497
   5918.0   0.04497
   5924.7   0.04498
   5931.5   0.04497
   5938.3   0.04513
   5945.1   0.04519
   5951.9   0.04498
   5958.8   0.04493
   5965.6   0.04490
   5972.5   0.04501
   5979.4   0.04494
   5986.3   0.04486
   5993.2   0.04491
   6000.2   0.04482
   6007.1   0.04467
   6014.1   0.04467
   6021.1   0.04466
   6028.1   0.04449
   6035.1   0.04439
   6042.1   0.04436
   6049.2   0.04453
   6056.2   0.04458
   6063.3   0.04413
   6070.4   0.04405
   6077.5   0.04406
   6084.7   0.04382
   6091.8   0.04358
   6099.0   0.04344
   6106.2   0.04330
   6113.4   0.04325
   6120.6   0.04312
   6127.8   0.04271
   6135.1   0.04243
   6142.3   0.04225
   6149.6   0.04206
   6156.9   0.04182
   6164.3   0.04166
   6171.6   0.04141
   6178.9   0.04115
   6186.3   0.04106
   6193.7   0.04089
   6201.1   0.04059
   6208.5   0.04044
   6216.0   0.04033
   6223.5   0.04023
   6230.9   0.04012
   6238.4   0.04005
   6245.9   0.04004
   6253.5   0.04001
   6261.0   0.03997
   6268.6   0.03998
   6276.2   0.04002
   6283.8   0.04008
   6291.4   0.04017
   6299.1   0.04023
   6306.7   0.04030
   6314.4   0.04042
   6322.1   0.04057
   6329.8   0.04073
   6337.6   0.04091
   6345.3   0.04118
   6353.1   0.04141
   6360.9   0.04145
   6368.7   0.04166
   6376.5   0.04193
   6384.4   0.04206
   6392.3   0.04220
   6400.2   0.04235
   6408.1   0.04253
   6416.0   0.04295
   6424.0   0.04314
   6431.9   0.04296
   6439.9   0.04297
   6447.9   0.04294
   6456.0   0.04295
   6464.0   0.04291
   6472.1   0.04288
   6480.2   0.04291
   6488.3   0.04293
   6496.4   0.04297
   6504.6   0.04277
   6512.7   0.04242
   6520.9   0.04233
   6529.1   0.04228
   6537.4   0.04204
   6545.6   0.04189
   6553.9   0.04180
   6562.2   0.04164
   6570.5   0.04150
   6578.9   0.04148
   6587.2   0.04121
   6595.6   0.04101
   6604.0   0.04081
   6612.4   0.04059
   6620.9   0.04049
   6629.3   0.04039
   6637.8   0.04046
   6646.3   0.04041
   6654.9   0.04004
   6663.4   0.03983
   6672.0   0.03977
   6680.6   0.03971
   6689.2   0.03962
   6697.8   0.03944
   6706.5   0.03934
   6715.2   0.03930
   6723.9   0.03914
   6732.6   0.03893
   6741.4   0.03875
   6750.2   0.03862
   6759.0   0.03850
   6767.8   0.03832
   6776.6   0.03820
   6785.5   0.03806
   6794.4   0.03798
   6803.3   0.03775
   6812.3   0.03747
   6821.2   0.03731
   6830.2   0.03719
   6839.2   0.03694
   6848.3   0.03667
   6857.3   0.03655
   6866.4   0.03647
   6875.5   0.03615
   6884.6   0.03577
   6893.8   0.03553
   6903.0   0.03527
   6912.2   0.03503
   6921.4   0.03476
   6930.7   0.03447
   6939.9   0.03421
   6949.2   0.03392
   6958.6   0.03370
   6967.9   0.03348
   6977.3   0.03311
   6986.7   0.03282
   6996.1   0.03261
   7005.6   0.03234
   7015.1   0.03207
   7024.6   0.03184
   7034.1   0.03156
   7043.7   0.03131
   7053.2   0.03112
   7062.9   0.03073
   7072.5   0.03040
   7082.2   0.03010
   7091.8   0.02976
   7101.6   0.02939
   7111.3   0.02899
   7121.1   0.02857
   7130.9   0.02813
   7140.7   0.02768
   7150.5   0.02727
   7160.4   0.02680
   7170.3   0.02636
   7180.2   0.02590
   7190.2   0.02538
   7200.2   0.02488
   7210.2   0.02446
   7220.2   0.02398
   7230.3   0.02348
   7240.4   0.02297
   7250.5   0.02249
   7260.7   0.02203
   7270.9   0.02156
   7281.1   0.02113
   7291.3   0.02068
   7301.6   0.02024
   7311.9   0.01980
   7322.2   0.01931
   7332.6   0.01888
   7343.0   0.01846
   7353.4   0.01804
   7363.8   0.01758
   7374.3   0.01717
   7384.8   0.01673
   7395.3   0.01630
   7405.9   0.01587
   7416.5   0.01545
   7427.1   0.01500
   7437.8   0.01457
   7448.5   0.01413
   7459.2   0.01370
   7469.9   0.01324
   7480.7   0.01279
   7491.5   0.01232
   7502.4   0.01187
   7513.2   0.01138
   7524.1   0.01093
   7535.1   0.01048
   7546.0   0.01004
   7557.0   0.00957
   7568.1   0.00909
   7579.1   0.00860
   7590.2   0.00817
   7601.4   0.00772
   7612.5   0.00729
   7623.7   0.00684
   7635.0   0.00640
   7646.2   0.00598
   7657.5   0.00561
   7668.8   0.00522
   7680.2   0.00486
   7691.6   0.00450
   7703.0   0.00419
   7714.5   0.00387
   7726.0   0.00362
   7737.5   0.00334
   7749.1   0.00307
   7760.7   0.00281
   7772.3   0.00264
   7784.0   0.00247
   7795.7   0.00232
   7807.4   0.00217
   7819.2   0.00208
   7831.0   0.00201
   7842.9   0.00203
   7854.8   0.00206
   7866.7   0.00218
   7878.6   0.00231
   7890.6   0.00255
   7902.6   0.00290
   7914.7   0.00338
   7926.8   0.00394
   7939.0   0.00469
   7951.1   0.00564
   7963.3   0.00674
   7975.6   0.00802
   7987.9   0.00948
   8000.2   0.01113
   8012.6   0.01302
   8025.0   0.01510
   8037.4   0.01737
   8049.9   0.01980
   8062.4   0.02243
   8075.0   0.02523
   8087.6   0.02818
   8100.2   0.03128
   8112.9   0.03452
   8125.6   0.03787
   8138.4   0.04131
   8151.2   0.04477
   8164.0   0.04828
   8176.9   0.05186
   8189.8   0.05539
   8202.7   0.05882
   8215.7   0.06207
   8228.8   0.06517
   8241.9   0.06804
   8255.0   0.07053
   8268.2   0.07251
   8281.4   0.07404
   8294.6   0.07508
   8307.9   0.07572
   8321.2   0.07598
   8334.6   0.07606
   8348.0   0.07598
   8361.5   0.07582
   8375.0   0.07563
   8388.6   0.07547
   8402.2   0.07529
   8415.8   0.07514
   8429.5   0.07499
   8443.2   0.07486
   8457.0   0.07471
   8470.8   0.07461
   8484.7   0.07453
   8498.6   0.07448
   8512.5   0.07439
   8526.5   0.07434
   8540.6   0.07426
   8554.7   0.07413
   8568.8   0.07392
   8583.0   0.07372
   8597.2   0.07345
   8611.5   0.07313
   8625.8   0.07278
   8640.2   0.07241
   8654.6   0.07192
   8669.1   0.07137
   8683.6   0.07077
   8698.2   0.07012
   8712.8   0.06937
   8727.5   0.06858
   8742.2   0.06768
   8757.0   0.06673
   8771.8   0.06570
   8786.7   0.06470
   8801.6   0.06361
   8816.6   0.06257
   8831.6   0.06156
   8846.6   0.06059
   8861.8   0.05962
   8876.9   0.05875
   8892.2   0.05791
   8907.4   0.05715
   8922.8   0.05648
   8938.2   0.05588
   8953.6   0.05532
   8969.1   0.05481
   8984.6   0.05431
   9000.2   0.05387
   9015.9   0.05343
   9031.6   0.05300
   9047.4   0.05253
   9063.2   0.05207
   9079.0   0.05164
   9095.0   0.05119
   9111.0   0.05081
   9127.0   0.05047
   9143.1   0.05017
   9159.3   0.04989
   9175.5   0.04962
   9191.7   0.04937
   9208.1   0.04901
   9224.4   0.04870
   9240.9   0.04841
   9257.4   0.04821
   9273.9   0.04807
   9290.6   0.04793
   9307.2   0.04787
   9324.0   0.04792
   9340.8   0.04807
   9357.6   0.04830
   9374.6   0.04872
   9391.5   0.04943
   9408.6   0.05030
   9425.7   0.05129
   9442.9   0.05256
   9460.1   0.05399
   9477.4   0.05553
   9494.8   0.05716
   9512.2   0.05890
   9529.7   0.06078
   9547.2   0.06269
   9564.8   0.06458
   9582.5   0.06639
   9600.3   0.06812
   9618.1   0.06964
   9635.9   0.07090
   9653.9   0.07184
   9671.9   0.07253
   9690.0   0.07289
   9708.1   0.07308
   9726.3   0.07319
   9744.6   0.07320
   9763.0   0.07321
   9781.4   0.07331
   9799.9   0.07343
   9818.4   0.07359
   9837.1   0.07370
   9855.8   0.07376
   9874.5   0.07370
   9893.4   0.07357
   9912.3   0.07323
   9931.3   0.07270
   9950.4   0.07200
   9969.5   0.07119
   9988.7   0.07021
  10008.0   0.06914
  10027.3   0.06805
  10046.8   0.06693
  10066.3   0.06582
  10085.9   0.06475
  10105.5   0.06364
  10125.3   0.06248
  10145.1   0.06139
  10165.0   0.06030
  10184.9   0.05917
  10205.0   0.05808
  10225.1   0.05695
  10245.3   0.05576
  10265.6   0.05458
  10286.0   0.05344
  10306.4   0.05234
  10327.0   0.05128
  10347.6   0.05033
  10368.3   0.04946
  10389.0   0.04871
  10409.9   0.04796
  10430.9   0.04722
  10451.9   0.04659
  10473.0   0.04606
  10494.2   0.04558
  10515.5   0.04512
  10536.9   0.04482
  10558.3   0.04451
  10579.9   0.04414
  10601.5   0.04375
  10623.2   0.04340
  10645.0   0.04310
  10666.9   0.04274
  10688.9   0.04232
  10711.0   0.04190
  10733.2   0.04145
  10755.5   0.04094
  10777.8   0.04046
  10800.3   0.03998
  10822.8   0.03949
  10845.5   0.03897
  10868.2   0.03846
  10891.0   0.03795
  10914.0   0.03744
  10937.0   0.03695
  10960.1   0.03644
  10983.3   0.03589
  11006.7   0.03538
  11030.1   0.03492
  11053.6   0.03446
  11077.2   0.03407
  11100.9   0.03365
  11124.8   0.03316
  11148.7   0.03268
  11172.7   0.03230
  11196.8   0.03203
  11221.1   0.03170
  11245.4   0.03134
  11269.9   0.03100
  11294.4   0.03072
  11319.1   0.03049
  11343.8   0.03027
  11368.7   0.03009
  11393.7   0.02989
  11418.8   0.02965
  11444.0   0.02937
  11469.3   0.02914
  11494.8   0.02892
  11520.3   0.02874
  11546.0   0.02856
  11571.7   0.02832
  11597.6   0.02813
  11623.6   0.02799
  11649.7   0.02785
  11676.0   0.02769
  11702.3   0.02759
  11728.8   0.02755
  11755.4   0.02752
  11782.1   0.02746
  11809.0   0.02738
  11835.9   0.02735
  11863.0   0.02739
  11890.2   0.02744
  11917.6   0.02743
  11945.0   0.02745
  11972.6   0.02749
  12000.3   0.02748
  12028.2   0.02740
  12056.1   0.02727
  12084.2   0.02699
  12112.5   0.02658
  12140.8   0.02603
  12169.3   0.02537
  12198.0   0.02450
  12226.7   0.02346
  12255.6   0.02240
  12284.7   0.02138
  12313.9   0.02039
  12343.2   0.01956
  12372.6   0.01880
  12402.2   0.01810
  12432.0   0.01750
  12461.9   0.01696
  12491.9   0.01657
  12522.1   0.01625
  12552.4   0.01614
  12582.9   0.01614
  12613.5   0.01625
  12644.2   0.01655
  12675.1   0.01701
  12706.2   0.01737
  12737.4   0.01759
  12768.8   0.01768
  12800.3   0.01765
  12832.0   0.01764
  12863.9   0.01761
  12895.9   0.01751
  12928.0   0.01744
  12960.3   0.01745
  12992.8   0.01747
  13025.5   0.01755
  13058.3   0.01780
  13091.3   0.01812
  13124.4   0.01847
  13157.7   0.01886
  13191.2   0.01926
  13224.8   0.01955
  13258.7   0.01978
  13292.7   0.01987
  13326.8   0.01996
  13361.2   0.01998
  13395.7   0.02001
  13430.4   0.01996
  13465.3   0.01997
  13500.4   0.01997
  13535.6   0.01994
  13571.0   0.01983
  13606.7   0.01969
  13642.5   0.01954
  13678.5   0.01941
  13714.6   0.01926
  13751.0   0.01924
  13787.6   0.01920
  13824.4   0.01915
  13861.3   0.01908
  13898.5   0.01902
  13935.8   0.01890
  13973.4   0.01876
  14011.2   0.01863
  14049.1   0.01846
  14087.3   0.01820
  14125.7   0.01796
  14164.3   0.01769
  14203.1   0.01745
  14242.1   0.01729
  14281.4   0.01703
  14320.8   0.01676
  14360.5   0.01651
  14400.4   0.01630
  14440.5   0.01602
  14480.8   0.01573
  14521.4   0.01544
  14562.2   0.01514
  14603.2   0.01492
  14644.4   0.01466
  14685.9   0.01445
  14727.7   0.01433
  14769.6   0.01407
  14811.8   0.01371
  14854.3   0.01341
  14896.9   0.01317
  14939.9   0.01314
  14983.0   0.01330
  15026.5   0.01361
  15070.2   0.01414
  15114.1   0.01493
  15158.3   0.01624
  15202.7   0.01808
  15247.5   0.02021
  15292.4   0.02260
  15337.7   0.02505
  15383.2   0.02733
  15429.0   0.02913
  15475.0   0.03040
  15521.4   0.03098
  15568.0   0.03099
  15614.9   0.03048
  15662.0   0.02972
  15709.5   0.02891
  15757.2   0.02826
  15805.3   0.02802
  15853.6   0.02822
  15902.3   0.02895
  15951.2   0.03031
  16000.4   0.03216
  16050.0   0.03417
  16099.8   0.03615
  16150.0   0.03807
  16200.4   0.03962
  16251.2   0.04091
  16302.3   0.04186
  16353.7   0.04228
  16405.5   0.04235
  16457.6   0.04231
  16510.0   0.04220
  16562.7   0.04213
  16615.8   0.04223
  16669.2   0.04247
  16723.0   0.04289
  16777.1   0.04335
  16831.6   0.04364
  16886.4   0.04396
  16941.6   0.04409
  16997.2   0.04391
  17053.1   0.04358
  17109.4   0.04299
  17166.0   0.04199
  17223.0   0.04079
  17280.5   0.03959
  17338.2   0.03848
  17396.4   0.03722
  17455.0   0.03577
  17514.0   0.03434
  17573.3   0.03289
  17633.1   0.03145
  17693.3   0.03025
  17753.9   0.02916
  17814.9   0.02840
  17876.3   0.02757
  17938.2   0.02680
  18000.5   0.02623
  18063.2   0.02601
  18126.3   0.02621
  18189.9   0.02722
  18254.0   0.02914
  18318.5   0.03157
  18383.5   0.03409
  18448.9   0.03618
  18514.8   0.03723
  18581.1   0.03734
  18648.0   0.03682
  18715.3   0.03590
  18783.1   0.03461
  18851.4   0.03307
  18920.2   0.03145
  18989.5   0.02963
  19059.3   0.02799
  19129.7   0.02701
  19200.5   0.02621
  19271.9   0.02514
  19343.8   0.02408
  19416.2   0.02327
  19489.2   0.02264
  19562.8   0.02200
  19636.9   0.02106
  19711.5   0.02043
  19786.8   0.02021
  19862.6   0.01955
  19939.0   0.01835
  20016.0   0.01768
  20093.5   0.01779
  20171.7   0.01767
  20250.5   0.01771
  20329.9   0.01777
  20410.0   0.01787
  20490.7   0.01810
  20572.0   0.01949
  20653.9   0.02133
  20736.5   0.02317
  20819.8   0.02477
  20903.8   0.02598
  20988.4   0.02693
  21073.7   0.02799
  21159.7   0.02853
  21246.5   0.02788
  21333.9   0.02672
  21422.0   0.02573
  21510.9   0.02464
  21600.6   0.02366
  21690.9   0.02257
  21782.1   0.02212
  21874.0   0.02193
  21966.7   0.02201
  22060.1   0.02269
  22154.4   0.02273
  22249.5   0.02200
  22345.4   0.02510
  22442.1   0.02986
  22539.7   0.03293
  22638.1   0.03572
  22737.4   0.03819
  22837.6   0.04048
  22938.7   0.04243
  23040.6   0.04468
  23143.5   0.04630
  23247.2   0.04708
  23352.0   0.04732
  23457.6   0.04696
  23564.3   0.04588
  23671.8   0.04507
  23780.4   0.04392
  23890.0   0.04263
  24000.6   0.04170
  24112.3   0.04236
  24224.9   0.04281
  24338.7   0.04260
  24453.5   0.04274
  24569.4   0.04302
  24686.4   0.04278
  24804.5   0.04218
  24923.7   0.04139
  25044.1   0.03976
  25165.7   0.03930
  25288.5   0.04004
  25412.4   0.04096
  25537.6   0.04027
  25664.0   0.03973
  25791.7   0.03840
  25920.7   0.03708



 NNBPA5      .ASC                        

 PA-CMP-005-B                                                            
 N1,N2,N4 DATA MERGED @ 1026.561 AND 2772.265   ALB 25-75                

 Source Ang: 30.00   Detect Ang: 30.00  Volt: 1.222
 Date: 30-JUL-92   Time: 11:19:42
