  4754
    650.1   0.42928
    650.3   0.42714
    650.5   0.42528
    650.6   0.42355
    650.8   0.42215
    650.9   0.42084
    651.1   0.41895
    651.3   0.41745
    651.4   0.41622
    651.6   0.41509
    651.8   0.41347
    651.9   0.41188
    652.1   0.41106
    652.3   0.40996
    652.4   0.40835
    652.6   0.40695
    652.7   0.40608
    652.9   0.40508
    653.1   0.40372
    653.2   0.40248
    653.4   0.40186
    653.6   0.40104
    653.7   0.39999
    653.9   0.39878
    654.1   0.39799
    654.2   0.39721
    654.4   0.39606
    654.6   0.39513
    654.7   0.39433
    654.9   0.39357
    655.1   0.39286
    655.2   0.39203
    655.4   0.39120
    655.6   0.39027
    655.7   0.38947
    655.9   0.38870
    656.1   0.38832
    656.2   0.38797
    656.4   0.38690
    656.6   0.38599
    656.7   0.38549
    656.9   0.38493
    657.1   0.38399
    657.2   0.38334
    657.4   0.38294
    657.6   0.38242
    657.7   0.38178
    657.9   0.38095
    658.1   0.38046
    658.2   0.38003
    658.4   0.37939
    658.6   0.37886
    658.7   0.37837
    658.9   0.37784
    659.1   0.37724
    659.2   0.37674
    659.4   0.37638
    659.6   0.37604
    659.7   0.37550
    659.9   0.37499
    660.1   0.37462
    660.2   0.37436
    660.4   0.37367
    660.6   0.37316
    660.7   0.37271
    660.9   0.37239
    661.1   0.37192
    661.2   0.37145
    661.4   0.37112
    661.6   0.37083
    661.7   0.37037
    661.9   0.36997
    662.1   0.36980
    662.3   0.36945
    662.4   0.36909
    662.6   0.36866
    662.8   0.36830
    662.9   0.36800
    663.1   0.36747
    663.3   0.36704
    663.4   0.36689
    663.6   0.36666
    663.8   0.36624
    664.0   0.36590
    664.1   0.36570
    664.3   0.36542
    664.5   0.36498
    664.6   0.36456
    664.8   0.36434
    665.0   0.36410
    665.1   0.36367
    665.3   0.36345
    665.5   0.36315
    665.7   0.36297
    665.8   0.36265
    666.0   0.36226
    666.2   0.36208
    666.3   0.36186
    666.5   0.36160
    666.7   0.36128
    666.9   0.36113
    667.0   0.36083
    667.2   0.36056
    667.4   0.36038
    667.5   0.36011
    667.7   0.35987
    667.9   0.35969
    668.1   0.35938
    668.2   0.35919
    668.4   0.35912
    668.6   0.35871
    668.7   0.35837
    668.9   0.35825
    669.1   0.35812
    669.3   0.35768
    669.4   0.35745
    669.6   0.35731
    669.8   0.35715
    670.0   0.35691
    670.1   0.35661
    670.3   0.35646
    670.5   0.35631
    670.7   0.35615
    670.8   0.35590
    671.0   0.35577
    671.2   0.35558
    671.3   0.35537
    671.5   0.35513
    671.7   0.35499
    671.9   0.35478
    672.0   0.35447
    672.2   0.35422
    672.4   0.35415
    672.6   0.35397
    672.7   0.35375
    672.9   0.35356
    673.1   0.35351
    673.3   0.35340
    673.4   0.35309
    673.6   0.35277
    673.8   0.35276
    674.0   0.35258
    674.1   0.35230
    674.3   0.35207
    674.5   0.35196
    674.7   0.35191
    674.8   0.35178
    675.0   0.35157
    675.2   0.35147
    675.4   0.35128
    675.5   0.35102
    675.7   0.35079
    675.9   0.35061
    676.1   0.35058
    676.3   0.35040
    676.4   0.35027
    676.6   0.35022
    676.8   0.35016
    677.0   0.34989
    677.1   0.34974
    677.3   0.34955
    677.5   0.34932
    677.7   0.34919
    677.8   0.34900
    678.0   0.34895
    678.2   0.34890
    678.4   0.34869
    678.6   0.34844
    678.7   0.34831
    678.9   0.34823
    679.1   0.34802
    679.3   0.34783
    679.4   0.34772
    679.6   0.34760
    679.8   0.34740
    680.0   0.34731
    680.2   0.34726
    680.3   0.34720
    680.5   0.34697
    680.7   0.34688
    680.9   0.34675
    681.0   0.34662
    681.2   0.34646
    681.4   0.34628
    681.6   0.34616
    681.8   0.34599
    681.9   0.34580
    682.1   0.34573
    682.3   0.34567
    682.5   0.34557
    682.7   0.34540
    682.8   0.34521
    683.0   0.34518
    683.2   0.34514
    683.4   0.34501
    683.6   0.34482
    683.7   0.34473
    683.9   0.34464
    684.1   0.34443
    684.3   0.34425
    684.5   0.34422
    684.6   0.34422
    684.8   0.34415
    685.0   0.34398
    685.2   0.34390
    685.4   0.34375
    685.6   0.34363
    685.7   0.34356
    685.9   0.34341
    686.1   0.34337
    686.3   0.34321
    686.5   0.34310
    686.6   0.34304
    686.8   0.34289
    687.0   0.34273
    687.2   0.34265
    687.4   0.34262
    687.6   0.34250
    687.7   0.34234
    687.9   0.34221
    688.1   0.34219
    688.3   0.34211
    688.5   0.34188
    688.6   0.34175
    688.8   0.34171
    689.0   0.34168
    689.2   0.34154
    689.4   0.34143
    689.6   0.34134
    689.7   0.34128
    689.9   0.34116
    690.1   0.34105
    690.3   0.34094
    690.5   0.34092
    690.7   0.34080
    690.8   0.34066
    691.0   0.34058
    691.2   0.34054
    691.4   0.34041
    691.6   0.34030
    691.8   0.34026
    692.0   0.34024
    692.1   0.34009
    692.3   0.33994
    692.5   0.33988
    692.7   0.33977
    692.9   0.33963
    693.1   0.33947
    693.3   0.33941
    693.4   0.33939
    693.6   0.33937
    693.8   0.33924
    694.0   0.33919
    694.2   0.33909
    694.4   0.33901
    694.6   0.33889
    694.7   0.33875
    694.9   0.33865
    695.1   0.33855
    695.3   0.33851
    695.5   0.33846
    695.7   0.33840
    695.9   0.33826
    696.0   0.33815
    696.2   0.33810
    696.4   0.33801
    696.6   0.33794
    696.8   0.33783
    697.0   0.33780
    697.2   0.33781
    697.4   0.33772
    697.5   0.33762
    697.7   0.33755
    697.9   0.33744
    698.1   0.33734
    698.3   0.33726
    698.5   0.33720
    698.7   0.33710
    698.9   0.33703
    699.0   0.33691
    699.2   0.33690
    699.4   0.33689
    699.6   0.33677
    699.8   0.33668
    700.0   0.33665
    700.2   0.33661
    700.4   0.33650
    700.6   0.33640
    700.7   0.33633
    700.9   0.33626
    701.1   0.33618
    701.3   0.33613
    701.5   0.33607
    701.7   0.33605
    701.9   0.33594
    702.1   0.33583
    702.3   0.33574
    702.5   0.33571
    702.6   0.33559
    702.8   0.33545
    703.0   0.33539
    703.2   0.33536
    703.4   0.33531
    703.6   0.33528
    703.8   0.33524
    704.0   0.33519
    704.2   0.33509
    704.4   0.33495
    704.6   0.33492
    704.7   0.33488
    704.9   0.33481
    705.1   0.33477
    705.3   0.33470
    705.5   0.33462
    705.7   0.33450
    705.9   0.33442
    706.1   0.33442
    706.3   0.33442
    706.5   0.33440
    706.7   0.33430
    706.9   0.33422
    707.1   0.33412
    707.2   0.33401
    707.4   0.33395
    707.6   0.33393
    707.8   0.33383
    708.0   0.33376
    708.2   0.33367
    708.4   0.33365
    708.6   0.33360
    708.8   0.33351
    709.0   0.33341
    709.2   0.33342
    709.4   0.33342
    709.6   0.33335
    709.8   0.33330
    710.0   0.33323
    710.2   0.33318
    710.4   0.33306
    710.5   0.33301
    710.7   0.33296
    710.9   0.33295
    711.1   0.33288
    711.3   0.33283
    711.5   0.33277
    711.7   0.33270
    711.9   0.33268
    712.1   0.33264
    712.3   0.33258
    712.5   0.33251
    712.7   0.33243
    712.9   0.33232
    713.1   0.33229
    713.3   0.33225
    713.5   0.33219
    713.7   0.33212
    713.9   0.33210
    714.1   0.33206
    714.3   0.33197
    714.5   0.33192
    714.7   0.33188
    714.9   0.33185
    715.1   0.33173
    715.3   0.33167
    715.4   0.33164
    715.6   0.33159
    715.8   0.33150
    716.0   0.33142
    716.2   0.33142
    716.4   0.33138
    716.6   0.33136
    716.8   0.33127
    717.0   0.33122
    717.2   0.33116
    717.4   0.33106
    717.6   0.33102
    717.8   0.33096
    718.0   0.33092
    718.2   0.33088
    718.4   0.33084
    718.6   0.33077
    718.8   0.33075
    719.0   0.33066
    719.2   0.33058
    719.4   0.33058
    719.6   0.33053
    719.8   0.33050
    720.0   0.33044
    720.2   0.33041
    720.4   0.33034
    720.6   0.33032
    720.8   0.33027
    721.0   0.33023
    721.2   0.33020
    721.4   0.33014
    721.6   0.33009
    721.8   0.33003
    722.0   0.32994
    722.2   0.32989
    722.4   0.32984
    722.6   0.32980
    722.8   0.32973
    723.0   0.32966
    723.2   0.32965
    723.4   0.32964
    723.6   0.32961
    723.8   0.32952
    724.0   0.32946
    724.2   0.32944
    724.4   0.32942
    724.6   0.32935
    724.9   0.32929
    725.1   0.32923
    725.3   0.32922
    725.5   0.32913
    725.7   0.32905
    725.9   0.32904
    726.1   0.32901
    726.3   0.32896
    726.5   0.32891
    726.7   0.32890
    726.9   0.32885
    727.1   0.32879
    727.3   0.32873
    727.5   0.32872
    727.7   0.32871
    727.9   0.32867
    728.1   0.32864
    728.3   0.32858
    728.5   0.32853
    728.7   0.32849
    728.9   0.32847
    729.1   0.32844
    729.3   0.32840
    729.5   0.32834
    729.7   0.32828
    730.0   0.32828
    730.2   0.32827
    730.4   0.32825
    730.6   0.32816
    730.8   0.32812
    731.0   0.32808
    731.2   0.32798
    731.4   0.32789
    731.6   0.32784
    731.8   0.32782
    732.0   0.32779
    732.2   0.32776
    732.4   0.32773
    732.6   0.32768
    732.8   0.32760
    733.1   0.32753
    733.3   0.32752
    733.5   0.32748
    733.7   0.32744
    733.9   0.32740
    734.1   0.32740
    734.3   0.32737
    734.5   0.32732
    734.7   0.32725
    734.9   0.32722
    735.1   0.32720
    735.3   0.32715
    735.5   0.32709
    735.8   0.32710
    736.0   0.32708
    736.2   0.32703
    736.4   0.32699
    736.6   0.32695
    736.8   0.32689
    737.0   0.32681
    737.2   0.32678
    737.4   0.32674
    737.6   0.32672
    737.9   0.32665
    738.1   0.32660
    738.3   0.32659
    738.5   0.32658
    738.7   0.32651
    738.9   0.32645
    739.1   0.32642
    739.3   0.32638
    739.5   0.32640
    739.7   0.32634
    740.0   0.32632
    740.2   0.32628
    740.4   0.32622
    740.6   0.32616
    740.8   0.32614
    741.0   0.32614
    741.2   0.32609
    741.4   0.32606
    741.7   0.32603
    741.9   0.32596
    742.1   0.32593
    742.3   0.32592
    742.5   0.32588
    742.7   0.32582
    742.9   0.32577
    743.1   0.32576
    743.4   0.32576
    743.6   0.32575
    743.8   0.32570
    744.0   0.32569
    744.2   0.32561
    744.4   0.32560
    744.6   0.32554
    744.8   0.32548
    745.1   0.32546
    745.3   0.32547
    745.5   0.32540
    745.7   0.32534
    745.9   0.32531
    746.1   0.32523
    746.3   0.32518
    746.6   0.32517
    746.8   0.32515
    747.0   0.32513
    747.2   0.32512
    747.4   0.32506
    747.6   0.32501
    747.9   0.32503
    748.1   0.32497
    748.3   0.32491
    748.5   0.32489
    748.7   0.32486
    748.9   0.32482
    749.2   0.32476
    749.4   0.32473
    749.6   0.32474
    749.8   0.32467
    750.0   0.32467
    750.2   0.32462
    750.5   0.32460
    750.7   0.32453
    750.9   0.32448
    751.1   0.32443
    751.3   0.32440
    751.5   0.32437
    751.8   0.32433
    752.0   0.32432
    752.2   0.32426
    752.4   0.32421
    752.6   0.32418
    752.9   0.32419
    753.1   0.32418
    753.3   0.32413
    753.5   0.32411
    753.7   0.32407
    753.9   0.32404
    754.2   0.32400
    754.4   0.32396
    754.6   0.32393
    754.8   0.32388
    755.0   0.32385
    755.3   0.32382
    755.5   0.32384
    755.7   0.32383
    755.9   0.32374
    756.1   0.32367
    756.4   0.32367
    756.6   0.32364
    756.8   0.32360
    757.0   0.32355
    757.3   0.32354
    757.5   0.32351
    757.7   0.32348
    757.9   0.32341
    758.1   0.32339
    758.4   0.32336
    758.6   0.32333
    758.8   0.32328
    759.0   0.32324
    759.2   0.32321
    759.5   0.32318
    759.7   0.32316
    759.9   0.32313
    760.1   0.32312
    760.4   0.32305
    760.6   0.32301
    760.8   0.32299
    761.0   0.32296
    761.3   0.32292
    761.5   0.32290
    761.7   0.32290
    761.9   0.32287
    762.1   0.32282
    762.4   0.32278
    762.6   0.32278
    762.8   0.32274
    763.0   0.32271
    763.3   0.32266
    763.5   0.32266
    763.7   0.32261
    763.9   0.32256
    764.2   0.32250
    764.4   0.32248
    764.6   0.32247
    764.8   0.32243
    765.1   0.32237
    765.3   0.32233
    765.5   0.32230
    765.8   0.32225
    766.0   0.32223
    766.2   0.32221
    766.4   0.32221
    766.7   0.32216
    766.9   0.32212
    767.1   0.32209
    767.3   0.32206
    767.6   0.32201
    767.8   0.32194
    768.0   0.32190
    768.2   0.32185
    768.5   0.32183
    768.7   0.32180
    768.9   0.32179
    769.2   0.32172
    769.4   0.32170
    769.6   0.32169
    769.8   0.32167
    770.1   0.32168
    770.3   0.32166
    770.5   0.32160
    770.8   0.32158
    771.0   0.32152
    771.2   0.32149
    771.4   0.32145
    771.7   0.32147
    771.9   0.32144
    772.1   0.32135
    772.4   0.32132
    772.6   0.32131
    772.8   0.32132
    773.1   0.32127
    773.3   0.32123
    773.5   0.32120
    773.8   0.32115
    774.0   0.32113
    774.2   0.32108
    774.4   0.32105
    774.7   0.32101
    774.9   0.32096
    775.1   0.32096
    775.4   0.32095
    775.6   0.32093
    775.8   0.32088
    776.1   0.32086
    776.3   0.32082
    776.5   0.32081
    776.8   0.32079
    777.0   0.32074
    777.2   0.32071
    777.5   0.32064
    777.7   0.32061
    777.9   0.32057
    778.2   0.32056
    778.4   0.32054
    778.6   0.32049
    778.9   0.32046
    779.1   0.32042
    779.3   0.32040
    779.6   0.32035
    779.8   0.32035
    780.0   0.32032
    780.3   0.32030
    780.5   0.32025
    780.7   0.32022
    781.0   0.32021
    781.2   0.32018
    781.4   0.32016
    781.7   0.32014
    781.9   0.32011
    782.2   0.32010
    782.4   0.32006
    782.6   0.31999
    782.9   0.31997
    783.1   0.31992
    783.3   0.31986
    783.6   0.31983
    783.8   0.31979
    784.0   0.31977
    784.3   0.31975
    784.5   0.31971
    784.8   0.31970
    785.0   0.31969
    785.2   0.31966
    785.5   0.31961
    785.7   0.31955
    786.0   0.31952
    786.2   0.31946
    786.4   0.31944
    786.7   0.31943
    786.9   0.31940
    787.1   0.31938
    787.4   0.31932
    787.6   0.31929
    787.9   0.31927
    788.1   0.31923
    788.3   0.31920
    788.6   0.31916
    788.8   0.31912
    789.1   0.31910
    789.3   0.31904
    789.5   0.31904
    789.8   0.31901
    790.0   0.31897
    790.3   0.31894
    790.5   0.31892
    790.7   0.31889
    791.0   0.31885
    791.2   0.31883
    791.5   0.31879
    791.7   0.31874
    792.0   0.31869
    792.2   0.31866
    792.4   0.31865
    792.7   0.31866
    792.9   0.31864
    793.2   0.31858
    793.4   0.31853
    793.7   0.31850
    793.9   0.31847
    794.1   0.31842
    794.4   0.31842
    794.6   0.31838
    794.9   0.31834
    795.1   0.31832
    795.4   0.31830
    795.6   0.31826
    795.8   0.31819
    796.1   0.31815
    796.3   0.31815
    796.6   0.31815
    796.8   0.31811
    797.1   0.31809
    797.3   0.31805
    797.6   0.31805
    797.8   0.31802
    798.1   0.31797
    798.3   0.31792
    798.5   0.31787
    798.8   0.31785
    799.0   0.31784
    799.3   0.31778
    799.5   0.31775
    799.8   0.31772
    800.0   0.31771
    800.3   0.31771
    800.5   0.31767
    800.8   0.31763
    801.0   0.31758
    801.3   0.31756
    801.5   0.31755
    801.8   0.31750
    802.0   0.31746
    802.2   0.31741
    802.5   0.31738
    802.7   0.31736
    803.0   0.31735
    803.2   0.31732
    803.5   0.31731
    803.7   0.31724
    804.0   0.31719
    804.2   0.31717
    804.5   0.31713
    804.7   0.31712
    805.0   0.31708
    805.2   0.31708
    805.5   0.31704
    805.7   0.31700
    806.0   0.31693
    806.2   0.31691
    806.5   0.31691
    806.7   0.31688
    807.0   0.31685
    807.2   0.31681
    807.5   0.31677
    807.7   0.31676
    808.0   0.31672
    808.3   0.31669
    808.5   0.31666
    808.8   0.31661
    809.0   0.31657
    809.3   0.31653
    809.5   0.31651
    809.8   0.31645
    810.0   0.31642
    810.3   0.31642
    810.5   0.31637
    810.8   0.31633
    811.0   0.31627
    811.3   0.31625
    811.5   0.31624
    811.8   0.31621
    812.1   0.31618
    812.3   0.31616
    812.6   0.31613
    812.8   0.31608
    813.1   0.31605
    813.3   0.31604
    813.6   0.31600
    813.8   0.31597
    814.1   0.31593
    814.3   0.31589
    814.6   0.31586
    814.9   0.31582
    815.1   0.31579
    815.4   0.31577
    815.6   0.31573
    815.9   0.31570
    816.1   0.31568
    816.4   0.31568
    816.7   0.31566
    816.9   0.31558
    817.2   0.31553
    817.4   0.31551
    817.7   0.31549
    817.9   0.31543
    818.2   0.31542
    818.5   0.31539
    818.7   0.31537
    819.0   0.31531
    819.2   0.31527
    819.5   0.31524
    819.8   0.31521
    820.0   0.31518
    820.3   0.31516
    820.5   0.31513
    820.8   0.31510
    821.1   0.31506
    821.3   0.31500
    821.6   0.31501
    821.8   0.31500
    822.1   0.31496
    822.4   0.31491
    822.6   0.31486
    822.9   0.31483
    823.1   0.31480
    823.4   0.31480
    823.7   0.31477
    823.9   0.31476
    824.2   0.31469
    824.4   0.31467
    824.7   0.31465
    825.0   0.31462
    825.2   0.31460
    825.5   0.31454
    825.8   0.31452
    826.0   0.31446
    826.3   0.31443
    826.6   0.31441
    826.8   0.31442
    827.1   0.31441
    827.3   0.31438
    827.6   0.31433
    827.9   0.31430
    828.1   0.31425
    828.4   0.31422
    828.7   0.31418
    828.9   0.31415
    829.2   0.31410
    829.5   0.31407
    829.7   0.31404
    830.0   0.31403
    830.3   0.31399
    830.5   0.31397
    830.8   0.31392
    831.1   0.31389
    831.3   0.31386
    831.6   0.31382
    831.9   0.31381
    832.1   0.31378
    832.4   0.31375
    832.7   0.31371
    832.9   0.31369
    833.2   0.31367
    833.5   0.31368
    833.7   0.31365
    834.0   0.31361
    834.3   0.31358
    834.5   0.31353
    834.8   0.31349
    835.1   0.31346
    835.3   0.31342
    835.6   0.31339
    835.9   0.31335
    836.2   0.31334
    836.4   0.31333
    836.7   0.31331
    837.0   0.31327
    837.2   0.31324
    837.5   0.31322
    837.8   0.31319
    838.0   0.31315
    838.3   0.31312
    838.6   0.31309
    838.9   0.31306
    839.1   0.31301
    839.4   0.31300
    839.7   0.31296
    839.9   0.31293
    840.2   0.31288
    840.5   0.31283
    840.8   0.31285
    841.0   0.31284
    841.3   0.31282
    841.6   0.31277
    841.9   0.31273
    842.1   0.31270
    842.4   0.31269
    842.7   0.31266
    842.9   0.31265
    843.2   0.31261
    843.5   0.31258
    843.8   0.31256
    844.0   0.31254
    844.3   0.31252
    844.6   0.31249
    844.9   0.31246
    845.1   0.31244
    845.4   0.31242
    845.7   0.31238
    846.0   0.31236
    846.3   0.31233
    846.5   0.31229
    846.8   0.31226
    847.1   0.31223
    847.4   0.31221
    847.6   0.31219
    847.9   0.31217
    848.2   0.31212
    848.5   0.31209
    848.7   0.31208
    849.0   0.31205
    849.3   0.31203
    849.6   0.31200
    849.9   0.31198
    850.1   0.31192
    850.4   0.31190
    850.7   0.31188
    851.0   0.31186
    851.3   0.31186
    851.5   0.31184
    851.8   0.31181
    852.1   0.31179
    852.4   0.31176
    852.7   0.31174
    852.9   0.31171
    853.2   0.31169
    853.5   0.31165
    853.8   0.31163
    854.1   0.31161
    854.3   0.31158
    854.6   0.31155
    854.9   0.31149
    855.2   0.31148
    855.5   0.31147
    855.8   0.31148
    856.0   0.31146
    856.3   0.31145
    856.6   0.31142
    856.9   0.31139
    857.2   0.31135
    857.4   0.31131
    857.7   0.31128
    858.0   0.31126
    858.3   0.31125
    858.6   0.31124
    858.9   0.31121
    859.2   0.31118
    859.4   0.31115
    859.7   0.31114
    860.0   0.31112
    860.3   0.31110
    860.6   0.31107
    860.9   0.31104
    861.2   0.31100
    861.4   0.31097
    861.7   0.31096
    862.0   0.31096
    862.3   0.31094
    862.6   0.31091
    862.9   0.31087
    863.2   0.31086
    863.4   0.31084
    863.7   0.31081
    864.0   0.31077
    864.3   0.31076
    864.6   0.31074
    864.9   0.31074
    865.2   0.31073
    865.5   0.31072
    865.8   0.31070
    866.0   0.31066
    866.3   0.31064
    866.6   0.31062
    866.9   0.31061
    867.2   0.31058
    867.5   0.31057
    867.8   0.31055
    868.1   0.31053
    868.4   0.31051
    868.7   0.31050
    868.9   0.31048
    869.2   0.31045
    869.5   0.31042
    869.8   0.31038
    870.1   0.31036
    870.4   0.31035
    870.7   0.31033
    871.0   0.31032
    871.3   0.31031
    871.6   0.31028
    871.9   0.31027
    872.2   0.31026
    872.5   0.31023
    872.8   0.31020
    873.0   0.31016
    873.3   0.31014
    873.6   0.31011
    873.9   0.31007
    874.2   0.31006
    874.5   0.31005
    874.8   0.31005
    875.1   0.31003
    875.4   0.31001
    875.7   0.30998
    876.0   0.30997
    876.3   0.30994
    876.6   0.30993
    876.9   0.30992
    877.2   0.30991
    877.5   0.30990
    877.8   0.30987
    878.1   0.30985
    878.4   0.30984
    878.7   0.30983
    879.0   0.30980
    879.3   0.30976
    879.6   0.30974
    879.9   0.30972
    880.2   0.30970
    880.5   0.30968
    880.8   0.30966
    881.1   0.30964
    881.4   0.30962
    881.7   0.30960
    882.0   0.30960
    882.3   0.30960
    882.6   0.30958
    882.9   0.30955
    883.2   0.30953
    883.5   0.30951
    883.8   0.30950
    884.1   0.30948
    884.4   0.30946
    884.7   0.30944
    885.0   0.30942
    885.3   0.30942
    885.6   0.30940
    885.9   0.30938
    886.2   0.30935
    886.5   0.30933
    886.8   0.30932
    887.1   0.30932
    887.4   0.30931
    887.7   0.30930
    888.0   0.30928
    888.3   0.30926
    888.6   0.30924
    888.9   0.30922
    889.2   0.30919
    889.5   0.30917
    889.8   0.30915
    890.1   0.30914
    890.4   0.30912
    890.7   0.30910
    891.1   0.30908
    891.4   0.30907
    891.7   0.30905
    892.0   0.30903
    892.3   0.30903
    892.6   0.30902
    892.9   0.30899
    893.2   0.30897
    893.5   0.30895
    893.8   0.30894
    894.1   0.30892
    894.4   0.30890
    894.7   0.30888
    895.1   0.30888
    895.4   0.30886
    895.7   0.30885
    896.0   0.30883
    896.3   0.30880
    896.6   0.30879
    896.9   0.30877
    897.2   0.30874
    897.5   0.30873
    897.8   0.30871
    898.2   0.30871
    898.5   0.30868
    898.8   0.30867
    899.1   0.30865
    899.4   0.30862
    899.7   0.30861
    900.0   0.30858
    900.3   0.30858
    900.6   0.30857
    901.0   0.30855
    901.3   0.30853
    901.6   0.30852
    901.9   0.30851
    902.2   0.30849
    902.5   0.30847
    902.8   0.30846
    903.2   0.30842
    903.5   0.30840
    903.8   0.30840
    904.1   0.30839
    904.4   0.30838
    904.7   0.30836
    905.1   0.30834
    905.4   0.30832
    905.7   0.30831
    906.0   0.30828
    906.3   0.30827
    906.6   0.30825
    907.0   0.30823
    907.3   0.30821
    907.6   0.30820
    907.9   0.30818
    908.2   0.30816
    908.5   0.30813
    908.9   0.30812
    909.2   0.30810
    909.5   0.30808
    909.8   0.30807
    910.1   0.30806
    910.5   0.30804
    910.8   0.30802
    911.1   0.30800
    911.4   0.30799
    911.7   0.30797
    912.1   0.30795
    912.4   0.30793
    912.7   0.30790
    913.0   0.30789
    913.3   0.30788
    913.7   0.30786
    914.0   0.30783
    914.3   0.30781
    914.6   0.30779
    915.0   0.30777
    915.3   0.30775
    915.6   0.30774
    915.9   0.30772
    916.2   0.30769
    916.6   0.30767
    916.9   0.30766
    917.2   0.30765
    917.5   0.30764
    917.9   0.30762
    918.2   0.30759
    918.5   0.30758
    918.8   0.30754
    919.2   0.30751
    919.5   0.30750
    919.8   0.30749
    920.2   0.30747
    920.5   0.30746
    920.8   0.30744
    921.1   0.30742
    921.5   0.30740
    921.8   0.30737
    922.1   0.30735
    922.4   0.30734
    922.8   0.30731
    923.1   0.30728
    923.4   0.30726
    923.8   0.30724
    924.1   0.30721
    924.4   0.30719
    924.7   0.30717
    925.1   0.30714
    925.4   0.30713
    925.7   0.30711
    926.1   0.30710
    926.4   0.30708
    926.7   0.30705
    927.1   0.30702
    927.4   0.30700
    927.7   0.30698
    928.1   0.30696
    928.4   0.30694
    928.7   0.30692
    929.1   0.30690
    929.4   0.30688
    929.7   0.30686
    930.1   0.30684
    930.4   0.30681
    930.7   0.30679
    931.1   0.30676
    931.4   0.30675
    931.7   0.30673
    932.1   0.30671
    932.4   0.30669
    932.7   0.30666
    933.1   0.30664
    933.4   0.30661
    933.7   0.30658
    934.1   0.30657
    934.4   0.30655
    934.8   0.30652
    935.1   0.30650
    935.4   0.30647
    935.8   0.30645
    936.1   0.30642
    936.4   0.30640
    936.8   0.30637
    937.1   0.30635
    937.5   0.30632
    937.8   0.30629
    938.1   0.30626
    938.5   0.30623
    938.8   0.30620
    939.2   0.30617
    939.5   0.30615
    939.8   0.30612
    940.2   0.30609
    940.5   0.30606
    940.9   0.30604
    941.2   0.30600
    941.5   0.30598
    941.9   0.30595
    942.2   0.30593
    942.6   0.30590
    942.9   0.30587
    943.3   0.30584
    943.6   0.30580
    943.9   0.30578
    944.3   0.30574
    944.6   0.30573
    945.0   0.30569
    945.3   0.30566
    945.7   0.30563
    946.0   0.30559
    946.4   0.30557
    946.7   0.30554
    947.0   0.30550
    947.4   0.30547
    947.7   0.30544
    948.1   0.30541
    948.4   0.30539
    948.8   0.30535
    949.1   0.30532
    949.5   0.30527
    949.8   0.30524
    950.2   0.30521
    950.5   0.30518
    950.9   0.30514
    951.2   0.30511
    951.6   0.30508
    951.9   0.30504
    952.3   0.30501
    952.6   0.30498
    953.0   0.30494
    953.3   0.30490
    953.7   0.30486
    954.0   0.30483
    954.4   0.30480
    954.7   0.30476
    955.1   0.30472
    955.4   0.30469
    955.8   0.30465
    956.1   0.30461
    956.5   0.30457
    956.8   0.30452
    957.2   0.30448
    957.5   0.30445
    957.9   0.30443
    958.3   0.30438
    958.6   0.30434
    959.0   0.30430
    959.3   0.30425
    959.7   0.30422
    960.0   0.30419
    960.4   0.30416
    960.7   0.30412
    961.1   0.30407
    961.4   0.30403
    961.8   0.30399
    962.2   0.30395
    962.5   0.30392
    962.9   0.30388
    963.2   0.30384
    963.6   0.30381
    964.0   0.30377
    964.3   0.30373
    964.7   0.30369
    965.0   0.30365
    965.4   0.30361
    965.7   0.30357
    966.1   0.30354
    966.5   0.30351
    966.8   0.30347
    967.2   0.30344
    967.6   0.30339
    967.9   0.30336
    968.3   0.30331
    968.6   0.30328
    969.0   0.30325
    969.4   0.30321
    969.7   0.30318
    970.1   0.30314
    970.4   0.30310
    970.8   0.30306
    971.2   0.30303
    971.5   0.30299
    971.9   0.30295
    972.3   0.30291
    972.6   0.30286
    973.0   0.30281
    973.4   0.30278
    973.7   0.30275
    974.1   0.30271
    974.5   0.30267
    974.8   0.30263
    975.2   0.30259
    975.6   0.30255
    975.9   0.30251
    976.3   0.30247
    976.7   0.30242
    977.0   0.30237
    977.4   0.30234
    977.8   0.30229
    978.1   0.30225
    978.5   0.30221
    978.9   0.30217
    979.2   0.30214
    979.6   0.30209
    980.0   0.30205
    980.4   0.30199
    980.7   0.30195
    981.1   0.30192
    981.5   0.30187
    981.8   0.30183
    982.2   0.30178
    982.6   0.30174
    983.0   0.30170
    983.3   0.30166
    983.7   0.30162
    984.1   0.30158
    984.5   0.30155
    984.8   0.30150
    985.2   0.30146
    985.6   0.30141
    986.0   0.30138
    986.3   0.30133
    986.7   0.30130
    987.1   0.30125
    987.5   0.30121
    987.8   0.30117
    988.2   0.30113
    988.6   0.30109
    989.0   0.30104
    989.3   0.30100
    989.7   0.30096
    990.1   0.30092
    990.5   0.30088
    990.9   0.30083
    991.2   0.30080
    991.6   0.30076
    992.0   0.30071
    992.4   0.30067
    992.7   0.30063
    993.1   0.30059
    993.5   0.30055
    993.9   0.30051
    994.3   0.30047
    994.7   0.30044
    995.0   0.30039
    995.4   0.30036
    995.8   0.30033
    996.2   0.30029
    996.6   0.30026
    996.9   0.30023
    997.3   0.30020
    997.7   0.30016
    998.1   0.30012
    998.5   0.30008
    998.9   0.30005
    999.3   0.30002
    999.6   0.29997
   1000.0   0.29994
   1000.4   0.29990
   1000.8   0.29987
   1001.2   0.29984
   1001.6   0.29980
   1002.0   0.29977
   1002.3   0.29974
   1002.7   0.29972
   1003.1   0.29968
   1003.5   0.29966
   1003.9   0.29963
   1004.3   0.29961
   1004.7   0.29957
   1005.1   0.29955
   1005.5   0.29952
   1005.8   0.29950
   1006.2   0.29948
   1006.6   0.29944
   1007.0   0.29941
   1007.4   0.29939
   1007.8   0.29936
   1008.2   0.29935
   1008.6   0.29934
   1009.0   0.29931
   1009.4   0.29930
   1009.8   0.29928
   1010.2   0.29926
   1010.6   0.29924
   1010.9   0.29924
   1011.3   0.29923
   1011.7   0.29922
   1012.1   0.29921
   1012.5   0.29919
   1012.9   0.29919
   1013.3   0.29918
   1013.7   0.29916
   1014.1   0.29916
   1014.5   0.29916
   1014.9   0.29916
   1015.3   0.29916
   1015.7   0.29916
   1016.1   0.29916
   1016.5   0.29916
   1016.9   0.29916
   1017.3   0.29916
   1017.7   0.29917
   1018.1   0.29918
   1018.5   0.29920
   1018.9   0.29921
   1019.3   0.29922
   1019.7   0.29922
   1020.1   0.29923
   1020.5   0.29925
   1020.9   0.29928
   1021.3   0.29939
   1021.7   0.29956
   1022.1   0.29926
   1022.5   0.29930
   1022.9   0.29937
   1023.3   0.29897
   1023.7   0.29913
   1024.1   0.29931
   1024.5   0.29922
   1024.9   0.29947
   1025.3   0.29959
   1025.7   0.29974
   1026.2   0.29958
   1026.6   0.29906
   1027.0   0.29941
   1027.4   0.29939
   1027.8   0.29933
   1028.2   0.29965
   1028.6   0.29964
   1029.0   0.29935
   1029.4   0.29963
   1029.8   0.29987
   1030.2   0.29990
   1030.6   0.29968
   1031.1   0.29939
   1031.5   0.29955
   1031.9   0.29982
   1032.3   0.29991
   1032.7   0.29998
   1033.1   0.30003
   1033.5   0.29996
   1033.9   0.29950
   1034.3   0.29940
   1034.8   0.29966
   1035.2   0.30002
   1035.6   0.29978
   1036.0   0.29970
   1036.4   0.29976
   1036.8   0.29967
   1037.2   0.29962
   1037.7   0.30022
   1038.1   0.30036
   1038.5   0.30009
   1038.9   0.29991
   1039.3   0.30034
   1039.7   0.30042
   1040.2   0.29985
   1040.6   0.29966
   1041.0   0.29974
   1041.4   0.29990
   1041.8   0.30003
   1042.2   0.30021
   1042.7   0.30031
   1043.1   0.30025
   1043.5   0.30044
   1043.9   0.30033
   1044.3   0.30012
   1044.8   0.30015
   1045.2   0.30023
   1045.6   0.30029
   1046.0   0.30040
   1046.5   0.30023
   1046.9   0.30006
   1047.3   0.30011
   1047.7   0.30023
   1048.1   0.30036
   1048.6   0.30044
   1049.0   0.30036
   1049.4   0.30027
   1049.8   0.30034
   1050.3   0.30060
   1050.7   0.30077
   1051.1   0.30052
   1051.5   0.30025
   1052.0   0.30028
   1052.4   0.30020
   1052.8   0.30022
   1053.3   0.30031
   1053.7   0.30049
   1054.1   0.30055
   1054.5   0.30037
   1055.0   0.30032
   1055.4   0.30079
   1055.8   0.30081
   1056.3   0.30062
   1056.7   0.30062
   1057.1   0.30068
   1057.6   0.30067
   1058.0   0.30062
   1058.4   0.30012
   1058.9   0.30006
   1059.3   0.30031
   1059.7   0.30064
   1060.2   0.30078
   1060.6   0.30062
   1061.0   0.30066
   1061.5   0.30079
   1061.9   0.30057
   1062.3   0.30050
   1062.8   0.30033
   1063.2   0.30043
   1063.6   0.30058
   1064.1   0.30039
   1064.5   0.30051
   1064.9   0.30068
   1065.4   0.30061
   1065.8   0.30088
   1066.3   0.30085
   1066.7   0.30048
   1067.1   0.30048
   1067.6   0.30070
   1068.0   0.30070
   1068.5   0.30063
   1068.9   0.30067
   1069.3   0.30072
   1069.8   0.30053
   1070.2   0.30047
   1070.7   0.30070
   1071.1   0.30094
   1071.5   0.30074
   1072.0   0.30080
   1072.4   0.30080
   1072.9   0.30072
   1073.3   0.30061
   1073.8   0.30045
   1074.2   0.30042
   1074.7   0.30051
   1075.1   0.30065
   1075.5   0.30086
   1076.0   0.30094
   1076.4   0.30099
   1076.9   0.30090
   1077.3   0.30076
   1077.8   0.30060
   1078.2   0.30079
   1078.7   0.30097
   1079.1   0.30074
   1079.6   0.30075
   1080.0   0.30079
   1080.5   0.30087
   1080.9   0.30104
   1081.4   0.30087
   1081.8   0.30059
   1082.3   0.30074
   1082.7   0.30106
   1083.2   0.30084
   1083.6   0.30086
   1084.1   0.30087
   1084.5   0.30063
   1085.0   0.30066
   1085.5   0.30069
   1085.9   0.30057
   1086.4   0.30044
   1086.8   0.30058
   1087.3   0.30067
   1087.7   0.30084
   1088.2   0.30057
   1088.6   0.30044
   1089.1   0.30071
   1089.6   0.30078
   1090.0   0.30085
   1090.5   0.30088
   1090.9   0.30095
   1091.4   0.30114
   1091.9   0.30102
   1092.3   0.30078
   1092.8   0.30075
   1093.2   0.30082
   1093.7   0.30079
   1094.2   0.30062
   1094.6   0.30030
   1095.1   0.30029
   1095.5   0.30078
   1096.0   0.30089
   1096.5   0.30088
   1096.9   0.30070
   1097.4   0.30060
   1097.9   0.30051
   1098.3   0.30039
   1098.8   0.30057
   1099.3   0.30078
   1099.7   0.30072
   1100.2   0.30056
   1100.7   0.30071
   1101.1   0.30088
   1101.6   0.30051
   1102.1   0.30032
   1102.5   0.30037
   1103.0   0.30066
   1103.5   0.30095
   1103.9   0.30106
   1104.4   0.30080
   1104.9   0.30078
   1105.4   0.30083
   1105.8   0.30058
   1106.3   0.30054
   1106.8   0.30074
   1107.2   0.30072
   1107.7   0.30069
   1108.2   0.30094
   1108.7   0.30100
   1109.1   0.30084
   1109.6   0.30077
   1110.1   0.30084
   1110.6   0.30087
   1111.0   0.30085
   1111.5   0.30055
   1112.0   0.30034
   1112.5   0.30040
   1113.0   0.30051
   1113.4   0.30046
   1113.9   0.30024
   1114.4   0.30046
   1114.9   0.30060
   1115.3   0.30085
   1115.8   0.30106
   1116.3   0.30095
   1116.8   0.30086
   1117.3   0.30096
   1117.8   0.30090
   1118.2   0.30070
   1118.7   0.30084
   1119.2   0.30084
   1119.7   0.30068
   1120.2   0.30051
   1120.7   0.30046
   1121.1   0.30052
   1121.6   0.30066
   1122.1   0.30062
   1122.6   0.30063
   1123.1   0.30072
   1123.6   0.30060
   1124.1   0.30054
   1124.5   0.30049
   1125.0   0.30058
   1125.5   0.30058
   1126.0   0.30060
   1126.5   0.30061
   1127.0   0.30059
   1127.5   0.30055
   1128.0   0.30060
   1128.5   0.30065
   1128.9   0.30065
   1129.4   0.30069
   1129.9   0.30064
   1130.4   0.30062
   1130.9   0.30056
   1131.4   0.30049
   1131.9   0.30032
   1132.4   0.30028
   1132.9   0.30033
   1133.4   0.30027
   1133.9   0.30031
   1134.4   0.30046
   1134.9   0.30062
   1135.4   0.30066
   1135.9   0.30044
   1136.4   0.30034
   1136.9   0.30032
   1137.4   0.30054
   1137.9   0.30047
   1138.4   0.30033
   1138.9   0.30054
   1139.4   0.30067
   1139.9   0.30065
   1140.4   0.30050
   1140.9   0.30047
   1141.4   0.30049
   1141.9   0.30035
   1142.4   0.30052
   1142.9   0.30056
   1143.4   0.30045
   1143.9   0.30027
   1144.4   0.30016
   1144.9   0.30036
   1145.4   0.30049
   1145.9   0.30047
   1146.4   0.30041
   1146.9   0.30037
   1147.4   0.30041
   1147.9   0.30030
   1148.5   0.30012
   1149.0   0.30006
   1149.5   0.30027
   1150.0   0.30051
   1150.5   0.30029
   1151.0   0.30002
   1151.5   0.30001
   1152.0   0.30023
   1152.5   0.30029
   1153.1   0.30027
   1153.6   0.30015
   1154.1   0.30000
   1154.6   0.30000
   1155.1   0.30027
   1155.6   0.30034
   1156.1   0.30033
   1156.7   0.30018
   1157.2   0.29994
   1157.7   0.30002
   1158.2   0.30015
   1158.7   0.30022
   1159.2   0.30029
   1159.8   0.30023
   1160.3   0.30019
   1160.8   0.30015
   1161.3   0.30012
   1161.8   0.30004
   1162.4   0.30007
   1162.9   0.30005
   1163.4   0.30010
   1163.9   0.30008
   1164.5   0.29994
   1165.0   0.30003
   1165.5   0.30019
   1166.0   0.30005
   1166.5   0.29988
   1167.1   0.29999
   1167.6   0.30021
   1168.1   0.30008
   1168.7   0.29990
   1169.2   0.30000
   1169.7   0.30014
   1170.2   0.30010
   1170.8   0.30000
   1171.3   0.29994
   1171.8   0.30010
   1172.4   0.30018
   1172.9   0.30006
   1173.4   0.29990
   1173.9   0.29994
   1174.5   0.29987
   1175.0   0.29989
   1175.5   0.30005
   1176.1   0.29990
   1176.6   0.29972
   1177.1   0.29960
   1177.7   0.29969
   1178.2   0.29974
   1178.7   0.29983
   1179.3   0.29994
   1179.8   0.29978
   1180.4   0.29963
   1180.9   0.29977
   1181.4   0.29984
   1182.0   0.29982
   1182.5   0.29980
   1183.1   0.29973
   1183.6   0.29974
   1184.1   0.29974
   1184.7   0.29972
   1185.2   0.29974
   1185.8   0.29966
   1186.3   0.29970
   1186.8   0.29971
   1187.4   0.29970
   1187.9   0.29971
   1188.5   0.29978
   1189.0   0.29978
   1189.6   0.29994
   1190.1   0.29998
   1190.7   0.29990
   1191.2   0.29986
   1191.8   0.29960
   1192.3   0.29969
   1192.9   0.29979
   1193.4   0.29976
   1194.0   0.29987
   1194.5   0.29981
   1195.1   0.29972
   1195.6   0.29986
   1196.2   0.29989
   1196.7   0.29987
   1197.3   0.29985
   1197.8   0.29992
   1198.4   0.29992
   1198.9   0.29969
   1199.5   0.29950
   1200.0   0.29959
   1200.6   0.29984
   1201.1   0.29969
   1201.7   0.29966
   1202.3   0.29958
   1202.8   0.29955
   1203.4   0.29945
   1203.9   0.29957
   1204.5   0.29968
   1205.1   0.29974
   1205.6   0.29964
   1206.2   0.29962
   1206.7   0.29958
   1207.3   0.29947
   1207.9   0.29945
   1208.4   0.29945
   1209.0   0.29952
   1209.6   0.29962
   1210.1   0.29965
   1210.7   0.29976
   1211.2   0.29978
   1211.8   0.29976
   1212.4   0.29975
   1212.9   0.29974
   1213.5   0.29976
   1214.1   0.29964
   1214.7   0.29965
   1215.2   0.29965
   1215.8   0.29966
   1216.4   0.29960
   1216.9   0.29951
   1217.5   0.29950
   1218.1   0.29945
   1218.6   0.29940
   1219.2   0.29935
   1219.8   0.29947
   1220.4   0.29944
   1220.9   0.29938
   1221.5   0.29932
   1222.1   0.29938
   1222.7   0.29954
   1223.3   0.29968
   1223.8   0.29974
   1224.4   0.29964
   1225.0   0.29954
   1225.6   0.29949
   1226.1   0.29960
   1226.7   0.29968
   1227.3   0.29967
   1227.9   0.29967
   1228.5   0.29954
   1229.1   0.29950
   1229.6   0.29957
   1230.2   0.29963
   1230.8   0.29962
   1231.4   0.29956
   1232.0   0.29966
   1232.6   0.29956
   1233.1   0.29944
   1233.7   0.29956
   1234.3   0.29955
   1234.9   0.29933
   1235.5   0.29928
   1236.1   0.29941
   1236.7   0.29929
   1237.3   0.29922
   1237.9   0.29940
   1238.4   0.29962
   1239.0   0.29968
   1239.6   0.29957
   1240.2   0.29954
   1240.8   0.29953
   1241.4   0.29964
   1242.0   0.29958
   1242.6   0.29937
   1243.2   0.29932
   1243.8   0.29940
   1244.4   0.29936
   1245.0   0.29943
   1245.6   0.29953
   1246.2   0.29967
   1246.8   0.29973
   1247.4   0.29963
   1248.0   0.29952
   1248.6   0.29960
   1249.2   0.29962
   1249.8   0.29960
   1250.4   0.29945
   1251.0   0.29940
   1251.6   0.29942
   1252.2   0.29953
   1252.8   0.29961
   1253.4   0.29960
   1254.0   0.29959
   1254.6   0.29965
   1255.2   0.29968
   1255.8   0.29952
   1256.5   0.29941
   1257.1   0.29944
   1257.7   0.29953
   1258.3   0.29971
   1258.9   0.29968
   1259.5   0.29957
   1260.1   0.29957
   1260.7   0.29973
   1261.3   0.29975
   1262.0   0.29978
   1262.6   0.29959
   1263.2   0.29949
   1263.8   0.29953
   1264.4   0.29962
   1265.0   0.29962
   1265.7   0.29958
   1266.3   0.29944
   1266.9   0.29944
   1267.5   0.29947
   1268.1   0.29947
   1268.8   0.29961
   1269.4   0.29954
   1270.0   0.29956
   1270.6   0.29969
   1271.2   0.29973
   1271.9   0.29964
   1272.5   0.29963
   1273.1   0.29963
   1273.7   0.29970
   1274.4   0.29970
   1275.0   0.29967
   1275.6   0.29974
   1276.3   0.29971
   1276.9   0.29970
   1277.5   0.29970
   1278.1   0.29972
   1278.8   0.29984
   1279.4   0.29983
   1280.0   0.29980
   1280.7   0.29985
   1281.3   0.29982
   1281.9   0.29982
   1282.6   0.29991
   1283.2   0.29993
   1283.8   0.29993
   1284.5   0.29987
   1285.1   0.29991
   1285.7   0.29999
   1286.4   0.29996
   1287.0   0.29984
   1287.7   0.29985
   1288.3   0.29988
   1288.9   0.29994
   1289.6   0.29999
   1290.2   0.30011
   1290.9   0.29995
   1291.5   0.29979
   1292.2   0.29971
   1292.8   0.29972
   1293.4   0.29993
   1294.1   0.30015
   1294.7   0.30011
   1295.4   0.30008
   1296.0   0.30001
   1296.7   0.29997
   1297.3   0.30012
   1298.0   0.30000
   1298.6   0.29991
   1299.3   0.29991
   1299.9   0.30000
   1300.6   0.30011
   1301.2   0.30008
   1301.9   0.30015
   1302.5   0.30017
   1303.2   0.30009
   1303.9   0.30014
   1304.5   0.30016
   1305.2   0.30008
   1305.8   0.30003
   1306.5   0.30011
   1307.1   0.30027
   1307.8   0.30028
   1308.5   0.30031
   1309.1   0.30022
   1309.8   0.30016
   1310.4   0.30016
   1311.1   0.30021
   1311.8   0.30036
   1312.4   0.30040
   1313.1   0.30045
   1313.8   0.30046
   1314.4   0.30048
   1315.1   0.30053
   1315.8   0.30052
   1316.4   0.30040
   1317.1   0.30024
   1317.8   0.30025
   1318.4   0.30045
   1319.1   0.30060
   1319.8   0.30054
   1320.5   0.30050
   1321.1   0.30048
   1321.8   0.30044
   1322.5   0.30048
   1323.2   0.30068
   1323.8   0.30074
   1324.5   0.30068
   1325.2   0.30053
   1325.9   0.30059
   1326.5   0.30071
   1327.2   0.30075
   1327.9   0.30077
   1328.6   0.30068
   1329.3   0.30069
   1329.9   0.30076
   1330.6   0.30084
   1331.3   0.30088
   1332.0   0.30099
   1332.7   0.30084
   1333.4   0.30083
   1334.1   0.30096
   1334.7   0.30092
   1335.4   0.30086
   1336.1   0.30084
   1336.8   0.30090
   1337.5   0.30092
   1338.2   0.30101
   1338.9   0.30117
   1339.6   0.30111
   1340.3   0.30096
   1341.0   0.30108
   1341.6   0.30114
   1342.3   0.30102
   1343.0   0.30098
   1343.7   0.30106
   1344.4   0.30105
   1345.1   0.30106
   1345.8   0.30112
   1346.5   0.30131
   1347.2   0.30151
   1347.9   0.30139
   1348.6   0.30120
   1349.3   0.30132
   1350.0   0.30141
   1350.7   0.30149
   1351.4   0.30147
   1352.1   0.30154
   1352.9   0.30163
   1353.6   0.30160
   1354.3   0.30156
   1355.0   0.30182
   1355.7   0.30204
   1356.4   0.30194
   1357.1   0.30183
   1357.8   0.30207
   1358.5   0.30203
   1359.2   0.30209
   1360.0   0.30238
   1360.7   0.30238
   1361.4   0.30260
   1362.1   0.30312
   1362.8   0.30330
   1363.5   0.30240
   1364.2   0.30225
   1365.0   0.30291
   1365.7   0.30275
   1366.4   0.30221
   1367.1   0.30211
   1367.8   0.30258
   1368.6   0.30299
   1369.3   0.30268
   1370.0   0.30230
   1370.7   0.30257
   1371.5   0.30267
   1372.2   0.30239
   1372.9   0.30224
   1373.6   0.30215
   1374.4   0.30207
   1375.1   0.30214
   1375.8   0.30215
   1376.6   0.30222
   1377.3   0.30232
   1378.0   0.30230
   1378.8   0.30245
   1379.5   0.30238
   1380.2   0.30259
   1381.0   0.30375
   1381.7   0.30332
   1382.4   0.30313
   1383.2   0.30392
   1383.9   0.30328
   1384.7   0.30278
   1385.4   0.30286
   1386.1   0.30275
   1386.9   0.30249
   1387.6   0.30244
   1388.4   0.30282
   1389.1   0.30259
   1389.8   0.30220
   1390.6   0.30210
   1391.3   0.30199
   1392.1   0.30246
   1392.8   0.30298
   1393.6   0.30250
   1394.3   0.30207
   1395.1   0.30250
   1395.8   0.30268
   1396.6   0.30267
   1397.3   0.30222
   1398.1   0.30161
   1398.8   0.30158
   1399.6   0.30186
   1400.4   0.30217
   1401.1   0.30223
   1401.9   0.30177
   1402.6   0.30132
   1403.4   0.30114
   1404.2   0.30117
   1404.9   0.30185
   1405.7   0.30196
   1406.4   0.30130
   1407.2   0.30140
   1408.0   0.30155
   1408.7   0.30120
   1409.5   0.30139
   1410.3   0.30144
   1411.0   0.30115
   1411.8   0.30112
   1412.6   0.30111
   1413.3   0.30114
   1414.1   0.30145
   1414.9   0.30172
   1415.7   0.30161
   1416.4   0.30153
   1417.2   0.30177
   1418.0   0.30207
   1418.8   0.30225
   1419.5   0.30245
   1420.3   0.30251
   1421.1   0.30253
   1421.9   0.30255
   1422.6   0.30271
   1423.4   0.30286
   1424.2   0.30311
   1425.0   0.30328
   1425.8   0.30332
   1426.6   0.30338
   1427.3   0.30334
   1428.1   0.30343
   1428.9   0.30365
   1429.7   0.30373
   1430.5   0.30362
   1431.3   0.30376
   1432.1   0.30401
   1432.9   0.30399
   1433.7   0.30397
   1434.5   0.30411
   1435.3   0.30411
   1436.0   0.30411
   1436.8   0.30420
   1437.6   0.30430
   1438.4   0.30428
   1439.2   0.30422
   1440.0   0.30425
   1440.8   0.30428
   1441.6   0.30449
   1442.4   0.30459
   1443.2   0.30463
   1444.0   0.30446
   1444.9   0.30455
   1445.7   0.30479
   1446.5   0.30485
   1447.3   0.30474
   1448.1   0.30471
   1448.9   0.30476
   1449.7   0.30483
   1450.5   0.30503
   1451.3   0.30499
   1452.1   0.30489
   1453.0   0.30485
   1453.8   0.30492
   1454.6   0.30498
   1455.4   0.30512
   1456.2   0.30524
   1457.0   0.30522
   1457.9   0.30524
   1458.7   0.30533
   1459.5   0.30544
   1460.3   0.30549
   1461.1   0.30556
   1462.0   0.30559
   1462.8   0.30551
   1463.6   0.30554
   1464.4   0.30574
   1465.3   0.30576
   1466.1   0.30571
   1466.9   0.30580
   1467.8   0.30596
   1468.6   0.30605
   1469.4   0.30599
   1470.3   0.30603
   1471.1   0.30612
   1471.9   0.30619
   1472.8   0.30617
   1473.6   0.30616
   1474.4   0.30618
   1475.3   0.30617
   1476.1   0.30622
   1477.0   0.30638
   1477.8   0.30639
   1478.6   0.30639
   1479.5   0.30643
   1480.3   0.30649
   1481.2   0.30653
   1482.0   0.30662
   1482.9   0.30660
   1483.7   0.30664
   1484.6   0.30657
   1485.4   0.30651
   1486.3   0.30663
   1487.1   0.30679
   1488.0   0.30673
   1488.8   0.30667
   1489.7   0.30682
   1490.6   0.30696
   1491.4   0.30692
   1492.3   0.30706
   1493.1   0.30712
   1494.0   0.30716
   1494.8   0.30730
   1495.7   0.30729
   1496.6   0.30730
   1497.4   0.30745
   1498.3   0.30752
   1499.2   0.30754
   1500.0   0.30752
   1500.9   0.30753
   1501.8   0.30762
   1502.6   0.30768
   1503.5   0.30770
   1504.4   0.30761
   1505.3   0.30752
   1506.1   0.30758
   1507.0   0.30777
   1507.9   0.30768
   1508.8   0.30762
   1509.6   0.30777
   1510.5   0.30791
   1511.4   0.30801
   1512.3   0.30802
   1513.2   0.30802
   1514.1   0.30816
   1514.9   0.30831
   1515.8   0.30836
   1516.7   0.30824
   1517.6   0.30819
   1518.5   0.30829
   1519.4   0.30819
   1520.3   0.30821
   1521.2   0.30825
   1522.1   0.30827
   1523.0   0.30838
   1523.8   0.30849
   1524.7   0.30840
   1525.6   0.30847
   1526.5   0.30863
   1527.4   0.30868
   1528.3   0.30863
   1529.2   0.30856
   1530.1   0.30856
   1531.0   0.30877
   1532.0   0.30890
   1532.9   0.30886
   1533.8   0.30883
   1534.7   0.30894
   1535.6   0.30900
   1536.5   0.30896
   1537.4   0.30897
   1538.3   0.30901
   1539.2   0.30906
   1540.1   0.30907
   1541.1   0.30909
   1542.0   0.30918
   1542.9   0.30918
   1543.8   0.30913
   1544.7   0.30918
   1545.7   0.30925
   1546.6   0.30925
   1547.5   0.30930
   1548.4   0.30934
   1549.4   0.30932
   1550.3   0.30935
   1551.2   0.30939
   1552.1   0.30935
   1553.1   0.30945
   1554.0   0.30957
   1554.9   0.30962
   1555.9   0.30961
   1556.8   0.30956
   1557.7   0.30960
   1558.7   0.30969
   1559.6   0.30954
   1560.5   0.30966
   1561.5   0.30981
   1562.4   0.30978
   1563.4   0.30978
   1564.3   0.30981
   1565.3   0.30970
   1566.2   0.30967
   1567.2   0.30984
   1568.1   0.30987
   1569.0   0.30989
   1570.0   0.31002
   1571.0   0.31001
   1571.9   0.31009
   1572.9   0.31002
   1573.8   0.30996
   1574.8   0.31007
   1575.7   0.31022
   1576.7   0.31013
   1577.6   0.31003
   1578.6   0.31011
   1579.6   0.31021
   1580.5   0.31019
   1581.5   0.31021
   1582.5   0.31022
   1583.4   0.31024
   1584.4   0.31031
   1585.4   0.31041
   1586.3   0.31049
   1587.3   0.31049
   1588.3   0.31040
   1589.3   0.31044
   1590.2   0.31057
   1591.2   0.31062
   1592.2   0.31059
   1593.2   0.31062
   1594.1   0.31070
   1595.1   0.31079
   1596.1   0.31066
   1597.1   0.31054
   1598.1   0.31069
   1599.1   0.31075
   1600.0   0.31062
   1601.0   0.31060
   1602.0   0.31074
   1603.0   0.31092
   1604.0   0.31090
   1605.0   0.31088
   1606.0   0.31086
   1607.0   0.31078
   1608.0   0.31080
   1609.0   0.31081
   1610.0   0.31069
   1611.0   0.31070
   1612.0   0.31087
   1613.0   0.31105
   1614.0   0.31111
   1615.0   0.31105
   1616.0   0.31092
   1617.0   0.31089
   1618.0   0.31100
   1619.0   0.31098
   1620.0   0.31104
   1621.1   0.31114
   1622.1   0.31119
   1623.1   0.31119
   1624.1   0.31117
   1625.1   0.31113
   1626.1   0.31117
   1627.2   0.31113
   1628.2   0.31113
   1629.2   0.31120
   1630.2   0.31114
   1631.3   0.31113
   1632.3   0.31133
   1633.3   0.31144
   1634.3   0.31131
   1635.4   0.31117
   1636.4   0.31120
   1637.4   0.31121
   1638.5   0.31122
   1639.5   0.31134
   1640.5   0.31147
   1641.6   0.31148
   1642.6   0.31134
   1643.7   0.31129
   1644.7   0.31133
   1645.8   0.31129
   1646.8   0.31128
   1647.8   0.31135
   1648.9   0.31138
   1649.9   0.31137
   1651.0   0.31145
   1652.1   0.31143
   1653.1   0.31128
   1654.2   0.31118
   1655.2   0.31130
   1656.3   0.31142
   1657.3   0.31150
   1658.4   0.31146
   1659.5   0.31149
   1660.5   0.31146
   1661.6   0.31139
   1662.6   0.31140
   1663.7   0.31143
   1664.8   0.31137
   1665.9   0.31138
   1666.9   0.31134
   1668.0   0.31124
   1669.1   0.31127
   1670.1   0.31141
   1671.2   0.31142
   1672.3   0.31149
   1673.4   0.31150
   1674.5   0.31135
   1675.5   0.31143
   1676.6   0.31138
   1677.7   0.31127
   1678.8   0.31135
   1679.9   0.31148
   1681.0   0.31135
   1682.1   0.31129
   1683.2   0.31134
   1684.3   0.31141
   1685.3   0.31145
   1686.4   0.31137
   1687.5   0.31125
   1688.6   0.31128
   1689.7   0.31137
   1690.8   0.31130
   1692.0   0.31132
   1693.1   0.31134
   1694.2   0.31133
   1695.3   0.31128
   1696.4   0.31123
   1697.5   0.31125
   1698.6   0.31139
   1699.7   0.31156
   1700.8   0.31150
   1701.9   0.31137
   1703.1   0.31139
   1704.2   0.31144
   1705.3   0.31136
   1706.4   0.31135
   1707.6   0.31145
   1708.7   0.31136
   1709.8   0.31133
   1710.9   0.31141
   1712.1   0.31142
   1713.2   0.31136
   1714.3   0.31138
   1715.5   0.31149
   1716.6   0.31149
   1717.7   0.31140
   1718.9   0.31142
   1720.0   0.31146
   1721.2   0.31148
   1722.3   0.31143
   1723.4   0.31144
   1724.6   0.31151
   1725.7   0.31156
   1726.9   0.31156
   1728.0   0.31143
   1729.2   0.31144
   1730.4   0.31153
   1731.5   0.31145
   1732.7   0.31137
   1733.8   0.31139
   1735.0   0.31148
   1736.1   0.31149
   1737.3   0.31148
   1738.5   0.31152
   1739.6   0.31149
   1740.8   0.31141
   1742.0   0.31151
   1743.2   0.31162
   1744.3   0.31152
   1745.5   0.31137
   1746.7   0.31140
   1747.9   0.31150
   1749.0   0.31151
   1750.2   0.31151
   1751.4   0.31152
   1752.6   0.31161
   1753.8   0.31156
   1755.0   0.31148
   1756.1   0.31149
   1757.3   0.31146
   1758.5   0.31147
   1759.7   0.31147
   1760.9   0.31153
   1762.1   0.31160
   1763.3   0.31155
   1764.5   0.31151
   1765.7   0.31148
   1766.9   0.31150
   1768.1   0.31152
   1769.3   0.31153
   1770.5   0.31153
   1771.7   0.31159
   1773.0   0.31156
   1774.2   0.31146
   1775.4   0.31146
   1776.6   0.31152
   1777.8   0.31158
   1779.0   0.31167
   1780.3   0.31158
   1781.5   0.31162
   1782.7   0.31159
   1783.9   0.31159
   1785.2   0.31166
   1786.4   0.31164
   1787.6   0.31155
   1788.9   0.31154
   1790.1   0.31145
   1791.3   0.31145
   1792.6   0.31145
   1793.8   0.31143
   1795.1   0.31154
   1796.3   0.31161
   1797.6   0.31145
   1798.8   0.31138
   1800.0   0.31152
   1801.3   0.31174
   1802.6   0.31173
   1803.8   0.31165
   1805.1   0.31157
   1806.3   0.31167
   1807.6   0.31175
   1808.8   0.31171
   1810.1   0.31160
   1811.4   0.31167
   1812.6   0.31185
   1813.9   0.31179
   1815.2   0.31171
   1816.4   0.31200
   1817.7   0.31200
   1819.0   0.31183
   1820.3   0.31209
   1821.6   0.31265
   1822.8   0.31252
   1824.1   0.31201
   1825.4   0.31181
   1826.7   0.31252
   1828.0   0.31265
   1829.3   0.31221
   1830.6   0.31241
   1831.8   0.31259
   1833.1   0.31230
   1834.4   0.31192
   1835.7   0.31252
   1837.0   0.31328
   1838.3   0.31332
   1839.7   0.31295
   1841.0   0.31301
   1842.3   0.31322
   1843.6   0.31286
   1844.9   0.31186
   1846.2   0.31192
   1847.5   0.31319
   1848.8   0.31378
   1850.2   0.31260
   1851.5   0.31191
   1852.8   0.31199
   1854.1   0.31286
   1855.5   0.31273
   1856.8   0.31239
   1858.1   0.31246
   1859.4   0.31235
   1860.8   0.31303
   1862.1   0.31246
   1863.5   0.31183
   1864.8   0.31199
   1866.1   0.31188
   1867.5   0.31213
   1868.8   0.31307
   1870.2   0.31302
   1871.5   0.31355
   1872.9   0.31374
   1874.2   0.31356
   1875.6   0.31273
   1876.9   0.31233
   1878.3   0.31239
   1879.7   0.31173
   1881.0   0.31137
   1882.4   0.31124
   1883.8   0.31130
   1885.1   0.31143
   1886.5   0.31116
   1887.9   0.31097
   1889.3   0.31086
   1890.6   0.31114
   1892.0   0.31110
   1893.4   0.31070
   1894.8   0.31044
   1896.2   0.31007
   1897.6   0.30999
   1899.0   0.31020
   1900.3   0.31072
   1901.7   0.31010
   1903.1   0.30961
   1904.5   0.30962
   1905.9   0.30985
   1907.3   0.30982
   1908.7   0.30888
   1910.1   0.30833
   1911.6   0.30838
   1913.0   0.30870
   1914.4   0.30915
   1915.8   0.30884
   1917.2   0.30842
   1918.6   0.30829
   1920.0   0.30881
   1921.5   0.30967
   1922.9   0.30890
   1924.3   0.30856
   1925.8   0.30880
   1927.2   0.30874
   1928.6   0.30896
   1930.1   0.30900
   1931.5   0.30876
   1932.9   0.30873
   1934.4   0.30881
   1935.8   0.30891
   1937.3   0.30904
   1938.7   0.30911
   1940.2   0.30917
   1941.6   0.30915
   1943.1   0.30900
   1944.5   0.30906
   1946.0   0.30925
   1947.5   0.30933
   1948.9   0.30934
   1950.4   0.30926
   1951.9   0.30924
   1953.3   0.30932
   1954.8   0.30942
   1956.3   0.30933
   1957.8   0.30929
   1959.2   0.30938
   1960.7   0.30942
   1962.2   0.30941
   1963.7   0.30945
   1965.2   0.30949
   1966.7   0.30948
   1968.2   0.30949
   1969.7   0.30958
   1971.2   0.30958
   1972.7   0.30963
   1974.2   0.30966
   1975.7   0.30969
   1977.2   0.30967
   1978.7   0.30967
   1980.2   0.30970
   1981.7   0.30977
   1983.2   0.30975
   1984.7   0.30987
   1986.3   0.30987
   1987.8   0.30991
   1989.3   0.31001
   1990.8   0.31008
   1992.4   0.31011
   1993.9   0.31010
   1995.4   0.31013
   1997.0   0.31016
   1998.5   0.31007
   2000.1   0.31002
   2001.6   0.31017
   2003.1   0.31022
   2004.7   0.31031
   2006.2   0.31036
   2007.8   0.31029
   2009.4   0.31019
   2010.9   0.31028
   2012.5   0.31035
   2014.0   0.31031
   2015.6   0.31027
   2017.2   0.31023
   2018.7   0.31026
   2020.3   0.31027
   2021.9   0.31023
   2023.5   0.31032
   2025.1   0.31055
   2026.6   0.31057
   2028.2   0.31056
   2029.8   0.31058
   2031.4   0.31056
   2033.0   0.31061
   2034.6   0.31061
   2036.2   0.31052
   2037.8   0.31054
   2039.4   0.31066
   2041.0   0.31075
   2042.6   0.31064
   2044.2   0.31069
   2045.8   0.31076
   2047.4   0.31063
   2049.1   0.31066
   2050.7   0.31084
   2052.3   0.31086
   2053.9   0.31089
   2055.6   0.31079
   2057.2   0.31082
   2058.8   0.31078
   2060.5   0.31076
   2062.1   0.31088
   2063.7   0.31089
   2065.4   0.31077
   2067.0   0.31069
   2068.7   0.31074
   2070.3   0.31075
   2072.0   0.31071
   2073.7   0.31070
   2075.3   0.31086
   2077.0   0.31090
   2078.6   0.31067
   2080.3   0.31071
   2082.0   0.31085
   2083.7   0.31088
   2085.3   0.31080
   2087.0   0.31072
   2088.7   0.31069
   2090.4   0.31070
   2092.1   0.31062
   2093.8   0.31053
   2095.4   0.31064
   2097.1   0.31070
   2098.8   0.31063
   2100.5   0.31059
   2102.2   0.31059
   2104.0   0.31056
   2105.7   0.31047
   2107.4   0.31039
   2109.1   0.31049
   2110.8   0.31053
   2112.5   0.31042
   2114.2   0.31035
   2116.0   0.31042
   2117.7   0.31048
   2119.4   0.31043
   2121.2   0.31035
   2122.9   0.31036
   2124.6   0.31040
   2126.4   0.31045
   2128.1   0.31041
   2129.9   0.31035
   2131.6   0.31032
   2133.4   0.31033
   2135.1   0.31027
   2136.9   0.31020
   2138.7   0.31023
   2140.4   0.31015
   2142.2   0.31014
   2144.0   0.31008
   2145.8   0.30996
   2147.5   0.30996
   2149.3   0.31001
   2151.1   0.30990
   2152.9   0.30984
   2154.7   0.30977
   2156.5   0.30973
   2158.3   0.30959
   2160.1   0.30948
   2161.9   0.30937
   2163.7   0.30917
   2165.5   0.30904
   2167.3   0.30899
   2169.1   0.30888
   2170.9   0.30865
   2172.7   0.30849
   2174.6   0.30834
   2176.4   0.30813
   2178.2   0.30795
   2180.0   0.30767
   2181.9   0.30745
   2183.7   0.30721
   2185.6   0.30690
   2187.4   0.30663
   2189.2   0.30636
   2191.1   0.30612
   2193.0   0.30586
   2194.8   0.30579
   2196.7   0.30579
   2198.5   0.30570
   2200.4   0.30554
   2202.3   0.30546
   2204.1   0.30546
   2206.0   0.30548
   2207.9   0.30549
   2209.8   0.30571
   2211.7   0.30594
   2213.6   0.30610
   2215.4   0.30629
   2217.3   0.30659
   2219.2   0.30691
   2221.1   0.30698
   2223.0   0.30703
   2225.0   0.30715
   2226.9   0.30730
   2228.8   0.30738
   2230.7   0.30740
   2232.6   0.30743
   2234.5   0.30746
   2236.5   0.30752
   2238.4   0.30766
   2240.3   0.30767
   2242.3   0.30759
   2244.2   0.30757
   2246.2   0.30758
   2248.1   0.30753
   2250.1   0.30758
   2252.0   0.30756
   2254.0   0.30746
   2255.9   0.30754
   2257.9   0.30753
   2259.9   0.30737
   2261.8   0.30730
   2263.8   0.30726
   2265.8   0.30715
   2267.8   0.30711
   2269.8   0.30712
   2271.8   0.30710
   2273.7   0.30719
   2275.7   0.30724
   2277.7   0.30707
   2279.7   0.30694
   2281.7   0.30688
   2283.8   0.30673
   2285.8   0.30660
   2287.8   0.30658
   2289.8   0.30648
   2291.8   0.30640
   2293.9   0.30630
   2295.9   0.30616
   2297.9   0.30604
   2300.0   0.30591
   2302.0   0.30585
   2304.1   0.30593
   2306.1   0.30583
   2308.2   0.30559
   2310.2   0.30548
   2312.3   0.30536
   2314.3   0.30527
   2316.4   0.30512
   2318.5   0.30499
   2320.6   0.30485
   2322.6   0.30468
   2324.7   0.30459
   2326.8   0.30463
   2328.9   0.30453
   2331.0   0.30431
   2333.1   0.30420
   2335.2   0.30414
   2337.3   0.30396
   2339.4   0.30384
   2341.5   0.30375
   2343.6   0.30368
   2345.8   0.30371
   2347.9   0.30364
   2350.0   0.30361
   2352.1   0.30359
   2354.3   0.30350
   2356.4   0.30351
   2358.6   0.30361
   2360.7   0.30357
   2362.9   0.30354
   2365.0   0.30375
   2367.2   0.30388
   2369.3   0.30386
   2371.5   0.30375
   2373.7   0.30376
   2375.9   0.30386
   2378.0   0.30394
   2380.2   0.30379
   2382.4   0.30365
   2384.6   0.30363
   2386.8   0.30369
   2389.0   0.30369
   2391.2   0.30361
   2393.4   0.30353
   2395.6   0.30352
   2397.8   0.30337
   2400.1   0.30330
   2402.3   0.30319
   2404.5   0.30314
   2406.7   0.30318
   2409.0   0.30310
   2411.2   0.30293
   2413.5   0.30271
   2415.7   0.30250
   2418.0   0.30238
   2420.2   0.30222
   2422.5   0.30203
   2424.8   0.30191
   2427.0   0.30181
   2429.3   0.30160
   2431.6   0.30139
   2433.9   0.30131
   2436.2   0.30120
   2438.4   0.30098
   2440.7   0.30081
   2443.0   0.30066
   2445.3   0.30072
   2447.7   0.30085
   2450.0   0.30065
   2452.3   0.30057
   2454.6   0.30038
   2456.9   0.30021
   2459.3   0.30008
   2461.6   0.30003
   2463.9   0.30012
   2466.3   0.30025
   2468.6   0.30028
   2471.0   0.30034
   2473.3   0.30038
   2475.7   0.30041
   2478.1   0.30025
   2480.4   0.30011
   2482.8   0.30011
   2485.2   0.30016
   2487.6   0.30002
   2490.0   0.30008
   2492.4   0.30009
   2494.8   0.30005
   2497.2   0.30009
   2499.6   0.30001
   2502.0   0.29994
   2504.4   0.30000
   2506.8   0.30011
   2509.3   0.29992
   2511.7   0.29981
   2514.1   0.29989
   2516.6   0.30000
   2519.0   0.29998
   2521.5   0.29996
   2523.9   0.29999
   2526.4   0.30000
   2528.8   0.30004
   2531.3   0.30035
   2533.8   0.30094
   2535.0   0.30074
   2536.3   0.30091
   2537.5   0.30089
   2538.8   0.30041
   2540.0   0.30048
   2541.2   0.30061
   2542.5   0.30092
   2543.7   0.30117
   2545.0   0.30073
   2546.2   0.30032
   2547.5   0.30050
   2548.7   0.30077
   2550.0   0.30042
   2551.2   0.30053
   2552.5   0.30088
   2553.8   0.30080
   2555.0   0.30007
   2556.3   0.29985
   2557.5   0.30014
   2558.8   0.30012
   2560.1   0.30044
   2561.3   0.30144
   2562.6   0.30168
   2563.9   0.30084
   2565.1   0.30042
   2566.4   0.29949
   2567.7   0.29927
   2568.9   0.30010
   2570.2   0.30096
   2571.5   0.29995
   2572.8   0.29948
   2574.0   0.30116
   2575.3   0.30003
   2576.6   0.29965
   2577.9   0.30058
   2579.2   0.29939
   2580.5   0.29937
   2581.7   0.30061
   2583.0   0.30027
   2584.3   0.30118
   2585.6   0.30012
   2586.9   0.29888
   2588.2   0.30016
   2589.5   0.29943
   2590.8   0.29889
   2592.1   0.29874
   2593.4   0.29972
   2594.7   0.30266
   2596.0   0.30342
   2597.3   0.29781
   2598.6   0.29663
   2599.9   0.29761
   2601.2   0.29876
   2602.5   0.29920
   2603.8   0.29928
   2605.1   0.29982
   2606.4   0.30032
   2607.7   0.29846
   2609.0   0.29786
   2610.3   0.29830
   2611.7   0.29803
   2613.0   0.29779
   2614.3   0.29834
   2615.6   0.29797
   2616.9   0.29967
   2618.3   0.29955
   2619.6   0.29732
   2620.9   0.29879
   2622.2   0.29784
   2623.6   0.29607
   2624.9   0.29695
   2626.2   0.29799
   2627.5   0.29937
   2628.9   0.29730
   2630.2   0.29806
   2631.5   0.29929
   2632.9   0.29653
   2634.2   0.29665
   2635.6   0.29706
   2636.9   0.29613
   2638.2   0.29645
   2639.6   0.29639
   2640.9   0.29647
   2642.3   0.29647
   2643.6   0.29640
   2645.0   0.29601
   2646.3   0.29659
   2647.7   0.29581
   2649.0   0.29514
   2650.4   0.29510
   2651.7   0.29544
   2653.1   0.29601
   2654.4   0.29512
   2655.8   0.29441
   2657.2   0.29441
   2658.5   0.29352
   2659.9   0.29434
   2661.3   0.29388
   2662.6   0.29311
   2664.0   0.29282
   2665.4   0.29454
   2666.7   0.29449
   2668.1   0.29266
   2669.5   0.29048
   2670.9   0.29292
   2672.2   0.29072
   2673.6   0.28674
   2675.0   0.28744
   2676.4   0.28864
   2677.8   0.28855
   2679.1   0.28665
   2680.5   0.28531
   2681.9   0.28353
   2683.3   0.28336
   2684.7   0.28303
   2686.1   0.28153
   2687.5   0.28042
   2688.9   0.27874
   2690.3   0.27715
   2691.7   0.27537
   2693.1   0.27428
   2694.5   0.27335
   2695.9   0.27011
   2697.3   0.26607
   2698.7   0.26302
   2700.1   0.26049
   2701.5   0.25843
   2702.9   0.25531
   2704.3   0.25135
   2705.7   0.24825
   2707.1   0.24511
   2708.5   0.24201
   2710.0   0.23924
   2711.4   0.23581
   2712.8   0.23058
   2714.2   0.22493
   2715.6   0.22098
   2717.1   0.21680
   2718.5   0.21274
   2719.9   0.20876
   2721.3   0.20544
   2722.8   0.19957
   2724.2   0.19529
   2725.6   0.19216
   2727.1   0.18771
   2728.5   0.18388
   2729.9   0.18112
   2731.4   0.17851
   2732.8   0.17624
   2734.2   0.17439
   2735.7   0.17308
   2737.1   0.17111
   2738.6   0.16975
   2740.0   0.16912
   2741.5   0.16787
   2742.9   0.16588
   2744.4   0.16412
   2745.8   0.16287
   2747.3   0.16192
   2748.7   0.16088
   2750.2   0.15992
   2751.7   0.15886
   2753.1   0.15787
   2754.6   0.15695
   2756.1   0.15676
   2757.5   0.15606
   2759.0   0.15532
   2760.5   0.15539
   2761.9   0.15592
   2763.4   0.15683
   2764.9   0.15779
   2766.3   0.15865
   2767.8   0.15991
   2769.3   0.16127
   2770.8   0.16270
   2772.3   0.16435
   2773.7   0.16571
   2775.2   0.16709
   2776.7   0.16869
   2778.2   0.17037
   2779.7   0.17198
   2781.2   0.17351
   2782.7   0.17500
   2784.2   0.17631
   2785.7   0.17750
   2787.2   0.17891
   2788.7   0.18011
   2790.2   0.18070
   2791.7   0.18134
   2793.2   0.18211
   2794.7   0.18283
   2796.2   0.18337
   2797.7   0.18385
   2799.2   0.18427
   2800.7   0.18470
   2802.2   0.18517
   2803.8   0.18578
   2805.3   0.18573
   2806.8   0.18546
   2808.3   0.18551
   2809.8   0.18560
   2811.4   0.18558
   2812.9   0.18559
   2814.4   0.18562
   2815.9   0.18568
   2817.5   0.18558
   2819.0   0.18561
   2820.5   0.18571
   2822.1   0.18560
   2823.6   0.18538
   2825.1   0.18528
   2826.7   0.18529
   2828.2   0.18527
   2829.8   0.18512
   2831.3   0.18502
   2832.9   0.18499
   2834.4   0.18503
   2836.0   0.18501
   2837.5   0.18492
   2839.1   0.18478
   2840.6   0.18468
   2842.2   0.18454
   2843.7   0.18444
   2845.3   0.18432
   2846.9   0.18426
   2848.4   0.18427
   2850.0   0.18427
   2851.6   0.18416
   2853.1   0.18411
   2854.7   0.18410
   2856.3   0.18408
   2857.8   0.18394
   2859.4   0.18387
   2861.0   0.18383
   2862.6   0.18375
   2864.2   0.18360
   2865.7   0.18355
   2867.3   0.18351
   2868.9   0.18349
   2870.5   0.18340
   2872.1   0.18337
   2873.7   0.18327
   2875.3   0.18314
   2876.9   0.18300
   2878.5   0.18296
   2880.1   0.18289
   2881.7   0.18279
   2883.3   0.18270
   2884.9   0.18262
   2886.5   0.18247
   2888.1   0.18237
   2889.7   0.18228
   2891.3   0.18219
   2892.9   0.18205
   2894.5   0.18195
   2896.2   0.18183
   2897.8   0.18179
   2899.4   0.18168
   2901.0   0.18161
   2902.7   0.18154
   2904.3   0.18143
   2905.9   0.18133
   2907.5   0.18121
   2909.2   0.18114
   2910.8   0.18108
   2912.4   0.18099
   2914.1   0.18098
   2915.7   0.18095
   2917.4   0.18099
   2919.0   0.18103
   2920.6   0.18100
   2922.3   0.18102
   2923.9   0.18107
   2925.6   0.18109
   2927.2   0.18109
   2928.9   0.18109
   2930.5   0.18120
   2932.2   0.18121
   2933.9   0.18125
   2935.5   0.18130
   2937.2   0.18142
   2938.9   0.18153
   2940.5   0.18161
   2942.2   0.18166
   2943.9   0.18178
   2945.5   0.18195
   2947.2   0.18216
   2948.9   0.18223
   2950.6   0.18230
   2952.2   0.18254
   2953.9   0.18277
   2955.6   0.18294
   2957.3   0.18311
   2959.0   0.18327
   2960.7   0.18346
   2962.4   0.18368
   2964.1   0.18388
   2965.8   0.18412
   2967.4   0.18434
   2969.1   0.18451
   2970.9   0.18477
   2972.6   0.18506
   2974.3   0.18531
   2976.0   0.18549
   2977.7   0.18578
   2979.4   0.18607
   2981.1   0.18636
   2982.8   0.18660
   2984.5   0.18685
   2986.3   0.18710
   2988.0   0.18743
   2989.7   0.18771
   2991.4   0.18801
   2993.1   0.18829
   2994.9   0.18856
   2996.6   0.18880
   2998.3   0.18914
   3000.1   0.18939
   3001.8   0.18968
   3003.6   0.18998
   3005.3   0.19027
   3007.0   0.19053
   3008.8   0.19085
   3010.5   0.19117
   3012.3   0.19148
   3014.0   0.19173
   3015.8   0.19201
   3017.5   0.19226
   3019.3   0.19257
   3021.1   0.19280
   3022.8   0.19310
   3024.6   0.19330
   3026.3   0.19354
   3028.1   0.19385
   3029.9   0.19424
   3031.7   0.19455
   3033.4   0.19475
   3035.2   0.19499
   3037.0   0.19526
   3038.8   0.19550
   3040.5   0.19577
   3042.3   0.19607
   3044.1   0.19638
   3045.9   0.19661
   3047.7   0.19687
   3049.5   0.19710
   3051.3   0.19741
   3053.1   0.19771
   3054.9   0.19798
   3056.7   0.19819
   3058.5   0.19840
   3060.3   0.19867
   3062.1   0.19903
   3063.9   0.19931
   3065.7   0.19958
   3067.5   0.19985
   3069.4   0.20018
   3071.2   0.20041
   3073.0   0.20072
   3074.8   0.20097
   3076.6   0.20125
   3078.5   0.20155
   3080.3   0.20183
   3082.1   0.20208
   3084.0   0.20243
   3085.8   0.20272
   3087.6   0.20303
   3089.5   0.20333
   3091.3   0.20368
   3093.2   0.20395
   3095.0   0.20427
   3096.9   0.20460
   3098.7   0.20497
   3100.6   0.20530
   3102.4   0.20564
   3104.3   0.20600
   3106.1   0.20642
   3108.0   0.20679
   3109.9   0.20716
   3111.7   0.20754
   3113.6   0.20794
   3115.5   0.20832
   3117.3   0.20872
   3119.2   0.20903
   3121.1   0.20944
   3123.0   0.20987
   3124.9   0.21028
   3126.7   0.21071
   3128.6   0.21115
   3130.5   0.21152
   3132.4   0.21197
   3134.3   0.21238
   3136.2   0.21278
   3138.1   0.21318
   3140.0   0.21363
   3141.9   0.21405
   3143.8   0.21448
   3145.7   0.21495
   3147.6   0.21542
   3149.5   0.21584
   3151.4   0.21625
   3153.4   0.21670
   3155.3   0.21714
   3157.2   0.21764
   3159.1   0.21816
   3161.1   0.21858
   3163.0   0.21900
   3164.9   0.21946
   3166.9   0.21995
   3168.8   0.22040
   3170.7   0.22084
   3172.7   0.22122
   3174.6   0.22168
   3176.6   0.22219
   3178.5   0.22269
   3180.5   0.22318
   3182.4   0.22368
   3184.4   0.22407
   3186.3   0.22449
   3188.3   0.22494
   3190.2   0.22545
   3192.2   0.22598
   3194.2   0.22644
   3196.1   0.22679
   3198.1   0.22725
   3200.1   0.22766
   3202.1   0.22808
   3204.0   0.22846
   3206.0   0.22877
   3208.0   0.22912
   3210.0   0.22957
   3212.0   0.22999
   3214.0   0.23042
   3216.0   0.23082
   3218.0   0.23115
   3220.0   0.23152
   3222.0   0.23195
   3224.0   0.23236
   3226.0   0.23267
   3228.0   0.23299
   3230.0   0.23341
   3232.0   0.23376
   3234.0   0.23409
   3236.0   0.23441
   3238.1   0.23478
   3240.1   0.23517
   3242.1   0.23549
   3244.1   0.23577
   3246.2   0.23615
   3248.2   0.23649
   3250.2   0.23684
   3252.3   0.23718
   3254.3   0.23763
   3256.4   0.23803
   3258.4   0.23837
   3260.5   0.23864
   3262.5   0.23898
   3264.6   0.23932
   3266.6   0.23969
   3268.7   0.24003
   3270.7   0.24040
   3272.8   0.24071
   3274.9   0.24102
   3277.0   0.24131
   3279.0   0.24165
   3281.1   0.24196
   3283.2   0.24228
   3285.3   0.24255
   3287.3   0.24284
   3289.4   0.24314
   3291.5   0.24353
   3293.6   0.24388
   3295.7   0.24416
   3297.8   0.24444
   3299.9   0.24478
   3302.0   0.24507
   3304.1   0.24541
   3306.2   0.24571
   3308.3   0.24600
   3310.4   0.24630
   3312.5   0.24658
   3314.7   0.24686
   3316.8   0.24719
   3318.9   0.24737
   3321.0   0.24760
   3323.2   0.24791
   3325.3   0.24831
   3327.4   0.24864
   3329.6   0.24894
   3331.7   0.24919
   3333.8   0.24938
   3336.0   0.24954
   3338.1   0.24972
   3340.3   0.24989
   3342.4   0.25002
   3344.6   0.25006
   3346.8   0.25017
   3348.9   0.25021
   3351.1   0.25028
   3353.3   0.25041
   3355.4   0.25059
   3357.6   0.25081
   3359.8   0.25111
   3362.0   0.25139
   3364.1   0.25166
   3366.3   0.25196
   3368.5   0.25229
   3370.7   0.25249
   3372.9   0.25273
   3375.1   0.25291
   3377.3   0.25310
   3379.5   0.25328
   3381.7   0.25348
   3383.9   0.25372
   3386.1   0.25399
   3388.3   0.25420
   3390.5   0.25447
   3392.8   0.25466
   3395.0   0.25480
   3397.2   0.25496
   3399.4   0.25513
   3401.7   0.25528
   3403.9   0.25545
   3406.1   0.25549
   3408.4   0.25560
   3410.6   0.25568
   3412.9   0.25580
   3415.1   0.25590
   3417.4   0.25614
   3419.6   0.25644
   3421.9   0.25678
   3424.1   0.25717
   3426.4   0.25759
   3428.7   0.25798
   3430.9   0.25831
   3433.2   0.25858
   3435.5   0.25893
   3437.8   0.25932
   3440.0   0.25969
   3442.3   0.25994
   3444.6   0.26020
   3446.9   0.26042
   3449.2   0.26064
   3451.5   0.26081
   3453.8   0.26104
   3456.1   0.26124
   3458.4   0.26146
   3460.7   0.26158
   3463.0   0.26175
   3465.3   0.26180
   3467.6   0.26187
   3470.0   0.26177
   3472.3   0.26165
   3474.6   0.26151
   3477.0   0.26144
   3479.3   0.26135
   3481.6   0.26133
   3484.0   0.26144
   3486.3   0.26165
   3488.7   0.26178
   3491.0   0.26190
   3493.4   0.26199
   3495.7   0.26211
   3498.1   0.26220
   3500.4   0.26235
   3502.8   0.26258
   3505.2   0.26288
   3507.5   0.26323
   3509.9   0.26360
   3512.3   0.26396
   3514.7   0.26435
   3517.1   0.26477
   3519.4   0.26518
   3521.8   0.26551
   3524.2   0.26587
   3526.6   0.26623
   3529.0   0.26661
   3531.4   0.26692
   3533.8   0.26724
   3536.2   0.26754
   3538.7   0.26781
   3541.1   0.26798
   3543.5   0.26818
   3545.9   0.26836
   3548.3   0.26851
   3550.8   0.26864
   3553.2   0.26882
   3555.6   0.26899
   3558.1   0.26912
   3560.5   0.26923
   3563.0   0.26938
   3565.4   0.26949
   3567.9   0.26962
   3570.3   0.26971
   3572.8   0.26981
   3575.3   0.26988
   3577.7   0.27003
   3580.2   0.27018
   3582.7   0.27031
   3585.2   0.27039
   3587.6   0.27049
   3590.1   0.27059
   3592.6   0.27070
   3595.1   0.27080
   3597.6   0.27092
   3600.1   0.27099
   3602.6   0.27106
   3605.1   0.27108
   3607.6   0.27119
   3610.1   0.27126
   3612.6   0.27135
   3615.2   0.27141
   3617.7   0.27145
   3620.2   0.27148
   3622.7   0.27151
   3625.3   0.27152
   3627.8   0.27158
   3630.3   0.27161
   3632.9   0.27160
   3635.4   0.27159
   3638.0   0.27163
   3640.5   0.27161
   3643.1   0.27163
   3645.7   0.27162
   3648.2   0.27164
   3650.8   0.27163
   3653.4   0.27163
   3655.9   0.27159
   3658.5   0.27159
   3661.1   0.27157
   3663.7   0.27160
   3666.3   0.27156
   3668.9   0.27155
   3671.5   0.27146
   3674.1   0.27147
   3676.7   0.27141
   3679.3   0.27137
   3681.9   0.27132
   3684.5   0.27127
   3687.2   0.27120
   3689.8   0.27116
   3692.4   0.27106
   3695.0   0.27102
   3697.7   0.27097
   3700.3   0.27090
   3703.0   0.27082
   3705.6   0.27074
   3708.3   0.27064
   3710.9   0.27057
   3713.6   0.27048
   3716.2   0.27041
   3718.9   0.27032
   3721.6   0.27025
   3724.2   0.27015
   3726.9   0.27004
   3729.6   0.26993
   3732.3   0.26984
   3735.0   0.26973
   3737.7   0.26963
   3740.4   0.26953
   3743.1   0.26943
   3745.8   0.26933
   3748.5   0.26923
   3751.2   0.26913
   3753.9   0.26903
   3756.6   0.26890
   3759.3   0.26881
   3762.1   0.26865
   3764.8   0.26855
   3767.5   0.26839
   3770.3   0.26825
   3773.0   0.26810
   3775.8   0.26797
   3778.5   0.26780
   3781.3   0.26763
   3784.0   0.26748
   3786.8   0.26732
   3789.6   0.26711
   3792.3   0.26691
   3795.1   0.26667
   3797.9   0.26648
   3800.7   0.26624
   3803.5   0.26604
   3806.3   0.26578
   3809.1   0.26555
   3811.9   0.26529
   3814.7   0.26507
   3817.5   0.26481
   3820.3   0.26454
   3823.1   0.26428
   3825.9   0.26404
   3828.8   0.26375
   3831.6   0.26352
   3834.4   0.26325
   3837.3   0.26297
   3840.1   0.26266
   3842.9   0.26244
   3845.8   0.26221
   3848.7   0.26201
   3851.5   0.26181
   3854.4   0.26163
   3857.2   0.26142
   3860.1   0.26125
   3863.0   0.26105
   3865.9   0.26085
   3868.8   0.26065
   3871.6   0.26051
   3874.5   0.26031
   3877.4   0.26018
   3880.3   0.25999
   3883.2   0.25983
   3886.2   0.25962
   3889.1   0.25947
   3892.0   0.25929
   3894.9   0.25915
   3897.8   0.25894
   3900.8   0.25880
   3903.7   0.25857
   3906.7   0.25843
   3909.6   0.25824
   3912.6   0.25808
   3915.5   0.25785
   3918.5   0.25768
   3921.4   0.25745
   3924.4   0.25726
   3927.4   0.25704
   3930.4   0.25682
   3933.3   0.25657
   3936.3   0.25636
   3939.3   0.25612
   3942.3   0.25582
   3945.3   0.25537
   3948.3   0.25488
   3951.3   0.25433
   3954.3   0.25383
   3957.4   0.25327
   3960.4   0.25273
   3963.4   0.25224
   3966.4   0.25178
   3969.5   0.25134
   3972.5   0.25103
   3975.6   0.25070
   3978.6   0.25045
   3981.7   0.25024
   3984.7   0.25007
   3987.8   0.24997
   3990.9   0.25001
   3993.9   0.25016
   3997.0   0.25041
   4000.1   0.25063
   4003.2   0.25094
   4006.3   0.25122
   4009.4   0.25153
   4012.5   0.25175
   4015.6   0.25196
   4018.7   0.25207
   4021.8   0.25214
   4024.9   0.25211
   4028.1   0.25213
   4031.2   0.25208
   4034.3   0.25209
   4037.5   0.25207
   4040.6   0.25207
   4043.8   0.25201
   4046.9   0.25203
   4050.1   0.25201
   4053.3   0.25193
   4056.4   0.25181
   4059.6   0.25175
   4062.8   0.25164
   4066.0   0.25153
   4069.2   0.25139
   4072.4   0.25129
   4075.6   0.25115
   4078.8   0.25101
   4082.0   0.25086
   4085.2   0.25075
   4088.4   0.25059
   4091.7   0.25046
   4094.9   0.25029
   4098.1   0.25016
   4101.4   0.24998
   4104.6   0.24979
   4107.9   0.24958
   4111.1   0.24942
   4114.4   0.24919
   4117.7   0.24902
   4120.9   0.24880
   4124.2   0.24861
   4127.5   0.24835
   4130.8   0.24815
   4134.1   0.24787
   4137.4   0.24763
   4140.7   0.24733
   4144.0   0.24707
   4147.3   0.24677
   4150.6   0.24648
   4154.0   0.24612
   4157.3   0.24582
   4160.6   0.24547
   4164.0   0.24512
   4167.3   0.24473
   4170.7   0.24434
   4174.0   0.24385
   4177.4   0.24341
   4382.2   0.19138
   4385.9   0.19026
   4389.6   0.18921
   4393.3   0.18815
   4397.1   0.18708
   4400.8   0.18598
   4404.5   0.18494
   4408.3   0.18386
   4412.0   0.18282
   4415.8   0.18179
   4419.6   0.18078
   4423.3   0.17972
   4427.1   0.17871
   4430.9   0.17770
   4434.7   0.17670
   4438.5   0.17563
   4442.3   0.17460
   4446.1   0.17355
   4449.9   0.17255
   4453.7   0.17144
   4457.6   0.17038
   4461.4   0.16930
   4465.2   0.16823
   4469.1   0.16708
   4472.9   0.16596
   4476.8   0.16481
   4480.7   0.16370
   4484.5   0.16252
   4488.4   0.16136
   4492.3   0.16013
   4496.2   0.15895
   4500.1   0.15775
   4504.0   0.15655
   4507.9   0.15532
   4511.9   0.15411
   4515.8   0.15290
   4519.7   0.15172
   4523.7   0.15049
   4527.6   0.14929
   4531.6   0.14807
   4535.6   0.14688
   4539.5   0.14567
   4543.5   0.14449
   4547.5   0.14332
   4551.5   0.14218
   4555.5   0.14102
   4559.5   0.13987
   4563.5   0.13866
   4567.5   0.13751
   4571.5   0.13637
   4575.6   0.13523
   4579.6   0.13405
   4583.7   0.13296
   4587.7   0.13184
   4591.8   0.13073
   4595.9   0.12960
   4599.9   0.12849
   4604.0   0.12739
   4608.1   0.12633
   4612.2   0.12520
   4616.3   0.12409
   4620.4   0.12300
   4624.6   0.12195
   4628.7   0.12086
   4632.8   0.11978
   4637.0   0.11871
   4641.1   0.11767
   4645.3   0.11664
   4649.4   0.11567
   4653.6   0.11468
   4657.8   0.11373
   4662.0   0.11283
   4666.2   0.11198
   4670.4   0.11112
   4674.6   0.11032
   4678.8   0.10952
   4683.0   0.10875
   4687.3   0.10800
   4691.5   0.10733
   4695.8   0.10662
   4700.0   0.10595
   4704.3   0.10524
   4708.6   0.10461
   4712.9   0.10399
   4717.1   0.10340
   4721.4   0.10278
   4725.7   0.10219
   4730.1   0.10165
   4734.4   0.10113
   4738.7   0.10058
   4743.0   0.10009
   4747.4   0.09962
   4751.7   0.09916
   4756.1   0.09873
   4760.5   0.09834
   4764.8   0.09793
   4769.2   0.09758
   4773.6   0.09726
   4778.0   0.09698
   4782.4   0.09667
   4786.8   0.09642
   4791.3   0.09617
   4795.7   0.09599
   4800.1   0.09577
   4804.6   0.09555
   4809.0   0.09530
   4813.5   0.09508
   4818.0   0.09482
   4822.5   0.09455
   4826.9   0.09428
   4831.4   0.09402
   4835.9   0.09370
   4840.5   0.09339
   4845.0   0.09307
   4849.5   0.09271
   4854.1   0.09232
   4858.6   0.09194
   4863.2   0.09157
   4867.7   0.09119
   4872.3   0.09078
   4876.9   0.09042
   4881.5   0.09002
   4886.1   0.08963
   4890.7   0.08924
   4895.3   0.08888
   4899.9   0.08853
   4904.6   0.08819
   4909.2   0.08783
   4913.9   0.08751
   4918.5   0.08720
   4923.2   0.08691
   4927.9   0.08658
   4932.6   0.08627
   4937.3   0.08590
   4942.0   0.08553
   4946.7   0.08511
   4951.4   0.08471
   4956.2   0.08422
   4960.9   0.08371
   4965.6   0.08315
   4970.4   0.08258
   4975.2   0.08197
   4980.0   0.08138
   4984.7   0.08075
   4989.5   0.08012
   4994.3   0.07945
   4999.2   0.07883
   5004.0   0.07818
   5008.8   0.07753
   5013.7   0.07682
   5018.5   0.07611
   5023.4   0.07540
   5028.3   0.07468
   5033.1   0.07388
   5038.0   0.07309
   5042.9   0.07228
   5047.8   0.07150
   5052.8   0.07068
   5057.7   0.06986
   5062.6   0.06899
   5067.6   0.06811
   5072.5   0.06726
   5077.5   0.06642
   5082.5   0.06557
   5087.5   0.06470
   5092.5   0.06382
   5097.5   0.06297
   5102.5   0.06211
   5107.5   0.06130
   5112.6   0.06046
   5117.6   0.05966
   5122.7   0.05887
   5127.7   0.05811
   5132.8   0.05738
   5137.9   0.05668
   5143.0   0.05597
   5148.1   0.05532
   5153.2   0.05468
   5158.3   0.05401
   5163.5   0.05334
   5168.6   0.05267
   5173.8   0.05202
   5179.0   0.05142
   5184.1   0.05082
   5189.3   0.05024
   5194.5   0.04966
   5199.7   0.04909
   5205.0   0.04854
   5210.2   0.04797
   5215.4   0.04748
   5220.7   0.04700
   5225.9   0.04649
   5231.2   0.04605
   5236.5   0.04565
   5241.8   0.04528
   5247.1   0.04492
   5252.4   0.04459
   5257.7   0.04427
   5263.1   0.04401
   5268.4   0.04374
   5273.8   0.04353
   5279.2   0.04332
   5284.5   0.04310
   5289.9   0.04289
   5295.3   0.04272
   5300.8   0.04252
   5306.2   0.04230
   5311.6   0.04204
   5317.1   0.04182
   5322.5   0.04159
   5328.0   0.04136
   5333.5   0.04112
   5339.0   0.04088
   5344.5   0.04060
   5350.0   0.04035
   5355.5   0.04008
   5361.0   0.03973
   5366.6   0.03938
   5372.2   0.03905
   5377.7   0.03869
   5383.3   0.03830
   5388.9   0.03793
   5394.5   0.03754
   5400.1   0.03716
   5405.8   0.03675
   5411.4   0.03633
   5417.1   0.03591
   5422.7   0.03555
   5428.4   0.03513
   5434.1   0.03463
   5439.8   0.03417
   5445.5   0.03372
   5451.2   0.03329
   5457.0   0.03284
   5462.7   0.03245
   5468.5   0.03205
   5474.3   0.03161
   5480.1   0.03122
   5485.9   0.03085
   5491.7   0.03040
   5497.5   0.03002
   5503.3   0.02964
   5509.2   0.02925
   5515.0   0.02886
   5520.9   0.02852
   5526.8   0.02818
   5532.7   0.02782
   5538.6   0.02746
   5544.5   0.02714
   5550.5   0.02683
   5556.4   0.02652
   5562.4   0.02623
   5568.4   0.02595
   5574.3   0.02571
   5580.3   0.02552
   5586.4   0.02530
   5592.4   0.02503
   5598.4   0.02483
   5604.5   0.02470
   5610.5   0.02453
   5616.6   0.02439
   5622.7   0.02426
   5628.8   0.02412
   5634.9   0.02401
   5641.1   0.02393
   5647.2   0.02387
   5653.4   0.02371
   5659.5   0.02359
   5665.7   0.02352
   5671.9   0.02345
   5678.1   0.02340
   5684.4   0.02330
   5690.6   0.02320
   5696.9   0.02315
   5703.1   0.02310
   5709.4   0.02310
   5715.7   0.02307
   5722.0   0.02301
   5728.3   0.02295
   5734.7   0.02291
   5741.0   0.02288
   5747.4   0.02287
   5753.8   0.02285
   5760.1   0.02280
   5766.6   0.02283
   5773.0   0.02287
   5779.4   0.02278
   5785.9   0.02274
   5792.3   0.02270
   5798.8   0.02269
   5805.3   0.02268
   5811.8   0.02266
   5818.3   0.02267
   5824.9   0.02273
   5831.4   0.02268
   5838.0   0.02260
   5844.6   0.02253
   5851.2   0.02246
   5857.8   0.02243
   5864.4   0.02241
   5871.0   0.02240
   5877.7   0.02238
   5884.4   0.02245
   5891.1   0.02236
   5897.8   0.02232
   5904.5   0.02226
   5911.2   0.02217
   5918.0   0.02216
   5924.7   0.02219
   5931.5   0.02219
   5938.3   0.02225
   5945.1   0.02227
   5951.9   0.02218
   5958.8   0.02213
   5965.6   0.02210
   5972.5   0.02213
   5979.4   0.02210
   5986.3   0.02207
   5993.2   0.02208
   6000.2   0.02206
   6007.1   0.02201
   6014.1   0.02199
   6021.1   0.02195
   6028.1   0.02187
   6035.1   0.02184
   6042.1   0.02184
   6049.2   0.02190
   6056.2   0.02189
   6063.3   0.02169
   6070.4   0.02169
   6077.5   0.02168
   6084.7   0.02155
   6091.8   0.02142
   6099.0   0.02133
   6106.2   0.02128
   6113.4   0.02126
   6120.6   0.02118
   6127.8   0.02100
   6135.1   0.02086
   6142.3   0.02077
   6149.6   0.02069
   6156.9   0.02058
   6164.3   0.02048
   6171.6   0.02036
   6178.9   0.02023
   6186.3   0.02018
   6193.7   0.02010
   6201.1   0.01994
   6208.5   0.01983
   6216.0   0.01976
   6223.5   0.01971
   6230.9   0.01966
   6238.4   0.01962
   6245.9   0.01960
   6253.5   0.01957
   6261.0   0.01955
   6268.6   0.01955
   6276.2   0.01954
   6283.8   0.01953
   6291.4   0.01953
   6299.1   0.01955
   6306.7   0.01958
   6314.4   0.01961
   6322.1   0.01968
   6329.8   0.01974
   6337.6   0.01981
   6345.3   0.01986
   6353.1   0.01990
   6360.9   0.01994
   6368.7   0.02002
   6376.5   0.02013
   6384.4   0.02018
   6392.3   0.02024
   6400.2   0.02028
   6408.1   0.02034
   6416.0   0.02050
   6424.0   0.02056
   6431.9   0.02050
   6439.9   0.02050
   6447.9   0.02045
   6456.0   0.02042
   6464.0   0.02037
   6472.1   0.02034
   6480.2   0.02034
   6488.3   0.02036
   6496.4   0.02039
   6504.6   0.02029
   6512.7   0.02012
   6520.9   0.02005
   6529.1   0.02001
   6537.4   0.01991
   6545.6   0.01983
   6553.9   0.01977
   6562.2   0.01971
   6570.5   0.01965
   6578.9   0.01960
   6587.2   0.01947
   6595.6   0.01940
   6604.0   0.01929
   6612.4   0.01917
   6620.9   0.01909
   6629.3   0.01903
   6637.8   0.01906
   6646.3   0.01908
   6654.9   0.01894
   6663.4   0.01885
   6672.0   0.01878
   6680.6   0.01872
   6689.2   0.01869
   6697.8   0.01862
   6706.5   0.01855
   6715.2   0.01853
   6723.9   0.01850
   6732.6   0.01840
   6741.4   0.01829
   6750.2   0.01821
   6759.0   0.01814
   6767.8   0.01806
   6776.6   0.01802
   6785.5   0.01799
   6794.4   0.01793
   6803.3   0.01783
   6812.3   0.01769
   6821.2   0.01759
   6830.2   0.01750
   6839.2   0.01738
   6848.3   0.01726
   6857.3   0.01723
   6866.4   0.01719
   6875.5   0.01705
   6884.6   0.01687
   6893.8   0.01675
   6903.0   0.01661
   6912.2   0.01647
   6921.4   0.01632
   6930.7   0.01618
   6939.9   0.01608
   6949.2   0.01594
   6958.6   0.01583
   6967.9   0.01572
   6977.3   0.01555
   6986.7   0.01541
   6996.1   0.01529
   7005.6   0.01516
   7015.1   0.01502
   7024.6   0.01490
   7034.1   0.01478
   7043.7   0.01467
   7053.2   0.01456
   7062.9   0.01439
   7072.5   0.01423
   7082.2   0.01409
   7091.8   0.01392
   7101.6   0.01374
   7111.3   0.01354
   7121.1   0.01333
   7130.9   0.01315
   7140.7   0.01297
   7150.5   0.01276
   7160.4   0.01254
   7170.3   0.01238
   7180.2   0.01217
   7190.2   0.01191
   7200.2   0.01168
   7210.2   0.01150
   7220.2   0.01131
   7230.3   0.01111
   7240.4   0.01090
   7250.5   0.01067
   7260.7   0.01045
   7270.9   0.01028
   7281.1   0.01010
   7291.3   0.00990
   7301.6   0.00968
   7311.9   0.00948
   7322.2   0.00930
   7332.6   0.00912
   7343.0   0.00891
   7353.4   0.00869
   7363.8   0.00848
   7374.3   0.00830
   7384.8   0.00812
   7395.3   0.00795
   7405.9   0.00779
   7416.5   0.00761
   7427.1   0.00739
   7437.8   0.00719
   7448.5   0.00700
   7459.2   0.00685
   7469.9   0.00666
   7480.7   0.00645
   7491.5   0.00622
   7502.4   0.00600
   7513.2   0.00579
   7524.1   0.00559
   7535.1   0.00538
   7546.0   0.00522
   7557.0   0.00501
   7568.1   0.00479
   7579.1   0.00458
   7590.2   0.00438
   7601.4   0.00415
   7612.5   0.00396
   7623.7   0.00379
   7635.0   0.00361
   7646.2   0.00340
   7657.5   0.00320
   7668.8   0.00301
   7680.2   0.00283
   7691.6   0.00267
   7703.0   0.00255
   7714.5   0.00239
   7726.0   0.00223
   7737.5   0.00205
   7749.1   0.00192
   7760.7   0.00181
   7772.3   0.00172
   7784.0   0.00163
   7795.7   0.00157
   7807.4   0.00150
   7819.2   0.00147
   7831.0   0.00147
   7842.9   0.00150
   7854.8   0.00155
   7866.7   0.00171
   7878.6   0.00193
   7890.6   0.00223
   7902.6   0.00262
   7914.7   0.00316
   7926.8   0.00385
   7939.0   0.00473
   7951.1   0.00578
   7963.3   0.00701
   7975.6   0.00846
   7987.9   0.01014
   8000.2   0.01203
   8012.6   0.01414
   8025.0   0.01651
   8037.4   0.01911
   8049.9   0.02192
   8062.4   0.02494
   8075.0   0.02816
   8087.6   0.03155
   8100.2   0.03511
   8112.9   0.03884
   8125.6   0.04275
   8138.4   0.04675
   8151.2   0.05088
   8164.0   0.05508
   8176.9   0.05937
   8189.8   0.06363
   8202.7   0.06785
   8215.7   0.07194
   8228.8   0.07585
   8241.9   0.07939
   8255.0   0.08255
   8268.2   0.08513
   8281.4   0.08714
   8294.6   0.08850
   8307.9   0.08937
   8321.2   0.08975
   8334.6   0.08991
   8348.0   0.08983
   8361.5   0.08967
   8375.0   0.08946
   8388.6   0.08929
   8402.2   0.08909
   8415.8   0.08894
   8429.5   0.08880
   8443.2   0.08869
   8457.0   0.08856
   8470.8   0.08849
   8484.7   0.08844
   8498.6   0.08845
   8512.5   0.08844
   8526.5   0.08846
   8540.6   0.08840
   8554.7   0.08835
   8568.8   0.08821
   8583.0   0.08805
   8597.2   0.08782
   8611.5   0.08760
   8625.8   0.08728
   8640.2   0.08690
   8654.6   0.08643
   8669.1   0.08593
   8683.6   0.08531
   8698.2   0.08464
   8712.8   0.08386
   8727.5   0.08301
   8742.2   0.08203
   8757.0   0.08098
   8771.8   0.07985
   8786.7   0.07868
   8801.6   0.07743
   8816.6   0.07620
   8831.6   0.07498
   8846.6   0.07384
   8861.8   0.07266
   8876.9   0.07158
   8892.2   0.07055
   8907.4   0.06962
   8922.8   0.06874
   8938.2   0.06800
   8953.6   0.06725
   8969.1   0.06663
   8984.6   0.06602
   9000.2   0.06543
   9015.9   0.06483
   9031.6   0.06427
   9047.4   0.06365
   9063.2   0.06307
   9079.0   0.06248
   9095.0   0.06193
   9111.0   0.06138
   9127.0   0.06088
   9143.1   0.06043
   9159.3   0.06001
   9175.5   0.05958
   9191.7   0.05919
   9208.1   0.05876
   9224.4   0.05838
   9240.9   0.05802
   9257.4   0.05768
   9273.9   0.05737
   9290.6   0.05718
   9307.2   0.05706
   9324.0   0.05709
   9340.8   0.05725
   9357.6   0.05759
   9374.6   0.05812
   9391.5   0.05890
   9408.6   0.05995
   9425.7   0.06128
   9442.9   0.06287
   9460.1   0.06468
   9477.4   0.06658
   9494.8   0.06865
   9512.2   0.07083
   9529.7   0.07310
   9547.2   0.07542
   9564.8   0.07777
   9582.5   0.08001
   9600.3   0.08203
   9618.1   0.08383
   9635.9   0.08537
   9653.9   0.08652
   9671.9   0.08735
   9690.0   0.08788
   9708.1   0.08821
   9726.3   0.08833
   9744.6   0.08841
   9763.0   0.08844
   9781.4   0.08857
   9799.9   0.08865
   9818.4   0.08875
   9837.1   0.08883
   9855.8   0.08886
   9874.5   0.08877
   9893.4   0.08849
   9912.3   0.08799
   9931.3   0.08738
   9950.4   0.08653
   9969.5   0.08556
   9988.7   0.08440
  10008.0   0.08323
  10027.3   0.08202
  10046.8   0.08082
  10066.3   0.07962
  10085.9   0.07848
  10105.5   0.07727
  10125.3   0.07610
  10145.1   0.07490
  10165.0   0.07374
  10184.9   0.07252
  10205.0   0.07130
  10225.1   0.06997
  10245.3   0.06861
  10265.6   0.06724
  10286.0   0.06587
  10306.4   0.06458
  10327.0   0.06340
  10347.6   0.06221
  10368.3   0.06112
  10389.0   0.06011
  10409.9   0.05925
  10430.9   0.05842
  10451.9   0.05768
  10473.0   0.05700
  10494.2   0.05644
  10515.5   0.05594
  10536.9   0.05549
  10558.3   0.05506
  10579.9   0.05465
  10601.5   0.05421
  10623.2   0.05379
  10645.0   0.05335
  10666.9   0.05290
  10688.9   0.05236
  10711.0   0.05182
  10733.2   0.05126
  10755.5   0.05064
  10777.8   0.05000
  10800.3   0.04935
  10822.8   0.04871
  10845.5   0.04803
  10868.2   0.04734
  10891.0   0.04666
  10914.0   0.04594
  10937.0   0.04527
  10960.1   0.04463
  10983.3   0.04393
  11006.7   0.04319
  11030.1   0.04247
  11053.6   0.04180
  11077.2   0.04114
  11100.9   0.04050
  11124.8   0.03984
  11148.7   0.03917
  11172.7   0.03859
  11196.8   0.03799
  11221.1   0.03738
  11245.4   0.03683
  11269.9   0.03630
  11294.4   0.03582
  11319.1   0.03536
  11343.8   0.03485
  11368.7   0.03436
  11393.7   0.03387
  11418.8   0.03349
  11444.0   0.03308
  11469.3   0.03265
  11494.8   0.03227
  11520.3   0.03188
  11546.0   0.03154
  11571.7   0.03119
  11597.6   0.03079
  11623.6   0.03045
  11649.7   0.03014
  11676.0   0.02984
  11702.3   0.02954
  11728.8   0.02925
  11755.4   0.02898
  11782.1   0.02877
  11809.0   0.02845
  11835.9   0.02811
  11863.0   0.02785
  11890.2   0.02760
  11917.6   0.02733
  11945.0   0.02708
  11972.6   0.02682
  12000.3   0.02652
  12028.2   0.02624
  12056.1   0.02589
  12084.2   0.02554
  12112.5   0.02515
  12140.8   0.02469
  12169.3   0.02419
  12198.0   0.02364
  12226.7   0.02310
  12255.6   0.02249
  12284.7   0.02189
  12313.9   0.02132
  12343.2   0.02082
  12372.6   0.02034
  12402.2   0.01988
  12432.0   0.01947
  12461.9   0.01914
  12491.9   0.01896
  12522.1   0.01886
  12552.4   0.01886
  12582.9   0.01896
  12613.5   0.01923
  12644.2   0.01982
  12675.1   0.02042
  12706.2   0.02092
  12737.4   0.02128
  12768.8   0.02149
  12800.3   0.02152
  12832.0   0.02149
  12863.9   0.02145
  12895.9   0.02141
  12928.0   0.02135
  12960.3   0.02134
  12992.8   0.02141
  13025.5   0.02155
  13058.3   0.02180
  13091.3   0.02222
  13124.4   0.02273
  13157.7   0.02332
  13191.2   0.02388
  13224.8   0.02422
  13258.7   0.02446
  13292.7   0.02467
  13326.8   0.02478
  13361.2   0.02478
  13395.7   0.02480
  13430.4   0.02482
  13465.3   0.02487
  13500.4   0.02490
  13535.6   0.02485
  13571.0   0.02469
  13606.7   0.02451
  13642.5   0.02433
  13678.5   0.02411
  13714.6   0.02394
  13751.0   0.02385
  13787.6   0.02381
  13824.4   0.02378
  13861.3   0.02376
  13898.5   0.02368
  13935.8   0.02352
  13973.4   0.02327
  14011.2   0.02304
  14049.1   0.02279
  14087.3   0.02253
  14125.7   0.02217
  14164.3   0.02181
  14203.1   0.02148
  14242.1   0.02115
  14281.4   0.02083
  14320.8   0.02042
  14360.5   0.02007
  14400.4   0.01979
  14440.5   0.01935
  14480.8   0.01899
  14521.4   0.01881
  14562.2   0.01857
  14603.2   0.01823
  14644.4   0.01792
  14685.9   0.01764
  14727.7   0.01736
  14769.6   0.01715
  14811.8   0.01682
  14854.3   0.01657
  14896.9   0.01647
  14939.9   0.01637
  14983.0   0.01637
  15026.5   0.01676
  15070.2   0.01749
  15114.1   0.01864
  15158.3   0.02030
  15202.7   0.02255
  15247.5   0.02535
  15292.4   0.02850
  15337.7   0.03173
  15383.2   0.03481
  15429.0   0.03724
  15475.0   0.03901
  15521.4   0.03980
  15568.0   0.03982
  15614.9   0.03913
  15662.0   0.03802
  15709.5   0.03674
  15757.2   0.03568
  15805.3   0.03509
  15853.6   0.03525
  15902.3   0.03612
  15951.2   0.03767
  16000.4   0.03972
  16050.0   0.04205
  16099.8   0.04447
  16150.0   0.04663
  16200.4   0.04843
  16251.2   0.04985
  16302.3   0.05077
  16353.7   0.05129
  16405.5   0.05159
  16457.6   0.05165
  16510.0   0.05148
  16562.7   0.05139
  16615.8   0.05133
  16669.2   0.05139
  16723.0   0.05169
  16777.1   0.05219
  16831.6   0.05259
  16886.4   0.05273
  16941.6   0.05269
  16997.2   0.05249
  17053.1   0.05192
  17109.4   0.05102
  17166.0   0.04983
  17223.0   0.04845
  17280.5   0.04695
  17338.2   0.04529
  17396.4   0.04369
  17455.0   0.04208
  17514.0   0.04034
  17573.3   0.03864
  17633.1   0.03712
  17693.3   0.03572
  17753.9   0.03428
  17814.9   0.03282
  17876.3   0.03163
  17938.2   0.03076
  18000.5   0.03022
  18063.2   0.03010
  18126.3   0.03062
  18189.9   0.03207
  18254.0   0.03450
  18318.5   0.03772
  18383.5   0.04118
  18448.9   0.04400
  18514.8   0.04577
  18581.1   0.04624
  18648.0   0.04556
  18715.3   0.04417
  18783.1   0.04240
  18851.4   0.04044
  18920.2   0.03827
  18989.5   0.03610
  19059.3   0.03427
  19129.7   0.03261
  19200.5   0.03130
  19271.9   0.03004
  19343.8   0.02868
  19416.2   0.02757
  19489.2   0.02654
  19562.8   0.02550
  19636.9   0.02466
  19711.5   0.02395
  19786.8   0.02334
  19862.6   0.02259
  19939.0   0.02192
  20016.0   0.02158
  20093.5   0.02105
  20171.7   0.02044
  20250.5   0.02013
  20329.9   0.01995
  20410.0   0.02013
  20490.7   0.02083
  20572.0   0.02265
  20653.9   0.02504
  20736.5   0.02713
  20819.8   0.02922
  20903.8   0.03130
  20988.4   0.03289
  21073.7   0.03375
  21159.7   0.03388
  21246.5   0.03338
  21333.9   0.03238
  21422.0   0.03123
  21510.9   0.03022
  21600.6   0.02960
  21690.9   0.02870
  21782.1   0.02754
  21874.0   0.02692
  21966.7   0.02674
  22060.1   0.02693
  22154.4   0.02813
  22249.5   0.03019
  22345.4   0.03311
  22442.1   0.03665
  22539.7   0.04002
  22638.1   0.04287
  22737.4   0.04580
  22837.6   0.04902
  22938.7   0.05240
  23040.6   0.05489
  23143.5   0.05628
  23247.2   0.05731
  23352.0   0.05831
  23457.6   0.05840
  23564.3   0.05743
  23671.8   0.05641
  23780.4   0.05572
  23890.0   0.05561
  24000.6   0.05577
  24112.3   0.05575
  24224.9   0.05630
  24338.7   0.05585
  24453.5   0.05538
  24569.4   0.05564
  24686.4   0.05524
  24804.5   0.05467
  24923.7   0.05428
  25044.1   0.05340
  25165.7   0.05370
  25288.5   0.05441
  25412.4   0.05453
  25537.6   0.05379
  25664.0   0.05299
  25791.7   0.05234
  25920.7   0.05276



 NNCPA5      .ASC                        

 PA-CMP-005-C                                                            
 N1,N5,N4 DATA MERGED @ ? AND 2533.790                                   

 Source Ang: 30.00   Detect Ang: 30.00  Volt: 1.222
 Date: 30-JUL-92   Time: 11:41:04
