  4650
    650.1   0.53018
    650.3   0.52502
    650.5   0.52163
    650.6   0.51849
    650.8   0.51427
    650.9   0.51014
    651.1   0.50695
    651.3   0.50413
    651.4   0.50083
    651.6   0.49744
    651.8   0.49467
    651.9   0.49197
    652.1   0.48898
    652.3   0.48579
    652.4   0.48316
    652.6   0.48095
    652.7   0.47830
    652.9   0.47529
    653.1   0.47297
    653.2   0.47087
    653.4   0.46850
    653.6   0.46585
    653.7   0.46388
    653.9   0.46212
    654.1   0.45978
    654.2   0.45748
    654.4   0.45589
    654.6   0.45436
    654.7   0.45227
    654.9   0.45015
    655.1   0.44855
    655.2   0.44693
    655.4   0.44477
    655.6   0.44254
    655.7   0.44117
    655.9   0.43989
    656.1   0.43825
    656.2   0.43662
    656.4   0.43516
    656.6   0.43394
    656.7   0.43253
    656.9   0.43100
    657.1   0.42958
    657.2   0.42837
    657.4   0.42686
    657.6   0.42548
    657.7   0.42459
    657.9   0.42348
    658.1   0.42209
    658.2   0.42049
    658.4   0.41928
    658.6   0.41805
    658.7   0.41675
    658.9   0.41555
    659.1   0.41461
    659.2   0.41368
    659.4   0.41233
    659.6   0.41103
    659.7   0.40996
    659.9   0.40914
    660.1   0.40816
    660.2   0.40728
    660.4   0.40632
    660.6   0.40549
    660.7   0.40429
    660.9   0.40326
    661.1   0.40229
    661.2   0.40143
    661.4   0.40044
    661.6   0.39945
    661.7   0.39857
    661.9   0.39781
    662.1   0.39696
    662.3   0.39611
    662.4   0.39549
    662.6   0.39479
    662.8   0.39385
    662.9   0.39297
    663.1   0.39218
    663.3   0.39144
    663.4   0.39066
    663.6   0.38980
    663.8   0.38910
    664.0   0.38842
    664.1   0.38759
    664.3   0.38669
    664.5   0.38606
    664.6   0.38552
    664.8   0.38485
    665.0   0.38419
    665.1   0.38352
    665.3   0.38292
    665.5   0.38228
    665.7   0.38172
    665.8   0.38117
    666.0   0.38068
    666.2   0.38019
    666.3   0.37961
    666.5   0.37911
    666.7   0.37850
    666.9   0.37774
    667.0   0.37690
    667.2   0.37643
    667.4   0.37608
    667.5   0.37556
    667.7   0.37507
    667.9   0.37473
    668.1   0.37436
    668.2   0.37386
    668.4   0.37341
    668.6   0.37287
    668.7   0.37231
    668.9   0.37182
    669.1   0.37136
    669.3   0.37094
    669.4   0.37057
    669.6   0.37012
    669.8   0.36971
    670.0   0.36931
    670.1   0.36893
    670.3   0.36841
    670.5   0.36799
    670.7   0.36760
    670.8   0.36729
    671.0   0.36683
    671.2   0.36637
    671.3   0.36600
    671.5   0.36572
    671.7   0.36529
    671.9   0.36487
    672.0   0.36458
    672.2   0.36432
    672.4   0.36402
    672.6   0.36358
    672.7   0.36323
    672.9   0.36288
    673.1   0.36254
    673.3   0.36220
    673.4   0.36193
    673.6   0.36173
    673.8   0.36149
    674.0   0.36113
    674.1   0.36082
    674.3   0.36060
    674.5   0.36022
    674.7   0.35988
    674.8   0.35969
    675.0   0.35937
    675.2   0.35912
    675.4   0.35881
    675.5   0.35853
    675.7   0.35830
    675.9   0.35803
    676.1   0.35781
    676.3   0.35769
    676.4   0.35752
    676.6   0.35730
    676.8   0.35699
    677.0   0.35670
    677.1   0.35650
    677.3   0.35616
    677.5   0.35585
    677.7   0.35564
    677.8   0.35541
    678.0   0.35519
    678.2   0.35499
    678.4   0.35474
    678.6   0.35453
    678.7   0.35427
    678.9   0.35402
    679.1   0.35378
    679.3   0.35345
    679.4   0.35310
    679.6   0.35276
    679.8   0.35247
    680.0   0.35225
    680.2   0.35188
    680.3   0.35151
    680.5   0.35116
    680.7   0.35087
    680.9   0.35058
    681.0   0.35023
    681.2   0.34997
    681.4   0.34969
    681.6   0.34936
    681.8   0.34888
    681.9   0.34846
    682.1   0.34815
    682.3   0.34783
    682.5   0.34750
    682.7   0.34722
    682.8   0.34687
    683.0   0.34646
    683.2   0.34598
    683.4   0.34550
    683.6   0.34501
    683.7   0.34457
    683.9   0.34420
    684.1   0.34385
    684.3   0.34351
    684.5   0.34316
    684.6   0.34283
    684.8   0.34249
    685.0   0.34208
    685.2   0.34164
    685.4   0.34119
    685.6   0.34087
    685.7   0.34062
    685.9   0.34022
    686.1   0.33981
    686.3   0.33936
    686.5   0.33895
    686.6   0.33853
    686.8   0.33809
    687.0   0.33777
    687.2   0.33751
    687.4   0.33715
    687.6   0.33674
    687.7   0.33642
    687.9   0.33615
    688.1   0.33585
    688.3   0.33550
    688.5   0.33514
    688.6   0.33479
    688.8   0.33446
    689.0   0.33415
    689.2   0.33385
    689.4   0.33352
    689.6   0.33316
    689.7   0.33284
    689.9   0.33254
    690.1   0.33224
    690.3   0.33194
    690.5   0.33166
    690.7   0.33138
    690.8   0.33111
    691.0   0.33076
    691.2   0.33040
    691.4   0.33008
    691.6   0.32978
    691.8   0.32946
    692.0   0.32912
    692.1   0.32881
    692.3   0.32858
    692.5   0.32832
    692.7   0.32802
    692.9   0.32777
    693.1   0.32749
    693.3   0.32721
    693.4   0.32693
    693.6   0.32670
    693.8   0.32647
    694.0   0.32628
    694.2   0.32607
    694.4   0.32589
    694.6   0.32562
    694.7   0.32524
    694.9   0.32494
    695.1   0.32469
    695.3   0.32449
    695.5   0.32431
    695.7   0.32412
    695.9   0.32391
    696.0   0.32364
    696.2   0.32336
    696.4   0.32306
    696.6   0.32283
    696.8   0.32259
    697.0   0.32238
    697.2   0.32216
    697.4   0.32190
    697.5   0.32169
    697.7   0.32152
    697.9   0.32131
    698.1   0.32110
    698.3   0.32084
    698.5   0.32056
    698.7   0.32033
    698.9   0.32016
    699.0   0.31998
    699.2   0.31976
    699.4   0.31952
    699.6   0.31931
    699.8   0.31911
    700.0   0.31891
    700.2   0.31868
    700.4   0.31846
    700.6   0.31826
    700.7   0.31805
    700.9   0.31784
    701.1   0.31768
    701.3   0.31752
    701.5   0.31732
    701.7   0.31711
    701.9   0.31691
    702.1   0.31674
    702.3   0.31656
    702.5   0.31633
    702.6   0.31613
    702.8   0.31593
    703.0   0.31572
    703.2   0.31551
    703.4   0.31532
    703.6   0.31510
    703.8   0.31492
    704.0   0.31474
    704.2   0.31455
    704.4   0.31435
    704.6   0.31414
    704.7   0.31390
    704.9   0.31369
    705.1   0.31350
    705.3   0.31332
    705.5   0.31313
    705.7   0.31296
    705.9   0.31277
    706.1   0.31257
    706.3   0.31237
    706.5   0.31217
    706.7   0.31201
    706.9   0.31183
    707.1   0.31171
    707.2   0.31155
    707.4   0.31137
    707.6   0.31110
    707.8   0.31077
    708.0   0.31053
    708.2   0.31033
    708.4   0.31020
    708.6   0.31006
    708.8   0.30993
    709.0   0.30977
    709.2   0.30956
    709.4   0.30936
    709.6   0.30917
    709.8   0.30898
    710.0   0.30883
    710.2   0.30866
    710.4   0.30851
    710.5   0.30837
    710.7   0.30820
    710.9   0.30803
    711.1   0.30778
    711.3   0.30754
    711.5   0.30732
    711.7   0.30719
    711.9   0.30705
    712.1   0.30691
    712.3   0.30668
    712.5   0.30646
    712.7   0.30631
    712.9   0.30615
    713.1   0.30602
    713.3   0.30585
    713.5   0.30567
    713.7   0.30547
    713.9   0.30524
    714.1   0.30500
    714.3   0.30483
    714.5   0.30469
    714.7   0.30451
    714.9   0.30434
    715.1   0.30413
    715.3   0.30394
    715.4   0.30377
    715.6   0.30358
    715.8   0.30341
    716.0   0.30325
    716.2   0.30306
    716.4   0.30283
    716.6   0.30267
    716.8   0.30251
    717.0   0.30236
    717.2   0.30218
    717.4   0.30194
    717.6   0.30176
    717.8   0.30158
    718.0   0.30145
    718.2   0.30131
    718.4   0.30112
    718.6   0.30090
    718.8   0.30068
    719.0   0.30044
    719.2   0.30021
    719.4   0.30002
    719.6   0.29981
    719.8   0.29959
    720.0   0.29939
    720.2   0.29920
    720.4   0.29899
    720.6   0.29883
    720.8   0.29868
    721.0   0.29852
    721.2   0.29836
    721.4   0.29820
    721.6   0.29804
    721.8   0.29787
    722.0   0.29769
    722.2   0.29748
    722.4   0.29726
    722.6   0.29706
    722.8   0.29687
    723.0   0.29672
    723.2   0.29658
    723.4   0.29643
    723.6   0.29625
    723.8   0.29605
    724.0   0.29584
    724.2   0.29564
    724.4   0.29545
    724.6   0.29529
    724.9   0.29511
    725.1   0.29494
    725.3   0.29472
    725.5   0.29449
    725.7   0.29426
    725.9   0.29409
    726.1   0.29396
    726.3   0.29379
    726.5   0.29361
    726.7   0.29346
    726.9   0.29327
    727.1   0.29307
    727.3   0.29285
    727.5   0.29266
    727.7   0.29250
    727.9   0.29233
    728.1   0.29217
    728.3   0.29200
    728.5   0.29185
    728.7   0.29169
    728.9   0.29148
    729.1   0.29123
    729.3   0.29101
    729.5   0.29078
    729.7   0.29059
    730.0   0.29042
    730.2   0.29026
    730.4   0.29005
    730.6   0.28982
    730.8   0.28961
    731.0   0.28942
    731.2   0.28924
    731.4   0.28908
    731.6   0.28892
    731.8   0.28873
    732.0   0.28848
    732.2   0.28823
    732.4   0.28801
    732.6   0.28788
    732.8   0.28775
    733.1   0.28757
    733.3   0.28736
    733.5   0.28712
    733.7   0.28695
    733.9   0.28679
    734.1   0.28661
    734.3   0.28641
    734.5   0.28621
    734.7   0.28597
    734.9   0.28575
    735.1   0.28555
    735.3   0.28536
    735.5   0.28513
    735.8   0.28490
    736.0   0.28470
    736.2   0.28448
    736.4   0.28430
    736.6   0.28415
    736.8   0.28398
    737.0   0.28380
    737.2   0.28359
    737.4   0.28335
    737.6   0.28309
    737.9   0.28286
    738.1   0.28266
    738.3   0.28251
    738.5   0.28234
    738.7   0.28213
    738.9   0.28191
    739.1   0.28166
    739.3   0.28146
    739.5   0.28129
    739.7   0.28108
    740.0   0.28085
    740.2   0.28063
    740.4   0.28040
    740.6   0.28017
    740.8   0.27995
    741.0   0.27974
    741.2   0.27954
    741.4   0.27934
    741.7   0.27911
    741.9   0.27891
    742.1   0.27872
    742.3   0.27850
    742.5   0.27829
    742.7   0.27805
    742.9   0.27785
    743.1   0.27765
    743.4   0.27745
    743.6   0.27723
    743.8   0.27701
    744.0   0.27679
    744.2   0.27657
    744.4   0.27639
    744.6   0.27621
    744.8   0.27600
    745.1   0.27572
    745.3   0.27546
    745.5   0.27521
    745.7   0.27499
    745.9   0.27473
    746.1   0.27447
    746.3   0.27424
    746.6   0.27401
    746.8   0.27378
    747.0   0.27354
    747.2   0.27333
    747.4   0.27312
    747.6   0.27287
    747.9   0.27263
    748.1   0.27237
    748.3   0.27214
    748.5   0.27191
    748.7   0.27169
    748.9   0.27148
    749.2   0.27124
    749.4   0.27103
    749.6   0.27081
    749.8   0.27060
    750.0   0.27039
    750.2   0.27014
    750.5   0.26990
    750.7   0.26965
    750.9   0.26944
    751.1   0.26922
    751.3   0.26900
    751.5   0.26875
    751.8   0.26847
    752.0   0.26823
    752.2   0.26798
    752.4   0.26775
    752.6   0.26752
    752.9   0.26730
    753.1   0.26705
    753.3   0.26682
    753.5   0.26657
    753.7   0.26628
    753.9   0.26600
    754.2   0.26571
    754.4   0.26548
    754.6   0.26528
    754.8   0.26506
    755.0   0.26484
    755.3   0.26463
    755.5   0.26442
    755.7   0.26420
    755.9   0.26396
    756.1   0.26370
    756.4   0.26347
    756.6   0.26323
    756.8   0.26303
    757.0   0.26285
    757.3   0.26263
    757.5   0.26238
    757.7   0.26210
    757.9   0.26182
    758.1   0.26159
    758.4   0.26138
    758.6   0.26114
    758.8   0.26088
    759.0   0.26060
    759.2   0.26033
    759.5   0.26009
    759.7   0.25988
    759.9   0.25970
    760.1   0.25949
    760.4   0.25924
    760.6   0.25898
    760.8   0.25873
    761.0   0.25849
    761.3   0.25822
    761.5   0.25792
    761.7   0.25764
    761.9   0.25740
    762.1   0.25719
    762.4   0.25696
    762.6   0.25672
    762.8   0.25647
    763.0   0.25624
    763.3   0.25601
    763.5   0.25577
    763.7   0.25553
    763.9   0.25528
    764.2   0.25503
    764.4   0.25480
    764.6   0.25457
    764.8   0.25431
    765.1   0.25403
    765.3   0.25374
    765.5   0.25347
    765.8   0.25321
    766.0   0.25298
    766.2   0.25276
    766.4   0.25252
    766.7   0.25231
    766.9   0.25207
    767.1   0.25182
    767.3   0.25153
    767.6   0.25125
    767.8   0.25102
    768.0   0.25081
    768.2   0.25059
    768.5   0.25038
    768.7   0.25015
    768.9   0.24988
    769.2   0.24958
    769.4   0.24930
    769.6   0.24905
    769.8   0.24883
    770.1   0.24862
    770.3   0.24836
    770.5   0.24811
    770.8   0.24787
    771.0   0.24763
    771.2   0.24738
    771.4   0.24714
    771.7   0.24693
    771.9   0.24670
    772.1   0.24640
    772.4   0.24609
    772.6   0.24579
    772.8   0.24553
    773.1   0.24529
    773.3   0.24510
    773.5   0.24486
    773.8   0.24459
    774.0   0.24435
    774.2   0.24410
    774.4   0.24387
    774.7   0.24365
    774.9   0.24340
    775.1   0.24314
    775.4   0.24290
    775.6   0.24266
    775.8   0.24239
    776.1   0.24213
    776.3   0.24186
    776.5   0.24161
    776.8   0.24138
    777.0   0.24116
    777.2   0.24094
    777.5   0.24070
    777.7   0.24044
    777.9   0.24018
    778.2   0.23991
    778.4   0.23965
    778.6   0.23940
    778.9   0.23917
    779.1   0.23896
    779.3   0.23875
    779.6   0.23852
    779.8   0.23828
    780.0   0.23803
    780.3   0.23776
    780.5   0.23748
    780.7   0.23722
    781.0   0.23700
    781.2   0.23677
    781.4   0.23653
    781.7   0.23627
    781.9   0.23602
    782.2   0.23577
    782.4   0.23555
    782.6   0.23530
    782.9   0.23505
    783.1   0.23480
    783.3   0.23458
    783.6   0.23438
    783.8   0.23416
    784.0   0.23394
    784.3   0.23371
    784.5   0.23346
    784.8   0.23322
    785.0   0.23297
    785.2   0.23273
    785.5   0.23248
    785.7   0.23222
    786.0   0.23197
    786.2   0.23171
    786.4   0.23147
    786.7   0.23126
    786.9   0.23103
    787.1   0.23080
    787.4   0.23055
    787.6   0.23030
    787.9   0.23006
    788.1   0.22983
    788.3   0.22960
    788.6   0.22936
    788.8   0.22912
    789.1   0.22885
    789.3   0.22860
    789.5   0.22837
    789.8   0.22815
    790.0   0.22797
    790.3   0.22772
    790.5   0.22748
    790.7   0.22723
    791.0   0.22700
    791.2   0.22680
    791.5   0.22659
    791.7   0.22638
    792.0   0.22615
    792.2   0.22592
    792.4   0.22568
    792.7   0.22543
    792.9   0.22518
    793.2   0.22496
    793.4   0.22474
    793.7   0.22452
    793.9   0.22430
    794.1   0.22406
    794.4   0.22385
    794.6   0.22364
    794.9   0.22344
    795.1   0.22323
    795.4   0.22300
    795.6   0.22276
    795.8   0.22250
    796.1   0.22226
    796.3   0.22203
    796.6   0.22183
    796.8   0.22163
    797.1   0.22146
    797.3   0.22124
    797.6   0.22101
    797.8   0.22077
    798.1   0.22052
    798.3   0.22028
    798.5   0.22004
    798.8   0.21981
    799.0   0.21959
    799.3   0.21936
    799.5   0.21917
    799.8   0.21900
    800.0   0.21878
    800.3   0.21856
    800.5   0.21831
    800.8   0.21806
    801.0   0.21786
    801.3   0.21766
    801.5   0.21747
    801.8   0.21725
    802.0   0.21701
    802.2   0.21678
    802.5   0.21655
    802.7   0.21633
    803.0   0.21610
    803.2   0.21587
    803.5   0.21565
    803.7   0.21542
    804.0   0.21522
    804.2   0.21505
    804.5   0.21488
    804.7   0.21468
    805.0   0.21444
    805.2   0.21422
    805.5   0.21400
    805.7   0.21380
    806.0   0.21358
    806.2   0.21339
    806.5   0.21320
    806.7   0.21299
    807.0   0.21279
    807.2   0.21259
    807.5   0.21237
    807.7   0.21217
    808.0   0.21196
    808.3   0.21177
    808.5   0.21156
    808.8   0.21132
    809.0   0.21109
    809.3   0.21086
    809.5   0.21067
    809.8   0.21048
    810.0   0.21030
    810.3   0.21014
    810.5   0.20994
    810.8   0.20974
    811.0   0.20952
    811.3   0.20933
    811.5   0.20916
    811.8   0.20896
    812.1   0.20876
    812.3   0.20855
    812.6   0.20834
    812.8   0.20813
    813.1   0.20796
    813.3   0.20779
    813.6   0.20761
    813.8   0.20739
    814.1   0.20717
    814.3   0.20696
    814.6   0.20679
    814.9   0.20663
    815.1   0.20644
    815.4   0.20624
    815.6   0.20604
    815.9   0.20586
    816.1   0.20568
    816.4   0.20550
    816.7   0.20532
    816.9   0.20512
    817.2   0.20492
    817.4   0.20472
    817.7   0.20453
    817.9   0.20434
    818.2   0.20418
    818.5   0.20401
    818.7   0.20382
    819.0   0.20363
    819.2   0.20345
    819.5   0.20324
    819.8   0.20304
    820.0   0.20283
    820.3   0.20266
    820.5   0.20250
    820.8   0.20234
    821.1   0.20217
    821.3   0.20196
    821.6   0.20177
    821.8   0.20161
    822.1   0.20145
    822.4   0.20130
    822.6   0.20115
    822.9   0.20098
    823.1   0.20079
    823.4   0.20062
    823.7   0.20044
    823.9   0.20027
    824.2   0.20009
    824.4   0.19990
    824.7   0.19971
    825.0   0.19952
    825.2   0.19933
    825.5   0.19916
    825.8   0.19900
    826.0   0.19883
    826.3   0.19869
    826.6   0.19854
    826.8   0.19839
    827.1   0.19824
    827.3   0.19806
    827.6   0.19786
    827.9   0.19766
    828.1   0.19747
    828.4   0.19729
    828.7   0.19713
    828.9   0.19697
    829.2   0.19681
    829.5   0.19664
    829.7   0.19647
    830.0   0.19632
    830.3   0.19615
    830.5   0.19600
    830.8   0.19583
    831.1   0.19568
    831.3   0.19551
    831.6   0.19532
    831.9   0.19516
    832.1   0.19501
    832.4   0.19486
    832.7   0.19469
    832.9   0.19452
    833.2   0.19437
    833.5   0.19423
    833.7   0.19407
    834.0   0.19392
    834.3   0.19377
    834.5   0.19362
    834.8   0.19347
    835.1   0.19334
    835.3   0.19321
    835.6   0.19309
    835.9   0.19294
    836.2   0.19276
    836.4   0.19258
    836.7   0.19242
    837.0   0.19226
    837.2   0.19214
    837.5   0.19199
    837.8   0.19184
    838.0   0.19167
    838.3   0.19151
    838.6   0.19135
    838.9   0.19120
    839.1   0.19106
    839.4   0.19092
    839.7   0.19079
    839.9   0.19065
    840.2   0.19049
    840.5   0.19034
    840.8   0.19021
    841.0   0.19008
    841.3   0.18994
    841.6   0.18978
    841.9   0.18963
    842.1   0.18947
    842.4   0.18934
    842.7   0.18920
    842.9   0.18908
    843.2   0.18894
    843.5   0.18881
    843.8   0.18867
    844.0   0.18852
    844.3   0.18838
    844.6   0.18823
    844.9   0.18809
    845.1   0.18796
    845.4   0.18783
    845.7   0.18770
    846.0   0.18755
    846.3   0.18741
    846.5   0.18728
    846.8   0.18714
    847.1   0.18699
    847.4   0.18685
    847.6   0.18672
    847.9   0.18660
    848.2   0.18646
    848.5   0.18631
    848.7   0.18617
    849.0   0.18603
    849.3   0.18590
    849.6   0.18578
    849.9   0.18566
    850.1   0.18554
    850.4   0.18541
    850.7   0.18527
    851.0   0.18512
    851.3   0.18498
    851.5   0.18485
    851.8   0.18474
    852.1   0.18462
    852.4   0.18449
    852.7   0.18436
    852.9   0.18423
    853.2   0.18411
    853.5   0.18397
    853.8   0.18385
    854.1   0.18373
    854.3   0.18362
    854.6   0.18352
    854.9   0.18341
    855.2   0.18329
    855.5   0.18315
    855.8   0.18301
    856.0   0.18287
    856.3   0.18276
    856.6   0.18265
    856.9   0.18253
    857.2   0.18240
    857.4   0.18227
    857.7   0.18214
    858.0   0.18202
    858.3   0.18191
    858.6   0.18181
    858.9   0.18170
    859.2   0.18156
    859.4   0.18142
    859.7   0.18128
    860.0   0.18116
    860.3   0.18103
    860.6   0.18091
    860.9   0.18080
    861.2   0.18068
    861.4   0.18055
    861.7   0.18043
    862.0   0.18033
    862.3   0.18022
    862.6   0.18011
    862.9   0.17998
    863.2   0.17986
    863.4   0.17974
    863.7   0.17961
    864.0   0.17949
    864.3   0.17937
    864.6   0.17926
    864.9   0.17915
    865.2   0.17905
    865.5   0.17895
    865.8   0.17885
    866.0   0.17874
    866.3   0.17862
    866.6   0.17850
    866.9   0.17838
    867.2   0.17826
    867.5   0.17814
    867.8   0.17803
    868.1   0.17792
    868.4   0.17780
    868.7   0.17768
    868.9   0.17758
    869.2   0.17745
    869.5   0.17733
    869.8   0.17720
    870.1   0.17708
    870.4   0.17696
    870.7   0.17684
    871.0   0.17673
    871.3   0.17662
    871.6   0.17652
    871.9   0.17642
    872.2   0.17631
    872.5   0.17620
    872.8   0.17607
    873.0   0.17596
    873.3   0.17585
    873.6   0.17574
    873.9   0.17562
    874.2   0.17549
    874.5   0.17536
    874.8   0.17526
    875.1   0.17515
    875.4   0.17505
    875.7   0.17495
    876.0   0.17484
    876.3   0.17472
    876.6   0.17460
    876.9   0.17449
    877.2   0.17438
    877.5   0.17427
    877.8   0.17413
    878.1   0.17400
    878.4   0.17388
    878.7   0.17378
    879.0   0.17367
    879.3   0.17356
    879.6   0.17344
    879.9   0.17332
    880.2   0.17319
    880.5   0.17306
    880.8   0.17295
    881.1   0.17286
    881.4   0.17275
    881.7   0.17264
    882.0   0.17253
    882.3   0.17241
    882.6   0.17228
    882.9   0.17215
    883.2   0.17203
    883.5   0.17191
    883.8   0.17181
    884.1   0.17170
    884.4   0.17158
    884.7   0.17149
    885.0   0.17137
    885.3   0.17125
    885.6   0.17112
    885.9   0.17100
    886.2   0.17087
    886.5   0.17073
    886.8   0.17059
    887.1   0.17047
    887.4   0.17035
    887.7   0.17023
    888.0   0.17012
    888.3   0.17000
    888.6   0.16989
    888.9   0.16979
    889.2   0.16968
    889.5   0.16956
    889.8   0.16942
    890.1   0.16929
    890.4   0.16916
    890.7   0.16904
    891.1   0.16892
    891.4   0.16879
    891.7   0.16865
    892.0   0.16852
    892.3   0.16839
    892.6   0.16827
    892.9   0.16815
    893.2   0.16802
    893.5   0.16790
    893.8   0.16778
    894.1   0.16766
    894.4   0.16752
    894.7   0.16738
    895.1   0.16724
    895.4   0.16711
    895.7   0.16698
    896.0   0.16685
    896.3   0.16671
    896.6   0.16657
    896.9   0.16643
    897.2   0.16630
    897.5   0.16619
    897.8   0.16607
    898.2   0.16594
    898.5   0.16579
    898.8   0.16564
    899.1   0.16549
    899.4   0.16535
    899.7   0.16521
    900.0   0.16508
    900.3   0.16496
    900.6   0.16483
    901.0   0.16470
    901.3   0.16454
    901.6   0.16439
    901.9   0.16423
    902.2   0.16409
    902.5   0.16395
    902.8   0.16382
    903.2   0.16368
    903.5   0.16352
    903.8   0.16338
    904.1   0.16324
    904.4   0.16311
    904.7   0.16297
    905.1   0.16282
    905.4   0.16267
    905.7   0.16252
    906.0   0.16236
    906.3   0.16220
    906.6   0.16205
    907.0   0.16190
    907.3   0.16174
    907.6   0.16158
    907.9   0.16142
    908.2   0.16127
    908.5   0.16112
    908.9   0.16097
    909.2   0.16080
    909.5   0.16064
    909.8   0.16047
    910.1   0.16032
    910.5   0.16017
    910.8   0.16001
    911.1   0.15984
    911.4   0.15968
    911.7   0.15952
    912.1   0.15936
    912.4   0.15920
    912.7   0.15903
    913.0   0.15886
    913.3   0.15870
    913.7   0.15852
    914.0   0.15834
    914.3   0.15817
    914.6   0.15801
    915.0   0.15784
    915.3   0.15767
    915.6   0.15750
    915.9   0.15733
    916.2   0.15715
    916.6   0.15697
    916.9   0.15680
    917.2   0.15662
    917.5   0.15645
    917.9   0.15627
    918.2   0.15610
    918.5   0.15592
    918.8   0.15574
    919.2   0.15555
    919.5   0.15537
    919.8   0.15518
    920.2   0.15500
    920.5   0.15482
    920.8   0.15463
    921.1   0.15446
    921.5   0.15427
    921.8   0.15408
    922.1   0.15389
    922.4   0.15370
    922.8   0.15350
    923.1   0.15331
    923.4   0.15312
    923.8   0.15294
    924.1   0.15275
    924.4   0.15255
    924.7   0.15236
    925.1   0.15216
    925.4   0.15197
    925.7   0.15177
    926.1   0.15157
    926.4   0.15139
    926.7   0.15119
    927.1   0.15100
    927.4   0.15080
    927.7   0.15061
    928.1   0.15042
    928.4   0.15022
    928.7   0.15001
    929.1   0.14980
    929.4   0.14958
    929.7   0.14938
    930.1   0.14917
    930.4   0.14897
    930.7   0.14877
    931.1   0.14857
    931.4   0.14836
    931.7   0.14816
    932.1   0.14794
    932.4   0.14773
    932.7   0.14752
    933.1   0.14732
    933.4   0.14711
    933.7   0.14691
    934.1   0.14670
    934.4   0.14649
    934.8   0.14628
    935.1   0.14606
    935.4   0.14584
    935.8   0.14562
    936.1   0.14540
    936.4   0.14518
    936.8   0.14497
    937.1   0.14475
    937.5   0.14454
    937.8   0.14433
    938.1   0.14412
    938.5   0.14390
    938.8   0.14368
    939.2   0.14346
    939.5   0.14324
    939.8   0.14301
    940.2   0.14279
    940.5   0.14256
    940.9   0.14234
    941.2   0.14211
    941.5   0.14188
    941.9   0.14166
    942.2   0.14144
    942.6   0.14122
    942.9   0.14100
    943.3   0.14078
    943.6   0.14055
    943.9   0.14032
    944.3   0.14010
    944.6   0.13987
    945.0   0.13964
    945.3   0.13942
    945.7   0.13918
    946.0   0.13896
    946.4   0.13873
    946.7   0.13849
    947.0   0.13825
    947.4   0.13802
    947.7   0.13779
    948.1   0.13757
    948.4   0.13734
    948.8   0.13712
    949.1   0.13689
    949.5   0.13666
    949.8   0.13642
    950.2   0.13618
    950.5   0.13593
    950.9   0.13570
    951.2   0.13547
    951.6   0.13524
    951.9   0.13501
    952.3   0.13479
    952.6   0.13456
    953.0   0.13433
    953.3   0.13410
    953.7   0.13385
    954.0   0.13361
    954.4   0.13338
    954.7   0.13314
    955.1   0.13291
    955.4   0.13267
    955.8   0.13244
    956.1   0.13220
    956.5   0.13196
    956.8   0.13172
    957.2   0.13148
    957.5   0.13125
    957.9   0.13102
    958.3   0.13077
    958.6   0.13053
    959.0   0.13029
    959.3   0.13006
    959.7   0.12983
    960.0   0.12961
    960.4   0.12938
    960.7   0.12914
    961.1   0.12891
    961.4   0.12867
    961.8   0.12844
    962.2   0.12820
    962.5   0.12797
    962.9   0.12773
    963.2   0.12750
    963.6   0.12726
    964.0   0.12702
    964.3   0.12679
    964.7   0.12655
    965.0   0.12631
    965.4   0.12607
    965.7   0.12583
    966.1   0.12560
    966.5   0.12538
    966.8   0.12515
    967.2   0.12491
    967.6   0.12468
    967.9   0.12445
    968.3   0.12422
    968.6   0.12399
    969.0   0.12376
    969.4   0.12352
    969.7   0.12329
    970.1   0.12305
    970.4   0.12282
    970.8   0.12259
    971.2   0.12236
    971.5   0.12213
    971.9   0.12190
    972.3   0.12167
    972.6   0.12144
    973.0   0.12121
    973.4   0.12098
    973.7   0.12076
    974.1   0.12053
    974.5   0.12031
    974.8   0.12008
    975.2   0.11985
    975.6   0.11963
    975.9   0.11942
    976.3   0.11921
    976.7   0.11898
    977.0   0.11875
    977.4   0.11851
    977.8   0.11827
    978.1   0.11805
    978.5   0.11783
    978.9   0.11762
    979.2   0.11740
    979.6   0.11718
    980.0   0.11696
    980.4   0.11674
    980.7   0.11652
    981.1   0.11631
    981.5   0.11608
    981.8   0.11586
    982.2   0.11565
    982.6   0.11543
    983.0   0.11521
    983.3   0.11499
    983.7   0.11478
    984.1   0.11457
    984.5   0.11436
    984.8   0.11415
    985.2   0.11394
    985.6   0.11373
    986.0   0.11352
    986.3   0.11331
    986.7   0.11311
    987.1   0.11290
    987.5   0.11269
    987.8   0.11249
    988.2   0.11228
    988.6   0.11208
    989.0   0.11187
    989.3   0.11166
    989.7   0.11145
    990.1   0.11125
    990.5   0.11105
    990.9   0.11085
    991.2   0.11065
    991.6   0.11045
    992.0   0.11025
    992.4   0.11006
    992.7   0.10986
    993.1   0.10967
    993.5   0.10948
    993.9   0.10929
    994.3   0.10910
    994.7   0.10891
    995.0   0.10872
    995.4   0.10853
    995.8   0.10835
    996.2   0.10818
    996.6   0.10800
    996.9   0.10782
    997.3   0.10763
    997.7   0.10744
    998.1   0.10725
    998.5   0.10707
    998.9   0.10689
    999.3   0.10671
    999.6   0.10653
   1000.0   0.10635
   1000.4   0.10619
   1000.8   0.10602
   1001.2   0.10585
   1001.6   0.10568
   1002.0   0.10551
   1002.3   0.10534
   1002.7   0.10517
   1003.1   0.10501
   1003.5   0.10485
   1003.9   0.10469
   1004.3   0.10453
   1004.7   0.10437
   1005.1   0.10421
   1005.5   0.10404
   1005.8   0.10387
   1006.2   0.10371
   1006.6   0.10355
   1007.0   0.10339
   1007.4   0.10324
   1007.8   0.10310
   1008.2   0.10297
   1008.6   0.10283
   1009.0   0.10268
   1009.4   0.10253
   1009.8   0.10238
   1010.2   0.10224
   1010.6   0.10210
   1010.9   0.10195
   1011.3   0.10182
   1011.7   0.10168
   1012.1   0.10155
   1012.5   0.10142
   1012.9   0.10130
   1013.3   0.10117
   1013.7   0.10105
   1014.1   0.10092
   1014.5   0.10080
   1014.9   0.10067
   1015.3   0.10055
   1015.7   0.10043
   1016.1   0.10032
   1016.5   0.10021
   1016.9   0.10010
   1017.3   0.09998
   1017.7   0.09987
   1018.1   0.09975
   1018.5   0.09964
   1018.9   0.09953
   1019.3   0.09944
   1019.7   0.09934
   1020.1   0.09924
   1020.5   0.09914
   1020.9   0.09906
   1021.3   0.09896
   1021.7   0.09887
   1022.1   0.09878
   1022.5   0.09870
   1022.9   0.09861
   1023.3   0.09852
   1023.7   0.09843
   1024.1   0.09835
   1024.5   0.09827
   1024.9   0.09820
   1025.3   0.09814
   1025.7   0.09807
   1026.2   0.09802
   1026.6   0.09796
   1027.0   0.09790
   1027.4   0.09784
   1027.8   0.09778
   1028.2   0.09771
   1028.6   0.09765
   1029.0   0.09760
   1029.4   0.09756
   1029.8   0.09752
   1030.2   0.09746
   1030.6   0.09749
   1031.1   0.09752
   1031.5   0.09732
   1031.9   0.09716
   1032.3   0.09708
   1032.7   0.09690
   1033.1   0.09694
   1033.5   0.09701
   1033.9   0.09690
   1034.3   0.09675
   1034.8   0.09641
   1035.2   0.09628
   1035.6   0.09661
   1036.0   0.09666
   1036.4   0.09646
   1036.8   0.09650
   1037.2   0.09661
   1037.7   0.09645
   1038.1   0.09622
   1038.5   0.09588
   1038.9   0.09568
   1039.3   0.09593
   1039.7   0.09620
   1040.2   0.09619
   1040.6   0.09600
   1041.0   0.09576
   1041.4   0.09585
   1041.8   0.09593
   1042.2   0.09586
   1042.7   0.09569
   1043.1   0.09560
   1043.5   0.09563
   1043.9   0.09573
   1044.3   0.09569
   1044.8   0.09569
   1045.2   0.09576
   1045.6   0.09570
   1046.0   0.09544
   1046.5   0.09525
   1046.9   0.09517
   1047.3   0.09535
   1047.7   0.09561
   1048.1   0.09565
   1048.6   0.09546
   1049.0   0.09537
   1049.4   0.09533
   1049.8   0.09545
   1050.3   0.09540
   1050.7   0.09519
   1051.1   0.09523
   1051.5   0.09528
   1052.0   0.09522
   1052.4   0.09501
   1052.8   0.09495
   1053.3   0.09479
   1053.7   0.09472
   1054.1   0.09465
   1054.5   0.09462
   1055.0   0.09460
   1055.4   0.09453
   1055.8   0.09465
   1056.3   0.09482
   1056.7   0.09478
   1057.1   0.09480
   1057.6   0.09481
   1058.0   0.09483
   1058.4   0.09496
   1058.9   0.09490
   1059.3   0.09478
   1059.7   0.09491
   1060.2   0.09516
   1060.6   0.09507
   1061.0   0.09482
   1061.5   0.09492
   1061.9   0.09508
   1062.3   0.09497
   1062.8   0.09489
   1063.2   0.09494
   1063.6   0.09477
   1064.1   0.09473
   1064.5   0.09507
   1064.9   0.09516
   1065.4   0.09485
   1065.8   0.09472
   1066.3   0.09483
   1066.7   0.09512
   1067.1   0.09508
   1067.6   0.09495
   1068.0   0.09487
   1068.5   0.09494
   1068.9   0.09507
   1069.3   0.09506
   1069.8   0.09495
   1070.2   0.09500
   1070.7   0.09526
   1071.1   0.09532
   1071.5   0.09536
   1072.0   0.09534
   1072.4   0.09540
   1072.9   0.09547
   1073.3   0.09558
   1073.8   0.09547
   1074.2   0.09545
   1074.7   0.09562
   1075.1   0.09570
   1075.5   0.09577
   1076.0   0.09588
   1076.4   0.09582
   1076.9   0.09563
   1077.3   0.09572
   1077.8   0.09592
   1078.2   0.09612
   1078.7   0.09618
   1079.1   0.09612
   1079.6   0.09605
   1080.0   0.09622
   1080.5   0.09635
   1080.9   0.09636
   1081.4   0.09630
   1081.8   0.09622
   1082.3   0.09632
   1082.7   0.09654
   1083.2   0.09682
   1083.6   0.09685
   1084.1   0.09665
   1084.5   0.09681
   1085.0   0.09704
   1085.5   0.09697
   1085.9   0.09725
   1086.4   0.09733
   1086.8   0.09724
   1087.3   0.09737
   1087.7   0.09733
   1088.2   0.09738
   1088.6   0.09740
   1089.1   0.09744
   1089.6   0.09761
   1090.0   0.09767
   1090.5   0.09785
   1090.9   0.09797
   1091.4   0.09791
   1091.9   0.09807
   1092.3   0.09834
   1092.8   0.09843
   1093.2   0.09854
   1093.7   0.09846
   1094.2   0.09835
   1094.6   0.09860
   1095.1   0.09869
   1095.5   0.09894
   1096.0   0.09908
   1096.5   0.09914
   1096.9   0.09927
   1097.4   0.09941
   1097.9   0.09927
   1098.3   0.09931
   1098.8   0.09950
   1099.3   0.09958
   1099.7   0.09962
   1100.2   0.09967
   1100.7   0.09987
   1101.1   0.10022
   1101.6   0.10016
   1102.1   0.10000
   1102.5   0.10029
   1103.0   0.10049
   1103.5   0.10050
   1103.9   0.10041
   1104.4   0.10034
   1104.9   0.10045
   1105.4   0.10085
   1105.8   0.10114
   1106.3   0.10107
   1106.8   0.10094
   1107.2   0.10127
   1107.7   0.10142
   1108.2   0.10144
   1108.7   0.10166
   1109.1   0.10166
   1109.6   0.10167
   1110.1   0.10172
   1110.6   0.10193
   1111.0   0.10230
   1111.5   0.10264
   1112.0   0.10274
   1112.5   0.10272
   1113.0   0.10272
   1113.4   0.10283
   1113.9   0.10286
   1114.4   0.10293
   1114.9   0.10316
   1115.3   0.10319
   1115.8   0.10320
   1116.3   0.10334
   1116.8   0.10345
   1117.3   0.10357
   1117.8   0.10375
   1118.2   0.10406
   1118.7   0.10425
   1119.2   0.10440
   1119.7   0.10432
   1120.2   0.10444
   1120.7   0.10467
   1121.1   0.10472
   1121.6   0.10484
   1122.1   0.10499
   1122.6   0.10511
   1123.1   0.10515
   1123.6   0.10520
   1124.1   0.10529
   1124.5   0.10551
   1125.0   0.10573
   1125.5   0.10590
   1126.0   0.10587
   1126.5   0.10600
   1127.0   0.10621
   1127.5   0.10612
   1128.0   0.10616
   1128.5   0.10633
   1128.9   0.10631
   1129.4   0.10648
   1129.9   0.10664
   1130.4   0.10661
   1130.9   0.10676
   1131.4   0.10706
   1131.9   0.10726
   1132.4   0.10743
   1132.9   0.10743
   1133.4   0.10748
   1133.9   0.10770
   1134.4   0.10782
   1134.9   0.10796
   1135.4   0.10803
   1135.9   0.10816
   1136.4   0.10828
   1136.9   0.10844
   1137.4   0.10868
   1137.9   0.10880
   1138.4   0.10888
   1138.9   0.10885
   1139.4   0.10872
   1139.9   0.10884
   1140.4   0.10912
   1140.9   0.10937
   1141.4   0.10946
   1141.9   0.10964
   1142.4   0.10978
   1142.9   0.10975
   1143.4   0.10980
   1143.9   0.10993
   1144.4   0.10999
   1144.9   0.11009
   1145.4   0.11018
   1145.9   0.11044
   1146.4   0.11058
   1146.9   0.11054
   1147.4   0.11072
   1147.9   0.11095
   1148.5   0.11105
   1149.0   0.11118
   1149.5   0.11124
   1150.0   0.11122
   1150.5   0.11127
   1151.0   0.11142
   1151.5   0.11153
   1152.0   0.11169
   1152.5   0.11186
   1153.1   0.11196
   1153.6   0.11190
   1154.1   0.11204
   1154.6   0.11218
   1155.1   0.11215
   1155.6   0.11219
   1156.1   0.11245
   1156.7   0.11257
   1157.2   0.11271
   1157.7   0.11288
   1158.2   0.11307
   1158.7   0.11316
   1159.2   0.11318
   1159.8   0.11329
   1160.3   0.11329
   1160.8   0.11324
   1161.3   0.11342
   1161.8   0.11356
   1162.4   0.11367
   1162.9   0.11393
   1163.4   0.11397
   1163.9   0.11401
   1164.5   0.11407
   1165.0   0.11421
   1165.5   0.11435
   1166.0   0.11437
   1166.5   0.11433
   1167.1   0.11450
   1167.6   0.11473
   1168.1   0.11481
   1168.7   0.11490
   1169.2   0.11517
   1169.7   0.11537
   1170.2   0.11543
   1170.8   0.11531
   1171.3   0.11523
   1171.8   0.11522
   1172.4   0.11526
   1172.9   0.11542
   1173.4   0.11559
   1173.9   0.11588
   1174.5   0.11592
   1175.0   0.11592
   1175.5   0.11592
   1176.1   0.11604
   1176.6   0.11615
   1177.1   0.11622
   1177.7   0.11631
   1178.2   0.11637
   1178.7   0.11655
   1179.3   0.11669
   1179.8   0.11665
   1180.4   0.11671
   1180.9   0.11680
   1181.4   0.11689
   1182.0   0.11710
   1182.5   0.11724
   1183.1   0.11729
   1183.6   0.11749
   1184.1   0.11756
   1184.7   0.11737
   1185.2   0.11735
   1185.8   0.11736
   1186.3   0.11749
   1186.8   0.11780
   1187.4   0.11805
   1187.9   0.11809
   1188.5   0.11807
   1189.0   0.11791
   1189.6   0.11803
   1190.1   0.11834
   1190.7   0.11849
   1191.2   0.11850
   1191.8   0.11848
   1192.3   0.11864
   1192.9   0.11865
   1193.4   0.11870
   1194.0   0.11891
   1194.5   0.11905
   1195.1   0.11900
   1195.6   0.11903
   1196.2   0.11915
   1196.7   0.11925
   1197.3   0.11942
   1197.8   0.11959
   1198.4   0.11961
   1198.9   0.11947
   1199.5   0.11954
   1200.0   0.11967
   1200.6   0.11956
   1201.1   0.11955
   1201.7   0.11990
   1202.3   0.12006
   1202.8   0.12015
   1203.4   0.12032
   1203.9   0.12033
   1204.5   0.12039
   1205.1   0.12040
   1205.6   0.12045
   1206.2   0.12058
   1206.7   0.12062
   1207.3   0.12066
   1207.9   0.12066
   1208.4   0.12058
   1209.0   0.12076
   1209.6   0.12100
   1210.1   0.12094
   1210.7   0.12090
   1211.2   0.12099
   1211.8   0.12106
   1212.4   0.12116
   1212.9   0.12135
   1213.5   0.12159
   1214.1   0.12163
   1214.7   0.12173
   1215.2   0.12189
   1215.8   0.12181
   1216.4   0.12173
   1216.9   0.12185
   1217.5   0.12209
   1218.1   0.12211
   1218.6   0.12199
   1219.2   0.12205
   1219.8   0.12221
   1220.4   0.12230
   1220.9   0.12242
   1221.5   0.12257
   1222.1   0.12261
   1222.7   0.12274
   1223.3   0.12290
   1223.8   0.12294
   1224.4   0.12292
   1225.0   0.12295
   1225.6   0.12307
   1226.1   0.12325
   1226.7   0.12327
   1227.3   0.12321
   1227.9   0.12319
   1228.5   0.12351
   1229.1   0.12364
   1229.6   0.12366
   1230.2   0.12370
   1230.8   0.12363
   1231.4   0.12375
   1232.0   0.12401
   1232.6   0.12410
   1233.1   0.12408
   1233.7   0.12419
   1234.3   0.12431
   1234.9   0.12439
   1235.5   0.12448
   1236.1   0.12462
   1236.7   0.12463
   1237.3   0.12468
   1237.9   0.12488
   1238.4   0.12486
   1239.0   0.12479
   1239.6   0.12484
   1240.2   0.12504
   1240.8   0.12516
   1241.4   0.12522
   1242.0   0.12530
   1242.6   0.12550
   1243.2   0.12557
   1243.8   0.12556
   1244.4   0.12568
   1245.0   0.12582
   1245.6   0.12588
   1246.2   0.12604
   1246.8   0.12607
   1247.4   0.12610
   1248.0   0.12632
   1248.6   0.12653
   1249.2   0.12667
   1249.8   0.12686
   1250.4   0.12672
   1251.0   0.12667
   1251.6   0.12676
   1252.2   0.12685
   1252.8   0.12702
   1253.4   0.12721
   1254.0   0.12738
   1254.6   0.12745
   1255.2   0.12747
   1255.8   0.12769
   1256.5   0.12782
   1257.1   0.12776
   1257.7   0.12784
   1258.3   0.12799
   1258.9   0.12812
   1259.5   0.12823
   1260.1   0.12822
   1260.7   0.12821
   1261.3   0.12843
   1262.0   0.12875
   1262.6   0.12882
   1263.2   0.12900
   1263.8   0.12904
   1264.4   0.12905
   1265.0   0.12915
   1265.7   0.12923
   1266.3   0.12938
   1266.9   0.12943
   1267.5   0.12948
   1268.1   0.12965
   1268.8   0.12977
   1269.4   0.12985
   1270.0   0.13007
   1270.6   0.13021
   1271.2   0.13028
   1271.9   0.13031
   1272.5   0.13042
   1273.1   0.13047
   1273.7   0.13053
   1274.4   0.13082
   1275.0   0.13107
   1275.6   0.13110
   1276.3   0.13120
   1276.9   0.13144
   1277.5   0.13157
   1278.1   0.13167
   1278.8   0.13183
   1279.4   0.13204
   1280.0   0.13230
   1280.7   0.13238
   1281.3   0.13232
   1281.9   0.13232
   1282.6   0.13247
   1283.2   0.13273
   1283.8   0.13298
   1284.5   0.13312
   1285.1   0.13326
   1285.7   0.13345
   1286.4   0.13360
   1287.0   0.13354
   1287.7   0.13370
   1288.3   0.13386
   1288.9   0.13396
   1289.6   0.13412
   1290.2   0.13422
   1290.9   0.13433
   1291.5   0.13452
   1292.2   0.13470
   1292.8   0.13493
   1293.4   0.13510
   1294.1   0.13525
   1294.7   0.13532
   1295.4   0.13542
   1296.0   0.13566
   1296.7   0.13579
   1297.3   0.13573
   1298.0   0.13589
   1298.6   0.13636
   1299.3   0.13680
   1299.9   0.13699
   1300.6   0.13695
   1301.2   0.13699
   1301.9   0.13714
   1302.5   0.13733
   1303.2   0.13753
   1303.9   0.13768
   1304.5   0.13789
   1305.2   0.13801
   1305.8   0.13817
   1306.5   0.13841
   1307.1   0.13861
   1307.8   0.13884
   1308.5   0.13894
   1309.1   0.13900
   1309.8   0.13930
   1310.4   0.13952
   1311.1   0.13965
   1311.8   0.13988
   1312.4   0.14006
   1313.1   0.14015
   1313.8   0.14041
   1314.4   0.14056
   1315.1   0.14070
   1315.8   0.14092
   1316.4   0.14113
   1317.1   0.14141
   1317.8   0.14159
   1318.4   0.14165
   1319.1   0.14177
   1319.8   0.14204
   1320.5   0.14238
   1321.1   0.14263
   1321.8   0.14271
   1322.5   0.14287
   1323.2   0.14308
   1323.8   0.14340
   1324.5   0.14369
   1325.2   0.14383
   1325.9   0.14392
   1326.5   0.14410
   1327.2   0.14436
   1327.9   0.14456
   1328.6   0.14463
   1329.3   0.14489
   1329.9   0.14523
   1330.6   0.14550
   1331.3   0.14565
   1332.0   0.14581
   1332.7   0.14598
   1333.4   0.14618
   1334.1   0.14643
   1334.7   0.14677
   1335.4   0.14706
   1336.1   0.14721
   1336.8   0.14750
   1337.5   0.14770
   1338.2   0.14787
   1338.9   0.14806
   1339.6   0.14825
   1340.3   0.14842
   1341.0   0.14872
   1341.6   0.14902
   1342.3   0.14926
   1343.0   0.14953
   1343.7   0.14961
   1344.4   0.14977
   1345.1   0.15015
   1345.8   0.15032
   1346.5   0.15053
   1347.2   0.15081
   1347.9   0.15113
   1348.6   0.15140
   1349.3   0.15169
   1350.0   0.15193
   1350.7   0.15212
   1351.4   0.15233
   1352.1   0.15264
   1352.9   0.15288
   1353.6   0.15306
   1354.3   0.15336
   1355.0   0.15373
   1355.7   0.15400
   1356.4   0.15427
   1357.1   0.15451
   1357.8   0.15476
   1358.5   0.15501
   1359.2   0.15531
   1360.0   0.15576
   1360.7   0.15600
   1361.4   0.15625
   1362.1   0.15674
   1362.8   0.15705
   1363.5   0.15709
   1364.2   0.15738
   1365.0   0.15792
   1365.7   0.15825
   1366.4   0.15828
   1367.1   0.15838
   1367.8   0.15876
   1368.6   0.15921
   1369.3   0.15931
   1370.0   0.15939
   1370.7   0.15985
   1371.5   0.16024
   1372.2   0.16044
   1372.9   0.16058
   1373.6   0.16084
   1374.4   0.16112
   1375.1   0.16146
   1375.8   0.16176
   1376.6   0.16207
   1377.3   0.16239
   1378.0   0.16270
   1378.8   0.16317
   1379.5   0.16345
   1380.2   0.16366
   1381.0   0.16438
   1381.7   0.16459
   1382.4   0.16483
   1383.2   0.16546
   1383.9   0.16547
   1384.7   0.16552
   1385.4   0.16594
   1386.1   0.16625
   1386.9   0.16644
   1387.6   0.16684
   1388.4   0.16738
   1389.1   0.16754
   1389.8   0.16764
   1390.6   0.16802
   1391.3   0.16831
   1392.1   0.16884
   1392.8   0.16930
   1393.6   0.16935
   1394.3   0.16959
   1395.1   0.17021
   1395.8   0.17074
   1396.6   0.17114
   1397.3   0.17135
   1398.1   0.17140
   1398.8   0.17158
   1399.6   0.17198
   1400.4   0.17254
   1401.1   0.17299
   1401.9   0.17310
   1402.6   0.17322
   1403.4   0.17362
   1404.2   0.17406
   1404.9   0.17470
   1405.7   0.17509
   1406.4   0.17519
   1407.2   0.17557
   1408.0   0.17599
   1408.7   0.17616
   1409.5   0.17663
   1410.3   0.17710
   1411.0   0.17726
   1411.8   0.17743
   1412.6   0.17777
   1413.3   0.17824
   1414.1   0.17886
   1414.9   0.17925
   1415.7   0.17938
   1416.4   0.17964
   1417.2   0.18006
   1418.0   0.18045
   1418.8   0.18086
   1419.5   0.18127
   1420.3   0.18157
   1421.1   0.18192
   1421.9   0.18221
   1422.6   0.18260
   1423.4   0.18299
   1424.2   0.18340
   1425.0   0.18377
   1425.8   0.18407
   1426.6   0.18435
   1427.3   0.18473
   1428.1   0.18520
   1428.9   0.18558
   1429.7   0.18589
   1430.5   0.18623
   1431.3   0.18664
   1432.1   0.18704
   1432.9   0.18731
   1433.7   0.18770
   1434.5   0.18811
   1435.3   0.18852
   1436.0   0.18896
   1436.8   0.18926
   1437.6   0.18959
   1438.4   0.19014
   1439.2   0.19060
   1440.0   0.19096
   1440.8   0.19125
   1441.6   0.19155
   1442.4   0.19190
   1443.2   0.19236
   1444.0   0.19276
   1444.9   0.19316
   1445.7   0.19360
   1446.5   0.19399
   1447.3   0.19431
   1448.1   0.19469
   1448.9   0.19501
   1449.7   0.19536
   1450.5   0.19584
   1451.3   0.19633
   1452.1   0.19677
   1453.0   0.19710
   1453.8   0.19746
   1454.6   0.19775
   1455.4   0.19827
   1456.2   0.19879
   1457.0   0.19917
   1457.9   0.19949
   1458.7   0.19986
   1459.5   0.20022
   1460.3   0.20065
   1461.1   0.20121
   1462.0   0.20170
   1462.8   0.20204
   1463.6   0.20238
   1464.4   0.20281
   1465.3   0.20317
   1466.1   0.20350
   1466.9   0.20384
   1467.8   0.20424
   1468.6   0.20469
   1469.4   0.20509
   1470.3   0.20554
   1471.1   0.20594
   1471.9   0.20634
   1472.8   0.20675
   1473.6   0.20716
   1474.4   0.20762
   1475.3   0.20805
   1476.1   0.20845
   1477.0   0.20876
   1477.8   0.20916
   1478.6   0.20955
   1479.5   0.20994
   1480.3   0.21045
   1481.2   0.21089
   1482.0   0.21123
   1482.9   0.21164
   1483.7   0.21201
   1484.6   0.21243
   1485.4   0.21275
   1486.3   0.21316
   1487.1   0.21372
   1488.0   0.21421
   1488.8   0.21463
   1489.7   0.21504
   1490.6   0.21541
   1491.4   0.21580
   1492.3   0.21623
   1493.1   0.21663
   1494.0   0.21710
   1494.8   0.21747
   1495.7   0.21779
   1496.6   0.21815
   1497.4   0.21860
   1498.3   0.21896
   1499.2   0.21931
   1500.0   0.21976
   1500.9   0.22023
   1501.8   0.22069
   1502.6   0.22104
   1503.5   0.22145
   1504.4   0.22183
   1505.3   0.22224
   1506.1   0.22268
   1507.0   0.22306
   1507.9   0.22353
   1508.8   0.22403
   1509.6   0.22435
   1510.5   0.22478
   1511.4   0.22525
   1512.3   0.22559
   1513.2   0.22592
   1514.1   0.22631
   1514.9   0.22675
   1515.8   0.22722
   1516.7   0.22757
   1517.6   0.22791
   1518.5   0.22837
   1519.4   0.22874
   1520.3   0.22907
   1521.2   0.22949
   1522.1   0.23001
   1523.0   0.23041
   1523.8   0.23080
   1524.7   0.23121
   1525.6   0.23152
   1526.5   0.23185
   1527.4   0.23227
   1528.3   0.23272
   1529.2   0.23311
   1530.1   0.23355
   1531.0   0.23396
   1532.0   0.23436
   1532.9   0.23467
   1533.8   0.23493
   1534.7   0.23540
   1535.6   0.23585
   1536.5   0.23630
   1537.4   0.23674
   1538.3   0.23700
   1539.2   0.23747
   1540.1   0.23789
   1541.1   0.23820
   1542.0   0.23861
   1542.9   0.23910
   1543.8   0.23942
   1544.7   0.23963
   1545.7   0.24002
   1546.6   0.24057
   1547.5   0.24096
   1548.4   0.24121
   1549.4   0.24156
   1550.3   0.24190
   1551.2   0.24220
   1552.1   0.24266
   1553.1   0.24309
   1554.0   0.24348
   1554.9   0.24387
   1555.9   0.24416
   1556.8   0.24450
   1557.7   0.24481
   1558.7   0.24518
   1559.6   0.24552
   1560.5   0.24593
   1561.5   0.24633
   1562.4   0.24661
   1563.4   0.24699
   1564.3   0.24739
   1565.3   0.24772
   1566.2   0.24808
   1567.2   0.24850
   1568.1   0.24882
   1569.0   0.24918
   1570.0   0.24953
   1571.0   0.24985
   1571.9   0.25018
   1572.9   0.25059
   1573.8   0.25099
   1574.8   0.25128
   1575.7   0.25159
   1576.7   0.25192
   1577.6   0.25227
   1578.6   0.25263
   1579.6   0.25296
   1580.5   0.25318
   1581.5   0.25355
   1582.5   0.25388
   1583.4   0.25418
   1584.4   0.25454
   1585.4   0.25495
   1586.3   0.25539
   1587.3   0.25567
   1588.3   0.25584
   1589.3   0.25622
   1590.2   0.25650
   1591.2   0.25675
   1592.2   0.25711
   1593.2   0.25751
   1594.1   0.25782
   1595.1   0.25805
   1596.1   0.25829
   1597.1   0.25864
   1598.1   0.25900
   1599.1   0.25928
   1600.0   0.25964
   1601.0   0.25990
   1602.0   0.26014
   1603.0   0.26050
   1604.0   0.26081
   1605.0   0.26099
   1606.0   0.26126
   1607.0   0.26163
   1608.0   0.26190
   1609.0   0.26216
   1610.0   0.26243
   1611.0   0.26264
   1612.0   0.26295
   1613.0   0.26333
   1614.0   0.26360
   1615.0   0.26383
   1616.0   0.26407
   1617.0   0.26434
   1618.0   0.26467
   1619.0   0.26495
   1620.0   0.26522
   1621.1   0.26542
   1622.1   0.26567
   1623.1   0.26596
   1624.1   0.26629
   1625.1   0.26653
   1626.1   0.26676
   1627.2   0.26692
   1628.2   0.26709
   1629.2   0.26737
   1630.2   0.26769
   1631.3   0.26796
   1632.3   0.26825
   1633.3   0.26850
   1634.3   0.26872
   1635.4   0.26890
   1636.4   0.26910
   1637.4   0.26936
   1638.5   0.26973
   1639.5   0.26991
   1640.5   0.27008
   1641.6   0.27028
   1642.6   0.27043
   1643.7   0.27071
   1644.7   0.27090
   1645.8   0.27107
   1646.8   0.27134
   1647.8   0.27144
   1648.9   0.27164
   1649.9   0.27197
   1651.0   0.27225
   1652.1   0.27237
   1653.1   0.27255
   1654.2   0.27283
   1655.2   0.27298
   1656.3   0.27323
   1657.3   0.27347
   1658.4   0.27354
   1659.5   0.27369
   1660.5   0.27391
   1661.6   0.27408
   1662.6   0.27419
   1663.7   0.27431
   1664.8   0.27461
   1665.9   0.27487
   1666.9   0.27502
   1668.0   0.27528
   1669.1   0.27548
   1670.1   0.27557
   1671.2   0.27569
   1672.3   0.27576
   1673.4   0.27592
   1674.5   0.27610
   1675.5   0.27632
   1676.6   0.27658
   1677.7   0.27669
   1678.8   0.27675
   1679.9   0.27696
   1681.0   0.27715
   1682.1   0.27728
   1683.2   0.27746
   1684.3   0.27768
   1685.3   0.27785
   1686.4   0.27804
   1687.5   0.27813
   1688.6   0.27816
   1689.7   0.27827
   1690.8   0.27847
   1692.0   0.27861
   1693.1   0.27880
   1694.2   0.27898
   1695.3   0.27907
   1696.4   0.27910
   1697.5   0.27921
   1698.6   0.27939
   1699.7   0.27958
   1700.8   0.27985
   1701.9   0.27998
   1703.1   0.28001
   1704.2   0.28004
   1705.3   0.28015
   1706.4   0.28033
   1707.6   0.28042
   1708.7   0.28051
   1709.8   0.28058
   1710.9   0.28061
   1712.1   0.28076
   1713.2   0.28107
   1714.3   0.28125
   1715.5   0.28126
   1716.6   0.28138
   1717.7   0.28152
   1718.9   0.28162
   1720.0   0.28180
   1721.2   0.28195
   1722.3   0.28194
   1723.4   0.28194
   1724.6   0.28199
   1725.7   0.28211
   1726.9   0.28226
   1728.0   0.28234
   1729.2   0.28244
   1730.4   0.28262
   1731.5   0.28274
   1732.7   0.28293
   1733.8   0.28297
   1735.0   0.28304
   1736.1   0.28313
   1737.3   0.28315
   1738.5   0.28319
   1739.6   0.28330
   1740.8   0.28340
   1742.0   0.28354
   1743.2   0.28351
   1744.3   0.28349
   1745.5   0.28362
   1746.7   0.28375
   1747.9   0.28385
   1749.0   0.28390
   1750.2   0.28394
   1751.4   0.28397
   1752.6   0.28404
   1753.8   0.28423
   1755.0   0.28433
   1756.1   0.28434
   1757.3   0.28434
   1758.5   0.28447
   1759.7   0.28458
   1760.9   0.28459
   1762.1   0.28465
   1763.3   0.28472
   1764.5   0.28483
   1765.7   0.28490
   1766.9   0.28497
   1768.1   0.28498
   1769.3   0.28501
   1770.5   0.28512
   1771.7   0.28517
   1773.0   0.28517
   1774.2   0.28515
   1775.4   0.28525
   1776.6   0.28538
   1777.8   0.28536
   1779.0   0.28548
   1780.3   0.28558
   1781.5   0.28563
   1782.7   0.28567
   1783.9   0.28563
   1785.2   0.28564
   1786.4   0.28571
   1787.6   0.28584
   1788.9   0.28589
   1790.1   0.28590
   1791.3   0.28589
   1792.6   0.28587
   1793.8   0.28596
   1795.1   0.28606
   1796.3   0.28612
   1797.6   0.28621
   1798.8   0.28621
   1800.0   0.28624
   1801.3   0.28635
   1802.6   0.28638
   1803.8   0.28647
   1805.1   0.28645
   1806.3   0.28651
   1807.6   0.28657
   1808.8   0.28656
   1810.1   0.28653
   1811.4   0.28666
   1812.6   0.28678
   1813.9   0.28673
   1815.2   0.28677
   1816.4   0.28693
   1817.7   0.28690
   1819.0   0.28682
   1820.3   0.28695
   1821.6   0.28736
   1822.8   0.28730
   1824.1   0.28705
   1825.4   0.28698
   1826.7   0.28738
   1828.0   0.28743
   1829.3   0.28719
   1830.6   0.28731
   1831.8   0.28745
   1833.1   0.28743
   1834.4   0.28725
   1835.7   0.28749
   1837.0   0.28802
   1838.3   0.28806
   1839.7   0.28788
   1841.0   0.28794
   1842.3   0.28810
   1843.6   0.28800
   1844.9   0.28744
   1846.2   0.28741
   1847.5   0.28816
   1848.8   0.28848
   1850.2   0.28789
   1851.5   0.28756
   1852.8   0.28753
   1854.1   0.28796
   1855.5   0.28793
   1856.8   0.28778
   1858.1   0.28785
   1859.4   0.28787
   1860.8   0.28823
   1862.1   0.28789
   1863.5   0.28753
   1864.8   0.28766
   1866.1   0.28770
   1867.5   0.28795
   1868.8   0.28840
   1870.2   0.28828
   1871.5   0.28865
   1872.9   0.28888
   1874.2   0.28880
   1875.6   0.28830
   1876.9   0.28814
   1878.3   0.28817
   1879.7   0.28773
   1881.0   0.28764
   1882.4   0.28762
   1883.8   0.28768
   1885.1   0.28784
   1886.5   0.28775
   1887.9   0.28774
   1889.3   0.28776
   1890.6   0.28796
   1892.0   0.28806
   1893.4   0.28795
   1894.8   0.28783
   1896.2   0.28767
   1897.6   0.28766
   1899.0   0.28785
   1900.3   0.28823
   1901.7   0.28806
   1903.1   0.28790
   1904.5   0.28807
   1905.9   0.28830
   1907.3   0.28827
   1908.7   0.28781
   1910.1   0.28764
   1911.6   0.28774
   1913.0   0.28785
   1914.4   0.28790
   1915.8   0.28771
   1917.2   0.28750
   1918.6   0.28745
   1920.0   0.28779
   1921.5   0.28824
   1922.9   0.28778
   1924.3   0.28758
   1925.8   0.28765
   1927.2   0.28740
   1928.6   0.28751
   1930.1   0.28764
   1931.5   0.28761
   1932.9   0.28749
   1934.4   0.28747
   1935.8   0.28750
   1937.3   0.28753
   1938.7   0.28762
   1940.2   0.28764
   1941.6   0.28749
   1943.1   0.28748
   1944.5   0.28754
   1946.0   0.28758
   1947.5   0.28754
   1948.9   0.28752
   1950.4   0.28750
   1951.9   0.28743
   1953.3   0.28747
   1954.8   0.28757
   1956.3   0.28755
   1957.8   0.28757
   1959.2   0.28758
   1960.7   0.28748
   1962.2   0.28743
   1963.7   0.28744
   1965.2   0.28750
   1966.7   0.28753
   1968.2   0.28758
   1969.7   0.28752
   1971.2   0.28748
   1972.7   0.28756
   1974.2   0.28758
   1975.7   0.28758
   1977.2   0.28761
   1978.7   0.28752
   1980.2   0.28755
   1981.7   0.28760
   1983.2   0.28755
   1984.7   0.28754
   1986.3   0.28764
   1987.8   0.28772
   1989.3   0.28770
   1990.8   0.28765
   1992.4   0.28755
   1993.9   0.28751
   1995.4   0.28754
   1997.0   0.28760
   1998.5   0.28774
   2000.1   0.28770
   2001.6   0.28766
   2003.1   0.28774
   2004.7   0.28776
   2006.2   0.28777
   2007.8   0.28774
   2009.4   0.28767
   2010.9   0.28761
   2012.5   0.28760
   2014.0   0.28762
   2015.6   0.28763
   2017.2   0.28767
   2018.7   0.28770
   2020.3   0.28757
   2021.9   0.28755
   2023.5   0.28768
   2025.1   0.28774
   2026.6   0.28768
   2028.2   0.28764
   2029.8   0.28762
   2031.4   0.28765
   2033.0   0.28776
   2034.6   0.28778
   2036.2   0.28774
   2037.8   0.28770
   2039.4   0.28765
   2041.0   0.28763
   2042.6   0.28764
   2044.2   0.28766
   2045.8   0.28764
   2047.4   0.28761
   2049.1   0.28765
   2050.7   0.28774
   2052.3   0.28773
   2053.9   0.28767
   2055.6   0.28758
   2057.2   0.28759
   2058.8   0.28756
   2060.5   0.28757
   2062.1   0.28763
   2063.7   0.28759
   2065.4   0.28754
   2067.0   0.28755
   2068.7   0.28762
   2070.3   0.28769
   2072.0   0.28767
   2073.7   0.28761
   2075.3   0.28765
   2077.0   0.28770
   2078.6   0.28764
   2080.3   0.28764
   2082.0   0.28765
   2083.7   0.28766
   2085.3   0.28764
   2087.0   0.28766
   2088.7   0.28767
   2090.4   0.28772
   2092.1   0.28775
   2093.8   0.28772
   2095.4   0.28774
   2097.1   0.28771
   2098.8   0.28773
   2100.5   0.28773
   2102.2   0.28767
   2104.0   0.28769
   2105.7   0.28766
   2107.4   0.28760
   2109.1   0.28764
   2110.8   0.28766
   2112.5   0.28765
   2114.2   0.28766
   2116.0   0.28764
   2117.7   0.28759
   2119.4   0.28757
   2121.2   0.28756
   2122.9   0.28755
   2124.6   0.28758
   2126.4   0.28763
   2128.1   0.28759
   2129.9   0.28752
   2131.6   0.28755
   2133.4   0.28759
   2135.1   0.28763
   2136.9   0.28760
   2138.7   0.28755
   2140.4   0.28750
   2142.2   0.28750
   2144.0   0.28747
   2145.8   0.28742
   2147.5   0.28744
   2149.3   0.28748
   2151.1   0.28751
   2152.9   0.28750
   2154.7   0.28749
   2156.5   0.28746
   2158.3   0.28737
   2160.1   0.28733
   2161.9   0.28741
   2163.7   0.28743
   2165.5   0.28741
   2167.3   0.28731
   2169.1   0.28727
   2170.9   0.28731
   2172.7   0.28733
   2174.6   0.28735
   2176.4   0.28729
   2178.2   0.28728
   2180.0   0.28726
   2181.9   0.28728
   2183.7   0.28726
   2185.6   0.28724
   2187.4   0.28739
   2189.2   0.28744
   2191.1   0.28733
   2193.0   0.28727
   2194.8   0.28733
   2196.7   0.28727
   2198.5   0.28721
   2200.4   0.28715
   2202.3   0.28714
   2204.1   0.28712
   2206.0   0.28699
   2207.9   0.28697
   2209.8   0.28708
   2211.7   0.28712
   2213.6   0.28714
   2215.4   0.28714
   2217.3   0.28707
   2219.2   0.28711
   2221.1   0.28715
   2223.0   0.28710
   2225.0   0.28701
   2226.9   0.28699
   2228.8   0.28701
   2230.7   0.28698
   2232.6   0.28704
   2234.5   0.28706
   2236.5   0.28702
   2238.4   0.28697
   2240.3   0.28688
   2242.3   0.28686
   2244.2   0.28696
   2246.2   0.28696
   2248.1   0.28697
   2250.1   0.28697
   2252.0   0.28687
   2254.0   0.28673
   2255.9   0.28671
   2257.9   0.28677
   2259.9   0.28672
   2261.8   0.28669
   2263.8   0.28666
   2265.8   0.28664
   2267.8   0.28661
   2269.8   0.28652
   2271.8   0.28642
   2273.7   0.28642
   2275.7   0.28643
   2277.7   0.28631
   2279.7   0.28627
   2281.7   0.28634
   2283.8   0.28638
   2285.8   0.28628
   2287.8   0.28623
   2289.8   0.28622
   2291.8   0.28616
   2293.9   0.28614
   2295.9   0.28619
   2297.9   0.28611
   2300.0   0.28616
   2302.0   0.28618
   2304.1   0.28619
   2306.1   0.28615
   2308.2   0.28607
   2310.2   0.28615
   2312.3   0.28614
   2314.3   0.28610
   2316.4   0.28604
   2318.5   0.28606
   2320.6   0.28614
   2322.6   0.28614
   2324.7   0.28616
   2326.8   0.28620
   2328.9   0.28630
   2331.0   0.28634
   2333.1   0.28634
   2335.2   0.28619
   2337.3   0.28612
   2339.4   0.28616
   2341.5   0.28623
   2343.6   0.28626
   2345.8   0.28633
   2347.9   0.28630
   2350.0   0.28621
   2352.1   0.28617
   2354.3   0.28613
   2356.4   0.28609
   2358.6   0.28607
   2360.7   0.28609
   2362.9   0.28617
   2365.0   0.28620
   2367.2   0.28617
   2369.3   0.28618
   2371.5   0.28616
   2373.7   0.28611
   2375.9   0.28604
   2378.0   0.28607
   2380.2   0.28619
   2382.4   0.28617
   2384.6   0.28612
   2386.8   0.28622
   2389.0   0.28623
   2391.2   0.28623
   2393.4   0.28622
   2395.6   0.28611
   2397.8   0.28599
   2400.1   0.28611
   2402.3   0.28621
   2404.5   0.28618
   2406.7   0.28612
   2409.0   0.28617
   2411.2   0.28616
   2413.5   0.28612
   2415.7   0.28611
   2418.0   0.28614
   2420.2   0.28613
   2422.5   0.28604
   2424.8   0.28607
   2427.0   0.28619
   2429.3   0.28613
   2431.6   0.28606
   2433.9   0.28610
   2436.2   0.28601
   2438.4   0.28590
   2440.7   0.28589
   2443.0   0.28588
   2445.3   0.28580
   2447.7   0.28577
   2450.0   0.28568
   2452.3   0.28569
   2454.6   0.28568
   2456.9   0.28559
   2459.3   0.28552
   2461.6   0.28545
   2463.9   0.28539
   2466.3   0.28552
   2468.6   0.28548
   2471.0   0.28546
   2473.3   0.28556
   2475.7   0.28561
   2478.1   0.28558
   2480.4   0.28546
   2482.8   0.28540
   2485.2   0.28550
   2487.6   0.28559
   2490.0   0.28552
   2492.4   0.28552
   2494.8   0.28553
   2497.2   0.28555
   2499.6   0.28540
   2502.0   0.28529
   2504.4   0.28537
   2506.8   0.28540
   2509.3   0.28530
   2511.7   0.28528
   2514.1   0.28535
   2516.6   0.28542
   2519.0   0.28542
   2521.5   0.28536
   2523.9   0.28534
   2526.4   0.28536
   2528.8   0.28536
   2531.3   0.28554
   2533.8   0.28591
   2536.3   0.28596
   2538.8   0.28582
   2541.2   0.28541
   2543.7   0.28570
   2546.2   0.28606
   2548.7   0.28599
   2551.2   0.28599
   2553.8   0.28613
   2556.3   0.28559
   2558.8   0.28507
   2561.3   0.28632
   2563.9   0.28829
   2566.4   0.28766
   2568.9   0.28629
   2571.5   0.28646
   2574.0   0.28675
   2576.6   0.28705
   2579.2   0.28660
   2581.7   0.28621
   2584.3   0.28724
   2586.9   0.28769
   2589.5   0.28719
   2592.1   0.28638
   2594.7   0.28723
   2597.3   0.28884
   2599.9   0.28633
   2602.5   0.28567
   2605.1   0.28723
   2607.7   0.28783
   2610.3   0.28675
   2613.0   0.28581
   2615.6   0.28588
   2618.3   0.28721
   2620.9   0.28732
   2623.6   0.28564
   2626.2   0.28478
   2628.9   0.28586
   2631.5   0.28660
   2634.2   0.28631
   2636.9   0.28493
   2639.6   0.28385
   2642.3   0.28372
   2645.0   0.28423
   2647.7   0.28439
   2650.4   0.28379
   2653.1   0.28396
   2655.8   0.28468
   2658.5   0.28418
   2661.3   0.28440
   2664.0   0.28473
   2666.7   0.28620
   2669.5   0.28717
   2672.2   0.28642
   2675.0   0.28471
   2677.8   0.28512
   2680.5   0.28489
   2683.3   0.28235
   2686.1   0.28134
   2688.9   0.28018
   2691.7   0.27821
   2694.5   0.27742
   2697.3   0.27652
   2700.1   0.27337
   2702.9   0.27070
   2705.7   0.26814
   2708.5   0.26640
   2711.4   0.26617
   2714.2   0.26470
   2717.1   0.26299
   2719.9   0.26278
   2722.8   0.26293
   2725.6   0.26231
   2728.5   0.26088
   2731.4   0.25921
   2734.2   0.25859
   2737.1   0.25835
   2740.0   0.25869
   2742.9   0.25911
   2745.8   0.25729
   2748.7   0.25545
   2751.7   0.25466
   2754.6   0.25489
   2757.5   0.25513
   2760.5   0.25350
   2763.4   0.25261
   2766.3   0.25267
   2769.3   0.25187
   2772.3   0.25095
   2775.2   0.24953
   2778.2   0.24850
   2781.2   0.24811
   2784.2   0.24768
   2787.2   0.24733
   2790.2   0.24685
   2793.2   0.24532
   2796.2   0.24440
   2799.2   0.24388
   2802.2   0.24374
   2805.3   0.24423
   2808.3   0.24313
   2811.4   0.24139
   2814.4   0.24064
   2817.5   0.24043
   2820.5   0.24022
   2822.1   0.23985
   2823.6   0.23954
   2825.1   0.23941
   2826.7   0.23939
   2828.2   0.23932
   2829.8   0.23909
   2831.3   0.23890
   2832.9   0.23873
   2834.4   0.23862
   2836.0   0.23841
   2837.5   0.23814
   2839.1   0.23791
   2840.6   0.23768
   2842.2   0.23748
   2843.7   0.23737
   2845.3   0.23718
   2846.9   0.23705
   2848.4   0.23698
   2850.0   0.23687
   2851.6   0.23660
   2853.1   0.23646
   2854.7   0.23640
   2856.3   0.23627
   2857.8   0.23600
   2859.4   0.23588
   2861.0   0.23578
   2862.6   0.23562
   2864.2   0.23545
   2865.7   0.23535
   2867.3   0.23524
   2868.9   0.23514
   2870.5   0.23495
   2872.1   0.23488
   2873.7   0.23475
   2875.3   0.23453
   2876.9   0.23436
   2878.5   0.23432
   2880.1   0.23423
   2881.7   0.23410
   2883.3   0.23392
   2884.9   0.23380
   2886.5   0.23368
   2888.1   0.23362
   2889.7   0.23353
   2891.3   0.23340
   2892.9   0.23326
   2894.5   0.23319
   2896.2   0.23304
   2897.8   0.23294
   2899.4   0.23286
   2901.0   0.23283
   2902.7   0.23273
   2904.3   0.23259
   2905.9   0.23247
   2907.5   0.23237
   2909.2   0.23224
   2910.8   0.23215
   2912.4   0.23200
   2914.1   0.23195
   2915.7   0.23188
   2917.4   0.23183
   2919.0   0.23177
   2920.6   0.23167
   2922.3   0.23163
   2923.9   0.23160
   2925.6   0.23151
   2927.2   0.23145
   2928.9   0.23130
   2930.5   0.23122
   2932.2   0.23113
   2933.9   0.23113
   2935.5   0.23108
   2937.2   0.23104
   2938.9   0.23100
   2940.5   0.23092
   2942.2   0.23077
   2943.9   0.23080
   2945.5   0.23079
   2947.2   0.23077
   2948.9   0.23069
   2950.6   0.23061
   2952.2   0.23061
   2953.9   0.23065
   2955.6   0.23063
   2957.3   0.23060
   2959.0   0.23054
   2960.7   0.23049
   2962.4   0.23047
   2964.1   0.23042
   2965.8   0.23039
   2967.4   0.23038
   2969.1   0.23032
   2970.9   0.23024
   2972.6   0.23021
   2974.3   0.23025
   2976.0   0.23017
   2977.7   0.23014
   2979.4   0.23012
   2981.1   0.23020
   2982.8   0.23021
   2984.5   0.23022
   2986.3   0.23019
   2988.0   0.23026
   2989.7   0.23031
   2991.4   0.23033
   2993.1   0.23031
   2994.9   0.23031
   2996.6   0.23026
   2998.3   0.23028
   3000.1   0.23027
   3001.8   0.23035
   3003.6   0.23031
   3005.3   0.23033
   3007.0   0.23032
   3008.8   0.23037
   3010.5   0.23040
   3012.3   0.23045
   3014.0   0.23054
   3015.8   0.23064
   3017.5   0.23069
   3019.3   0.23075
   3021.1   0.23073
   3022.8   0.23077
   3024.6   0.23077
   3026.3   0.23076
   3028.1   0.23075
   3029.9   0.23087
   3031.7   0.23097
   3033.4   0.23098
   3035.2   0.23099
   3037.0   0.23100
   3038.8   0.23099
   3040.5   0.23102
   3042.3   0.23107
   3044.1   0.23114
   3045.9   0.23113
   3047.7   0.23119
   3049.5   0.23122
   3051.3   0.23126
   3053.1   0.23126
   3054.9   0.23134
   3056.7   0.23131
   3058.5   0.23130
   3060.3   0.23133
   3062.1   0.23144
   3063.9   0.23144
   3065.7   0.23145
   3067.5   0.23146
   3069.4   0.23150
   3071.2   0.23152
   3073.0   0.23158
   3074.8   0.23152
   3076.6   0.23153
   3078.5   0.23160
   3080.3   0.23165
   3082.1   0.23164
   3084.0   0.23171
   3085.8   0.23177
   3087.6   0.23184
   3089.5   0.23184
   3091.3   0.23189
   3093.2   0.23189
   3095.0   0.23192
   3096.9   0.23198
   3098.7   0.23205
   3100.6   0.23209
   3102.4   0.23214
   3104.3   0.23218
   3106.1   0.23228
   3108.0   0.23235
   3109.9   0.23238
   3111.7   0.23242
   3113.6   0.23249
   3115.5   0.23255
   3117.3   0.23264
   3119.2   0.23267
   3121.1   0.23278
   3123.0   0.23286
   3124.9   0.23289
   3126.7   0.23297
   3128.6   0.23310
   3130.5   0.23309
   3132.4   0.23312
   3134.3   0.23319
   3136.2   0.23329
   3138.1   0.23328
   3140.0   0.23336
   3141.9   0.23346
   3143.8   0.23354
   3145.7   0.23359
   3147.6   0.23368
   3149.5   0.23370
   3151.4   0.23373
   3153.4   0.23381
   3155.3   0.23390
   3157.2   0.23392
   3159.1   0.23402
   3161.1   0.23406
   3163.0   0.23414
   3164.9   0.23421
   3166.9   0.23426
   3168.8   0.23426
   3170.7   0.23430
   3172.7   0.23428
   3174.6   0.23435
   3176.6   0.23447
   3178.5   0.23458
   3180.5   0.23459
   3182.4   0.23464
   3184.4   0.23469
   3186.3   0.23469
   3188.3   0.23468
   3190.2   0.23479
   3192.2   0.23487
   3194.2   0.23492
   3196.1   0.23489
   3198.1   0.23497
   3200.1   0.23500
   3202.1   0.23507
   3204.0   0.23507
   3206.0   0.23499
   3208.0   0.23496
   3210.0   0.23501
   3212.0   0.23509
   3214.0   0.23515
   3216.0   0.23519
   3218.0   0.23518
   3220.0   0.23517
   3222.0   0.23522
   3224.0   0.23526
   3226.0   0.23527
   3228.0   0.23527
   3230.0   0.23532
   3232.0   0.23535
   3234.0   0.23534
   3236.0   0.23531
   3238.1   0.23530
   3240.1   0.23531
   3242.1   0.23530
   3244.1   0.23525
   3246.2   0.23526
   3248.2   0.23524
   3250.2   0.23525
   3252.3   0.23526
   3254.3   0.23532
   3256.4   0.23528
   3258.4   0.23523
   3260.5   0.23516
   3262.5   0.23512
   3264.6   0.23513
   3266.6   0.23515
   3268.7   0.23509
   3270.7   0.23511
   3272.8   0.23508
   3274.9   0.23500
   3277.0   0.23491
   3279.0   0.23495
   3281.1   0.23493
   3283.2   0.23487
   3285.3   0.23478
   3287.3   0.23475
   3289.4   0.23468
   3291.5   0.23470
   3293.6   0.23467
   3295.7   0.23458
   3297.8   0.23447
   3299.9   0.23443
   3302.0   0.23438
   3304.1   0.23433
   3306.2   0.23422
   3308.3   0.23416
   3310.4   0.23404
   3312.5   0.23395
   3314.7   0.23379
   3316.8   0.23374
   3318.9   0.23354
   3321.0   0.23339
   3323.2   0.23330
   3325.3   0.23328
   3327.4   0.23318
   3329.6   0.23306
   3331.7   0.23294
   3333.8   0.23283
   3336.0   0.23271
   3338.1   0.23256
   3340.3   0.23245
   3342.4   0.23228
   3344.6   0.23211
   3346.8   0.23200
   3348.9   0.23190
   3351.1   0.23176
   3353.3   0.23159
   3355.4   0.23140
   3357.6   0.23125
   3359.8   0.23115
   3362.0   0.23100
   3364.1   0.23080
   3366.3   0.23065
   3368.5   0.23049
   3370.7   0.23028
   3372.9   0.23015
   3375.1   0.22999
   3377.3   0.22988
   3379.5   0.22979
   3381.7   0.22973
   3383.9   0.22971
   3386.1   0.22973
   3388.3   0.22969
   3390.5   0.22967
   3392.8   0.22958
   3395.0   0.22946
   3397.2   0.22929
   3399.4   0.22913
   3401.7   0.22897
   3403.9   0.22880
   3406.1   0.22852
   3408.4   0.22831
   3410.6   0.22807
   3412.9   0.22789
   3415.1   0.22773
   3417.4   0.22766
   3419.6   0.22761
   3421.9   0.22766
   3424.1   0.22780
   3426.4   0.22798
   3428.7   0.22812
   3430.9   0.22821
   3433.2   0.22828
   3435.5   0.22837
   3437.8   0.22848
   3440.0   0.22853
   3442.3   0.22850
   3444.6   0.22846
   3446.9   0.22843
   3449.2   0.22842
   3451.5   0.22836
   3453.8   0.22831
   3456.1   0.22825
   3458.4   0.22819
   3460.7   0.22811
   3463.0   0.22803
   3465.3   0.22791
   3467.6   0.22782
   3470.0   0.22768
   3472.3   0.22754
   3474.6   0.22740
   3477.0   0.22730
   3479.3   0.22713
   3481.6   0.22696
   3484.0   0.22678
   3486.3   0.22667
   3488.7   0.22648
   3491.0   0.22633
   3493.4   0.22614
   3495.7   0.22593
   3498.1   0.22566
   3500.4   0.22545
   3502.8   0.22531
   3505.2   0.22523
   3507.5   0.22521
   3509.9   0.22525
   3512.3   0.22529
   3514.7   0.22533
   3517.1   0.22535
   3519.4   0.22535
   3521.8   0.22524
   3524.2   0.22516
   3526.6   0.22511
   3529.0   0.22505
   3531.4   0.22495
   3533.8   0.22486
   3536.2   0.22477
   3538.7   0.22466
   3541.1   0.22454
   3543.5   0.22440
   3545.9   0.22424
   3548.3   0.22410
   3550.8   0.22397
   3553.2   0.22384
   3555.6   0.22372
   3558.1   0.22358
   3560.5   0.22342
   3563.0   0.22328
   3565.4   0.22314
   3567.9   0.22298
   3570.3   0.22284
   3572.8   0.22270
   3575.3   0.22256
   3577.7   0.22242
   3580.2   0.22225
   3582.7   0.22207
   3585.2   0.22190
   3587.6   0.22173
   3590.1   0.22158
   3592.6   0.22144
   3595.1   0.22123
   3597.6   0.22108
   3600.1   0.22088
   3602.6   0.22072
   3605.1   0.22051
   3607.6   0.22033
   3610.1   0.22013
   3612.6   0.22000
   3615.2   0.21982
   3617.7   0.21960
   3620.2   0.21935
   3622.7   0.21916
   3625.3   0.21894
   3627.8   0.21873
   3630.3   0.21854
   3632.9   0.21833
   3635.4   0.21808
   3638.0   0.21789
   3640.5   0.21766
   3643.1   0.21743
   3645.7   0.21720
   3648.2   0.21703
   3650.8   0.21683
   3653.4   0.21664
   3655.9   0.21646
   3658.5   0.21628
   3661.1   0.21606
   3663.7   0.21587
   3666.3   0.21566
   3668.9   0.21548
   3671.5   0.21527
   3674.1   0.21511
   3676.7   0.21489
   3679.3   0.21471
   3681.9   0.21447
   3684.5   0.21423
   3687.2   0.21397
   3689.8   0.21375
   3692.4   0.21349
   3695.0   0.21325
   3697.7   0.21301
   3700.3   0.21275
   3703.0   0.21246
   3705.6   0.21223
   3708.3   0.21197
   3710.9   0.21168
   3713.6   0.21142
   3716.2   0.21119
   3718.9   0.21091
   3721.6   0.21065
   3724.2   0.21038
   3726.9   0.21011
   3729.6   0.20984
   3732.3   0.20960
   3735.0   0.20932
   3737.7   0.20908
   3740.4   0.20883
   3743.1   0.20858
   3745.8   0.20834
   3748.5   0.20807
   3751.2   0.20780
   3753.9   0.20756
   3756.6   0.20729
   3759.3   0.20704
   3762.1   0.20676
   3764.8   0.20651
   3767.5   0.20625
   3770.3   0.20596
   3773.0   0.20566
   3775.8   0.20540
   3778.5   0.20513
   3781.3   0.20486
   3784.0   0.20459
   3786.8   0.20434
   3789.6   0.20404
   3792.3   0.20377
   3795.1   0.20349
   3797.9   0.20326
   3800.7   0.20301
   3803.5   0.20279
   3806.3   0.20249
   3809.1   0.20222
   3811.9   0.20196
   3814.7   0.20173
   3817.5   0.20148
   3820.3   0.20126
   3823.1   0.20103
   3825.9   0.20081
   3828.8   0.20058
   3831.6   0.20041
   3834.4   0.20021
   3837.3   0.20002
   3840.1   0.19984
   3842.9   0.19969
   3845.8   0.19951
   3848.7   0.19935
   3851.5   0.19920
   3854.4   0.19909
   3857.2   0.19892
   3860.1   0.19879
   3863.0   0.19863
   3865.9   0.19848
   3868.8   0.19834
   3871.6   0.19818
   3874.5   0.19801
   3877.4   0.19789
   3880.3   0.19771
   3883.2   0.19759
   3886.2   0.19743
   3889.1   0.19732
   3892.0   0.19716
   3894.9   0.19705
   3897.8   0.19689
   3900.8   0.19674
   3903.7   0.19654
   3906.7   0.19637
   3909.6   0.19618
   3912.6   0.19603
   3915.5   0.19585
   3918.5   0.19570
   3921.4   0.19548
   3924.4   0.19529
   3927.4   0.19510
   3930.4   0.19493
   3933.3   0.19472
   3936.3   0.19450
   3939.3   0.19425
   3942.3   0.19407
   3945.3   0.19383
   3948.3   0.19359
   3951.3   0.19332
   3954.3   0.19307
   3957.4   0.19279
   3960.4   0.19253
   3963.4   0.19224
   3966.4   0.19192
   3969.5   0.19159
   3972.5   0.19128
   3975.6   0.19091
   3978.6   0.19055
   3981.7   0.19015
   3984.7   0.18979
   3987.8   0.18937
   3990.9   0.18896
   3993.9   0.18854
   3997.0   0.18811
   4000.1   0.18767
   4003.2   0.18729
   4006.3   0.18690
   4009.4   0.18654
   4012.5   0.18620
   4015.6   0.18588
   4018.7   0.18559
   4021.8   0.18538
   4024.9   0.18520
   4028.1   0.18509
   4031.2   0.18500
   4034.3   0.18494
   4037.5   0.18489
   4040.6   0.18491
   4043.8   0.18490
   4046.9   0.18492
   4050.1   0.18491
   4053.3   0.18487
   4056.4   0.18482
   4059.6   0.18475
   4062.8   0.18465
   4066.0   0.18458
   4069.2   0.18448
   4072.4   0.18435
   4075.6   0.18415
   4078.8   0.18399
   4082.0   0.18381
   4085.2   0.18366
   4088.4   0.18345
   4091.7   0.18326
   4094.9   0.18303
   4098.1   0.18283
   4101.4   0.18259
   4104.6   0.18234
   4107.9   0.18209
   4111.1   0.18183
   4114.4   0.18156
   4117.7   0.18135
   4120.9   0.18108
   4124.2   0.18082
   4127.5   0.18053
   4130.8   0.18028
   4134.1   0.18000
   4137.4   0.17973
   4140.7   0.17945
   4144.0   0.17920
   4147.3   0.17893
   4150.6   0.17864
   4154.0   0.17830
   4157.3   0.17804
   4160.6   0.17776
   4164.0   0.17750
   4167.3   0.17719
   4170.7   0.17690
   4174.0   0.17660
   4177.4   0.17631
   4382.2   0.15863
   4385.9   0.15830
   4389.6   0.15802
   4393.3   0.15772
   4397.1   0.15741
   4400.8   0.15709
   4404.5   0.15676
   4408.3   0.15646
   4412.0   0.15619
   4415.8   0.15589
   4419.6   0.15560
   4423.3   0.15528
   4427.1   0.15499
   4430.9   0.15468
   4434.7   0.15437
   4438.5   0.15404
   4442.3   0.15373
   4446.1   0.15344
   4449.9   0.15314
   4453.7   0.15281
   4457.6   0.15252
   4461.4   0.15221
   4465.2   0.15191
   4469.1   0.15154
   4472.9   0.15123
   4476.8   0.15093
   4480.7   0.15065
   4484.5   0.15033
   4488.4   0.15002
   4492.3   0.14970
   4496.2   0.14940
   4500.1   0.14908
   4504.0   0.14880
   4507.9   0.14845
   4511.9   0.14813
   4515.8   0.14776
   4519.7   0.14744
   4523.7   0.14713
   4527.6   0.14682
   4531.6   0.14647
   4535.6   0.14610
   4539.5   0.14572
   4543.5   0.14541
   4547.5   0.14510
   4551.5   0.14477
   4555.5   0.14444
   4559.5   0.14410
   4563.5   0.14372
   4567.5   0.14336
   4571.5   0.14304
   4575.6   0.14271
   4579.6   0.14233
   4583.7   0.14201
   4587.7   0.14166
   4591.8   0.14134
   4595.9   0.14102
   4599.9   0.14070
   4604.0   0.14040
   4608.1   0.14009
   4612.2   0.13977
   4616.3   0.13948
   4620.4   0.13915
   4624.6   0.13883
   4628.7   0.13853
   4632.8   0.13827
   4637.0   0.13797
   4641.1   0.13768
   4645.3   0.13740
   4649.4   0.13715
   4653.6   0.13686
   4657.8   0.13658
   4662.0   0.13629
   4666.2   0.13603
   4670.4   0.13575
   4674.6   0.13547
   4678.8   0.13518
   4683.0   0.13493
   4687.3   0.13465
   4691.5   0.13439
   4695.8   0.13408
   4700.0   0.13377
   4704.3   0.13346
   4708.6   0.13317
   4712.9   0.13286
   4717.1   0.13256
   4721.4   0.13221
   4725.7   0.13188
   4730.1   0.13156
   4734.4   0.13124
   4738.7   0.13087
   4743.0   0.13050
   4747.4   0.13013
   4751.7   0.12978
   4756.1   0.12940
   4760.5   0.12901
   4764.8   0.12859
   4769.2   0.12820
   4773.6   0.12777
   4778.0   0.12733
   4782.4   0.12684
   4786.8   0.12635
   4791.3   0.12581
   4795.7   0.12528
   4800.1   0.12473
   4804.6   0.12416
   4809.0   0.12351
   4813.5   0.12287
   4818.0   0.12216
   4822.5   0.12141
   4826.9   0.12066
   4831.4   0.11985
   4835.9   0.11894
   4840.5   0.11795
   4845.0   0.11688
   4849.5   0.11567
   4854.1   0.11430
   4858.6   0.11281
   4863.2   0.11111
   4867.7   0.10917
   4872.3   0.10698
   4876.9   0.10458
   4881.5   0.10200
   4886.1   0.09930
   4890.7   0.09654
   4895.3   0.09380
   4899.9   0.09113
   4904.6   0.08864
   4909.2   0.08635
   4913.9   0.08423
   4918.5   0.08229
   4923.2   0.08053
   4927.9   0.07887
   4932.6   0.07731
   4937.3   0.07586
   4942.0   0.07458
   4946.7   0.07355
   4951.4   0.07280
   4956.2   0.07236
   4960.9   0.07222
   4965.6   0.07235
   4970.4   0.07268
   4975.2   0.07313
   4980.0   0.07365
   4984.7   0.07421
   4989.5   0.07479
   4994.3   0.07531
   4999.2   0.07584
   5004.0   0.07636
   5008.8   0.07685
   5013.7   0.07728
   5018.5   0.07765
   5023.4   0.07801
   5028.3   0.07830
   5033.1   0.07854
   5038.0   0.07875
   5042.9   0.07891
   5047.8   0.07901
   5052.8   0.07905
   5057.7   0.07904
   5062.6   0.07898
   5067.6   0.07886
   5072.5   0.07870
   5077.5   0.07846
   5082.5   0.07816
   5087.5   0.07781
   5092.5   0.07737
   5097.5   0.07689
   5102.5   0.07640
   5107.5   0.07584
   5112.6   0.07519
   5117.6   0.07456
   5122.7   0.07391
   5127.7   0.07317
   5132.8   0.07241
   5137.9   0.07162
   5143.0   0.07078
   5148.1   0.06993
   5153.2   0.06904
   5158.3   0.06812
   5163.5   0.06728
   5168.6   0.06647
   5173.8   0.06570
   5179.0   0.06493
   5184.1   0.06415
   5189.3   0.06335
   5194.5   0.06253
   5199.7   0.06172
   5205.0   0.06091
   5210.2   0.06010
   5215.4   0.05944
   5220.7   0.05880
   5225.9   0.05828
   5231.2   0.05792
   5236.5   0.05769
   5241.8   0.05754
   5247.1   0.05746
   5252.4   0.05742
   5257.7   0.05741
   5263.1   0.05742
   5268.4   0.05742
   5273.8   0.05744
   5279.2   0.05747
   5284.5   0.05745
   5289.9   0.05741
   5295.3   0.05734
   5300.8   0.05718
   5306.2   0.05701
   5311.6   0.05684
   5317.1   0.05666
   5322.5   0.05648
   5328.0   0.05627
   5333.5   0.05606
   5339.0   0.05580
   5344.5   0.05546
   5350.0   0.05507
   5355.5   0.05455
   5361.0   0.05385
   5366.6   0.05319
   5372.2   0.05254
   5377.7   0.05192
   5383.3   0.05132
   5388.9   0.05076
   5394.5   0.05018
   5400.1   0.04958
   5405.8   0.04891
   5411.4   0.04824
   5417.1   0.04756
   5422.7   0.04694
   5428.4   0.04624
   5434.1   0.04556
   5439.8   0.04507
   5445.5   0.04463
   5451.2   0.04425
   5457.0   0.04396
   5462.7   0.04376
   5468.5   0.04369
   5474.3   0.04363
   5480.1   0.04366
   5485.9   0.04371
   5491.7   0.04375
   5497.5   0.04381
   5503.3   0.04385
   5509.2   0.04384
   5515.0   0.04379
   5520.9   0.04368
   5526.8   0.04350
   5532.7   0.04321
   5538.6   0.04287
   5544.5   0.04247
   5550.5   0.04195
   5556.4   0.04128
   5562.4   0.04044
   5568.4   0.03943
   5574.3   0.03834
   5580.3   0.03714
   5586.4   0.03571
   5592.4   0.03428
   5598.4   0.03313
   5604.5   0.03213
   5610.5   0.03130
   5616.6   0.03073
   5622.7   0.03044
   5628.8   0.03030
   5634.9   0.03039
   5641.1   0.03061
   5647.2   0.03099
   5653.4   0.03135
   5659.5   0.03191
   5665.7   0.03258
   5671.9   0.03336
   5678.1   0.03425
   5684.4   0.03523
   5690.6   0.03615
   5696.9   0.03718
   5703.1   0.03820
   5709.4   0.03923
   5715.7   0.04033
   5722.0   0.04140
   5728.3   0.04239
   5734.7   0.04335
   5741.0   0.04428
   5747.4   0.04511
   5753.8   0.04581
   5760.1   0.04629
   5766.6   0.04671
   5773.0   0.04685
   5779.4   0.04660
   5785.9   0.04648
   5792.3   0.04622
   5798.8   0.04592
   5805.3   0.04558
   5811.8   0.04524
   5818.3   0.04498
   5824.9   0.04483
   5831.4   0.04446
   5838.0   0.04414
   5844.6   0.04389
   5851.2   0.04368
   5857.8   0.04346
   5864.4   0.04325
   5871.0   0.04299
   5877.7   0.04283
   5884.4   0.04291
   5891.1   0.04275
   5897.8   0.04275
   5904.5   0.04287
   5911.2   0.04283
   5918.0   0.04300
   5924.7   0.04303
   5931.5   0.04304
   5938.3   0.04305
   5945.1   0.04282
   5951.9   0.04237
   5958.8   0.04211
   5965.6   0.04177
   5972.5   0.04150
   5979.4   0.04101
   5986.3   0.04069
   5993.2   0.04048
   6000.2   0.04036
   6007.1   0.04041
   6014.1   0.04092
   6021.1   0.04170
   6028.1   0.04287
   6035.1   0.04446
   6042.1   0.04656
   6049.2   0.04889
   6056.2   0.05225
   6063.3   0.05531
   6070.4   0.05805
   6077.5   0.06118
   6084.7   0.06426
   6091.8   0.06675
   6099.0   0.06917
   6106.2   0.07137
   6113.4   0.07343
   6120.6   0.07529
   6127.8   0.07669
   6135.1   0.07781
   6142.3   0.07895
   6149.6   0.07991
   6156.9   0.08070
   6164.3   0.08139
   6171.6   0.08190
   6178.9   0.08223
   6186.3   0.08272
   6193.7   0.08295
   6201.1   0.08290
   6208.5   0.08298
   6216.0   0.08305
   6223.5   0.08300
   6230.9   0.08290
   6238.4   0.08276
   6245.9   0.08261
   6253.5   0.08240
   6261.0   0.08222
   6268.6   0.08206
   6276.2   0.08196
   6283.8   0.08188
   6291.4   0.08189
   6299.1   0.08201
   6306.7   0.08223
   6314.4   0.08252
   6322.1   0.08289
   6329.8   0.08326
   6337.6   0.08361
   6345.3   0.08407
   6353.1   0.08434
   6360.9   0.08428
   6368.7   0.08441
   6376.5   0.08454
   6384.4   0.08435
   6392.3   0.08420
   6400.2   0.08408
   6408.1   0.08404
   6416.0   0.08437
   6424.0   0.08421
   6431.9   0.08382
   6439.9   0.08384
   6447.9   0.08375
   6456.0   0.08377
   6464.0   0.08372
   6472.1   0.08369
   6480.2   0.08372
   6488.3   0.08370
   6496.4   0.08372
   6504.6   0.08343
   6512.7   0.08300
   6520.9   0.08303
   6529.1   0.08306
   6537.4   0.08287
   6545.6   0.08289
   6553.9   0.08302
   6562.2   0.08310
   6570.5   0.08322
   6578.9   0.08342
   6587.2   0.08332
   6595.6   0.08341
   6604.0   0.08346
   6612.4   0.08337
   6620.9   0.08331
   6629.3   0.08317
   6637.8   0.08317
   6646.3   0.08278
   6654.9   0.08192
   6663.4   0.08140
   6672.0   0.08096
   6680.6   0.08041
   6689.2   0.07974
   6697.8   0.07885
   6706.5   0.07814
   6715.2   0.07747
   6723.9   0.07653
   6732.6   0.07552
   6741.4   0.07450
   6750.2   0.07353
   6759.0   0.07256
   6767.8   0.07156
   6776.6   0.07071
   6785.5   0.06988
   6794.4   0.06918
   6803.3   0.06841
   6812.3   0.06784
   6821.2   0.06759
   6830.2   0.06750
   6839.2   0.06735
   6848.3   0.06727
   6857.3   0.06739
   6866.4   0.06761
   6875.5   0.06749
   6884.6   0.06720
   6893.8   0.06705
   6903.0   0.06675
   6912.2   0.06634
   6921.4   0.06572
   6930.7   0.06504
   6939.9   0.06431
   6949.2   0.06353
   6958.6   0.06284
   6967.9   0.06207
   6977.3   0.06100
   6986.7   0.06008
   6996.1   0.05916
   7005.6   0.05810
   7015.1   0.05703
   7024.6   0.05605
   7034.1   0.05510
   7043.7   0.05432
   7053.2   0.05371
   7062.9   0.05306
   7072.5   0.05269
   7082.2   0.05244
   7091.8   0.05232
   7101.6   0.05223
   7111.3   0.05217
   7121.1   0.05209
   7130.9   0.05192
   7140.7   0.05165
   7150.5   0.05138
   7160.4   0.05094
   7170.3   0.05052
   7180.2   0.05003
   7190.2   0.04950
   7200.2   0.04905
   7210.2   0.04869
   7220.2   0.04829
   7230.3   0.04793
   7240.4   0.04768
   7250.5   0.04750
   7260.7   0.04738
   7270.9   0.04728
   7281.1   0.04716
   7291.3   0.04698
   7301.6   0.04670
   7311.9   0.04633
   7322.2   0.04583
   7332.6   0.04528
   7343.0   0.04467
   7353.4   0.04397
   7363.8   0.04324
   7374.3   0.04256
   7384.8   0.04191
   7395.3   0.04133
   7405.9   0.04074
   7416.5   0.04019
   7427.1   0.03962
   7437.8   0.03906
   7448.5   0.03845
   7459.2   0.03789
   7469.9   0.03733
   7480.7   0.03678
   7491.5   0.03626
   7502.4   0.03579
   7513.2   0.03530
   7524.1   0.03487
   7535.1   0.03447
   7546.0   0.03416
   7557.0   0.03386
   7568.1   0.03365
   7579.1   0.03353
   7590.2   0.03352
   7601.4   0.03355
   7612.5   0.03364
   7623.7   0.03375
   7635.0   0.03387
   7646.2   0.03400
   7657.5   0.03416
   7668.8   0.03427
   7680.2   0.03433
   7691.6   0.03437
   7703.0   0.03439
   7714.5   0.03434
   7726.0   0.03428
   7737.5   0.03414
   7749.1   0.03399
   7760.7   0.03379
   7772.3   0.03359
   7784.0   0.03335
   7795.7   0.03316
   7807.4   0.03298
   7819.2   0.03287
   7831.0   0.03279
   7842.9   0.03278
   7854.8   0.03277
   7866.7   0.03283
   7878.6   0.03289
   7890.6   0.03290
   7902.6   0.03284
   7914.7   0.03278
   7926.8   0.03267
   7939.0   0.03252
   7951.1   0.03230
   7963.3   0.03208
   7975.6   0.03180
   7987.9   0.03153
   8000.2   0.03115
   8012.6   0.03074
   8025.0   0.03029
   8037.4   0.02981
   8049.9   0.02928
   8062.4   0.02878
   8075.0   0.02829
   8087.6   0.02782
   8100.2   0.02731
   8112.9   0.02684
   8125.6   0.02633
   8138.4   0.02581
   8151.2   0.02525
   8164.0   0.02467
   8176.9   0.02409
   8189.8   0.02354
   8202.7   0.02302
   8215.7   0.02260
   8228.8   0.02224
   8241.9   0.02194
   8255.0   0.02167
   8268.2   0.02145
   8281.4   0.02122
   8294.6   0.02100
   8307.9   0.02078
   8321.2   0.02060
   8334.6   0.02036
   8348.0   0.02009
   8361.5   0.01976
   8375.0   0.01947
   8388.6   0.01915
   8402.2   0.01882
   8415.8   0.01843
   8429.5   0.01808
   8443.2   0.01774
   8457.0   0.01743
   8470.8   0.01714
   8484.7   0.01691
   8498.6   0.01670
   8512.5   0.01650
   8526.5   0.01629
   8540.6   0.01616
   8554.7   0.01597
   8568.8   0.01575
   8583.0   0.01550
   8597.2   0.01525
   8611.5   0.01497
   8625.8   0.01471
   8640.2   0.01444
   8654.6   0.01418
   8669.1   0.01389
   8683.6   0.01362
   8698.2   0.01333
   8712.8   0.01309
   8727.5   0.01282
   8742.2   0.01253
   8757.0   0.01224
   8771.8   0.01198
   8786.7   0.01170
   8801.6   0.01146
   8816.6   0.01122
   8831.6   0.01099
   8846.6   0.01082
   8861.8   0.01064
   8876.9   0.01039
   8892.2   0.01026
   8907.4   0.01016
   8922.8   0.01022
   8938.2   0.01056
   8953.6   0.01133
   8969.1   0.01230
   8984.6   0.01345
   9000.2   0.01469
   9015.9   0.01607
   9031.6   0.01759
   9047.4   0.01935
   9063.2   0.02130
   9079.0   0.02348
   9095.0   0.02580
   9111.0   0.02830
   9127.0   0.03091
   9143.1   0.03377
   9159.3   0.03683
   9175.5   0.04002
   9191.7   0.04334
   9208.1   0.04684
   9224.4   0.05051
   9240.9   0.05430
   9257.4   0.05818
   9273.9   0.06211
   9290.6   0.06606
   9307.2   0.07001
   9324.0   0.07394
   9340.8   0.07763
   9357.6   0.08084
   9374.6   0.08319
   9391.5   0.08459
   9408.6   0.08514
   9425.7   0.08517
   9442.9   0.08496
   9460.1   0.08466
   9477.4   0.08429
   9494.8   0.08393
   9512.2   0.08357
   9529.7   0.08327
   9547.2   0.08297
   9564.8   0.08267
   9582.5   0.08236
   9600.3   0.08212
   9618.1   0.08193
   9635.9   0.08190
   9653.9   0.08205
   9671.9   0.08236
   9690.0   0.08281
   9708.1   0.08340
   9726.3   0.08406
   9744.6   0.08494
   9763.0   0.08592
   9781.4   0.08693
   9799.9   0.08803
   9818.4   0.08918
   9837.1   0.09034
   9855.8   0.09155
   9874.5   0.09278
   9893.4   0.09392
   9912.3   0.09498
   9931.3   0.09599
   9950.4   0.09690
   9969.5   0.09773
   9988.7   0.09850
  10008.0   0.09930
  10027.3   0.10022
  10046.8   0.10151
  10066.3   0.10323
  10085.9   0.10566
  10105.5   0.10910
  10125.3   0.11380
  10145.1   0.11928
  10165.0   0.12400
  10184.9   0.12618
  10205.0   0.12518
  10225.1   0.12155
  10245.3   0.11661
  10265.6   0.11155
  10286.0   0.10736
  10306.4   0.10441
  10327.0   0.10298
  10347.6   0.10316
  10368.3   0.10506
  10389.0   0.10846
  10409.9   0.11285
  10430.9   0.11802
  10451.9   0.12570
  10473.0   0.13773
  10494.2   0.15155
  10515.5   0.16258
  10536.9   0.16961
  10558.3   0.17335
  10579.9   0.17504
  10601.5   0.17541
  10623.2   0.17505
  10645.0   0.17406
  10666.9   0.17272
  10688.9   0.17108
  10711.0   0.16928
  10733.2   0.16735
  10755.5   0.16542
  10777.8   0.16329
  10800.3   0.16112
  10822.8   0.15882
  10845.5   0.15653
  10868.2   0.15419
  10891.0   0.15193
  10914.0   0.14977
  10937.0   0.14779
  10960.1   0.14585
  10983.3   0.14403
  11006.7   0.14221
  11030.1   0.14048
  11053.6   0.13872
  11077.2   0.13706
  11100.9   0.13542
  11124.8   0.13384
  11148.7   0.13214
  11172.7   0.13057
  11196.8   0.12896
  11221.1   0.12728
  11245.4   0.12547
  11269.9   0.12360
  11294.4   0.12145
  11319.1   0.11910
  11343.8   0.11648
  11368.7   0.11372
  11393.7   0.11059
  11418.8   0.10700
  11444.0   0.10282
  11469.3   0.09782
  11494.8   0.09199
  11520.3   0.08561
  11546.0   0.07924
  11571.7   0.07351
  11597.6   0.06855
  11623.6   0.06436
  11649.7   0.06084
  11676.0   0.05784
  11702.3   0.05529
  11728.8   0.05300
  11755.4   0.05076
  11782.1   0.04862
  11809.0   0.04667
  11835.9   0.04522
  11863.0   0.04489
  11890.2   0.04598
  11917.6   0.04788
  11945.0   0.04934
  11972.6   0.04975
  12000.3   0.04905
  12028.2   0.04768
  12056.1   0.04617
  12084.2   0.04471
  12112.5   0.04335
  12140.8   0.04206
  12169.3   0.04089
  12198.0   0.03990
  12226.7   0.03893
  12255.6   0.03799
  12284.7   0.03718
  12313.9   0.03637
  12343.2   0.03560
  12372.6   0.03495
  12402.2   0.03433
  12432.0   0.03379
  12461.9   0.03319
  12491.9   0.03262
  12522.1   0.03211
  12552.4   0.03160
  12582.9   0.03114
  12613.5   0.03070
  12644.2   0.03025
  12675.1   0.02987
  12706.2   0.02948
  12737.4   0.02909
  12768.8   0.02866
  12800.3   0.02828
  12832.0   0.02799
  12863.9   0.02768
  12895.9   0.02732
  12928.0   0.02700
  12960.3   0.02671
  12992.8   0.02643
  13025.5   0.02607
  13058.3   0.02573
  13091.3   0.02537
  13124.4   0.02502
  13157.7   0.02468
  13191.2   0.02438
  13224.8   0.02404
  13258.7   0.02369
  13292.7   0.02339
  13326.8   0.02307
  13361.2   0.02275
  13395.7   0.02248
  13430.4   0.02222
  13465.3   0.02192
  13500.4   0.02162
  13535.6   0.02135
  13571.0   0.02105
  13606.7   0.02083
  13642.5   0.02054
  13678.5   0.02023
  13714.6   0.01990
  13751.0   0.01954
  13787.6   0.01919
  13824.4   0.01890
  13861.3   0.01857
  13898.5   0.01826
  13935.8   0.01793
  13973.4   0.01762
  14011.2   0.01728
  14049.1   0.01690
  14087.3   0.01657
  14125.7   0.01621
  14164.3   0.01585
  14203.1   0.01556
  14242.1   0.01526
  14281.4   0.01495
  14320.8   0.01465
  14360.5   0.01430
  14400.4   0.01401
  14440.5   0.01377
  14480.8   0.01345
  14521.4   0.01320
  14562.2   0.01287
  14603.2   0.01260
  14644.4   0.01240
  14685.9   0.01220
  14727.7   0.01197
  14769.6   0.01180
  14811.8   0.01155
  14854.3   0.01135
  14896.9   0.01122
  14939.9   0.01112
  14983.0   0.01103
  15026.5   0.01114
  15070.2   0.01135
  15114.1   0.01175
  15158.3   0.01235
  15202.7   0.01321
  15247.5   0.01438
  15292.4   0.01590
  15337.7   0.01773
  15383.2   0.01999
  15429.0   0.02256
  15475.0   0.02537
  15521.4   0.02833
  15568.0   0.03147
  15614.9   0.03445
  15662.0   0.03723
  15709.5   0.03968
  15757.2   0.04176
  15805.3   0.04333
  15853.6   0.04459
  15902.3   0.04535
  15951.2   0.04573
  16000.4   0.04574
  16050.0   0.04555
  16099.8   0.04493
  16150.0   0.04411
  16200.4   0.04314
  16251.2   0.04207
  16302.3   0.04077
  16353.7   0.03926
  16405.5   0.03770
  16457.6   0.03619
  16510.0   0.03481
  16562.7   0.03359
  16615.8   0.03229
  16669.2   0.03105
  16723.0   0.02985
  16777.1   0.02871
  16831.6   0.02766
  16886.4   0.02674
  16941.6   0.02617
  16997.2   0.02629
  17053.1   0.02706
  17109.4   0.02846
  17166.0   0.03025
  17223.0   0.03257
  17280.5   0.03534
  17338.2   0.03863
  17396.4   0.04233
  17455.0   0.04638
  17514.0   0.05067
  17573.3   0.05532
  17633.1   0.06008
  17693.3   0.06480
  17753.9   0.06916
  17814.9   0.07318
  17876.3   0.07653
  17938.2   0.07930
  18000.5   0.08182
  18063.2   0.08432
  18126.3   0.08698
  18189.9   0.09003
  18254.0   0.09328
  18318.5   0.09587
  18383.5   0.09712
  18448.9   0.09692
  18514.8   0.09607
  18581.1   0.09559
  18648.0   0.09612
  18715.3   0.09833
  18783.1   0.10244
  18851.4   0.10787
  18920.2   0.11339
  18989.5   0.11717
  19059.3   0.11861
  19129.7   0.11752
  19200.5   0.11466
  19271.9   0.11131
  19343.8   0.10772
  19416.2   0.10401
  19489.2   0.10081
  19562.8   0.09780
  19636.9   0.09507
  19711.5   0.09268
  19786.8   0.09126
  19862.6   0.09086
  19939.0   0.09028
  20016.0   0.08783
  20093.5   0.08362
  20171.7   0.07900
  20250.5   0.07428
  20329.9   0.06696
  20410.0   0.05943
  20490.7   0.05310
  20572.0   0.04796
  20653.9   0.04372
  20736.5   0.04041
  20819.8   0.03863
  20903.8   0.03886
  20988.4   0.04075
  21073.7   0.04349
  21159.7   0.04632
  21246.5   0.04882
  21333.9   0.05086
  21422.0   0.05197
  21510.9   0.05177
  21600.6   0.05069
  21690.9   0.04913
  21782.1   0.04744
  21874.0   0.04653
  21966.7   0.04792
  22060.1   0.05217
  22154.4   0.05851
  22249.5   0.06686
  22345.4   0.07657
  22442.1   0.08650
  22539.7   0.09462
  22638.1   0.10015
  22737.4   0.10351
  22837.6   0.10570
  22938.7   0.10864
  23040.6   0.11317
  23143.5   0.11958
  23247.2   0.12715
  23352.0   0.13545
  23457.6   0.14345
  23564.3   0.14970
  23671.8   0.15432
  23780.4   0.15831
  23890.0   0.16091
  24000.6   0.16222
  24112.3   0.16215
  24224.9   0.16042
  24338.7   0.15521
  24453.5   0.14755
  24569.4   0.13838
  24686.4   0.12964
  24804.5   0.12083
  24923.7   0.11365
  25044.1   0.10875
  25165.7   0.10536
  25288.5   0.10369
  25412.4   0.10131
  25537.6   0.09665
  25664.0   0.09026
  25791.7   0.08377
  25920.7   0.07665



 NNCPO32     .ASC                        

 PO-CMP-032-C                                                            
 N1,N5,N4 DATA MERGED @ 1030.234 AND 282.531                             
 OLV 75-250                                                              

 Source Ang: 30.00   Detect Ang: 30.00  Volt: 1.222
 Date: 30-JUL-92   Time: 10:36:29
