  4619
    650.1   0.10106
    650.3   0.10072
    650.5   0.10037
    650.6   0.09999
    650.8   0.09958
    650.9   0.09926
    651.1   0.09897
    651.3   0.09877
    651.4   0.09852
    651.6   0.09821
    651.8   0.09781
    651.9   0.09733
    652.1   0.09708
    652.3   0.09692
    652.4   0.09687
    652.6   0.09693
    652.7   0.09682
    652.9   0.09641
    653.1   0.09590
    653.2   0.09543
    653.4   0.09516
    653.6   0.09494
    653.7   0.09474
    653.9   0.09459
    654.1   0.09444
    654.2   0.09431
    654.4   0.09416
    654.6   0.09402
    654.7   0.09386
    654.9   0.09372
    655.1   0.09364
    655.2   0.09353
    655.4   0.09336
    655.6   0.09310
    655.7   0.09286
    655.9   0.09265
    656.1   0.09249
    656.2   0.09233
    656.4   0.09209
    656.6   0.09192
    656.7   0.09189
    656.9   0.09188
    657.1   0.09177
    657.2   0.09163
    657.4   0.09139
    657.6   0.09115
    657.7   0.09095
    657.9   0.09083
    658.1   0.09083
    658.2   0.09079
    658.4   0.09065
    658.6   0.09044
    658.7   0.09028
    658.9   0.09014
    659.1   0.09007
    659.2   0.09005
    659.4   0.09002
    659.6   0.09001
    659.7   0.08997
    659.9   0.08993
    660.1   0.08988
    660.2   0.08982
    660.4   0.08965
    660.6   0.08953
    660.7   0.08944
    660.9   0.08942
    661.1   0.08935
    661.2   0.08926
    661.4   0.08921
    661.6   0.08913
    661.7   0.08897
    661.9   0.08883
    662.1   0.08872
    662.3   0.08862
    662.4   0.08854
    662.6   0.08850
    662.8   0.08849
    662.9   0.08854
    663.1   0.08854
    663.3   0.08850
    663.4   0.08840
    663.6   0.08825
    663.8   0.08811
    664.0   0.08805
    664.1   0.08803
    664.3   0.08802
    664.5   0.08802
    664.6   0.08800
    664.8   0.08796
    665.0   0.08791
    665.1   0.08781
    665.3   0.08775
    665.5   0.08774
    665.7   0.08776
    665.8   0.08773
    666.0   0.08771
    666.2   0.08772
    666.3   0.08772
    666.5   0.08770
    666.7   0.08762
    666.9   0.08750
    667.0   0.08738
    667.2   0.08733
    667.4   0.08731
    667.5   0.08729
    667.7   0.08727
    667.9   0.08727
    668.1   0.08724
    668.2   0.08722
    668.4   0.08724
    668.6   0.08718
    668.7   0.08716
    668.9   0.08716
    669.1   0.08717
    669.3   0.08713
    669.4   0.08705
    669.6   0.08696
    669.8   0.08688
    670.0   0.08685
    670.1   0.08686
    670.3   0.08688
    670.5   0.08689
    670.7   0.08689
    670.8   0.08690
    671.0   0.08690
    671.2   0.08687
    671.3   0.08682
    671.5   0.08679
    671.7   0.08679
    671.9   0.08678
    672.0   0.08672
    672.2   0.08668
    672.4   0.08663
    672.6   0.08656
    672.7   0.08653
    672.9   0.08653
    673.1   0.08658
    673.3   0.08662
    673.4   0.08662
    673.6   0.08663
    673.8   0.08666
    674.0   0.08667
    674.1   0.08668
    674.3   0.08669
    674.5   0.08667
    674.7   0.08664
    674.8   0.08664
    675.0   0.08663
    675.2   0.08665
    675.4   0.08666
    675.5   0.08667
    675.7   0.08668
    675.9   0.08671
    676.1   0.08669
    676.3   0.08665
    676.4   0.08659
    676.6   0.08656
    676.8   0.08656
    677.0   0.08655
    677.1   0.08657
    677.3   0.08658
    677.5   0.08662
    677.7   0.08667
    677.8   0.08669
    678.0   0.08671
    678.2   0.08671
    678.4   0.08669
    678.6   0.08668
    678.7   0.08670
    678.9   0.08674
    679.1   0.08678
    679.3   0.08680
    679.4   0.08682
    679.6   0.08682
    679.8   0.08682
    680.0   0.08683
    680.2   0.08682
    680.3   0.08681
    680.5   0.08679
    680.7   0.08677
    680.9   0.08675
    681.0   0.08671
    681.2   0.08668
    681.4   0.08667
    681.6   0.08668
    681.8   0.08668
    681.9   0.08667
    682.1   0.08668
    682.3   0.08668
    682.5   0.08666
    682.7   0.08662
    682.8   0.08659
    683.0   0.08656
    683.2   0.08656
    683.4   0.08654
    683.6   0.08652
    683.7   0.08652
    683.9   0.08652
    684.1   0.08648
    684.3   0.08644
    684.5   0.08640
    684.6   0.08639
    684.8   0.08638
    685.0   0.08633
    685.2   0.08629
    685.4   0.08624
    685.6   0.08622
    685.7   0.08620
    685.9   0.08616
    686.1   0.08609
    686.3   0.08606
    686.5   0.08606
    686.6   0.08606
    686.8   0.08602
    687.0   0.08597
    687.2   0.08595
    687.4   0.08593
    687.6   0.08590
    687.7   0.08585
    687.9   0.08582
    688.1   0.08578
    688.3   0.08572
    688.5   0.08568
    688.6   0.08567
    688.8   0.08569
    689.0   0.08568
    689.2   0.08564
    689.4   0.08560
    689.6   0.08559
    689.7   0.08560
    689.9   0.08557
    690.1   0.08555
    690.3   0.08554
    690.5   0.08555
    690.7   0.08556
    690.8   0.08559
    691.0   0.08563
    691.2   0.08566
    691.4   0.08565
    691.6   0.08563
    691.8   0.08565
    692.0   0.08567
    692.1   0.08565
    692.3   0.08561
    692.5   0.08558
    692.7   0.08557
    692.9   0.08559
    693.1   0.08558
    693.3   0.08555
    693.4   0.08551
    693.6   0.08549
    693.8   0.08548
    694.0   0.08552
    694.2   0.08554
    694.4   0.08554
    694.6   0.08554
    694.7   0.08553
    694.9   0.08554
    695.1   0.08556
    695.3   0.08559
    695.5   0.08561
    695.7   0.08562
    695.9   0.08561
    696.0   0.08559
    696.2   0.08559
    696.4   0.08558
    696.6   0.08557
    696.8   0.08555
    697.0   0.08555
    697.2   0.08556
    697.4   0.08554
    697.5   0.08552
    697.7   0.08553
    697.9   0.08555
    698.1   0.08559
    698.3   0.08562
    698.5   0.08563
    698.7   0.08565
    698.9   0.08566
    699.0   0.08566
    699.2   0.08567
    699.4   0.08567
    699.6   0.08566
    699.8   0.08564
    700.0   0.08565
    700.2   0.08568
    700.4   0.08572
    700.6   0.08576
    700.7   0.08577
    700.9   0.08577
    701.1   0.08575
    701.3   0.08575
    701.5   0.08575
    701.7   0.08577
    701.9   0.08579
    702.1   0.08582
    702.3   0.08583
    702.5   0.08584
    702.6   0.08586
    702.8   0.08592
    703.0   0.08597
    703.2   0.08600
    703.4   0.08598
    703.6   0.08595
    703.8   0.08594
    704.0   0.08598
    704.2   0.08603
    704.4   0.08606
    704.6   0.08609
    704.7   0.08607
    704.9   0.08605
    705.1   0.08605
    705.3   0.08607
    705.5   0.08612
    705.7   0.08615
    705.9   0.08616
    706.1   0.08616
    706.3   0.08618
    706.5   0.08623
    706.7   0.08626
    706.9   0.08625
    707.1   0.08624
    707.2   0.08625
    707.4   0.08628
    707.6   0.08633
    707.8   0.08635
    708.0   0.08637
    708.2   0.08640
    708.4   0.08642
    708.6   0.08645
    708.8   0.08647
    709.0   0.08649
    709.2   0.08652
    709.4   0.08653
    709.6   0.08655
    709.8   0.08658
    710.0   0.08661
    710.2   0.08663
    710.4   0.08664
    710.5   0.08665
    710.7   0.08668
    710.9   0.08671
    711.1   0.08673
    711.3   0.08675
    711.5   0.08678
    711.7   0.08681
    711.9   0.08687
    712.1   0.08692
    712.3   0.08694
    712.5   0.08696
    712.7   0.08699
    712.9   0.08702
    713.1   0.08704
    713.3   0.08704
    713.5   0.08702
    713.7   0.08701
    713.9   0.08703
    714.1   0.08707
    714.3   0.08710
    714.5   0.08712
    714.7   0.08713
    714.9   0.08714
    715.1   0.08714
    715.3   0.08716
    715.4   0.08720
    715.6   0.08723
    715.8   0.08726
    716.0   0.08730
    716.2   0.08734
    716.4   0.08738
    716.6   0.08740
    716.8   0.08741
    717.0   0.08742
    717.2   0.08745
    717.4   0.08747
    717.6   0.08752
    717.8   0.08757
    718.0   0.08759
    718.2   0.08761
    718.4   0.08761
    718.6   0.08764
    718.8   0.08767
    719.0   0.08769
    719.2   0.08772
    719.4   0.08776
    719.6   0.08778
    719.8   0.08779
    720.0   0.08780
    720.2   0.08782
    720.4   0.08784
    720.6   0.08786
    720.8   0.08788
    721.0   0.08789
    721.2   0.08790
    721.4   0.08792
    721.6   0.08793
    721.8   0.08795
    722.0   0.08797
    722.2   0.08799
    722.4   0.08803
    722.6   0.08807
    722.8   0.08811
    723.0   0.08816
    723.2   0.08818
    723.4   0.08820
    723.6   0.08821
    723.8   0.08823
    724.0   0.08825
    724.2   0.08828
    724.4   0.08828
    724.6   0.08826
    724.9   0.08823
    725.1   0.08822
    725.3   0.08822
    725.5   0.08823
    725.7   0.08827
    725.9   0.08832
    726.1   0.08839
    726.3   0.08843
    726.5   0.08847
    726.7   0.08853
    726.9   0.08857
    727.1   0.08857
    727.3   0.08855
    727.5   0.08854
    727.7   0.08857
    727.9   0.08861
    728.1   0.08865
    728.3   0.08865
    728.5   0.08865
    728.7   0.08866
    728.9   0.08869
    729.1   0.08873
    729.3   0.08877
    729.5   0.08878
    729.7   0.08881
    730.0   0.08883
    730.2   0.08885
    730.4   0.08886
    730.6   0.08887
    730.8   0.08888
    731.0   0.08889
    731.2   0.08890
    731.4   0.08890
    731.6   0.08892
    731.8   0.08895
    732.0   0.08896
    732.2   0.08897
    732.4   0.08900
    732.6   0.08903
    732.8   0.08909
    733.1   0.08915
    733.3   0.08919
    733.5   0.08920
    733.7   0.08921
    733.9   0.08920
    734.1   0.08919
    734.3   0.08917
    734.5   0.08915
    734.7   0.08916
    734.9   0.08919
    735.1   0.08923
    735.3   0.08928
    735.5   0.08931
    735.8   0.08933
    736.0   0.08933
    736.2   0.08932
    736.4   0.08932
    736.6   0.08935
    736.8   0.08938
    737.0   0.08942
    737.2   0.08947
    737.4   0.08950
    737.6   0.08951
    737.9   0.08951
    738.1   0.08951
    738.3   0.08952
    738.5   0.08954
    738.7   0.08956
    738.9   0.08960
    739.1   0.08965
    739.3   0.08968
    739.5   0.08970
    739.7   0.08969
    740.0   0.08967
    740.2   0.08968
    740.4   0.08971
    740.6   0.08974
    740.8   0.08977
    741.0   0.08980
    741.2   0.08984
    741.4   0.08986
    741.7   0.08987
    741.9   0.08987
    742.1   0.08990
    742.3   0.08993
    742.5   0.08996
    742.7   0.08995
    742.9   0.08993
    743.1   0.08991
    743.4   0.08992
    743.6   0.08994
    743.8   0.08997
    744.0   0.08999
    744.2   0.09002
    744.4   0.09004
    744.6   0.09005
    744.8   0.09006
    745.1   0.09006
    745.3   0.09007
    745.5   0.09009
    745.7   0.09013
    745.9   0.09016
    746.1   0.09018
    746.3   0.09021
    746.6   0.09024
    746.8   0.09026
    747.0   0.09027
    747.2   0.09028
    747.4   0.09029
    747.6   0.09031
    747.9   0.09035
    748.1   0.09036
    748.3   0.09036
    748.5   0.09036
    748.7   0.09037
    748.9   0.09039
    749.2   0.09042
    749.4   0.09046
    749.6   0.09048
    749.8   0.09049
    750.0   0.09050
    750.2   0.09053
    750.5   0.09055
    750.7   0.09057
    750.9   0.09057
    751.1   0.09055
    751.3   0.09055
    751.5   0.09054
    751.8   0.09056
    752.0   0.09059
    752.2   0.09062
    752.4   0.09067
    752.6   0.09069
    752.9   0.09071
    753.1   0.09071
    753.3   0.09073
    753.5   0.09075
    753.7   0.09077
    753.9   0.09077
    754.2   0.09078
    754.4   0.09080
    754.6   0.09083
    754.8   0.09084
    755.0   0.09084
    755.3   0.09087
    755.5   0.09090
    755.7   0.09093
    755.9   0.09094
    756.1   0.09095
    756.4   0.09095
    756.6   0.09095
    756.8   0.09096
    757.0   0.09096
    757.3   0.09098
    757.5   0.09102
    757.7   0.09106
    757.9   0.09108
    758.1   0.09109
    758.4   0.09110
    758.6   0.09111
    758.8   0.09112
    759.0   0.09113
    759.2   0.09112
    759.5   0.09112
    759.7   0.09113
    759.9   0.09114
    760.1   0.09117
    760.4   0.09118
    760.6   0.09122
    760.8   0.09125
    761.0   0.09127
    761.3   0.09128
    761.5   0.09129
    761.7   0.09129
    761.9   0.09132
    762.1   0.09134
    762.4   0.09136
    762.6   0.09137
    762.8   0.09138
    763.0   0.09141
    763.3   0.09143
    763.5   0.09143
    763.7   0.09142
    763.9   0.09143
    764.2   0.09144
    764.4   0.09147
    764.6   0.09150
    764.8   0.09151
    765.1   0.09152
    765.3   0.09153
    765.5   0.09155
    765.8   0.09155
    766.0   0.09156
    766.2   0.09157
    766.4   0.09159
    766.7   0.09161
    766.9   0.09162
    767.1   0.09162
    767.3   0.09162
    767.6   0.09164
    767.8   0.09168
    768.0   0.09170
    768.2   0.09172
    768.5   0.09175
    768.7   0.09178
    768.9   0.09180
    769.2   0.09179
    769.4   0.09179
    769.6   0.09182
    769.8   0.09186
    770.1   0.09189
    770.3   0.09191
    770.5   0.09191
    770.8   0.09193
    771.0   0.09194
    771.2   0.09196
    771.4   0.09199
    771.7   0.09202
    771.9   0.09203
    772.1   0.09202
    772.4   0.09202
    772.6   0.09205
    772.8   0.09208
    773.1   0.09210
    773.3   0.09213
    773.5   0.09214
    773.8   0.09215
    774.0   0.09215
    774.2   0.09216
    774.4   0.09219
    774.7   0.09222
    774.9   0.09225
    775.1   0.09226
    775.4   0.09227
    775.6   0.09229
    775.8   0.09232
    776.1   0.09234
    776.3   0.09236
    776.5   0.09236
    776.8   0.09235
    777.0   0.09236
    777.2   0.09238
    777.5   0.09240
    777.7   0.09244
    777.9   0.09247
    778.2   0.09250
    778.4   0.09252
    778.6   0.09254
    778.9   0.09257
    779.1   0.09258
    779.3   0.09259
    779.6   0.09259
    779.8   0.09261
    780.0   0.09262
    780.3   0.09263
    780.5   0.09264
    780.7   0.09266
    781.0   0.09269
    781.2   0.09271
    781.4   0.09274
    781.7   0.09276
    781.9   0.09277
    782.2   0.09279
    782.4   0.09279
    782.6   0.09280
    782.9   0.09283
    783.1   0.09285
    783.3   0.09288
    783.6   0.09291
    783.8   0.09294
    784.0   0.09298
    784.3   0.09300
    784.5   0.09302
    784.8   0.09304
    785.0   0.09306
    785.2   0.09310
    785.5   0.09312
    785.7   0.09314
    786.0   0.09315
    786.2   0.09315
    786.4   0.09316
    786.7   0.09319
    786.9   0.09322
    787.1   0.09325
    787.4   0.09326
    787.6   0.09328
    787.9   0.09330
    788.1   0.09332
    788.3   0.09334
    788.6   0.09334
    788.8   0.09336
    789.1   0.09338
    789.3   0.09341
    789.5   0.09344
    789.8   0.09347
    790.0   0.09350
    790.3   0.09353
    790.5   0.09355
    790.7   0.09356
    791.0   0.09358
    791.2   0.09360
    791.5   0.09364
    791.7   0.09368
    792.0   0.09371
    792.2   0.09373
    792.4   0.09375
    792.7   0.09378
    792.9   0.09380
    793.2   0.09380
    793.4   0.09381
    793.7   0.09380
    793.9   0.09381
    794.1   0.09383
    794.4   0.09385
    794.6   0.09388
    794.9   0.09392
    795.1   0.09396
    795.4   0.09398
    795.6   0.09401
    795.8   0.09404
    796.1   0.09408
    796.3   0.09412
    796.6   0.09416
    796.8   0.09417
    797.1   0.09418
    797.3   0.09421
    797.6   0.09424
    797.8   0.09428
    798.1   0.09431
    798.3   0.09433
    798.5   0.09433
    798.8   0.09434
    799.0   0.09436
    799.3   0.09438
    799.5   0.09442
    799.8   0.09446
    800.0   0.09450
    800.3   0.09454
    800.5   0.09457
    800.8   0.09460
    801.0   0.09463
    801.3   0.09464
    801.5   0.09464
    801.8   0.09463
    802.0   0.09464
    802.2   0.09467
    802.5   0.09471
    802.7   0.09474
    803.0   0.09476
    803.2   0.09478
    803.5   0.09482
    803.7   0.09484
    804.0   0.09485
    804.2   0.09486
    804.5   0.09489
    804.7   0.09493
    805.0   0.09497
    805.2   0.09501
    805.5   0.09504
    805.7   0.09506
    806.0   0.09508
    806.2   0.09509
    806.5   0.09512
    806.7   0.09514
    807.0   0.09518
    807.2   0.09520
    807.5   0.09522
    807.7   0.09523
    808.0   0.09523
    808.3   0.09524
    808.5   0.09526
    808.8   0.09529
    809.0   0.09532
    809.3   0.09535
    809.5   0.09537
    809.8   0.09540
    810.0   0.09543
    810.3   0.09546
    810.5   0.09550
    810.8   0.09553
    811.0   0.09554
    811.3   0.09555
    811.5   0.09556
    811.8   0.09558
    812.1   0.09560
    812.3   0.09563
    812.6   0.09565
    812.8   0.09568
    813.1   0.09570
    813.3   0.09573
    813.6   0.09575
    813.8   0.09578
    814.1   0.09580
    814.3   0.09583
    814.6   0.09586
    814.9   0.09589
    815.1   0.09591
    815.4   0.09592
    815.6   0.09591
    815.9   0.09593
    816.1   0.09595
    816.4   0.09599
    816.7   0.09603
    816.9   0.09605
    817.2   0.09606
    817.4   0.09606
    817.7   0.09608
    817.9   0.09610
    818.2   0.09613
    818.5   0.09616
    818.7   0.09618
    819.0   0.09620
    819.2   0.09623
    819.5   0.09626
    819.8   0.09629
    820.0   0.09631
    820.3   0.09631
    820.5   0.09632
    820.8   0.09633
    821.1   0.09635
    821.3   0.09635
    821.6   0.09636
    821.8   0.09638
    822.1   0.09641
    822.4   0.09644
    822.6   0.09647
    822.9   0.09649
    823.1   0.09650
    823.4   0.09651
    823.7   0.09652
    823.9   0.09652
    824.2   0.09653
    824.4   0.09655
    824.7   0.09657
    825.0   0.09658
    825.2   0.09659
    825.5   0.09660
    825.8   0.09662
    826.0   0.09664
    826.3   0.09666
    826.6   0.09668
    826.8   0.09669
    827.1   0.09671
    827.3   0.09673
    827.6   0.09676
    827.9   0.09677
    828.1   0.09679
    828.4   0.09680
    828.7   0.09682
    828.9   0.09684
    829.2   0.09685
    829.5   0.09685
    829.7   0.09684
    830.0   0.09685
    830.3   0.09685
    830.5   0.09686
    830.8   0.09686
    831.1   0.09686
    831.3   0.09685
    831.6   0.09685
    831.9   0.09686
    832.1   0.09689
    832.4   0.09692
    832.7   0.09695
    832.9   0.09698
    833.2   0.09698
    833.5   0.09698
    833.7   0.09697
    834.0   0.09697
    834.3   0.09697
    834.5   0.09698
    834.8   0.09699
    835.1   0.09701
    835.3   0.09701
    835.6   0.09702
    835.9   0.09703
    836.2   0.09705
    836.4   0.09706
    836.7   0.09706
    837.0   0.09706
    837.2   0.09705
    837.5   0.09704
    837.8   0.09703
    838.0   0.09702
    838.3   0.09701
    838.6   0.09700
    838.9   0.09698
    839.1   0.09698
    839.4   0.09698
    839.7   0.09698
    839.9   0.09698
    840.2   0.09698
    840.5   0.09697
    840.8   0.09698
    841.0   0.09698
    841.3   0.09699
    841.6   0.09699
    841.9   0.09698
    842.1   0.09697
    842.4   0.09696
    842.7   0.09695
    842.9   0.09696
    843.2   0.09696
    843.5   0.09696
    843.8   0.09696
    844.0   0.09694
    844.3   0.09691
    844.6   0.09689
    844.9   0.09686
    845.1   0.09683
    845.4   0.09682
    845.7   0.09682
    846.0   0.09682
    846.3   0.09680
    846.5   0.09677
    846.8   0.09675
    847.1   0.09674
    847.4   0.09673
    847.6   0.09672
    847.9   0.09670
    848.2   0.09669
    848.5   0.09668
    848.7   0.09667
    849.0   0.09666
    849.3   0.09665
    849.6   0.09662
    849.9   0.09661
    850.1   0.09658
    850.4   0.09656
    850.7   0.09654
    851.0   0.09652
    851.3   0.09648
    851.5   0.09645
    851.8   0.09641
    852.1   0.09639
    852.4   0.09637
    852.7   0.09636
    852.9   0.09633
    853.2   0.09631
    853.5   0.09628
    853.8   0.09626
    854.1   0.09622
    854.3   0.09619
    854.6   0.09615
    854.9   0.09611
    855.2   0.09608
    855.5   0.09605
    855.8   0.09603
    856.0   0.09599
    856.3   0.09596
    856.6   0.09593
    856.9   0.09590
    857.2   0.09587
    857.4   0.09583
    857.7   0.09579
    858.0   0.09575
    858.3   0.09571
    858.6   0.09568
    858.9   0.09564
    859.2   0.09560
    859.4   0.09556
    859.7   0.09552
    860.0   0.09548
    860.3   0.09544
    860.6   0.09540
    860.9   0.09536
    861.2   0.09532
    861.4   0.09528
    861.7   0.09523
    862.0   0.09518
    862.3   0.09513
    862.6   0.09508
    862.9   0.09503
    863.2   0.09498
    863.4   0.09493
    863.7   0.09488
    864.0   0.09483
    864.3   0.09478
    864.6   0.09472
    864.9   0.09468
    865.2   0.09464
    865.5   0.09460
    865.8   0.09456
    866.0   0.09451
    866.3   0.09446
    866.6   0.09439
    866.9   0.09434
    867.2   0.09428
    867.5   0.09422
    867.8   0.09417
    868.1   0.09411
    868.4   0.09405
    868.7   0.09399
    868.9   0.09392
    869.2   0.09385
    869.5   0.09379
    869.8   0.09373
    870.1   0.09366
    870.4   0.09360
    870.7   0.09353
    871.0   0.09346
    871.3   0.09341
    871.6   0.09335
    871.9   0.09330
    872.2   0.09324
    872.5   0.09318
    872.8   0.09311
    873.0   0.09303
    873.3   0.09297
    873.6   0.09289
    873.9   0.09281
    874.2   0.09274
    874.5   0.09266
    874.8   0.09260
    875.1   0.09253
    875.4   0.09247
    875.7   0.09239
    876.0   0.09231
    876.3   0.09224
    876.6   0.09216
    876.9   0.09209
    877.2   0.09201
    877.5   0.09193
    877.8   0.09185
    878.1   0.09177
    878.4   0.09169
    878.7   0.09161
    879.0   0.09154
    879.3   0.09146
    879.6   0.09139
    879.9   0.09130
    880.2   0.09121
    880.5   0.09112
    880.8   0.09104
    881.1   0.09095
    881.4   0.09087
    881.7   0.09078
    882.0   0.09070
    882.3   0.09061
    882.6   0.09051
    882.9   0.09042
    883.2   0.09035
    883.5   0.09027
    883.8   0.09019
    884.1   0.09010
    884.4   0.09001
    884.7   0.08991
    885.0   0.08982
    885.3   0.08973
    885.6   0.08964
    885.9   0.08955
    886.2   0.08945
    886.5   0.08936
    886.8   0.08927
    887.1   0.08917
    887.4   0.08908
    887.7   0.08899
    888.0   0.08890
    888.3   0.08880
    888.6   0.08871
    888.9   0.08861
    889.2   0.08851
    889.5   0.08841
    889.8   0.08831
    890.1   0.08821
    890.4   0.08811
    890.7   0.08800
    891.1   0.08790
    891.4   0.08780
    891.7   0.08769
    892.0   0.08759
    892.3   0.08749
    892.6   0.08740
    892.9   0.08730
    893.2   0.08719
    893.5   0.08707
    893.8   0.08697
    894.1   0.08687
    894.4   0.08677
    894.7   0.08668
    895.1   0.08658
    895.4   0.08648
    895.7   0.08637
    896.0   0.08626
    896.3   0.08615
    896.6   0.08604
    896.9   0.08592
    897.2   0.08581
    897.5   0.08570
    897.8   0.08559
    898.2   0.08548
    898.5   0.08537
    898.8   0.08526
    899.1   0.08515
    899.4   0.08504
    899.7   0.08492
    900.0   0.08481
    900.3   0.08470
    900.6   0.08459
    901.0   0.08448
    901.3   0.08436
    901.6   0.08426
    901.9   0.08415
    902.2   0.08405
    902.5   0.08393
    902.8   0.08381
    903.2   0.08368
    903.5   0.08355
    903.8   0.08342
    904.1   0.08330
    904.4   0.08319
    904.7   0.08309
    905.1   0.08299
    905.4   0.08288
    905.7   0.08276
    906.0   0.08264
    906.3   0.08251
    906.6   0.08240
    907.0   0.08228
    907.3   0.08216
    907.6   0.08204
    907.9   0.08191
    908.2   0.08180
    908.5   0.08168
    908.9   0.08156
    909.2   0.08144
    909.5   0.08133
    909.8   0.08121
    910.1   0.08109
    910.5   0.08096
    910.8   0.08084
    911.1   0.08071
    911.4   0.08059
    911.7   0.08047
    912.1   0.08035
    912.4   0.08023
    912.7   0.08011
    913.0   0.07999
    913.3   0.07987
    913.7   0.07974
    914.0   0.07962
    914.3   0.07950
    914.6   0.07938
    915.0   0.07926
    915.3   0.07913
    915.6   0.07900
    915.9   0.07887
    916.2   0.07875
    916.6   0.07863
    916.9   0.07850
    917.2   0.07838
    917.5   0.07826
    917.9   0.07814
    918.2   0.07801
    918.5   0.07789
    918.8   0.07776
    919.2   0.07764
    919.5   0.07751
    919.8   0.07738
    920.2   0.07724
    920.5   0.07712
    920.8   0.07699
    921.1   0.07687
    921.5   0.07675
    921.8   0.07663
    922.1   0.07650
    922.4   0.07637
    922.8   0.07625
    923.1   0.07613
    923.4   0.07601
    923.8   0.07588
    924.1   0.07575
    924.4   0.07562
    924.7   0.07550
    925.1   0.07537
    925.4   0.07525
    925.7   0.07512
    926.1   0.07500
    926.4   0.07488
    926.7   0.07476
    927.1   0.07464
    927.4   0.07452
    927.7   0.07439
    928.1   0.07426
    928.4   0.07413
    928.7   0.07400
    929.1   0.07389
    929.4   0.07377
    929.7   0.07365
    930.1   0.07352
    930.4   0.07340
    930.7   0.07327
    931.1   0.07314
    931.4   0.07302
    931.7   0.07290
    932.1   0.07278
    932.4   0.07265
    932.7   0.07253
    933.1   0.07240
    933.4   0.07228
    933.7   0.07215
    934.1   0.07203
    934.4   0.07191
    934.8   0.07178
    935.1   0.07167
    935.4   0.07155
    935.8   0.07143
    936.1   0.07131
    936.4   0.07118
    936.8   0.07106
    937.1   0.07094
    937.5   0.07082
    937.8   0.07070
    938.1   0.07058
    938.5   0.07046
    938.8   0.07034
    939.2   0.07022
    939.5   0.07010
    939.8   0.06998
    940.2   0.06985
    940.5   0.06973
    940.9   0.06962
    941.2   0.06950
    941.5   0.06939
    941.9   0.06927
    942.2   0.06916
    942.6   0.06904
    942.9   0.06892
    943.3   0.06880
    943.6   0.06869
    943.9   0.06858
    944.3   0.06847
    944.6   0.06835
    945.0   0.06823
    945.3   0.06811
    945.7   0.06799
    946.0   0.06788
    946.4   0.06776
    946.7   0.06765
    947.0   0.06754
    947.4   0.06743
    947.7   0.06732
    948.1   0.06721
    948.4   0.06710
    948.8   0.06698
    949.1   0.06686
    949.5   0.06675
    949.8   0.06665
    950.2   0.06653
    950.5   0.06642
    950.9   0.06630
    951.2   0.06619
    951.6   0.06608
    951.9   0.06598
    952.3   0.06587
    952.6   0.06577
    953.0   0.06566
    953.3   0.06556
    953.7   0.06545
    954.0   0.06535
    954.4   0.06524
    954.7   0.06513
    955.1   0.06502
    955.4   0.06491
    955.8   0.06480
    956.1   0.06470
    956.5   0.06460
    956.8   0.06450
    957.2   0.06440
    957.5   0.06429
    957.9   0.06419
    958.3   0.06409
    958.6   0.06398
    959.0   0.06388
    959.3   0.06378
    959.7   0.06368
    960.0   0.06358
    960.4   0.06347
    960.7   0.06338
    961.1   0.06328
    961.4   0.06319
    961.8   0.06309
    962.2   0.06299
    962.5   0.06289
    962.9   0.06279
    963.2   0.06269
    963.6   0.06260
    964.0   0.06250
    964.3   0.06241
    964.7   0.06231
    965.0   0.06221
    965.4   0.06211
    965.7   0.06202
    966.1   0.06193
    966.5   0.06185
    966.8   0.06175
    967.2   0.06166
    967.6   0.06157
    967.9   0.06147
    968.3   0.06137
    968.6   0.06127
    969.0   0.06119
    969.4   0.06110
    969.7   0.06102
    970.1   0.06093
    970.4   0.06085
    970.8   0.06076
    971.2   0.06068
    971.5   0.06059
    971.9   0.06051
    972.3   0.06042
    972.6   0.06033
    973.0   0.06025
    973.4   0.06018
    973.7   0.06010
    974.1   0.06001
    974.5   0.05993
    974.8   0.05985
    975.2   0.05977
    975.6   0.05968
    975.9   0.05960
    976.3   0.05953
    976.7   0.05945
    977.0   0.05937
    977.4   0.05929
    977.8   0.05921
    978.1   0.05913
    978.5   0.05905
    978.9   0.05898
    979.2   0.05891
    979.6   0.05884
    980.0   0.05876
    980.4   0.05869
    980.7   0.05861
    981.1   0.05854
    981.5   0.05847
    981.8   0.05839
    982.2   0.05832
    982.6   0.05825
    983.0   0.05818
    983.3   0.05811
    983.7   0.05803
    984.1   0.05796
    984.5   0.05789
    984.8   0.05782
    985.2   0.05776
    985.6   0.05769
    986.0   0.05762
    986.3   0.05756
    986.7   0.05749
    987.1   0.05743
    987.5   0.05737
    987.8   0.05731
    988.2   0.05725
    988.6   0.05719
    989.0   0.05713
    989.3   0.05708
    989.7   0.05702
    990.1   0.05696
    990.5   0.05689
    990.9   0.05683
    991.2   0.05676
    991.6   0.05670
    992.0   0.05665
    992.4   0.05659
    992.7   0.05654
    993.1   0.05649
    993.5   0.05644
    993.9   0.05639
    994.3   0.05634
    994.7   0.05629
    995.0   0.05623
    995.4   0.05618
    995.8   0.05613
    996.2   0.05608
    996.6   0.05603
    996.9   0.05598
    997.3   0.05593
    997.7   0.05588
    998.1   0.05584
    998.5   0.05579
    998.9   0.05574
    999.3   0.05569
    999.6   0.05565
   1000.0   0.05561
   1000.4   0.05556
   1000.8   0.05552
   1001.2   0.05548
   1001.6   0.05544
   1002.0   0.05540
   1002.3   0.05536
   1002.7   0.05532
   1003.1   0.05529
   1003.5   0.05525
   1003.9   0.05522
   1004.3   0.05518
   1004.7   0.05515
   1005.1   0.05512
   1005.5   0.05508
   1005.8   0.05504
   1006.2   0.05501
   1006.6   0.05497
   1007.0   0.05494
   1007.4   0.05490
   1007.8   0.05487
   1008.2   0.05485
   1008.6   0.05482
   1009.0   0.05479
   1009.4   0.05477
   1009.8   0.05475
   1010.2   0.05472
   1010.6   0.05470
   1010.9   0.05467
   1011.3   0.05465
   1011.7   0.05462
   1012.1   0.05459
   1012.5   0.05457
   1012.9   0.05456
   1013.3   0.05455
   1013.7   0.05454
   1014.1   0.05452
   1014.5   0.05450
   1014.9   0.05449
   1015.3   0.05447
   1015.7   0.05445
   1016.1   0.05443
   1016.5   0.05442
   1016.9   0.05441
   1017.3   0.05440
   1017.7   0.05439
   1018.1   0.05438
   1018.5   0.05438
   1018.9   0.05437
   1019.3   0.05436
   1019.7   0.05435
   1020.1   0.05434
   1020.5   0.05434
   1020.9   0.05434
   1021.3   0.05433
   1021.7   0.05433
   1022.1   0.05434
   1022.5   0.05434
   1022.9   0.05435
   1023.3   0.05435
   1023.7   0.05435
   1024.1   0.05435
   1024.5   0.05435
   1024.9   0.05436
   1025.3   0.05437
   1025.7   0.05438
   1026.2   0.05439
   1026.6   0.05440
   1027.0   0.05441
   1027.4   0.05442
   1027.8   0.05442
   1028.2   0.05443
   1028.6   0.05444
   1029.0   0.05446
   1029.4   0.05448
   1029.8   0.05451
   1030.2   0.05453
   1030.6   0.05455
   1031.1   0.05457
   1031.5   0.05459
   1031.9   0.05462
   1032.3   0.05464
   1032.7   0.05466
   1033.1   0.05469
   1033.5   0.05471
   1033.9   0.05474
   1034.3   0.05476
   1034.8   0.05479
   1035.2   0.05483
   1035.6   0.05486
   1036.0   0.05490
   1036.4   0.05494
   1036.8   0.05498
   1037.2   0.05503
   1037.7   0.05507
   1038.1   0.05511
   1038.5   0.05516
   1038.9   0.05520
   1039.3   0.05524
   1039.7   0.05528
   1040.2   0.05532
   1040.6   0.05536
   1041.0   0.05541
   1041.4   0.05547
   1041.8   0.05552
   1042.2   0.05558
   1042.7   0.05564
   1043.1   0.05569
   1043.5   0.05574
   1043.9   0.05580
   1044.3   0.05585
   1044.8   0.05591
   1045.2   0.05597
   1045.6   0.05603
   1046.0   0.05610
   1046.5   0.05617
   1046.9   0.05624
   1047.3   0.05632
   1047.7   0.05639
   1048.1   0.05646
   1048.6   0.05653
   1049.0   0.05660
   1049.4   0.05666
   1049.8   0.05673
   1050.3   0.05681
   1050.7   0.05689
   1051.1   0.05698
   1051.5   0.05706
   1052.0   0.05713
   1052.4   0.05721
   1052.8   0.05728
   1053.3   0.05737
   1053.7   0.05746
   1054.1   0.05756
   1054.5   0.05766
   1055.0   0.05776
   1055.4   0.05785
   1055.8   0.05794
   1056.3   0.05803
   1056.7   0.05813
   1057.1   0.05823
   1057.6   0.05834
   1058.0   0.05844
   1058.4   0.05854
   1058.9   0.05865
   1059.3   0.05876
   1059.7   0.05887
   1060.2   0.05899
   1060.6   0.05910
   1061.0   0.05922
   1061.5   0.05934
   1061.9   0.05944
   1062.3   0.05956
   1062.8   0.05968
   1063.2   0.05981
   1063.6   0.05993
   1064.1   0.06005
   1064.5   0.06017
   1064.9   0.06029
   1065.4   0.06041
   1065.8   0.06052
   1066.3   0.06063
   1066.7   0.06074
   1067.1   0.06085
   1067.6   0.06096
   1068.0   0.06108
   1068.5   0.06119
   1068.9   0.06131
   1069.3   0.06143
   1069.8   0.06155
   1070.2   0.06167
   1070.7   0.06180
   1071.1   0.06192
   1071.5   0.06204
   1072.0   0.06216
   1072.4   0.06228
   1072.9   0.06240
   1073.3   0.06252
   1073.8   0.06264
   1074.2   0.06275
   1074.7   0.06287
   1075.1   0.06301
   1075.5   0.06315
   1076.0   0.06329
   1076.4   0.06341
   1076.9   0.06354
   1077.3   0.06367
   1077.8   0.06381
   1078.2   0.06394
   1078.7   0.06408
   1079.1   0.06422
   1079.6   0.06437
   1080.0   0.06451
   1080.5   0.06465
   1080.9   0.06479
   1081.4   0.06494
   1081.8   0.06508
   1082.3   0.06521
   1082.7   0.06533
   1083.2   0.06546
   1083.6   0.06561
   1084.1   0.06577
   1084.5   0.06593
   1085.0   0.06609
   1085.5   0.06624
   1085.9   0.06639
   1086.4   0.06653
   1086.8   0.06667
   1087.3   0.06683
   1087.7   0.06698
   1088.2   0.06712
   1088.6   0.06726
   1089.1   0.06739
   1089.6   0.06753
   1090.0   0.06769
   1090.5   0.06798
   1090.9   0.06786
   1091.4   0.06787
   1091.9   0.06812
   1092.3   0.06832
   1092.8   0.06840
   1093.2   0.06842
   1093.7   0.06863
   1094.2   0.06891
   1094.6   0.06903
   1095.1   0.06899
   1095.5   0.06898
   1096.0   0.06930
   1096.5   0.06962
   1096.9   0.06969
   1097.4   0.06968
   1097.9   0.06970
   1098.3   0.06982
   1098.8   0.07005
   1099.3   0.07020
   1099.7   0.07038
   1100.2   0.07052
   1100.7   0.07053
   1101.1   0.07051
   1101.6   0.07091
   1102.1   0.07125
   1102.5   0.07106
   1103.0   0.07114
   1103.5   0.07141
   1103.9   0.07148
   1104.4   0.07160
   1104.9   0.07184
   1105.4   0.07179
   1105.8   0.07168
   1106.3   0.07197
   1106.8   0.07234
   1107.2   0.07243
   1107.7   0.07258
   1108.2   0.07275
   1108.7   0.07309
   1109.1   0.07317
   1109.6   0.07299
   1110.1   0.07308
   1110.6   0.07320
   1111.0   0.07348
   1111.5   0.07363
   1112.0   0.07377
   1112.5   0.07392
   1113.0   0.07394
   1113.4   0.07408
   1113.9   0.07446
   1114.4   0.07464
   1114.9   0.07460
   1115.3   0.07480
   1115.8   0.07503
   1116.3   0.07509
   1116.8   0.07522
   1117.3   0.07534
   1117.8   0.07526
   1118.2   0.07548
   1118.7   0.07571
   1119.2   0.07587
   1119.7   0.07602
   1120.2   0.07624
   1120.7   0.07641
   1121.1   0.07647
   1121.6   0.07672
   1122.1   0.07690
   1122.6   0.07682
   1123.1   0.07693
   1123.6   0.07715
   1124.1   0.07744
   1124.5   0.07764
   1125.0   0.07775
   1125.5   0.07794
   1126.0   0.07804
   1126.5   0.07812
   1127.0   0.07821
   1127.5   0.07848
   1128.0   0.07856
   1128.5   0.07850
   1128.9   0.07884
   1129.4   0.07908
   1129.9   0.07912
   1130.4   0.07926
   1130.9   0.07951
   1131.4   0.07961
   1131.9   0.07979
   1132.4   0.07990
   1132.9   0.07975
   1133.4   0.07996
   1133.9   0.08029
   1134.4   0.08034
   1134.9   0.08046
   1135.4   0.08064
   1135.9   0.08083
   1136.4   0.08105
   1136.9   0.08112
   1137.4   0.08113
   1137.9   0.08134
   1138.4   0.08152
   1138.9   0.08173
   1139.4   0.08208
   1139.9   0.08232
   1140.4   0.08240
   1140.9   0.08248
   1141.4   0.08254
   1141.9   0.08273
   1142.4   0.08292
   1142.9   0.08308
   1143.4   0.08315
   1143.9   0.08330
   1144.4   0.08355
   1144.9   0.08366
   1145.4   0.08371
   1145.9   0.08397
   1146.4   0.08418
   1146.9   0.08430
   1147.4   0.08445
   1147.9   0.08452
   1148.5   0.08475
   1149.0   0.08484
   1149.5   0.08501
   1150.0   0.08534
   1150.5   0.08547
   1151.0   0.08552
   1151.5   0.08570
   1152.0   0.08594
   1152.5   0.08620
   1153.1   0.08622
   1153.6   0.08614
   1154.1   0.08623
   1154.6   0.08648
   1155.1   0.08663
   1155.6   0.08671
   1156.1   0.08681
   1156.7   0.08697
   1157.2   0.08728
   1157.7   0.08742
   1158.2   0.08759
   1158.7   0.08773
   1159.2   0.08793
   1159.8   0.08819
   1160.3   0.08829
   1160.8   0.08831
   1161.3   0.08849
   1161.8   0.08847
   1162.4   0.08852
   1162.9   0.08865
   1163.4   0.08886
   1163.9   0.08904
   1164.5   0.08915
   1165.0   0.08930
   1165.5   0.08948
   1166.0   0.08962
   1166.5   0.08976
   1167.1   0.09002
   1167.6   0.09032
   1168.1   0.09065
   1168.7   0.09077
   1169.2   0.09069
   1169.7   0.09071
   1170.2   0.09090
   1170.8   0.09111
   1171.3   0.09126
   1171.8   0.09127
   1172.4   0.09130
   1172.9   0.09150
   1173.4   0.09155
   1173.9   0.09165
   1174.5   0.09191
   1175.0   0.09202
   1175.5   0.09229
   1176.1   0.09252
   1176.6   0.09267
   1177.1   0.09274
   1177.7   0.09274
   1178.2   0.09291
   1178.7   0.09319
   1179.3   0.09334
   1179.8   0.09333
   1180.4   0.09339
   1180.9   0.09347
   1181.4   0.09359
   1182.0   0.09386
   1182.5   0.09398
   1183.1   0.09417
   1183.6   0.09445
   1184.1   0.09453
   1184.7   0.09468
   1185.2   0.09471
   1185.8   0.09485
   1186.3   0.09504
   1186.8   0.09508
   1187.4   0.09517
   1187.9   0.09537
   1188.5   0.09550
   1189.0   0.09560
   1189.6   0.09578
   1190.1   0.09596
   1190.7   0.09603
   1191.2   0.09615
   1191.8   0.09639
   1192.3   0.09648
   1192.9   0.09661
   1193.4   0.09685
   1194.0   0.09693
   1194.5   0.09699
   1195.1   0.09712
   1195.6   0.09721
   1196.2   0.09738
   1196.7   0.09758
   1197.3   0.09767
   1197.8   0.09773
   1198.4   0.09776
   1198.9   0.09780
   1199.5   0.09799
   1200.0   0.09825
   1200.6   0.09833
   1201.1   0.09836
   1201.7   0.09856
   1202.3   0.09875
   1202.8   0.09888
   1203.4   0.09896
   1203.9   0.09892
   1204.5   0.09903
   1205.1   0.09932
   1205.6   0.09949
   1206.2   0.09967
   1206.7   0.09978
   1207.3   0.09982
   1207.9   0.10001
   1208.4   0.10022
   1209.0   0.10022
   1209.6   0.10036
   1210.1   0.10055
   1210.7   0.10053
   1211.2   0.10062
   1211.8   0.10082
   1212.4   0.10087
   1212.9   0.10091
   1213.5   0.10107
   1214.1   0.10119
   1214.7   0.10137
   1215.2   0.10161
   1215.8   0.10174
   1216.4   0.10172
   1216.9   0.10185
   1217.5   0.10201
   1218.1   0.10209
   1218.6   0.10225
   1219.2   0.10237
   1219.8   0.10246
   1220.4   0.10248
   1220.9   0.10261
   1221.5   0.10271
   1222.1   0.10288
   1222.7   0.10302
   1223.3   0.10305
   1223.8   0.10326
   1224.4   0.10333
   1225.0   0.10342
   1225.6   0.10359
   1226.1   0.10372
   1226.7   0.10384
   1227.3   0.10377
   1227.9   0.10384
   1228.5   0.10418
   1229.1   0.10432
   1229.6   0.10430
   1230.2   0.10443
   1230.8   0.10462
   1231.4   0.10470
   1232.0   0.10488
   1232.6   0.10494
   1233.1   0.10493
   1233.7   0.10512
   1234.3   0.10534
   1234.9   0.10539
   1235.5   0.10547
   1236.1   0.10564
   1236.7   0.10571
   1237.3   0.10575
   1237.9   0.10596
   1238.4   0.10612
   1239.0   0.10615
   1239.6   0.10624
   1240.2   0.10641
   1240.8   0.10655
   1241.4   0.10670
   1242.0   0.10671
   1242.6   0.10682
   1243.2   0.10692
   1243.8   0.10700
   1244.4   0.10711
   1245.0   0.10728
   1245.6   0.10750
   1246.2   0.10762
   1246.8   0.10764
   1247.4   0.10771
   1248.0   0.10775
   1248.6   0.10777
   1249.2   0.10786
   1249.8   0.10803
   1250.4   0.10824
   1251.0   0.10834
   1251.6   0.10852
   1252.2   0.10873
   1252.8   0.10880
   1253.4   0.10877
   1254.0   0.10894
   1254.6   0.10906
   1255.2   0.10927
   1255.8   0.10937
   1256.5   0.10934
   1257.1   0.10932
   1257.7   0.10945
   1258.3   0.10964
   1258.9   0.10981
   1259.5   0.10995
   1260.1   0.11003
   1260.7   0.11007
   1261.3   0.11019
   1262.0   0.11033
   1262.6   0.11045
   1263.2   0.11062
   1263.8   0.11071
   1264.4   0.11085
   1265.0   0.11092
   1265.7   0.11094
   1266.3   0.11116
   1266.9   0.11120
   1267.5   0.11120
   1268.1   0.11130
   1268.8   0.11149
   1269.4   0.11155
   1270.0   0.11162
   1270.6   0.11181
   1271.2   0.11190
   1271.9   0.11202
   1272.5   0.11225
   1273.1   0.11226
   1273.7   0.11234
   1274.4   0.11258
   1275.0   0.11275
   1275.6   0.11279
   1276.3   0.11292
   1276.9   0.11303
   1277.5   0.11308
   1278.1   0.11316
   1278.8   0.11329
   1279.4   0.11346
   1280.0   0.11362
   1280.7   0.11364
   1281.3   0.11367
   1281.9   0.11384
   1282.6   0.11402
   1283.2   0.11413
   1283.8   0.11422
   1284.5   0.11431
   1285.1   0.11432
   1285.7   0.11447
   1286.4   0.11461
   1287.0   0.11466
   1287.7   0.11479
   1288.3   0.11491
   1288.9   0.11500
   1289.6   0.11517
   1290.2   0.11535
   1290.9   0.11546
   1291.5   0.11553
   1292.2   0.11564
   1292.8   0.11574
   1293.4   0.11584
   1294.1   0.11592
   1294.7   0.11598
   1295.4   0.11601
   1296.0   0.11617
   1296.7   0.11629
   1297.3   0.11652
   1298.0   0.11659
   1298.6   0.11649
   1299.3   0.11667
   1299.9   0.11680
   1300.6   0.11685
   1301.2   0.11709
   1301.9   0.11723
   1302.5   0.11729
   1303.2   0.11741
   1303.9   0.11744
   1304.5   0.11763
   1305.2   0.11782
   1305.8   0.11791
   1306.5   0.11788
   1307.1   0.11792
   1307.8   0.11813
   1308.5   0.11833
   1309.1   0.11837
   1309.8   0.11842
   1310.4   0.11853
   1311.1   0.11873
   1311.8   0.11893
   1312.4   0.11903
   1313.1   0.11913
   1313.8   0.11927
   1314.4   0.11941
   1315.1   0.11943
   1315.8   0.11953
   1316.4   0.11968
   1317.1   0.11979
   1317.8   0.11991
   1318.4   0.12002
   1319.1   0.12016
   1319.8   0.12025
   1320.5   0.12033
   1321.1   0.12047
   1321.8   0.12051
   1322.5   0.12070
   1323.2   0.12080
   1323.8   0.12085
   1324.5   0.12083
   1325.2   0.12088
   1325.9   0.12115
   1326.5   0.12131
   1327.2   0.12132
   1327.9   0.12143
   1328.6   0.12159
   1329.3   0.12177
   1329.9   0.12189
   1330.6   0.12186
   1331.3   0.12197
   1332.0   0.12213
   1332.7   0.12234
   1333.4   0.12246
   1334.1   0.12252
   1334.7   0.12258
   1335.4   0.12269
   1336.1   0.12289
   1336.8   0.12301
   1337.5   0.12316
   1338.2   0.12335
   1338.9   0.12340
   1339.6   0.12334
   1340.3   0.12345
   1341.0   0.12367
   1341.6   0.12379
   1342.3   0.12385
   1343.0   0.12392
   1343.7   0.12408
   1344.4   0.12419
   1345.1   0.12435
   1345.8   0.12453
   1346.5   0.12454
   1347.2   0.12463
   1347.9   0.12485
   1348.6   0.12496
   1349.3   0.12500
   1350.0   0.12502
   1350.7   0.12523
   1351.4   0.12540
   1352.1   0.12550
   1352.9   0.12556
   1353.6   0.12566
   1354.3   0.12582
   1355.0   0.12597
   1355.7   0.12614
   1356.4   0.12613
   1357.1   0.12615
   1357.8   0.12643
   1358.5   0.12659
   1359.2   0.12670
   1360.0   0.12690
   1360.7   0.12697
   1361.4   0.12715
   1362.1   0.12744
   1362.8   0.12760
   1363.5   0.12751
   1364.2   0.12761
   1365.0   0.12782
   1365.7   0.12795
   1366.4   0.12793
   1367.1   0.12794
   1367.8   0.12804
   1368.6   0.12822
   1369.3   0.12829
   1370.0   0.12839
   1370.7   0.12863
   1371.5   0.12870
   1372.2   0.12872
   1372.9   0.12875
   1373.6   0.12878
   1374.4   0.12904
   1375.1   0.12925
   1375.8   0.12929
   1376.6   0.12933
   1377.3   0.12941
   1378.0   0.12952
   1378.8   0.12970
   1379.5   0.12986
   1380.2   0.12998
   1381.0   0.13032
   1381.7   0.13034
   1382.4   0.13046
   1383.2   0.13075
   1383.9   0.13068
   1384.7   0.13075
   1385.4   0.13086
   1386.1   0.13084
   1386.9   0.13090
   1387.6   0.13101
   1388.4   0.13129
   1389.1   0.13144
   1389.8   0.13132
   1390.6   0.13144
   1391.3   0.13155
   1392.1   0.13171
   1392.8   0.13201
   1393.6   0.13211
   1394.3   0.13205
   1395.1   0.13217
   1395.8   0.13231
   1396.6   0.13240
   1397.3   0.13254
   1398.1   0.13258
   1398.8   0.13263
   1399.6   0.13279
   1400.4   0.13300
   1401.1   0.13309
   1401.9   0.13313
   1402.6   0.13320
   1403.4   0.13336
   1404.2   0.13346
   1404.9   0.13362
   1405.7   0.13376
   1406.4   0.13379
   1407.2   0.13394
   1408.0   0.13410
   1408.7   0.13416
   1409.5   0.13429
   1410.3   0.13444
   1411.0   0.13452
   1411.8   0.13459
   1412.6   0.13474
   1413.3   0.13472
   1414.1   0.13493
   1414.9   0.13517
   1415.7   0.13511
   1416.4   0.13517
   1417.2   0.13530
   1418.0   0.13536
   1418.8   0.13553
   1419.5   0.13580
   1420.3   0.13594
   1421.1   0.13590
   1421.9   0.13591
   1422.6   0.13606
   1423.4   0.13625
   1424.2   0.13647
   1425.0   0.13656
   1425.8   0.13660
   1426.6   0.13670
   1427.3   0.13677
   1428.1   0.13677
   1428.9   0.13691
   1429.7   0.13707
   1430.5   0.13715
   1431.3   0.13728
   1432.1   0.13744
   1432.9   0.13758
   1433.7   0.13766
   1434.5   0.13771
   1435.3   0.13781
   1436.0   0.13787
   1436.8   0.13790
   1437.6   0.13803
   1438.4   0.13822
   1439.2   0.13840
   1440.0   0.13858
   1440.8   0.13862
   1441.6   0.13870
   1442.4   0.13883
   1443.2   0.13890
   1444.0   0.13896
   1444.9   0.13908
   1445.7   0.13922
   1446.5   0.13934
   1447.3   0.13937
   1448.1   0.13949
   1448.9   0.13955
   1449.7   0.13965
   1450.5   0.13981
   1451.3   0.13993
   1452.1   0.13995
   1453.0   0.14007
   1453.8   0.14021
   1454.6   0.14031
   1455.4   0.14044
   1456.2   0.14048
   1457.0   0.14060
   1457.9   0.14081
   1458.7   0.14094
   1459.5   0.14101
   1460.3   0.14115
   1461.1   0.14135
   1462.0   0.14134
   1462.8   0.14129
   1463.6   0.14139
   1464.4   0.14152
   1465.3   0.14165
   1466.1   0.14183
   1466.9   0.14190
   1467.8   0.14197
   1468.6   0.14203
   1469.4   0.14210
   1470.3   0.14221
   1471.1   0.14236
   1471.9   0.14245
   1472.8   0.14255
   1473.6   0.14267
   1474.4   0.14276
   1475.3   0.14289
   1476.1   0.14297
   1477.0   0.14295
   1477.8   0.14301
   1478.6   0.14326
   1479.5   0.14344
   1480.3   0.14352
   1481.2   0.14352
   1482.0   0.14352
   1482.9   0.14360
   1483.7   0.14374
   1484.6   0.14386
   1485.4   0.14400
   1486.3   0.14411
   1487.1   0.14414
   1488.0   0.14425
   1488.8   0.14433
   1489.7   0.14441
   1490.6   0.14455
   1491.4   0.14454
   1492.3   0.14458
   1493.1   0.14476
   1494.0   0.14496
   1494.8   0.14505
   1495.7   0.14517
   1496.6   0.14525
   1497.4   0.14530
   1498.3   0.14537
   1499.2   0.14547
   1500.0   0.14551
   1500.9   0.14554
   1501.8   0.14562
   1502.6   0.14566
   1503.5   0.14581
   1504.4   0.14586
   1505.3   0.14590
   1506.1   0.14603
   1507.0   0.14607
   1507.9   0.14618
   1508.8   0.14642
   1509.6   0.14652
   1510.5   0.14658
   1511.4   0.14660
   1512.3   0.14662
   1513.2   0.14672
   1514.1   0.14684
   1514.9   0.14687
   1515.8   0.14695
   1516.7   0.14709
   1517.6   0.14728
   1518.5   0.14741
   1519.4   0.14742
   1520.3   0.14746
   1521.2   0.14753
   1522.1   0.14761
   1523.0   0.14770
   1523.8   0.14782
   1524.7   0.14786
   1525.6   0.14790
   1526.5   0.14800
   1527.4   0.14813
   1528.3   0.14817
   1529.2   0.14824
   1530.1   0.14832
   1531.0   0.14840
   1532.0   0.14846
   1532.9   0.14854
   1533.8   0.14864
   1534.7   0.14877
   1535.6   0.14884
   1536.5   0.14882
   1537.4   0.14887
   1538.3   0.14898
   1539.2   0.14906
   1540.1   0.14910
   1541.1   0.14916
   1542.0   0.14923
   1542.9   0.14926
   1543.8   0.14937
   1544.7   0.14947
   1545.7   0.14955
   1546.6   0.14967
   1547.5   0.14970
   1548.4   0.14971
   1549.4   0.14981
   1550.3   0.14994
   1551.2   0.15007
   1552.1   0.15003
   1553.1   0.15005
   1554.0   0.15016
   1554.9   0.15017
   1555.9   0.15027
   1556.8   0.15042
   1557.7   0.15051
   1558.7   0.15049
   1559.6   0.15053
   1560.5   0.15066
   1561.5   0.15067
   1562.4   0.15072
   1563.4   0.15077
   1564.3   0.15085
   1565.3   0.15088
   1566.2   0.15084
   1567.2   0.15094
   1568.1   0.15102
   1569.0   0.15112
   1570.0   0.15118
   1571.0   0.15125
   1571.9   0.15131
   1572.9   0.15136
   1573.8   0.15141
   1574.8   0.15141
   1575.7   0.15156
   1576.7   0.15164
   1577.6   0.15161
   1578.6   0.15166
   1579.6   0.15178
   1580.5   0.15178
   1581.5   0.15188
   1582.5   0.15196
   1583.4   0.15197
   1584.4   0.15193
   1585.4   0.15194
   1586.3   0.15208
   1587.3   0.15222
   1588.3   0.15222
   1589.3   0.15222
   1590.2   0.15226
   1591.2   0.15228
   1592.2   0.15234
   1593.2   0.15245
   1594.1   0.15253
   1595.1   0.15257
   1596.1   0.15261
   1597.1   0.15264
   1598.1   0.15272
   1599.1   0.15270
   1600.0   0.15266
   1601.0   0.15278
   1602.0   0.15288
   1603.0   0.15291
   1604.0   0.15289
   1605.0   0.15289
   1606.0   0.15297
   1607.0   0.15300
   1608.0   0.15302
   1609.0   0.15315
   1610.0   0.15326
   1611.0   0.15321
   1612.0   0.15321
   1613.0   0.15324
   1614.0   0.15323
   1615.0   0.15324
   1616.0   0.15334
   1617.0   0.15342
   1618.0   0.15344
   1619.0   0.15346
   1620.0   0.15356
   1621.1   0.15355
   1622.1   0.15348
   1623.1   0.15359
   1624.1   0.15367
   1625.1   0.15363
   1626.1   0.15363
   1627.2   0.15363
   1628.2   0.15372
   1629.2   0.15373
   1630.2   0.15370
   1631.3   0.15378
   1632.3   0.15389
   1633.3   0.15393
   1634.3   0.15391
   1635.4   0.15389
   1636.4   0.15389
   1637.4   0.15387
   1638.5   0.15389
   1639.5   0.15380
   1640.5   0.15384
   1641.6   0.15399
   1642.6   0.15402
   1643.7   0.15404
   1644.7   0.15401
   1645.8   0.15397
   1646.8   0.15395
   1647.8   0.15398
   1648.9   0.15403
   1649.9   0.15403
   1651.0   0.15407
   1652.1   0.15405
   1653.1   0.15409
   1654.2   0.15418
   1655.2   0.15416
   1656.3   0.15413
   1657.3   0.15418
   1658.4   0.15417
   1659.5   0.15417
   1660.5   0.15417
   1661.6   0.15417
   1662.6   0.15423
   1663.7   0.15422
   1664.8   0.15417
   1665.9   0.15420
   1666.9   0.15420
   1668.0   0.15416
   1669.1   0.15417
   1670.1   0.15425
   1671.2   0.15427
   1672.3   0.15430
   1673.4   0.15431
   1674.5   0.15419
   1675.5   0.15415
   1676.6   0.15417
   1677.7   0.15419
   1678.8   0.15428
   1679.9   0.15430
   1681.0   0.15424
   1682.1   0.15420
   1683.2   0.15417
   1684.3   0.15411
   1685.3   0.15410
   1686.4   0.15420
   1687.5   0.15420
   1688.6   0.15424
   1689.7   0.15428
   1690.8   0.15426
   1692.0   0.15422
   1693.1   0.15422
   1694.2   0.15421
   1695.3   0.15418
   1696.4   0.15415
   1697.5   0.15409
   1698.6   0.15411
   1699.7   0.15411
   1700.8   0.15408
   1701.9   0.15406
   1703.1   0.15407
   1704.2   0.15412
   1705.3   0.15415
   1706.4   0.15405
   1707.6   0.15397
   1708.7   0.15394
   1709.8   0.15384
   1710.9   0.15381
   1712.1   0.15384
   1713.2   0.15383
   1714.3   0.15370
   1715.5   0.15354
   1716.6   0.15355
   1717.7   0.15354
   1718.9   0.15347
   1720.0   0.15351
   1721.2   0.15355
   1722.3   0.15339
   1723.4   0.15332
   1724.6   0.15331
   1725.7   0.15330
   1726.9   0.15326
   1728.0   0.15322
   1729.2   0.15320
   1730.4   0.15319
   1731.5   0.15311
   1732.7   0.15310
   1733.8   0.15311
   1735.0   0.15302
   1736.1   0.15300
   1737.3   0.15291
   1738.5   0.15279
   1739.6   0.15278
   1740.8   0.15274
   1742.0   0.15264
   1743.2   0.15261
   1744.3   0.15259
   1745.5   0.15253
   1746.7   0.15252
   1747.9   0.15253
   1749.0   0.15247
   1750.2   0.15241
   1751.4   0.15233
   1752.6   0.15221
   1753.8   0.15212
   1755.0   0.15199
   1756.1   0.15202
   1757.3   0.15203
   1758.5   0.15187
   1759.7   0.15177
   1760.9   0.15169
   1762.1   0.15167
   1763.3   0.15164
   1764.5   0.15148
   1765.7   0.15141
   1766.9   0.15138
   1768.1   0.15130
   1769.3   0.15119
   1770.5   0.15115
   1771.7   0.15113
   1773.0   0.15102
   1774.2   0.15088
   1775.4   0.15077
   1776.6   0.15066
   1777.8   0.15060
   1779.0   0.15061
   1780.3   0.15052
   1781.5   0.15040
   1782.7   0.15034
   1783.9   0.15019
   1785.2   0.15007
   1786.4   0.15008
   1787.6   0.15001
   1788.9   0.14984
   1790.1   0.14967
   1791.3   0.14960
   1792.6   0.14954
   1793.8   0.14946
   1795.1   0.14942
   1796.3   0.14935
   1797.6   0.14923
   1798.8   0.14914
   1800.0   0.14909
   1801.3   0.14901
   1802.6   0.14891
   1803.8   0.14879
   1805.1   0.14864
   1806.3   0.14856
   1807.6   0.14854
   1808.8   0.14843
   1810.1   0.14830
   1811.4   0.14826
   1812.6   0.14806
   1813.9   0.14786
   1815.2   0.14775
   1816.4   0.14780
   1817.7   0.14769
   1819.0   0.14755
   1820.3   0.14754
   1821.6   0.14755
   1822.8   0.14736
   1824.1   0.14709
   1825.4   0.14694
   1826.7   0.14705
   1828.0   0.14699
   1829.3   0.14674
   1830.6   0.14664
   1831.8   0.14657
   1833.1   0.14638
   1834.4   0.14625
   1835.7   0.14622
   1837.0   0.14633
   1838.3   0.14624
   1839.7   0.14594
   1841.0   0.14582
   1842.3   0.14584
   1843.6   0.14567
   1844.9   0.14534
   1846.2   0.14528
   1847.5   0.14537
   1848.8   0.14539
   1850.2   0.14500
   1851.5   0.14465
   1852.8   0.14447
   1854.1   0.14458
   1855.5   0.14449
   1856.8   0.14425
   1858.1   0.14411
   1859.4   0.14395
   1860.8   0.14396
   1862.1   0.14374
   1863.5   0.14348
   1864.8   0.14335
   1866.1   0.14317
   1867.5   0.14313
   1868.8   0.14322
   1870.2   0.14301
   1871.5   0.14303
   1872.9   0.14303
   1874.2   0.14284
   1875.6   0.14250
   1876.9   0.14226
   1878.3   0.14215
   1879.7   0.14185
   1881.0   0.14169
   1882.4   0.14154
   1883.8   0.14142
   1885.1   0.14132
   1886.5   0.14110
   1887.9   0.14096
   1889.3   0.14084
   1890.6   0.14080
   1892.0   0.14060
   1893.4   0.14037
   1894.8   0.14021
   1896.2   0.14012
   1897.6   0.14000
   1899.0   0.13991
   1900.3   0.13993
   1901.7   0.13970
   1903.1   0.13950
   1904.5   0.13942
   1905.9   0.13937
   1907.3   0.13919
   1908.7   0.13881
   1910.1   0.13859
   1911.6   0.13851
   1913.0   0.13843
   1914.4   0.13831
   1915.8   0.13810
   1917.2   0.13783
   1918.6   0.13763
   1920.0   0.13766
   1921.5   0.13768
   1922.9   0.13731
   1924.3   0.13703
   1925.8   0.13687
   1927.2   0.13677
   1928.6   0.13664
   1930.1   0.13639
   1931.5   0.13624
   1932.9   0.13607
   1934.4   0.13585
   1935.8   0.13568
   1937.3   0.13556
   1938.7   0.13539
   1940.2   0.13526
   1941.6   0.13506
   1943.1   0.13481
   1944.5   0.13463
   1946.0   0.13453
   1947.5   0.13437
   1948.9   0.13423
   1950.4   0.13400
   1951.9   0.13373
   1953.3   0.13355
   1954.8   0.13345
   1956.3   0.13329
   1957.8   0.13316
   1959.2   0.13301
   1960.7   0.13281
   1962.2   0.13261
   1963.7   0.13236
   1965.2   0.13221
   1966.7   0.13219
   1968.2   0.13196
   1969.7   0.13168
   1971.2   0.13149
   1972.7   0.13131
   1974.2   0.13119
   1975.7   0.13113
   1977.2   0.13098
   1978.7   0.13073
   1980.2   0.13048
   1981.7   0.13028
   1983.2   0.13012
   1984.7   0.12995
   1986.3   0.12973
   1987.8   0.12962
   1989.3   0.12957
   1990.8   0.12938
   1992.4   0.12916
   1993.9   0.12893
   1995.4   0.12876
   1997.0   0.12861
   1998.5   0.12843
   2000.1   0.12832
   2001.6   0.12816
   2003.1   0.12788
   2004.7   0.12776
   2006.2   0.12766
   2007.8   0.12740
   2009.4   0.12717
   2010.9   0.12701
   2012.5   0.12685
   2014.0   0.12662
   2015.6   0.12641
   2017.2   0.12626
   2018.7   0.12614
   2020.3   0.12599
   2021.9   0.12581
   2023.5   0.12567
   2025.1   0.12554
   2026.6   0.12534
   2028.2   0.12517
   2029.8   0.12496
   2031.4   0.12475
   2033.0   0.12458
   2034.6   0.12444
   2036.2   0.12431
   2037.8   0.12409
   2039.4   0.12387
   2041.0   0.12377
   2042.6   0.12361
   2044.2   0.12343
   2045.8   0.12322
   2047.4   0.12303
   2049.1   0.12288
   2050.7   0.12278
   2052.3   0.12251
   2053.9   0.12235
   2055.6   0.12222
   2057.2   0.12205
   2058.8   0.12191
   2060.5   0.12170
   2062.1   0.12151
   2063.7   0.12139
   2065.4   0.12124
   2067.0   0.12108
   2068.7   0.12086
   2070.3   0.12064
   2072.0   0.12053
   2073.7   0.12034
   2075.3   0.12015
   2077.0   0.12001
   2078.6   0.11976
   2080.3   0.11958
   2082.0   0.11949
   2083.7   0.11942
   2085.3   0.11927
   2087.0   0.11907
   2088.7   0.11883
   2090.4   0.11874
   2092.1   0.11858
   2093.8   0.11837
   2095.4   0.11825
   2097.1   0.11807
   2098.8   0.11804
   2100.5   0.11798
   2102.2   0.11774
   2104.0   0.11748
   2105.7   0.11729
   2107.4   0.11719
   2109.1   0.11703
   2110.8   0.11677
   2112.5   0.11666
   2114.2   0.11660
   2116.0   0.11648
   2117.7   0.11630
   2119.4   0.11616
   2121.2   0.11600
   2122.9   0.11585
   2124.6   0.11573
   2126.4   0.11564
   2128.1   0.11547
   2129.9   0.11523
   2131.6   0.11507
   2133.4   0.11497
   2135.1   0.11486
   2136.9   0.11477
   2138.7   0.11466
   2140.4   0.11459
   2142.2   0.11447
   2144.0   0.11432
   2145.8   0.11408
   2147.5   0.11392
   2149.3   0.11383
   2151.1   0.11365
   2152.9   0.11342
   2154.7   0.11333
   2156.5   0.11324
   2158.3   0.11307
   2160.1   0.11295
   2161.9   0.11294
   2163.7   0.11290
   2165.5   0.11273
   2167.3   0.11257
   2169.1   0.11251
   2170.9   0.11236
   2172.7   0.11220
   2174.6   0.11218
   2176.4   0.11211
   2178.2   0.11192
   2180.0   0.11169
   2181.9   0.11151
   2183.7   0.11146
   2185.6   0.11139
   2187.4   0.11125
   2189.2   0.11117
   2191.1   0.11116
   2193.0   0.11105
   2194.8   0.11092
   2196.7   0.11079
   2198.5   0.11074
   2200.4   0.11060
   2202.3   0.11044
   2204.1   0.11037
   2206.0   0.11029
   2207.9   0.11017
   2209.8   0.11013
   2211.7   0.11016
   2213.6   0.11002
   2215.4   0.10987
   2217.3   0.10983
   2219.2   0.10973
   2221.1   0.10967
   2223.0   0.10970
   2225.0   0.10971
   2226.9   0.10955
   2228.8   0.10946
   2230.7   0.10946
   2232.6   0.10945
   2234.5   0.10935
   2236.5   0.10925
   2238.4   0.10928
   2240.3   0.10923
   2242.3   0.10912
   2244.2   0.10911
   2246.2   0.10905
   2248.1   0.10905
   2250.1   0.10911
   2252.0   0.10911
   2254.0   0.10908
   2255.9   0.10907
   2257.9   0.10910
   2259.9   0.10913
   2261.8   0.10907
   2263.8   0.10907
   2265.8   0.10912
   2267.8   0.10917
   2269.8   0.10923
   2271.8   0.10925
   2273.7   0.10919
   2275.7   0.10916
   2277.7   0.10917
   2279.7   0.10916
   2281.7   0.10922
   2283.8   0.10923
   2285.8   0.10917
   2287.8   0.10918
   2289.8   0.10934
   2291.8   0.10944
   2293.9   0.10943
   2295.9   0.10945
   2297.9   0.10948
   2300.0   0.10949
   2302.0   0.10954
   2304.1   0.10964
   2306.1   0.10969
   2308.2   0.10972
   2310.2   0.10965
   2312.3   0.10965
   2314.3   0.10975
   2316.4   0.10982
   2318.5   0.10988
   2320.6   0.10983
   2322.6   0.10980
   2324.7   0.10992
   2326.8   0.11003
   2328.9   0.11014
   2331.0   0.11020
   2333.1   0.11029
   2335.2   0.11037
   2337.3   0.11042
   2339.4   0.11047
   2341.5   0.11066
   2343.6   0.11081
   2345.8   0.11090
   2347.9   0.11098
   2350.0   0.11109
   2352.1   0.11120
   2354.3   0.11127
   2356.4   0.11137
   2358.6   0.11147
   2360.7   0.11160
   2362.9   0.11174
   2365.0   0.11176
   2367.2   0.11188
   2369.3   0.11210
   2371.5   0.11222
   2373.7   0.11232
   2375.9   0.11251
   2378.0   0.11274
   2380.2   0.11284
   2382.4   0.11299
   2384.6   0.11318
   2386.8   0.11341
   2389.0   0.11367
   2391.2   0.11383
   2393.4   0.11397
   2395.6   0.11419
   2397.8   0.11435
   2400.1   0.11460
   2402.3   0.11479
   2404.5   0.11490
   2406.7   0.11503
   2409.0   0.11522
   2411.2   0.11549
   2413.5   0.11577
   2415.7   0.11603
   2418.0   0.11632
   2420.2   0.11658
   2422.5   0.11675
   2424.8   0.11702
   2427.0   0.11738
   2429.3   0.11757
   2431.6   0.11781
   2433.9   0.11814
   2436.2   0.11840
   2438.4   0.11869
   2440.7   0.11901
   2443.0   0.11932
   2445.3   0.11956
   2447.7   0.11985
   2450.0   0.12012
   2452.3   0.12040
   2454.6   0.12068
   2456.9   0.12101
   2459.3   0.12139
   2461.6   0.12170
   2463.9   0.12195
   2466.3   0.12229
   2468.6   0.12257
   2471.0   0.12289
   2473.3   0.12323
   2475.7   0.12353
   2478.1   0.12381
   2480.4   0.12414
   2482.8   0.12447
   2485.2   0.12475
   2487.6   0.12514
   2490.0   0.12556
   2492.4   0.12586
   2494.8   0.12618
   2497.2   0.12658
   2499.6   0.12699
   2502.0   0.12733
   2504.4   0.12772
   2506.8   0.12817
   2509.3   0.12854
   2511.7   0.12882
   2514.1   0.12915
   2516.6   0.12957
   2519.0   0.12995
   2521.5   0.13036
   2523.9   0.13076
   2526.4   0.13115
   2528.8   0.13153
   2531.3   0.13190
   2533.8   0.13245
   2536.3   0.13293
   2538.8   0.13325
   2541.2   0.13346
   2543.7   0.13394
   2546.2   0.13448
   2548.7   0.13479
   2551.2   0.13516
   2553.8   0.13573
   2556.3   0.13605
   2558.8   0.13612
   2561.3   0.13685
   2563.9   0.13798
   2566.4   0.13825
   2568.9   0.13809
   2571.5   0.13852
   2574.0   0.13894
   2576.6   0.13949
   2579.2   0.13976
   2581.7   0.13999
   2584.3   0.14080
   2586.9   0.14140
   2589.5   0.14162
   2592.1   0.14162
   2594.7   0.14222
   2597.3   0.14343
   2599.9   0.14287
   2602.5   0.14293
   2605.1   0.14393
   2607.7   0.14472
   2610.3   0.14485
   2613.0   0.14482
   2615.6   0.14505
   2618.3   0.14590
   2620.9   0.14634
   2623.6   0.14610
   2626.2   0.14617
   2628.9   0.14694
   2631.5   0.14761
   2634.2   0.14795
   2636.9   0.14781
   2639.6   0.14766
   2642.3   0.14786
   2645.0   0.14831
   2647.7   0.14880
   2650.4   0.14905
   2653.1   0.14939
   2655.8   0.15002
   2658.5   0.15027
   2661.3   0.15057
   2664.0   0.15094
   2666.7   0.15183
   2669.5   0.15247
   2672.2   0.15255
   2675.0   0.15234
   2677.8   0.15267
   2680.5   0.15265
   2683.3   0.15182
   2686.1   0.15162
   2688.9   0.15153
   2691.7   0.15102
   2694.5   0.15091
   2697.3   0.15087
   2700.1   0.14999
   2702.9   0.14949
   2705.7   0.14928
   2708.5   0.14941
   2711.4   0.14968
   2714.2   0.14974
   2717.1   0.14968
   2719.9   0.15000
   2722.8   0.15030
   2725.6   0.15013
   2728.5   0.14979
   2731.4   0.14946
   2734.2   0.14942
   2737.1   0.14938
   2740.0   0.14944
   2742.9   0.14977
   2745.8   0.14934
   2748.7   0.14882
   2751.7   0.14879
   2754.6   0.14890
   2757.5   0.14931
   2760.5   0.14912
   2763.4   0.14890
   2766.3   0.14899
   2769.3   0.14903
   2772.3   0.14903
   2775.2   0.14898
   2778.2   0.14904
   2781.2   0.14923
   2784.2   0.14958
   2787.2   0.14986
   2790.2   0.15007
   2793.2   0.15006
   2796.2   0.15012
   2799.2   0.15007
   2802.2   0.15012
   2805.3   0.15063
   2808.3   0.15046
   2811.4   0.14991
   2814.4   0.14961
   2817.5   0.14948
   2820.5   0.14916
   2823.6   0.14862
   2826.7   0.14814
   2829.8   0.14794
   2832.9   0.14764
   2836.0   0.14734
   2839.1   0.14705
   2842.2   0.14663
   2845.3   0.14639
   2848.4   0.14635
   2851.6   0.14638
   2854.7   0.14643
   2857.8   0.14660
   2861.0   0.14674
   2864.2   0.14677
   2867.3   0.14680
   2870.5   0.14690
   2873.7   0.14711
   2876.9   0.14727
   2880.1   0.14739
   2883.3   0.14738
   2886.5   0.14739
   2889.7   0.14759
   2892.9   0.14774
   2896.2   0.14765
   2899.4   0.14775
   2902.7   0.14799
   2905.9   0.14819
   2909.2   0.14822
   2912.4   0.14824
   2915.7   0.14825
   2919.0   0.14841
   2922.3   0.14871
   2925.6   0.14913
   2928.9   0.14932
   2932.2   0.14928
   2935.5   0.14937
   2938.9   0.14954
   2942.2   0.14960
   2945.5   0.14981
   2948.9   0.14996
   2952.2   0.15001
   2955.6   0.15012
   2959.0   0.15033
   2962.4   0.15042
   2965.8   0.15045
   2969.1   0.15050
   2972.6   0.15048
   2976.0   0.15054
   2979.4   0.15064
   2982.8   0.15077
   2986.3   0.15088
   2989.7   0.15091
   2993.1   0.15113
   2996.6   0.15125
   3000.1   0.15106
   3003.6   0.15093
   3007.0   0.15104
   3010.5   0.15135
   3014.0   0.15144
   3017.5   0.15144
   3021.1   0.15171
   3024.6   0.15171
   3028.1   0.15165
   3031.7   0.15177
   3035.2   0.15187
   3038.8   0.15195
   3042.3   0.15222
   3045.9   0.15252
   3049.5   0.15264
   3053.1   0.15258
   3056.7   0.15254
   3060.3   0.15269
   3063.9   0.15287
   3067.5   0.15281
   3071.2   0.15273
   3074.8   0.15281
   3078.5   0.15294
   3082.1   0.15300
   3085.8   0.15312
   3089.5   0.15315
   3093.2   0.15315
   3096.9   0.15323
   3100.6   0.15325
   3104.3   0.15342
   3108.0   0.15360
   3111.7   0.15360
   3115.5   0.15357
   3119.2   0.15363
   3121.1   0.15368
   3123.0   0.15374
   3124.9   0.15384
   3126.7   0.15392
   3128.6   0.15399
   3130.5   0.15402
   3132.4   0.15406
   3134.3   0.15408
   3136.2   0.15415
   3138.1   0.15421
   3140.0   0.15426
   3141.9   0.15435
   3143.8   0.15437
   3145.7   0.15437
   3147.6   0.15446
   3149.5   0.15449
   3151.4   0.15452
   3153.4   0.15463
   3155.3   0.15469
   3157.2   0.15471
   3159.1   0.15475
   3161.1   0.15480
   3163.0   0.15489
   3164.9   0.15496
   3166.9   0.15496
   3168.8   0.15496
   3170.7   0.15501
   3172.7   0.15502
   3174.6   0.15506
   3176.6   0.15512
   3178.5   0.15520
   3180.5   0.15528
   3182.4   0.15535
   3184.4   0.15535
   3186.3   0.15535
   3188.3   0.15540
   3190.2   0.15551
   3192.2   0.15556
   3194.2   0.15563
   3196.1   0.15562
   3198.1   0.15564
   3200.1   0.15572
   3202.1   0.15577
   3204.0   0.15577
   3206.0   0.15572
   3208.0   0.15573
   3210.0   0.15581
   3212.0   0.15588
   3214.0   0.15596
   3216.0   0.15599
   3218.0   0.15603
   3220.0   0.15613
   3222.0   0.15621
   3224.0   0.15623
   3226.0   0.15624
   3228.0   0.15625
   3230.0   0.15636
   3232.0   0.15640
   3234.0   0.15636
   3236.0   0.15632
   3238.1   0.15640
   3240.1   0.15650
   3242.1   0.15651
   3244.1   0.15645
   3246.2   0.15649
   3248.2   0.15652
   3250.2   0.15657
   3252.3   0.15663
   3254.3   0.15670
   3256.4   0.15673
   3258.4   0.15677
   3260.5   0.15680
   3262.5   0.15685
   3264.6   0.15690
   3266.6   0.15697
   3268.7   0.15702
   3270.7   0.15705
   3272.8   0.15706
   3274.9   0.15710
   3277.0   0.15710
   3279.0   0.15716
   3281.1   0.15720
   3283.2   0.15722
   3285.3   0.15720
   3287.3   0.15720
   3289.4   0.15720
   3291.5   0.15732
   3293.6   0.15739
   3295.7   0.15739
   3297.8   0.15740
   3299.9   0.15751
   3302.0   0.15757
   3304.1   0.15759
   3306.2   0.15760
   3308.3   0.15761
   3310.4   0.15765
   3312.5   0.15769
   3314.7   0.15770
   3316.8   0.15772
   3318.9   0.15766
   3321.0   0.15766
   3323.2   0.15771
   3325.3   0.15785
   3327.4   0.15789
   3329.6   0.15794
   3331.7   0.15798
   3333.8   0.15801
   3336.0   0.15796
   3338.1   0.15793
   3340.3   0.15797
   3342.4   0.15794
   3344.6   0.15795
   3346.8   0.15805
   3348.9   0.15809
   3351.1   0.15809
   3353.3   0.15808
   3355.4   0.15805
   3357.6   0.15796
   3359.8   0.15797
   3362.0   0.15798
   3364.1   0.15800
   3366.3   0.15798
   3368.5   0.15792
   3370.7   0.15791
   3372.9   0.15790
   3375.1   0.15785
   3377.3   0.15784
   3379.5   0.15785
   3381.7   0.15790
   3383.9   0.15793
   3386.1   0.15796
   3388.3   0.15794
   3390.5   0.15797
   3392.8   0.15801
   3395.0   0.15791
   3397.2   0.15780
   3399.4   0.15776
   3401.7   0.15775
   3403.9   0.15771
   3406.1   0.15758
   3408.4   0.15747
   3410.6   0.15738
   3412.9   0.15727
   3415.1   0.15711
   3417.4   0.15710
   3419.6   0.15717
   3421.9   0.15732
   3424.1   0.15746
   3426.4   0.15765
   3428.7   0.15785
   3430.9   0.15802
   3433.2   0.15811
   3435.5   0.15826
   3437.8   0.15842
   3440.0   0.15855
   3442.3   0.15864
   3444.6   0.15872
   3446.9   0.15877
   3449.2   0.15888
   3451.5   0.15899
   3453.8   0.15902
   3456.1   0.15904
   3458.4   0.15912
   3460.7   0.15918
   3463.0   0.15925
   3465.3   0.15929
   3467.6   0.15931
   3470.0   0.15935
   3472.3   0.15941
   3474.6   0.15946
   3477.0   0.15950
   3479.3   0.15949
   3481.6   0.15946
   3484.0   0.15946
   3486.3   0.15952
   3488.7   0.15953
   3491.0   0.15951
   3493.4   0.15945
   3495.7   0.15942
   3498.1   0.15937
   3500.4   0.15932
   3502.8   0.15938
   3505.2   0.15947
   3507.5   0.15961
   3509.9   0.15980
   3512.3   0.15995
   3514.7   0.16011
   3517.1   0.16024
   3519.4   0.16038
   3521.8   0.16045
   3524.2   0.16048
   3526.6   0.16055
   3529.0   0.16067
   3531.4   0.16073
   3533.8   0.16085
   3536.2   0.16094
   3538.7   0.16099
   3541.1   0.16103
   3543.5   0.16111
   3545.9   0.16117
   3548.3   0.16125
   3550.8   0.16129
   3553.2   0.16137
   3555.6   0.16145
   3558.1   0.16147
   3560.5   0.16147
   3563.0   0.16152
   3565.4   0.16161
   3567.9   0.16169
   3570.3   0.16172
   3572.8   0.16176
   3575.3   0.16179
   3577.7   0.16190
   3580.2   0.16196
   3582.7   0.16199
   3585.2   0.16203
   3587.6   0.16208
   3590.1   0.16216
   3592.6   0.16223
   3595.1   0.16227
   3597.6   0.16234
   3600.1   0.16239
   3602.6   0.16241
   3605.1   0.16244
   3607.6   0.16253
   3610.1   0.16260
   3612.6   0.16265
   3615.2   0.16266
   3617.7   0.16274
   3620.2   0.16280
   3622.7   0.16287
   3625.3   0.16290
   3627.8   0.16294
   3630.3   0.16295
   3632.9   0.16306
   3635.4   0.16309
   3638.0   0.16310
   3640.5   0.16313
   3643.1   0.16322
   3645.7   0.16326
   3648.2   0.16331
   3650.8   0.16336
   3653.4   0.16340
   3655.9   0.16345
   3658.5   0.16351
   3661.1   0.16355
   3663.7   0.16363
   3666.3   0.16368
   3668.9   0.16370
   3671.5   0.16369
   3674.1   0.16376
   3676.7   0.16381
   3679.3   0.16388
   3681.9   0.16387
   3684.5   0.16391
   3687.2   0.16398
   3689.8   0.16405
   3692.4   0.16404
   3695.0   0.16407
   3697.7   0.16411
   3700.3   0.16418
   3703.0   0.16419
   3705.6   0.16424
   3708.3   0.16426
   3710.9   0.16434
   3713.6   0.16439
   3716.2   0.16442
   3718.9   0.16441
   3721.6   0.16443
   3724.2   0.16448
   3726.9   0.16453
   3729.6   0.16455
   3732.3   0.16458
   3735.0   0.16458
   3737.7   0.16461
   3740.4   0.16463
   3743.1   0.16468
   3745.8   0.16473
   3748.5   0.16479
   3751.2   0.16484
   3753.9   0.16489
   3756.6   0.16489
   3759.3   0.16490
   3762.1   0.16490
   3764.8   0.16492
   3767.5   0.16494
   3770.3   0.16499
   3773.0   0.16503
   3775.8   0.16507
   3778.5   0.16509
   3781.3   0.16514
   3784.0   0.16517
   3786.8   0.16517
   3789.6   0.16517
   3792.3   0.16521
   3795.1   0.16520
   3797.9   0.16524
   3800.7   0.16528
   3803.5   0.16533
   3806.3   0.16532
   3809.1   0.16533
   3811.9   0.16535
   3814.7   0.16541
   3817.5   0.16542
   3820.3   0.16546
   3823.1   0.16548
   3825.9   0.16550
   3828.8   0.16549
   3831.6   0.16555
   3834.4   0.16556
   3837.3   0.16561
   3840.1   0.16563
   3842.9   0.16564
   3845.8   0.16567
   3848.7   0.16573
   3851.5   0.16574
   3854.4   0.16574
   3857.2   0.16573
   3860.1   0.16576
   3863.0   0.16579
   3865.9   0.16583
   3868.8   0.16585
   3871.6   0.16586
   3874.5   0.16587
   3877.4   0.16590
   3880.3   0.16591
   3883.2   0.16596
   3886.2   0.16598
   3889.1   0.16603
   3892.0   0.16602
   3894.9   0.16607
   3897.8   0.16607
   3900.8   0.16609
   3903.7   0.16609
   3906.7   0.16610
   3909.6   0.16614
   3912.6   0.16619
   3915.5   0.16616
   3918.5   0.16615
   3921.4   0.16614
   3924.4   0.16616
   3927.4   0.16617
   3930.4   0.16623
   3933.3   0.16624
   3936.3   0.16625
   3939.3   0.16626
   3942.3   0.16627
   3945.3   0.16624
   3948.3   0.16626
   3951.3   0.16625
   3954.3   0.16627
   3957.4   0.16627
   3960.4   0.16627
   3963.4   0.16627
   3966.4   0.16628
   3969.5   0.16625
   3972.5   0.16625
   3975.6   0.16624
   3978.6   0.16626
   3981.7   0.16625
   3984.7   0.16624
   3987.8   0.16622
   3990.9   0.16623
   3993.9   0.16623
   3997.0   0.16623
   4000.1   0.16623
   4003.2   0.16626
   4006.3   0.16626
   4009.4   0.16627
   4012.5   0.16623
   4015.6   0.16623
   4018.7   0.16621
   4021.8   0.16620
   4024.9   0.16618
   4028.1   0.16620
   4031.2   0.16617
   4034.3   0.16619
   4037.5   0.16617
   4040.6   0.16617
   4043.8   0.16614
   4046.9   0.16614
   4050.1   0.16613
   4053.3   0.16612
   4056.4   0.16611
   4059.6   0.16609
   4062.8   0.16604
   4066.0   0.16599
   4069.2   0.16593
   4072.4   0.16593
   4075.6   0.16592
   4078.8   0.16589
   4082.0   0.16586
   4085.2   0.16584
   4088.4   0.16577
   4091.7   0.16572
   4094.9   0.16566
   4098.1   0.16562
   4101.4   0.16555
   4104.6   0.16550
   4107.9   0.16539
   4111.1   0.16534
   4114.4   0.16529
   4117.7   0.16524
   4120.9   0.16511
   4124.2   0.16501
   4127.5   0.16492
   4130.8   0.16483
   4134.1   0.16471
   4137.4   0.16458
   4140.7   0.16441
   4144.0   0.16428
   4147.3   0.16414
   4150.6   0.16398
   4154.0   0.16374
   4157.3   0.16353
   4160.6   0.16330
   4164.0   0.16305
   4167.3   0.16272
   4170.7   0.16240
   4174.0   0.16203
   4177.4   0.16163
   4180.8   0.16114
   4184.1   0.16061
   4187.5   0.15995
   4190.9   0.15920
   4194.3   0.15824
   4197.7   0.15707
   4201.1   0.15559
   4204.5   0.15382
   4207.9   0.15170
   4211.3   0.14926
   4214.7   0.14648
   4218.2   0.14355
   4221.6   0.14049
   4225.0   0.13750
   4228.5   0.13460
   4231.9   0.13194
   4235.4   0.12968
   4238.9   0.12788
   4242.3   0.12642
   4245.8   0.12534
   4249.3   0.12449
   4252.8   0.12386
   4256.3   0.12330
   4259.8   0.12273
   4263.3   0.12186
   4266.8   0.12078
   4270.3   0.11978
   4273.8   0.11913
   4277.3   0.11869
   4280.9   0.11846
   4284.4   0.11853
   4288.0   0.11887
   4291.5   0.11940
   4295.1   0.12026
   4298.6   0.12133
   4302.2   0.12265
   4305.8   0.12412
   4309.3   0.12577
   4312.9   0.12758
   4316.5   0.12954
   4320.1   0.13151
   4323.7   0.13350
   4327.3   0.13551
   4330.9   0.13754
   4334.6   0.13946
   4338.2   0.14130
   4341.8   0.14303
   4345.5   0.14468
   4349.1   0.14616
   4352.8   0.14755
   4356.4   0.14873
   4360.1   0.14980
   4363.8   0.15076
   4367.4   0.15164
   4371.1   0.15235
   4374.8   0.15299
   4378.5   0.15351
   4382.2   0.15395
   4385.9   0.15427
   4389.6   0.15455
   4393.3   0.15481
   4397.1   0.15509
   4400.8   0.15538
   4404.5   0.15569
   4408.3   0.15594
   4412.0   0.15621
   4415.8   0.15642
   4419.6   0.15659
   4423.3   0.15672
   4427.1   0.15689
   4430.9   0.15697
   4434.7   0.15705
   4438.5   0.15709
   4442.3   0.15716
   4446.1   0.15715
   4449.9   0.15713
   4453.7   0.15705
   4457.6   0.15698
   4461.4   0.15687
   4465.2   0.15677
   4469.1   0.15660
   4472.9   0.15649
   4476.8   0.15632
   4480.7   0.15611
   4484.5   0.15585
   4488.4   0.15563
   4492.3   0.15535
   4496.2   0.15508
   4500.1   0.15477
   4504.0   0.15444
   4507.9   0.15406
   4511.9   0.15367
   4515.8   0.15322
   4519.7   0.15275
   4523.7   0.15221
   4527.6   0.15166
   4531.6   0.15105
   4535.6   0.15037
   4539.5   0.14958
   4543.5   0.14880
   4547.5   0.14795
   4551.5   0.14709
   4555.5   0.14616
   4559.5   0.14523
   4563.5   0.14422
   4567.5   0.14324
   4571.5   0.14228
   4575.6   0.14132
   4579.6   0.14027
   4583.7   0.13926
   4587.7   0.13822
   4591.8   0.13717
   4595.9   0.13612
   4599.9   0.13509
   4604.0   0.13401
   4608.1   0.13295
   4612.2   0.13186
   4616.3   0.13079
   4620.4   0.12971
   4624.6   0.12867
   4628.7   0.12759
   4632.8   0.12653
   4637.0   0.12546
   4641.1   0.12438
   4645.3   0.12326
   4649.4   0.12218
   4653.6   0.12109
   4657.8   0.11998
   4662.0   0.11883
   4666.2   0.11772
   4670.4   0.11658
   4674.6   0.11549
   4678.8   0.11439
   4683.0   0.11332
   4687.3   0.11222
   4691.5   0.11114
   4695.8   0.11007
   4700.0   0.10904
   4704.3   0.10798
   4708.6   0.10695
   4712.9   0.10591
   4717.1   0.10486
   4721.4   0.10380
   4725.7   0.10280
   4730.1   0.10176
   4734.4   0.10075
   4738.7   0.09975
   4743.0   0.09878
   4747.4   0.09780
   4751.7   0.09687
   4756.1   0.09597
   4760.5   0.09511
   4764.8   0.09427
   4769.2   0.09346
   4773.6   0.09264
   4778.0   0.09189
   4782.4   0.09114
   4786.8   0.09041
   4791.3   0.08966
   4795.7   0.08892
   4800.1   0.08820
   4804.6   0.08748
   4809.0   0.08673
   4813.5   0.08602
   4818.0   0.08530
   4822.5   0.08454
   4826.9   0.08376
   4831.4   0.08304
   4835.9   0.08227
   4840.5   0.08153
   4845.0   0.08083
   4849.5   0.08009
   4854.1   0.07928
   4858.6   0.07854
   4863.2   0.07783
   4867.7   0.07715
   4872.3   0.07645
   4876.9   0.07577
   4881.5   0.07512
   4886.1   0.07452
   4890.7   0.07398
   4895.3   0.07345
   4899.9   0.07291
   4904.6   0.07241
   4909.2   0.07192
   4913.9   0.07147
   4918.5   0.07102
   4923.2   0.07063
   4927.9   0.07023
   4932.6   0.06984
   4937.3   0.06942
   4942.0   0.06906
   4946.7   0.06871
   4951.4   0.06837
   4956.2   0.06803
   4960.9   0.06770
   4965.6   0.06734
   4970.4   0.06696
   4975.2   0.06660
   4980.0   0.06624
   4984.7   0.06584
   4989.5   0.06538
   4994.3   0.06491
   4999.2   0.06446
   5004.0   0.06399
   5008.8   0.06349
   5013.7   0.06297
   5018.5   0.06248
   5023.4   0.06202
   5028.3   0.06146
   5033.1   0.06086
   5038.0   0.06032
   5042.9   0.05977
   5047.8   0.05929
   5052.8   0.05887
   5057.7   0.05850
   5062.6   0.05814
   5067.6   0.05785
   5072.5   0.05760
   5077.5   0.05742
   5082.5   0.05731
   5087.5   0.05729
   5092.5   0.05717
   5097.5   0.05710
   5102.5   0.05710
   5107.5   0.05712
   5112.6   0.05712
   5117.6   0.05713
   5122.7   0.05717
   5127.7   0.05722
   5132.8   0.05728
   5137.9   0.05736
   5143.0   0.05745
   5148.1   0.05758
   5153.2   0.05772
   5158.3   0.05772
   5163.5   0.05775
   5168.6   0.05787
   5173.8   0.05800
   5179.0   0.05815
   5184.1   0.05829
   5189.3   0.05844
   5194.5   0.05858
   5199.7   0.05877
   5205.0   0.05897
   5210.2   0.05906
   5215.4   0.05926
   5220.7   0.05942
   5225.9   0.05932
   5231.2   0.05937
   5236.5   0.05950
   5241.8   0.05968
   5247.1   0.05973
   5252.4   0.05982
   5257.7   0.05992
   5263.1   0.06005
   5268.4   0.06016
   5273.8   0.06034
   5279.2   0.06057
   5284.5   0.06081
   5289.9   0.06101
   5295.3   0.06142
   5300.8   0.06168
   5306.2   0.06190
   5311.6   0.06222
   5317.1   0.06261
   5322.5   0.06301
   5328.0   0.06346
   5333.5   0.06391
   5339.0   0.06441
   5344.5   0.06494
   5350.0   0.06567
   5355.5   0.06648
   5361.0   0.06691
   5366.6   0.06720
   5372.2   0.06769
   5377.7   0.06827
   5383.3   0.06889
   5388.9   0.06948
   5394.5   0.07009
   5400.1   0.07068
   5405.8   0.07130
   5411.4   0.07195
   5417.1   0.07268
   5422.7   0.07359
   5428.4   0.07456
   5434.1   0.07478
   5439.8   0.07516
   5445.5   0.07582
   5451.2   0.07649
   5457.0   0.07709
   5462.7   0.07784
   5468.5   0.07884
   5474.3   0.07938
   5480.1   0.07978
   5485.9   0.08047
   5491.7   0.08069
   5497.5   0.08109
   5503.3   0.08156
   5509.2   0.08208
   5515.0   0.08241
   5520.9   0.08288
   5526.8   0.08334
   5532.7   0.08360
   5538.6   0.08368
   5544.5   0.08385
   5550.5   0.08409
   5556.4   0.08450
   5562.4   0.08458
   5568.4   0.08449
   5574.3   0.08447
   5580.3   0.08492
   5586.4   0.08517
   5592.4   0.08463
   5598.4   0.08420
   5604.5   0.08427
   5610.5   0.08425
   5616.6   0.08417
   5622.7   0.08412
   5628.8   0.08386
   5634.9   0.08371
   5641.1   0.08397
   5647.2   0.08442
   5653.4   0.08391
   5659.5   0.08330
   5665.7   0.08282
   5671.9   0.08231
   5678.1   0.08243
   5684.4   0.08211
   5690.6   0.08151
   5696.9   0.08124
   5703.1   0.08066
   5709.4   0.08023
   5715.7   0.08030
   5722.0   0.07976
   5728.3   0.07894
   5734.7   0.07799
   5741.0   0.07735
   5747.4   0.07664
   5753.8   0.07604
   5760.1   0.07482
   5766.6   0.07442
   5773.0   0.07420
   5779.4   0.07250
   5785.9   0.07119
   5792.3   0.07009
   5798.8   0.06908
   5805.3   0.06833
   5811.8   0.06753
   5818.3   0.06707
   5824.9   0.06717
   5831.4   0.06666
   5838.0   0.06555
   5844.6   0.06460
   5851.2   0.06386
   5857.8   0.06341
   5864.4   0.06316
   5871.0   0.06280
   5877.7   0.06207
   5884.4   0.06234
   5891.1   0.06152
   5897.8   0.06036
   5904.5   0.05953
   5911.2   0.05794
   5918.0   0.05694
   5924.7   0.05619
   5931.5   0.05535
   5938.3   0.05510
   5945.1   0.05458
   5951.9   0.05288
   5958.8   0.05168
   5965.6   0.05082
   5972.5   0.05040
   5979.4   0.04964
   5986.3   0.04880
   5993.2   0.04851
   6000.2   0.04776
   6007.1   0.04685
   6014.1   0.04644
   6021.1   0.04622
   6028.1   0.04559
   6035.1   0.04516
   6042.1   0.04498
   6049.2   0.04542
   6056.2   0.04580
   6063.3   0.04461
   6070.4   0.04416
   6077.5   0.04437
   6084.7   0.04391
   6091.8   0.04331
   6099.0   0.04308
   6106.2   0.04307
   6113.4   0.04334
   6120.6   0.04374
   6127.8   0.04324
   6135.1   0.04286
   6142.3   0.04289
   6149.6   0.04303
   6156.9   0.04295
   6164.3   0.04307
   6171.6   0.04293
   6178.9   0.04263
   6186.3   0.04273
   6193.7   0.04282
   6201.1   0.04229
   6208.5   0.04198
   6216.0   0.04181
   6223.5   0.04166
   6230.9   0.04139
   6238.4   0.04115
   6245.9   0.04092
   6253.5   0.04070
   6261.0   0.04045
   6268.6   0.04023
   6276.2   0.04001
   6283.8   0.03978
   6291.4   0.03951
   6299.1   0.03926
   6306.7   0.03898
   6314.4   0.03875
   6322.1   0.03848
   6329.8   0.03822
   6337.6   0.03796
   6345.3   0.03798
   6353.1   0.03789
   6360.9   0.03724
   6368.7   0.03691
   6376.5   0.03692
   6384.4   0.03647
   6392.3   0.03605
   6400.2   0.03579
   6408.1   0.03565
   6416.0   0.03619
   6424.0   0.03648
   6431.9   0.03554
   6439.9   0.03510
   6447.9   0.03476
   6456.0   0.03464
   6464.0   0.03452
   6472.1   0.03445
   6480.2   0.03470
   6488.3   0.03500
   6496.4   0.03544
   6504.6   0.03549
   6512.7   0.03500
   6520.9   0.03506
   6529.1   0.03551
   6537.4   0.03552
   6545.6   0.03567
   6553.9   0.03608
   6562.2   0.03649
   6570.5   0.03682
   6578.9   0.03741
   6587.2   0.03750
   6595.6   0.03757
   6604.0   0.03774
   6612.4   0.03773
   6620.9   0.03794
   6629.3   0.03826
   6637.8   0.03895
   6646.3   0.03957
   6654.9   0.03910
   6663.4   0.03889
   6672.0   0.03922
   6680.6   0.03975
   6689.2   0.04023
   6697.8   0.04037
   6706.5   0.04060
   6715.2   0.04129
   6723.9   0.04185
   6732.6   0.04204
   6741.4   0.04218
   6750.2   0.04245
   6759.0   0.04284
   6767.8   0.04314
   6776.6   0.04359
   6785.5   0.04409
   6794.4   0.04457
   6803.3   0.04472
   6812.3   0.04442
   6821.2   0.04445
   6830.2   0.04480
   6839.2   0.04494
   6848.3   0.04474
   6857.3   0.04496
   6866.4   0.04557
   6875.5   0.04560
   6884.6   0.04486
   6893.8   0.04452
   6903.0   0.04436
   6912.2   0.04434
   6921.4   0.04406
   6930.7   0.04368
   6939.9   0.04341
   6949.2   0.04316
   6958.6   0.04305
   6967.9   0.04310
   6977.3   0.04257
   6986.7   0.04204
   6996.1   0.04179
   7005.6   0.04149
   7015.1   0.04105
   7024.6   0.04075
   7034.1   0.04047
   7043.7   0.04020
   7053.2   0.04022
   7062.9   0.03977
   7072.5   0.03917
   7082.2   0.03874
   7091.8   0.03843
   7101.6   0.03809
   7111.3   0.03778
   7121.1   0.03756
   7130.9   0.03727
   7140.7   0.03689
   7150.5   0.03672
   7160.4   0.03652
   7170.3   0.03622
   7180.2   0.03594
   7190.2   0.03548
   7200.2   0.03514
   7210.2   0.03500
   7220.2   0.03478
   7230.3   0.03439
   7240.4   0.03411
   7250.5   0.03391
   7260.7   0.03372
   7270.9   0.03352
   7281.1   0.03340
   7291.3   0.03321
   7301.6   0.03291
   7311.9   0.03271
   7322.2   0.03250
   7332.6   0.03231
   7343.0   0.03219
   7353.4   0.03197
   7363.8   0.03160
   7374.3   0.03128
   7384.8   0.03102
   7395.3   0.03075
   7405.9   0.03045
   7416.5   0.03020
   7427.1   0.02990
   7437.8   0.02960
   7448.5   0.02928
   7459.2   0.02902
   7469.9   0.02881
   7480.7   0.02850
   7491.5   0.02811
   7502.4   0.02776
   7513.2   0.02744
   7524.1   0.02716
   7535.1   0.02686
   7546.0   0.02656
   7557.0   0.02625
   7568.1   0.02595
   7579.1   0.02564
   7590.2   0.02537
   7601.4   0.02506
   7612.5   0.02473
   7623.7   0.02438
   7635.0   0.02407
   7646.2   0.02375
   7657.5   0.02343
   7668.8   0.02310
   7680.2   0.02278
   7691.6   0.02245
   7703.0   0.02215
   7714.5   0.02182
   7726.0   0.02149
   7737.5   0.02115
   7749.1   0.02084
   7760.7   0.02051
   7772.3   0.02019
   7784.0   0.01986
   7795.7   0.01955
   7807.4   0.01924
   7819.2   0.01895
   7831.0   0.01862
   7842.9   0.01829
   7854.8   0.01795
   7866.7   0.01767
   7878.6   0.01737
   7890.6   0.01705
   7902.6   0.01674
   7914.7   0.01646
   7926.8   0.01610
   7939.0   0.01574
   7951.1   0.01536
   7963.3   0.01501
   7975.6   0.01466
   7987.9   0.01430
   8000.2   0.01392
   8012.6   0.01361
   8025.0   0.01328
   8037.4   0.01295
   8049.9   0.01261
   8062.4   0.01230
   8075.0   0.01196
   8087.6   0.01164
   8100.2   0.01134
   8112.9   0.01104
   8125.6   0.01070
   8138.4   0.01038
   8151.2   0.01004
   8164.0   0.00972
   8176.9   0.00940
   8189.8   0.00909
   8202.7   0.00876
   8215.7   0.00846
   8228.8   0.00811
   8241.9   0.00781
   8255.0   0.00751
   8268.2   0.00721
   8281.4   0.00688
   8294.6   0.00660
   8307.9   0.00628
   8321.2   0.00598
   8334.6   0.00569
   8348.0   0.00545
   8361.5   0.00518
   8375.0   0.00496
   8388.6   0.00470
   8402.2   0.00448
   8415.8   0.00425
   8429.5   0.00407
   8443.2   0.00389
   8457.0   0.00376
   8470.8   0.00364
   8484.7   0.00359
   8498.6   0.00355
   8512.5   0.00365
   8526.5   0.00382
   8540.6   0.00417
   8554.7   0.00472
   8568.8   0.00560
   8583.0   0.00684
   8597.2   0.00856
   8611.5   0.01078
   8625.8   0.01352
   8640.2   0.01678
   8654.6   0.02059
   8669.1   0.02483
   8683.6   0.02943
   8698.2   0.03423
   8712.8   0.03906
   8727.5   0.04385
   8742.2   0.04853
   8757.0   0.05310
   8771.8   0.05752
   8786.7   0.06177
   8801.6   0.06574
   8816.6   0.06947
   8831.6   0.07289
   8846.6   0.07597
   8861.8   0.07866
   8876.9   0.08104
   8892.2   0.08311
   8907.4   0.08491
   8922.8   0.08638
   8938.2   0.08764
   8953.6   0.08867
   8969.1   0.08961
   8984.6   0.09037
   9000.2   0.09101
   9015.9   0.09143
   9031.6   0.09168
   9047.4   0.09172
   9063.2   0.09164
   9079.0   0.09140
   9095.0   0.09112
   9111.0   0.09066
   9127.0   0.09015
   9143.1   0.08960
   9159.3   0.08902
   9175.5   0.08839
   9191.7   0.08781
   9208.1   0.08715
   9224.4   0.08644
   9240.9   0.08566
   9257.4   0.08489
   9273.9   0.08403
   9290.6   0.08312
   9307.2   0.08202
   9324.0   0.08076
   9340.8   0.07928
   9357.6   0.07764
   9374.6   0.07575
   9391.5   0.07372
   9408.6   0.07156
   9425.7   0.06939
   9442.9   0.06740
   9460.1   0.06564
   9477.4   0.06403
   9494.8   0.06260
   9512.2   0.06142
   9529.7   0.06051
   9547.2   0.05979
   9564.8   0.05926
   9582.5   0.05888
   9600.3   0.05865
   9618.1   0.05847
   9635.9   0.05840
   9653.9   0.05837
   9671.9   0.05833
   9690.0   0.05827
   9708.1   0.05818
   9726.3   0.05799
   9744.6   0.05777
   9763.0   0.05751
   9781.4   0.05727
   9799.9   0.05697
   9818.4   0.05670
   9837.1   0.05647
   9855.8   0.05628
   9874.5   0.05610
   9893.4   0.05600
   9912.3   0.05594
   9931.3   0.05596
   9950.4   0.05600
   9969.5   0.05608
   9988.7   0.05614
  10008.0   0.05621
  10027.3   0.05620
  10046.8   0.05611
  10066.3   0.05598
  10085.9   0.05595
  10105.5   0.05610
  10125.3   0.05660
  10145.1   0.05751
  10165.0   0.05886
  10184.9   0.06056
  10205.0   0.06246
  10225.1   0.06449
  10245.3   0.06658
  10265.6   0.06860
  10286.0   0.07055
  10306.4   0.07231
  10327.0   0.07392
  10347.6   0.07523
  10368.3   0.07623
  10389.0   0.07687
  10409.9   0.07725
  10430.9   0.07736
  10451.9   0.07735
  10473.0   0.07735
  10494.2   0.07750
  10515.5   0.07782
  10536.9   0.07830
  10558.3   0.07884
  10579.9   0.07937
  10601.5   0.07977
  10623.2   0.08001
  10645.0   0.08005
  10666.9   0.08001
  10688.9   0.07998
  10711.0   0.08007
  10733.2   0.08028
  10755.5   0.08069
  10777.8   0.08120
  10800.3   0.08166
  10822.8   0.08198
  10845.5   0.08218
  10868.2   0.08219
  10891.0   0.08204
  10914.0   0.08172
  10937.0   0.08127
  10960.1   0.08071
  10983.3   0.08018
  11006.7   0.07968
  11030.1   0.07919
  11053.6   0.07865
  11077.2   0.07820
  11100.9   0.07779
  11124.8   0.07746
  11148.7   0.07714
  11172.7   0.07694
  11196.8   0.07674
  11221.1   0.07649
  11245.4   0.07625
  11269.9   0.07606
  11294.4   0.07581
  11319.1   0.07553
  11343.8   0.07516
  11368.7   0.07471
  11393.7   0.07417
  11418.8   0.07357
  11444.0   0.07287
  11469.3   0.07211
  11494.8   0.07116
  11520.3   0.07007
  11546.0   0.06890
  11571.7   0.06772
  11597.6   0.06646
  11623.6   0.06510
  11649.7   0.06356
  11676.0   0.06192
  11702.3   0.06023
  11728.8   0.05851
  11755.4   0.05670
  11782.1   0.05487
  11809.0   0.05305
  11835.9   0.05135
  11863.0   0.04975
  11890.2   0.04827
  11917.6   0.04692
  11945.0   0.04568
  11972.6   0.04456
  12000.3   0.04356
  12028.2   0.04259
  12056.1   0.04167
  12084.2   0.04090
  12112.5   0.04021
  12140.8   0.03951
  12169.3   0.03887
  12198.0   0.03823
  12226.7   0.03755
  12255.6   0.03691
  12284.7   0.03632
  12313.9   0.03577
  12343.2   0.03521
  12372.6   0.03468
  12402.2   0.03418
  12432.0   0.03371
  12461.9   0.03326
  12491.9   0.03277
  12522.1   0.03227
  12552.4   0.03184
  12582.9   0.03149
  12613.5   0.03114
  12644.2   0.03082
  12675.1   0.03051
  12706.2   0.03015
  12737.4   0.02984
  12768.8   0.02954
  12800.3   0.02924
  12832.0   0.02891
  12863.9   0.02865
  12895.9   0.02840
  12928.0   0.02807
  12960.3   0.02780
  12992.8   0.02753
  13025.5   0.02722
  13058.3   0.02693
  13091.3   0.02667
  13124.4   0.02646
  13157.7   0.02630
  13191.2   0.02603
  13224.8   0.02576
  13258.7   0.02556
  13292.7   0.02536
  13326.8   0.02511
  13361.2   0.02487
  13395.7   0.02463
  13430.4   0.02437
  13465.3   0.02407
  13500.4   0.02379
  13535.6   0.02348
  13571.0   0.02313
  13606.7   0.02284
  13642.5   0.02248
  13678.5   0.02211
  13714.6   0.02178
  13751.0   0.02140
  13787.6   0.02102
  13824.4   0.02070
  13861.3   0.02033
  13898.5   0.01996
  13935.8   0.01965
  13973.4   0.01933
  14011.2   0.01903
  14049.1   0.01883
  14087.3   0.01853
  14125.7   0.01822
  14164.3   0.01796
  14203.1   0.01764
  14242.1   0.01731
  14281.4   0.01708
  14320.8   0.01684
  14360.5   0.01656
  14400.4   0.01626
  14440.5   0.01595
  14480.8   0.01559
  14521.4   0.01528
  14562.2   0.01495
  14603.2   0.01468
  14644.4   0.01440
  14685.9   0.01431
  14727.7   0.01435
  14769.6   0.01438
  14811.8   0.01439
  14854.3   0.01438
  14896.9   0.01428
  14939.9   0.01422
  14983.0   0.01407
  15026.5   0.01395
  15070.2   0.01385
  15114.1   0.01358
  15158.3   0.01326
  15202.7   0.01303
  15247.5   0.01277
  15292.4   0.01258
  15337.7   0.01253
  15383.2   0.01269
  15429.0   0.01304
  15475.0   0.01364
  15521.4   0.01441
  15568.0   0.01521
  15614.9   0.01594
  15662.0   0.01657
  15709.5   0.01694
  15757.2   0.01703
  15805.3   0.01685
  15853.6   0.01649
  15902.3   0.01600
  15951.2   0.01546
  16000.4   0.01495
  16050.0   0.01450
  16099.8   0.01400
  16150.0   0.01365
  16200.4   0.01335
  16251.2   0.01322
  16302.3   0.01334
  16353.7   0.01370
  16405.5   0.01422
  16457.6   0.01503
  16510.0   0.01629
  16562.7   0.01812
  16615.8   0.02052
  16669.2   0.02362
  16723.0   0.02742
  16777.1   0.03174
  16831.6   0.03632
  16886.4   0.04114
  16941.6   0.04621
  16997.2   0.05130
  17053.1   0.05628
  17109.4   0.06112
  17166.0   0.06585
  17223.0   0.07060
  17280.5   0.07510
  17338.2   0.07946
  17396.4   0.08381
  17455.0   0.08787
  17514.0   0.09138
  17573.3   0.09468
  17633.1   0.09749
  17693.3   0.09985
  17753.9   0.10182
  17814.9   0.10337
  17876.3   0.10442
  17938.2   0.10515
  18000.5   0.10569
  18063.2   0.10606
  18126.3   0.10612
  18189.9   0.10609
  18254.0   0.10619
  18318.5   0.10627
  18383.5   0.10620
  18448.9   0.10585
  18514.8   0.10579
  18581.1   0.10597
  18648.0   0.10625
  18715.3   0.10673
  18783.1   0.10748
  18851.4   0.10867
  18920.2   0.11022
  18989.5   0.11189
  19059.3   0.11351
  19129.7   0.11465
  19200.5   0.11557
  19271.9   0.11664
  19343.8   0.11763
  19416.2   0.11790
  19489.2   0.11748
  19562.8   0.11696
  19636.9   0.11626
  19711.5   0.11502
  19786.8   0.11321
  19862.6   0.11096
  19939.0   0.10869
  20016.0   0.10605
  20093.5   0.10339
  20171.7   0.10176
  20250.5   0.10061
  20329.9   0.09935
  20410.0   0.09894
  20490.7   0.09898
  20572.0   0.09908
  20653.9   0.09916
  20736.5   0.09914
  20819.8   0.09858
  20903.8   0.09817
  20988.4   0.09756
  21073.7   0.09665
  21159.7   0.09544
  21246.5   0.09370
  21333.9   0.09146
  21422.0   0.08948
  21510.9   0.08743
  21600.6   0.08554
  21690.9   0.08359
  21782.1   0.08128
  21874.0   0.07918
  21966.7   0.07668
  22060.1   0.07386
  22154.4   0.07133
  22249.5   0.06810
  22345.4   0.06619
  22442.1   0.06545
  22539.7   0.06467
  22638.1   0.06380
  22737.4   0.06306
  22837.6   0.06241
  22938.7   0.06221
  23040.6   0.06235
  23143.5   0.06233
  23247.2   0.06244
  23352.0   0.06272
  23457.6   0.06290
  23564.3   0.06304
  23671.8   0.06350
  23780.4   0.06386
  23890.0   0.06484
  24000.6   0.06662
  24112.3   0.06691
  24224.9   0.06740
  24338.7   0.06801
  24453.5   0.06831
  24569.4   0.06831
  24686.4   0.06869
  24804.5   0.06889
  24923.7   0.06829
  25044.1   0.06749
  25165.7   0.06647
  25288.5   0.06522
  25412.4   0.06443
  25537.6   0.06431
  25664.0   0.06327
  25791.7   0.06188
  25920.7   0.06015



 NNCPP27     .ASC                        

 PP-CMP-027-C
 N1,N5,N4 DATA MERGED @ 1090.02 AND 3119.2                               

 Source Ang: 30.00   Detect Ang: 30.00  Volt: 1.222
 Date: 29-JUL-92   Time: 14:27:01
