  4670
    650.1   0.49103
    650.3   0.48780
    650.5   0.48529
    650.6   0.48284
    650.8   0.48049
    650.9   0.47820
    651.1   0.47571
    651.3   0.47368
    651.4   0.47166
    651.6   0.46961
    651.8   0.46759
    651.9   0.46551
    652.1   0.46406
    652.3   0.46209
    652.4   0.46020
    652.6   0.45849
    652.7   0.45701
    652.9   0.45509
    653.1   0.45336
    653.2   0.45187
    653.4   0.45040
    653.6   0.44874
    653.7   0.44748
    653.9   0.44618
    654.1   0.44481
    654.2   0.44357
    654.4   0.44220
    654.6   0.44104
    654.7   0.43972
    654.9   0.43834
    655.1   0.43723
    655.2   0.43622
    655.4   0.43495
    655.6   0.43359
    655.7   0.43263
    655.9   0.43165
    656.1   0.43071
    656.2   0.42979
    656.4   0.42856
    656.6   0.42758
    656.7   0.42669
    656.9   0.42585
    657.1   0.42468
    657.2   0.42395
    657.4   0.42300
    657.6   0.42201
    657.7   0.42120
    657.9   0.42024
    658.1   0.41949
    658.2   0.41869
    658.4   0.41796
    658.6   0.41725
    658.7   0.41661
    658.9   0.41584
    659.1   0.41493
    659.2   0.41421
    659.4   0.41362
    659.6   0.41305
    659.7   0.41227
    659.9   0.41157
    660.1   0.41094
    660.2   0.41033
    660.4   0.40957
    660.6   0.40896
    660.7   0.40833
    660.9   0.40778
    661.1   0.40707
    661.2   0.40648
    661.4   0.40597
    661.6   0.40540
    661.7   0.40463
    661.9   0.40403
    662.1   0.40348
    662.3   0.40289
    662.4   0.40237
    662.6   0.40191
    662.8   0.40145
    662.9   0.40103
    663.1   0.40048
    663.3   0.40001
    663.4   0.39975
    663.6   0.39928
    663.8   0.39869
    664.0   0.39809
    664.1   0.39754
    664.3   0.39699
    664.5   0.39652
    664.6   0.39607
    664.8   0.39568
    665.0   0.39539
    665.1   0.39486
    665.3   0.39448
    665.5   0.39421
    665.7   0.39386
    665.8   0.39336
    666.0   0.39277
    666.2   0.39248
    666.3   0.39222
    666.5   0.39190
    666.7   0.39147
    666.9   0.39107
    667.0   0.39057
    667.2   0.39020
    667.4   0.38992
    667.5   0.38960
    667.7   0.38925
    667.9   0.38888
    668.1   0.38856
    668.2   0.38826
    668.4   0.38812
    668.6   0.38765
    668.7   0.38723
    668.9   0.38709
    669.1   0.38683
    669.3   0.38641
    669.4   0.38601
    669.6   0.38574
    669.8   0.38549
    670.0   0.38513
    670.1   0.38480
    670.3   0.38453
    670.5   0.38430
    670.7   0.38397
    670.8   0.38364
    671.0   0.38344
    671.2   0.38317
    671.3   0.38289
    671.5   0.38263
    671.7   0.38236
    671.9   0.38207
    672.0   0.38181
    672.2   0.38153
    672.4   0.38135
    672.6   0.38106
    672.7   0.38079
    672.9   0.38051
    673.1   0.38029
    673.3   0.38011
    673.4   0.37981
    673.6   0.37954
    673.8   0.37946
    674.0   0.37918
    674.1   0.37885
    674.3   0.37858
    674.5   0.37836
    674.7   0.37809
    674.8   0.37786
    675.0   0.37758
    675.2   0.37743
    675.4   0.37727
    675.5   0.37700
    675.7   0.37680
    675.9   0.37658
    676.1   0.37640
    676.3   0.37619
    676.4   0.37598
    676.6   0.37583
    676.8   0.37566
    677.0   0.37541
    677.1   0.37521
    677.3   0.37494
    677.5   0.37472
    677.7   0.37451
    677.8   0.37430
    678.0   0.37417
    678.2   0.37404
    678.4   0.37379
    678.6   0.37361
    678.7   0.37343
    678.9   0.37324
    679.1   0.37296
    679.3   0.37270
    679.4   0.37252
    679.6   0.37239
    679.8   0.37221
    680.0   0.37213
    680.2   0.37198
    680.3   0.37184
    680.5   0.37155
    680.7   0.37131
    680.9   0.37114
    681.0   0.37093
    681.2   0.37069
    681.4   0.37045
    681.6   0.37030
    681.8   0.37011
    681.9   0.37000
    682.1   0.36986
    682.3   0.36972
    682.5   0.36951
    682.7   0.36933
    682.8   0.36912
    683.0   0.36893
    683.2   0.36871
    683.4   0.36851
    683.6   0.36827
    683.7   0.36813
    683.9   0.36801
    684.1   0.36779
    684.3   0.36756
    684.5   0.36741
    684.6   0.36730
    684.8   0.36708
    685.0   0.36685
    685.2   0.36672
    685.4   0.36655
    685.6   0.36639
    685.7   0.36625
    685.9   0.36599
    686.1   0.36582
    686.3   0.36557
    686.5   0.36545
    686.6   0.36534
    686.8   0.36512
    687.0   0.36494
    687.2   0.36478
    687.4   0.36466
    687.6   0.36448
    687.7   0.36432
    687.9   0.36417
    688.1   0.36405
    688.3   0.36388
    688.5   0.36365
    688.6   0.36346
    688.8   0.36333
    689.0   0.36323
    689.2   0.36307
    689.4   0.36290
    689.6   0.36275
    689.7   0.36261
    689.9   0.36242
    690.1   0.36221
    690.3   0.36208
    690.5   0.36192
    690.7   0.36177
    690.8   0.36168
    691.0   0.36158
    691.2   0.36140
    691.4   0.36124
    691.6   0.36110
    691.8   0.36098
    692.0   0.36087
    692.1   0.36066
    692.3   0.36049
    692.5   0.36040
    692.7   0.36023
    692.9   0.36010
    693.1   0.35995
    693.3   0.35984
    693.4   0.35971
    693.6   0.35958
    693.8   0.35941
    694.0   0.35933
    694.2   0.35917
    694.4   0.35910
    694.6   0.35898
    694.7   0.35880
    694.9   0.35867
    695.1   0.35852
    695.3   0.35838
    695.5   0.35829
    695.7   0.35820
    695.9   0.35801
    696.0   0.35789
    696.2   0.35779
    696.4   0.35767
    696.6   0.35750
    696.8   0.35733
    697.0   0.35725
    697.2   0.35718
    697.4   0.35703
    697.5   0.35690
    697.7   0.35684
    697.9   0.35670
    698.1   0.35658
    698.3   0.35644
    698.5   0.35633
    698.7   0.35624
    698.9   0.35612
    699.0   0.35601
    699.2   0.35593
    699.4   0.35581
    699.6   0.35565
    699.8   0.35552
    700.0   0.35543
    700.2   0.35536
    700.4   0.35520
    700.6   0.35512
    700.7   0.35504
    700.9   0.35494
    701.1   0.35480
    701.3   0.35467
    701.5   0.35457
    701.7   0.35449
    701.9   0.35438
    702.1   0.35428
    702.3   0.35420
    702.5   0.35409
    702.6   0.35392
    702.8   0.35378
    703.0   0.35370
    703.2   0.35364
    703.4   0.35351
    703.6   0.35337
    703.8   0.35330
    704.0   0.35325
    704.2   0.35311
    704.4   0.35299
    704.6   0.35292
    704.7   0.35283
    704.9   0.35272
    705.1   0.35262
    705.3   0.35256
    705.5   0.35248
    705.7   0.35235
    705.9   0.35221
    706.1   0.35214
    706.3   0.35205
    706.5   0.35197
    706.7   0.35188
    706.9   0.35177
    707.1   0.35167
    707.2   0.35153
    707.4   0.35142
    707.6   0.35133
    707.8   0.35122
    708.0   0.35116
    708.2   0.35107
    708.4   0.35103
    708.6   0.35098
    708.8   0.35084
    709.0   0.35071
    709.2   0.35063
    709.4   0.35052
    709.6   0.35042
    709.8   0.35031
    710.0   0.35021
    710.2   0.35011
    710.4   0.35003
    710.5   0.34995
    710.7   0.34987
    710.9   0.34982
    711.1   0.34971
    711.3   0.34964
    711.5   0.34953
    711.7   0.34948
    711.9   0.34936
    712.1   0.34926
    712.3   0.34916
    712.5   0.34909
    712.7   0.34898
    712.9   0.34887
    713.1   0.34879
    713.3   0.34874
    713.5   0.34865
    713.7   0.34858
    713.9   0.34850
    714.1   0.34840
    714.3   0.34831
    714.5   0.34824
    714.7   0.34818
    714.9   0.34810
    715.1   0.34798
    715.3   0.34786
    715.4   0.34777
    715.6   0.34768
    715.8   0.34755
    716.0   0.34747
    716.2   0.34742
    716.4   0.34733
    716.6   0.34725
    716.8   0.34712
    717.0   0.34702
    717.2   0.34695
    717.4   0.34682
    717.6   0.34679
    717.8   0.34673
    718.0   0.34668
    718.2   0.34660
    718.4   0.34650
    718.6   0.34640
    718.8   0.34633
    719.0   0.34625
    719.2   0.34616
    719.4   0.34612
    719.6   0.34603
    719.8   0.34591
    720.0   0.34581
    720.2   0.34572
    720.4   0.34560
    720.6   0.34551
    720.8   0.34543
    721.0   0.34536
    721.2   0.34531
    721.4   0.34523
    721.6   0.34516
    721.8   0.34508
    722.0   0.34500
    722.2   0.34491
    722.4   0.34479
    722.6   0.34473
    722.8   0.34466
    723.0   0.34456
    723.2   0.34449
    723.4   0.34441
    723.6   0.34434
    723.8   0.34425
    724.0   0.34415
    724.2   0.34408
    724.4   0.34401
    724.6   0.34391
    724.9   0.34381
    725.1   0.34376
    725.3   0.34371
    725.5   0.34365
    725.7   0.34354
    725.9   0.34348
    726.1   0.34340
    726.3   0.34329
    726.5   0.34321
    726.7   0.34319
    726.9   0.34312
    727.1   0.34304
    727.3   0.34292
    727.5   0.34285
    727.7   0.34278
    727.9   0.34272
    728.1   0.34264
    728.3   0.34253
    728.5   0.34245
    728.7   0.34239
    728.9   0.34233
    729.1   0.34228
    729.3   0.34220
    729.5   0.34211
    729.7   0.34202
    730.0   0.34198
    730.2   0.34192
    730.4   0.34182
    730.6   0.34169
    730.8   0.34164
    731.0   0.34157
    731.2   0.34149
    731.4   0.34143
    731.6   0.34137
    731.8   0.34131
    732.0   0.34120
    732.2   0.34114
    732.4   0.34106
    732.6   0.34098
    732.8   0.34093
    733.1   0.34083
    733.3   0.34075
    733.5   0.34065
    733.7   0.34057
    733.9   0.34046
    734.1   0.34043
    734.3   0.34038
    734.5   0.34029
    734.7   0.34020
    734.9   0.34014
    735.1   0.34008
    735.3   0.34000
    735.5   0.33990
    735.8   0.33984
    736.0   0.33976
    736.2   0.33968
    736.4   0.33958
    736.6   0.33954
    736.8   0.33948
    737.0   0.33937
    737.2   0.33932
    737.4   0.33926
    737.6   0.33919
    737.9   0.33910
    738.1   0.33903
    738.3   0.33898
    738.5   0.33892
    738.7   0.33882
    738.9   0.33874
    739.1   0.33866
    739.3   0.33858
    739.5   0.33850
    739.7   0.33841
    740.0   0.33836
    740.2   0.33830
    740.4   0.33823
    740.6   0.33814
    740.8   0.33807
    741.0   0.33800
    741.2   0.33793
    741.4   0.33785
    741.7   0.33778
    741.9   0.33772
    742.1   0.33765
    742.3   0.33755
    742.5   0.33747
    742.7   0.33736
    742.9   0.33729
    743.1   0.33723
    743.4   0.33716
    743.6   0.33710
    743.8   0.33701
    744.0   0.33692
    744.2   0.33683
    744.4   0.33680
    744.6   0.33673
    744.8   0.33669
    745.1   0.33660
    745.3   0.33653
    745.5   0.33642
    745.7   0.33633
    745.9   0.33625
    746.1   0.33617
    746.3   0.33607
    746.6   0.33602
    746.8   0.33598
    747.0   0.33590
    747.2   0.33579
    747.4   0.33569
    747.6   0.33562
    747.9   0.33558
    748.1   0.33548
    748.3   0.33538
    748.5   0.33532
    748.7   0.33521
    748.9   0.33515
    749.2   0.33504
    749.4   0.33500
    749.6   0.33494
    749.8   0.33484
    750.0   0.33478
    750.2   0.33470
    750.5   0.33467
    750.7   0.33457
    750.9   0.33450
    751.1   0.33443
    751.3   0.33439
    751.5   0.33430
    751.8   0.33420
    752.0   0.33412
    752.2   0.33404
    752.4   0.33397
    752.6   0.33388
    752.9   0.33380
    753.1   0.33370
    753.3   0.33361
    753.5   0.33353
    753.7   0.33346
    753.9   0.33338
    754.2   0.33332
    754.4   0.33326
    754.6   0.33317
    754.8   0.33306
    755.0   0.33299
    755.3   0.33291
    755.5   0.33288
    755.7   0.33282
    755.9   0.33274
    756.1   0.33264
    756.4   0.33257
    756.6   0.33250
    756.8   0.33240
    757.0   0.33233
    757.3   0.33225
    757.5   0.33218
    757.7   0.33208
    757.9   0.33200
    758.1   0.33190
    758.4   0.33182
    758.6   0.33174
    758.8   0.33166
    759.0   0.33160
    759.2   0.33153
    759.5   0.33147
    759.7   0.33136
    759.9   0.33131
    760.1   0.33125
    760.4   0.33116
    760.6   0.33109
    760.8   0.33103
    761.0   0.33096
    761.3   0.33086
    761.5   0.33078
    761.7   0.33067
    761.9   0.33057
    762.1   0.33046
    762.4   0.33042
    762.6   0.33037
    762.8   0.33030
    763.0   0.33024
    763.3   0.33015
    763.5   0.33010
    763.7   0.33003
    763.9   0.32993
    764.2   0.32981
    764.4   0.32972
    764.6   0.32963
    764.8   0.32952
    765.1   0.32943
    765.3   0.32933
    765.5   0.32927
    765.8   0.32920
    766.0   0.32913
    766.2   0.32908
    766.4   0.32900
    766.7   0.32893
    766.9   0.32885
    767.1   0.32878
    767.3   0.32868
    767.6   0.32856
    767.8   0.32849
    768.0   0.32841
    768.2   0.32832
    768.5   0.32823
    768.7   0.32814
    768.9   0.32808
    769.2   0.32803
    769.4   0.32795
    769.6   0.32786
    769.8   0.32778
    770.1   0.32770
    770.3   0.32756
    770.5   0.32746
    770.8   0.32741
    771.0   0.32734
    771.2   0.32729
    771.4   0.32721
    771.7   0.32714
    771.9   0.32706
    772.1   0.32693
    772.4   0.32685
    772.6   0.32680
    772.8   0.32673
    773.1   0.32664
    773.3   0.32657
    773.5   0.32648
    773.8   0.32636
    774.0   0.32628
    774.2   0.32619
    774.4   0.32614
    774.7   0.32609
    774.9   0.32601
    775.1   0.32593
    775.4   0.32585
    775.6   0.32580
    775.8   0.32569
    776.1   0.32561
    776.3   0.32553
    776.5   0.32547
    776.8   0.32537
    777.0   0.32526
    777.2   0.32518
    777.5   0.32508
    777.7   0.32502
    777.9   0.32495
    778.2   0.32488
    778.4   0.32481
    778.6   0.32473
    778.9   0.32466
    779.1   0.32460
    779.3   0.32452
    779.6   0.32443
    779.8   0.32436
    780.0   0.32425
    780.3   0.32417
    780.5   0.32406
    780.7   0.32399
    781.0   0.32393
    781.2   0.32387
    781.4   0.32377
    781.7   0.32367
    781.9   0.32357
    782.2   0.32347
    782.4   0.32339
    782.6   0.32329
    782.9   0.32323
    783.1   0.32315
    783.3   0.32305
    783.6   0.32297
    783.8   0.32290
    784.0   0.32282
    784.3   0.32275
    784.5   0.32266
    784.8   0.32259
    785.0   0.32250
    785.2   0.32244
    785.5   0.32234
    785.7   0.32226
    786.0   0.32219
    786.2   0.32210
    786.4   0.32201
    786.7   0.32195
    786.9   0.32186
    787.1   0.32177
    787.4   0.32167
    787.6   0.32161
    787.9   0.32155
    788.1   0.32146
    788.3   0.32135
    788.6   0.32128
    788.8   0.32121
    789.1   0.32112
    789.3   0.32103
    789.5   0.32097
    789.8   0.32088
    790.0   0.32082
    790.3   0.32073
    790.5   0.32067
    790.7   0.32060
    791.0   0.32051
    791.2   0.32043
    791.5   0.32035
    791.7   0.32028
    792.0   0.32018
    792.2   0.32011
    792.4   0.32003
    792.7   0.31996
    792.9   0.31987
    793.2   0.31979
    793.4   0.31971
    793.7   0.31962
    793.9   0.31955
    794.1   0.31945
    794.4   0.31938
    794.6   0.31930
    794.9   0.31922
    795.1   0.31912
    795.4   0.31904
    795.6   0.31896
    795.8   0.31886
    796.1   0.31877
    796.3   0.31872
    796.6   0.31866
    796.8   0.31857
    797.1   0.31848
    797.3   0.31842
    797.6   0.31836
    797.8   0.31832
    798.1   0.31823
    798.3   0.31816
    798.5   0.31807
    798.8   0.31800
    799.0   0.31791
    799.3   0.31780
    799.5   0.31770
    799.8   0.31763
    800.0   0.31755
    800.3   0.31748
    800.5   0.31742
    800.8   0.31736
    801.0   0.31728
    801.3   0.31722
    801.5   0.31715
    801.8   0.31706
    802.0   0.31696
    802.2   0.31687
    802.5   0.31678
    802.7   0.31669
    803.0   0.31659
    803.2   0.31653
    803.5   0.31649
    803.7   0.31640
    804.0   0.31633
    804.2   0.31624
    804.5   0.31617
    804.7   0.31611
    805.0   0.31601
    805.2   0.31595
    805.5   0.31588
    805.7   0.31580
    806.0   0.31572
    806.2   0.31565
    806.5   0.31559
    806.7   0.31549
    807.0   0.31543
    807.2   0.31535
    807.5   0.31528
    807.7   0.31522
    808.0   0.31514
    808.3   0.31505
    808.5   0.31496
    808.8   0.31487
    809.0   0.31479
    809.3   0.31473
    809.5   0.31464
    809.8   0.31454
    810.0   0.31444
    810.3   0.31439
    810.5   0.31433
    810.8   0.31426
    811.0   0.31419
    811.3   0.31414
    811.5   0.31407
    811.8   0.31400
    812.1   0.31391
    812.3   0.31384
    812.6   0.31376
    812.8   0.31368
    813.1   0.31361
    813.3   0.31355
    813.6   0.31348
    813.8   0.31340
    814.1   0.31330
    814.3   0.31323
    814.6   0.31314
    814.9   0.31307
    815.1   0.31298
    815.4   0.31293
    815.6   0.31283
    815.9   0.31278
    816.1   0.31268
    816.4   0.31264
    816.7   0.31255
    816.9   0.31245
    817.2   0.31236
    817.4   0.31232
    817.7   0.31226
    817.9   0.31217
    818.2   0.31213
    818.5   0.31204
    818.7   0.31198
    819.0   0.31189
    819.2   0.31184
    819.5   0.31176
    819.8   0.31170
    820.0   0.31161
    820.3   0.31153
    820.5   0.31144
    820.8   0.31138
    821.1   0.31130
    821.3   0.31122
    821.6   0.31117
    821.8   0.31112
    822.1   0.31103
    822.4   0.31095
    822.6   0.31088
    822.9   0.31082
    823.1   0.31073
    823.4   0.31067
    823.7   0.31059
    823.9   0.31052
    824.2   0.31045
    824.4   0.31037
    824.7   0.31031
    825.0   0.31023
    825.2   0.31016
    825.5   0.31009
    825.8   0.31005
    826.0   0.30997
    826.3   0.30992
    826.6   0.30984
    826.8   0.30978
    827.1   0.30971
    827.3   0.30963
    827.6   0.30954
    827.9   0.30946
    828.1   0.30941
    828.4   0.30934
    828.7   0.30928
    828.9   0.30921
    829.2   0.30911
    829.5   0.30904
    829.7   0.30896
    830.0   0.30891
    830.3   0.30885
    830.5   0.30879
    830.8   0.30873
    831.1   0.30867
    831.3   0.30861
    831.6   0.30854
    831.9   0.30847
    832.1   0.30839
    832.4   0.30831
    832.7   0.30824
    832.9   0.30818
    833.2   0.30812
    833.5   0.30806
    833.7   0.30799
    834.0   0.30795
    834.3   0.30789
    834.5   0.30783
    834.8   0.30777
    835.1   0.30771
    835.3   0.30763
    835.6   0.30755
    835.9   0.30747
    836.2   0.30740
    836.4   0.30735
    836.7   0.30731
    837.0   0.30724
    837.2   0.30720
    837.5   0.30715
    837.8   0.30708
    838.0   0.30700
    838.3   0.30693
    838.6   0.30688
    838.9   0.30682
    839.1   0.30675
    839.4   0.30667
    839.7   0.30663
    839.9   0.30656
    840.2   0.30650
    840.5   0.30643
    840.8   0.30641
    841.0   0.30634
    841.3   0.30628
    841.6   0.30621
    841.9   0.30614
    842.1   0.30607
    842.4   0.30601
    842.7   0.30594
    842.9   0.30590
    843.2   0.30584
    843.5   0.30578
    843.8   0.30572
    844.0   0.30565
    844.3   0.30559
    844.6   0.30554
    844.9   0.30546
    845.1   0.30540
    845.4   0.30534
    845.7   0.30526
    846.0   0.30520
    846.3   0.30515
    846.5   0.30508
    846.8   0.30503
    847.1   0.30498
    847.4   0.30494
    847.6   0.30490
    847.9   0.30485
    848.2   0.30478
    848.5   0.30471
    848.7   0.30467
    849.0   0.30461
    849.3   0.30456
    849.6   0.30450
    849.9   0.30444
    850.1   0.30439
    850.4   0.30432
    850.7   0.30427
    851.0   0.30423
    851.3   0.30416
    851.5   0.30412
    851.8   0.30404
    852.1   0.30398
    852.4   0.30392
    852.7   0.30388
    852.9   0.30383
    853.2   0.30379
    853.5   0.30372
    853.8   0.30367
    854.1   0.30362
    854.3   0.30355
    854.6   0.30348
    854.9   0.30342
    855.2   0.30338
    855.5   0.30334
    855.8   0.30329
    856.0   0.30325
    856.3   0.30320
    856.6   0.30314
    856.9   0.30307
    857.2   0.30301
    857.4   0.30296
    857.7   0.30293
    858.0   0.30287
    858.3   0.30281
    858.6   0.30277
    858.9   0.30272
    859.2   0.30267
    859.4   0.30261
    859.7   0.30256
    860.0   0.30251
    860.3   0.30247
    860.6   0.30242
    860.9   0.30237
    861.2   0.30232
    861.4   0.30226
    861.7   0.30221
    862.0   0.30216
    862.3   0.30211
    862.6   0.30207
    862.9   0.30203
    863.2   0.30197
    863.4   0.30193
    863.7   0.30187
    864.0   0.30182
    864.3   0.30177
    864.6   0.30171
    864.9   0.30166
    865.2   0.30162
    865.5   0.30156
    865.8   0.30151
    866.0   0.30145
    866.3   0.30141
    866.6   0.30137
    866.9   0.30133
    867.2   0.30129
    867.5   0.30123
    867.8   0.30119
    868.1   0.30115
    868.4   0.30110
    868.7   0.30106
    868.9   0.30100
    869.2   0.30094
    869.5   0.30089
    869.8   0.30084
    870.1   0.30080
    870.4   0.30075
    870.7   0.30068
    871.0   0.30063
    871.3   0.30058
    871.6   0.30053
    871.9   0.30049
    872.2   0.30047
    872.5   0.30041
    872.8   0.30036
    873.0   0.30030
    873.3   0.30025
    873.6   0.30021
    873.9   0.30016
    874.2   0.30011
    874.5   0.30005
    874.8   0.30000
    875.1   0.29994
    875.4   0.29989
    875.7   0.29986
    876.0   0.29980
    876.3   0.29976
    876.6   0.29972
    876.9   0.29967
    877.2   0.29963
    877.5   0.29958
    877.8   0.29952
    878.1   0.29946
    878.4   0.29942
    878.7   0.29939
    879.0   0.29933
    879.3   0.29928
    879.6   0.29924
    879.9   0.29921
    880.2   0.29915
    880.5   0.29911
    880.8   0.29907
    881.1   0.29902
    881.4   0.29897
    881.7   0.29893
    882.0   0.29887
    882.3   0.29883
    882.6   0.29877
    882.9   0.29872
    883.2   0.29869
    883.5   0.29866
    883.8   0.29860
    884.1   0.29855
    884.4   0.29849
    884.7   0.29845
    885.0   0.29839
    885.3   0.29834
    885.6   0.29829
    885.9   0.29824
    886.2   0.29818
    886.5   0.29813
    886.8   0.29810
    887.1   0.29805
    887.4   0.29800
    887.7   0.29795
    888.0   0.29790
    888.3   0.29785
    888.6   0.29780
    888.9   0.29775
    889.2   0.29770
    889.5   0.29765
    889.8   0.29760
    890.1   0.29755
    890.4   0.29752
    890.7   0.29748
    891.1   0.29742
    891.4   0.29739
    891.7   0.29733
    892.0   0.29728
    892.3   0.29721
    892.6   0.29717
    892.9   0.29712
    893.2   0.29707
    893.5   0.29701
    893.8   0.29696
    894.1   0.29691
    894.4   0.29687
    894.7   0.29682
    895.1   0.29676
    895.4   0.29671
    895.7   0.29666
    896.0   0.29661
    896.3   0.29655
    896.6   0.29649
    896.9   0.29644
    897.2   0.29638
    897.5   0.29634
    897.8   0.29628
    898.2   0.29624
    898.5   0.29617
    898.8   0.29612
    899.1   0.29607
    899.4   0.29602
    899.7   0.29598
    900.0   0.29593
    900.3   0.29588
    900.6   0.29582
    901.0   0.29576
    901.3   0.29570
    901.6   0.29564
    901.9   0.29559
    902.2   0.29552
    902.5   0.29545
    902.8   0.29541
    903.2   0.29536
    903.5   0.29529
    903.8   0.29524
    904.1   0.29518
    904.4   0.29512
    904.7   0.29506
    905.1   0.29501
    905.4   0.29495
    905.7   0.29489
    906.0   0.29482
    906.3   0.29476
    906.6   0.29470
    907.0   0.29464
    907.3   0.29458
    907.6   0.29452
    907.9   0.29446
    908.2   0.29439
    908.5   0.29433
    908.9   0.29428
    909.2   0.29422
    909.5   0.29415
    909.8   0.29409
    910.1   0.29403
    910.5   0.29397
    910.8   0.29391
    911.1   0.29384
    911.4   0.29377
    911.7   0.29371
    912.1   0.29364
    912.4   0.29358
    912.7   0.29351
    913.0   0.29345
    913.3   0.29338
    913.7   0.29331
    914.0   0.29324
    914.3   0.29317
    914.6   0.29309
    915.0   0.29303
    915.3   0.29296
    915.6   0.29289
    915.9   0.29282
    916.2   0.29274
    916.6   0.29267
    916.9   0.29259
    917.2   0.29253
    917.5   0.29246
    917.9   0.29239
    918.2   0.29232
    918.5   0.29226
    918.8   0.29218
    919.2   0.29210
    919.5   0.29202
    919.8   0.29195
    920.2   0.29187
    920.5   0.29181
    920.8   0.29174
    921.1   0.29168
    921.5   0.29161
    921.8   0.29153
    922.1   0.29145
    922.4   0.29137
    922.8   0.29129
    923.1   0.29122
    923.4   0.29114
    923.8   0.29105
    924.1   0.29097
    924.4   0.29088
    924.7   0.29081
    925.1   0.29072
    925.4   0.29065
    925.7   0.29056
    926.1   0.29049
    926.4   0.29041
    926.7   0.29032
    927.1   0.29023
    927.4   0.29015
    927.7   0.29007
    928.1   0.28998
    928.4   0.28990
    928.7   0.28982
    929.1   0.28974
    929.4   0.28965
    929.7   0.28956
    930.1   0.28948
    930.4   0.28939
    930.7   0.28929
    931.1   0.28920
    931.4   0.28912
    931.7   0.28904
    932.1   0.28894
    932.4   0.28885
    932.7   0.28876
    933.1   0.28868
    933.4   0.28859
    933.7   0.28850
    934.1   0.28842
    934.4   0.28833
    934.8   0.28824
    935.1   0.28815
    935.4   0.28805
    935.8   0.28797
    936.1   0.28787
    936.4   0.28777
    936.8   0.28767
    937.1   0.28758
    937.5   0.28749
    937.8   0.28740
    938.1   0.28731
    938.5   0.28721
    938.8   0.28711
    939.2   0.28700
    939.5   0.28690
    939.8   0.28680
    940.2   0.28671
    940.5   0.28661
    940.9   0.28652
    941.2   0.28641
    941.5   0.28631
    941.9   0.28622
    942.2   0.28612
    942.6   0.28602
    942.9   0.28592
    943.3   0.28582
    943.6   0.28572
    943.9   0.28562
    944.3   0.28552
    944.6   0.28542
    945.0   0.28532
    945.3   0.28521
    945.7   0.28511
    946.0   0.28501
    946.4   0.28490
    946.7   0.28479
    947.0   0.28468
    947.4   0.28456
    947.7   0.28446
    948.1   0.28435
    948.4   0.28425
    948.8   0.28414
    949.1   0.28403
    949.5   0.28393
    949.8   0.28384
    950.2   0.28373
    950.5   0.28363
    950.9   0.28352
    951.2   0.28341
    951.6   0.28330
    951.9   0.28319
    952.3   0.28308
    952.6   0.28297
    953.0   0.28286
    953.3   0.28274
    953.7   0.28262
    954.0   0.28250
    954.4   0.28239
    954.7   0.28228
    955.1   0.28216
    955.4   0.28205
    955.8   0.28193
    956.1   0.28182
    956.5   0.28171
    956.8   0.28158
    957.2   0.28146
    957.5   0.28134
    957.9   0.28123
    958.3   0.28112
    958.6   0.28101
    959.0   0.28090
    959.3   0.28078
    959.7   0.28066
    960.0   0.28055
    960.4   0.28042
    960.7   0.28031
    961.1   0.28019
    961.4   0.28007
    961.8   0.27994
    962.2   0.27983
    962.5   0.27971
    962.9   0.27960
    963.2   0.27948
    963.6   0.27936
    964.0   0.27924
    964.3   0.27913
    964.7   0.27901
    965.0   0.27889
    965.4   0.27877
    965.7   0.27865
    966.1   0.27853
    966.5   0.27841
    966.8   0.27829
    967.2   0.27817
    967.6   0.27805
    967.9   0.27793
    968.3   0.27781
    968.6   0.27769
    969.0   0.27757
    969.4   0.27744
    969.7   0.27733
    970.1   0.27720
    970.4   0.27707
    970.8   0.27695
    971.2   0.27683
    971.5   0.27671
    971.9   0.27659
    972.3   0.27646
    972.6   0.27634
    973.0   0.27622
    973.4   0.27610
    973.7   0.27598
    974.1   0.27585
    974.5   0.27574
    974.8   0.27562
    975.2   0.27550
    975.6   0.27538
    975.9   0.27525
    976.3   0.27513
    976.7   0.27500
    977.0   0.27487
    977.4   0.27475
    977.8   0.27462
    978.1   0.27450
    978.5   0.27438
    978.9   0.27427
    979.2   0.27415
    979.6   0.27403
    980.0   0.27390
    980.4   0.27377
    980.7   0.27364
    981.1   0.27353
    981.5   0.27340
    981.8   0.27328
    982.2   0.27316
    982.6   0.27304
    983.0   0.27292
    983.3   0.27280
    983.7   0.27267
    984.1   0.27255
    984.5   0.27243
    984.8   0.27231
    985.2   0.27220
    985.6   0.27208
    986.0   0.27197
    986.3   0.27185
    986.7   0.27173
    987.1   0.27161
    987.5   0.27148
    987.8   0.27137
    988.2   0.27125
    988.6   0.27113
    989.0   0.27101
    989.3   0.27090
    989.7   0.27078
    990.1   0.27066
    990.5   0.27054
    990.9   0.27042
    991.2   0.27031
    991.6   0.27020
    992.0   0.27008
    992.4   0.26996
    992.7   0.26985
    993.1   0.26973
    993.5   0.26961
    993.9   0.26950
    994.3   0.26939
    994.7   0.26928
    995.0   0.26916
    995.4   0.26905
    995.8   0.26895
    996.2   0.26884
    996.6   0.26874
    996.9   0.26863
    997.3   0.26853
    997.7   0.26842
    998.1   0.26831
    998.5   0.26820
    998.9   0.26810
    999.3   0.26800
    999.6   0.26789
   1000.0   0.26779
   1000.4   0.26770
   1000.8   0.26759
   1001.2   0.26749
   1001.6   0.26739
   1002.0   0.26729
   1002.3   0.26720
   1002.7   0.26710
   1003.1   0.26700
   1003.5   0.26690
   1003.9   0.26681
   1004.3   0.26672
   1004.7   0.26662
   1005.1   0.26653
   1005.5   0.26644
   1005.8   0.26635
   1006.2   0.26625
   1006.6   0.26616
   1007.0   0.26607
   1007.4   0.26598
   1007.8   0.26589
   1008.2   0.26580
   1008.6   0.26572
   1009.0   0.26563
   1009.4   0.26555
   1009.8   0.26548
   1010.2   0.26540
   1010.6   0.26532
   1010.9   0.26525
   1011.3   0.26517
   1011.7   0.26510
   1012.1   0.26503
   1012.5   0.26495
   1012.9   0.26489
   1013.3   0.26482
   1013.7   0.26475
   1014.1   0.26469
   1014.5   0.26462
   1014.9   0.26455
   1015.3   0.26449
   1015.7   0.26442
   1016.1   0.26437
   1016.5   0.26430
   1016.9   0.26425
   1017.3   0.26420
   1017.7   0.26415
   1018.1   0.26411
   1018.5   0.26405
   1018.9   0.26400
   1019.3   0.26396
   1019.7   0.26391
   1020.1   0.26386
   1020.5   0.26382
   1020.9   0.26379
   1021.3   0.26375
   1021.7   0.26372
   1022.1   0.26368
   1022.5   0.26365
   1022.9   0.26363
   1023.3   0.26361
   1023.7   0.26358
   1024.1   0.26355
   1024.5   0.26351
   1024.9   0.26349
   1025.3   0.26346
   1025.7   0.26344
   1026.2   0.26343
   1026.6   0.26341
   1027.0   0.26340
   1027.4   0.26339
   1027.8   0.26338
   1028.2   0.26337
   1028.6   0.26337
   1029.0   0.26337
   1029.4   0.26337
   1029.8   0.26338
   1030.2   0.26337
   1030.6   0.26379
   1031.1   0.26368
   1031.5   0.26329
   1031.9   0.26283
   1032.3   0.26283
   1032.7   0.26293
   1033.1   0.26300
   1033.5   0.26334
   1033.9   0.26312
   1034.3   0.26247
   1034.8   0.26268
   1035.2   0.26300
   1035.6   0.26295
   1036.0   0.26327
   1036.4   0.26330
   1036.8   0.26321
   1037.2   0.26307
   1037.7   0.26299
   1038.1   0.26275
   1038.5   0.26254
   1038.9   0.26277
   1039.3   0.26292
   1039.7   0.26266
   1040.2   0.26262
   1040.6   0.26263
   1041.0   0.26269
   1041.4   0.26273
   1041.8   0.26266
   1042.2   0.26309
   1042.7   0.26303
   1043.1   0.26314
   1043.5   0.26357
   1043.9   0.26335
   1044.3   0.26310
   1044.8   0.26277
   1045.2   0.26256
   1045.6   0.26249
   1046.0   0.26261
   1046.5   0.26263
   1046.9   0.26252
   1047.3   0.26235
   1047.7   0.26300
   1048.1   0.26335
   1048.6   0.26311
   1049.0   0.26327
   1049.4   0.26313
   1049.8   0.26284
   1050.3   0.26315
   1050.7   0.26324
   1051.1   0.26303
   1051.5   0.26250
   1052.0   0.26229
   1052.4   0.26277
   1052.8   0.26283
   1053.3   0.26263
   1053.7   0.26245
   1054.1   0.26251
   1054.5   0.26277
   1055.0   0.26279
   1055.4   0.26269
   1055.8   0.26243
   1056.3   0.26278
   1056.7   0.26317
   1057.1   0.26311
   1057.6   0.26289
   1058.0   0.26280
   1058.4   0.26281
   1058.9   0.26277
   1059.3   0.26274
   1059.7   0.26307
   1060.2   0.26333
   1060.6   0.26345
   1061.0   0.26337
   1061.5   0.26327
   1061.9   0.26297
   1062.3   0.26315
   1062.8   0.26314
   1063.2   0.26332
   1063.6   0.26367
   1064.1   0.26372
   1064.5   0.26362
   1064.9   0.26354
   1065.4   0.26351
   1065.8   0.26335
   1066.3   0.26344
   1066.7   0.26350
   1067.1   0.26363
   1067.6   0.26375
   1068.0   0.26348
   1068.5   0.26375
   1068.9   0.26416
   1069.3   0.26411
   1069.8   0.26370
   1070.2   0.26354
   1070.7   0.26387
   1071.1   0.26413
   1071.5   0.26396
   1072.0   0.26408
   1072.4   0.26428
   1072.9   0.26402
   1073.3   0.26401
   1073.8   0.26408
   1074.2   0.26419
   1074.7   0.26428
   1075.1   0.26425
   1075.5   0.26411
   1076.0   0.26440
   1076.4   0.26467
   1076.9   0.26470
   1077.3   0.26483
   1077.8   0.26523
   1078.2   0.26502
   1078.7   0.26479
   1079.1   0.26483
   1079.6   0.26476
   1080.0   0.26475
   1080.5   0.26483
   1080.9   0.26511
   1081.4   0.26533
   1081.8   0.26517
   1082.3   0.26531
   1082.7   0.26551
   1083.2   0.26593
   1083.6   0.26604
   1084.1   0.26587
   1084.5   0.26581
   1085.0   0.26557
   1085.5   0.26544
   1085.9   0.26579
   1086.4   0.26611
   1086.8   0.26617
   1087.3   0.26626
   1087.7   0.26635
   1088.2   0.26609
   1088.6   0.26591
   1089.1   0.26607
   1089.6   0.26675
   1090.0   0.26687
   1090.5   0.26671
   1090.9   0.26661
   1091.4   0.26680
   1091.9   0.26731
   1092.3   0.26768
   1092.8   0.26764
   1093.2   0.26718
   1093.7   0.26689
   1094.2   0.26719
   1094.6   0.26777
   1095.1   0.26787
   1095.5   0.26786
   1096.0   0.26788
   1096.5   0.26771
   1096.9   0.26775
   1097.4   0.26801
   1097.9   0.26805
   1098.3   0.26828
   1098.8   0.26842
   1099.3   0.26818
   1099.7   0.26804
   1100.2   0.26834
   1100.7   0.26867
   1101.1   0.26823
   1101.6   0.26837
   1102.1   0.26889
   1102.5   0.26854
   1103.0   0.26857
   1103.5   0.26902
   1103.9   0.26927
   1104.4   0.26925
   1104.9   0.26943
   1105.4   0.26982
   1105.8   0.26981
   1106.3   0.26947
   1106.8   0.26927
   1107.2   0.26915
   1107.7   0.26949
   1108.2   0.27001
   1108.7   0.27010
   1109.1   0.26977
   1109.6   0.26994
   1110.1   0.27024
   1110.6   0.27016
   1111.0   0.27040
   1111.5   0.27092
   1112.0   0.27054
   1112.5   0.27036
   1113.0   0.27039
   1113.4   0.27020
   1113.9   0.27087
   1114.4   0.27124
   1114.9   0.27143
   1115.3   0.27135
   1115.8   0.27127
   1116.3   0.27151
   1116.8   0.27166
   1117.3   0.27184
   1117.8   0.27244
   1118.2   0.27244
   1118.7   0.27183
   1119.2   0.27202
   1119.7   0.27237
   1120.2   0.27269
   1120.7   0.27281
   1121.1   0.27283
   1121.6   0.27277
   1122.1   0.27295
   1122.6   0.27330
   1123.1   0.27304
   1123.6   0.27280
   1124.1   0.27319
   1124.5   0.27344
   1125.0   0.27317
   1125.5   0.27329
   1126.0   0.27364
   1126.5   0.27374
   1127.0   0.27383
   1127.5   0.27394
   1128.0   0.27414
   1128.5   0.27411
   1128.9   0.27413
   1129.4   0.27414
   1129.9   0.27442
   1130.4   0.27462
   1130.9   0.27442
   1131.4   0.27459
   1131.9   0.27472
   1132.4   0.27468
   1132.9   0.27468
   1133.4   0.27473
   1133.9   0.27487
   1134.4   0.27518
   1134.9   0.27546
   1135.4   0.27551
   1135.9   0.27562
   1136.4   0.27562
   1136.9   0.27523
   1137.4   0.27538
   1137.9   0.27548
   1138.4   0.27541
   1138.9   0.27570
   1139.4   0.27607
   1139.9   0.27628
   1140.4   0.27651
   1140.9   0.27650
   1141.4   0.27650
   1141.9   0.27635
   1142.4   0.27626
   1142.9   0.27618
   1143.4   0.27610
   1143.9   0.27665
   1144.4   0.27717
   1144.9   0.27714
   1145.4   0.27680
   1145.9   0.27674
   1146.4   0.27690
   1146.9   0.27712
   1147.4   0.27720
   1147.9   0.27745
   1148.5   0.27741
   1149.0   0.27709
   1149.5   0.27710
   1150.0   0.27731
   1150.5   0.27771
   1151.0   0.27783
   1151.5   0.27781
   1152.0   0.27800
   1152.5   0.27794
   1153.1   0.27800
   1153.6   0.27831
   1154.1   0.27821
   1154.6   0.27822
   1155.1   0.27854
   1155.6   0.27884
   1156.1   0.27860
   1156.7   0.27858
   1157.2   0.27898
   1157.7   0.27905
   1158.2   0.27862
   1158.7   0.27873
   1159.2   0.27903
   1159.8   0.27905
   1160.3   0.27900
   1160.8   0.27928
   1161.3   0.27961
   1161.8   0.27953
   1162.4   0.27928
   1162.9   0.27901
   1163.4   0.27897
   1163.9   0.27941
   1164.5   0.27967
   1165.0   0.27966
   1165.5   0.27971
   1166.0   0.27965
   1166.5   0.27996
   1167.1   0.28007
   1167.6   0.28007
   1168.1   0.28031
   1168.7   0.28032
   1169.2   0.28034
   1169.7   0.28046
   1170.2   0.28045
   1170.8   0.28034
   1171.3   0.28045
   1171.8   0.28078
   1172.4   0.28063
   1172.9   0.28060
   1173.4   0.28072
   1173.9   0.28060
   1174.5   0.28055
   1175.0   0.28071
   1175.5   0.28082
   1176.1   0.28082
   1176.6   0.28098
   1177.1   0.28116
   1177.7   0.28100
   1178.2   0.28108
   1178.7   0.28138
   1179.3   0.28139
   1179.8   0.28159
   1180.4   0.28160
   1180.9   0.28166
   1181.4   0.28156
   1182.0   0.28166
   1182.5   0.28184
   1183.1   0.28188
   1183.6   0.28199
   1184.1   0.28213
   1184.7   0.28224
   1185.2   0.28222
   1185.8   0.28219
   1186.3   0.28215
   1186.8   0.28220
   1187.4   0.28217
   1187.9   0.28212
   1188.5   0.28213
   1189.0   0.28233
   1189.6   0.28275
   1190.1   0.28298
   1190.7   0.28277
   1191.2   0.28269
   1191.8   0.28271
   1192.3   0.28268
   1192.9   0.28274
   1193.4   0.28280
   1194.0   0.28259
   1194.5   0.28267
   1195.1   0.28286
   1195.6   0.28304
   1196.2   0.28326
   1196.7   0.28322
   1197.3   0.28320
   1197.8   0.28323
   1198.4   0.28316
   1198.9   0.28337
   1199.5   0.28361
   1200.0   0.28384
   1200.6   0.28365
   1201.1   0.28347
   1201.7   0.28344
   1202.3   0.28342
   1202.8   0.28337
   1203.4   0.28352
   1203.9   0.28377
   1204.5   0.28372
   1205.1   0.28356
   1205.6   0.28355
   1206.2   0.28395
   1206.7   0.28425
   1207.3   0.28424
   1207.9   0.28414
   1208.4   0.28403
   1209.0   0.28395
   1209.6   0.28408
   1210.1   0.28418
   1210.7   0.28419
   1211.2   0.28422
   1211.8   0.28433
   1212.4   0.28450
   1212.9   0.28456
   1213.5   0.28453
   1214.1   0.28446
   1214.7   0.28443
   1215.2   0.28464
   1215.8   0.28463
   1216.4   0.28433
   1216.9   0.28439
   1217.5   0.28460
   1218.1   0.28472
   1218.6   0.28472
   1219.2   0.28460
   1219.8   0.28459
   1220.4   0.28462
   1220.9   0.28470
   1221.5   0.28465
   1222.1   0.28500
   1222.7   0.28522
   1223.3   0.28541
   1223.8   0.28547
   1224.4   0.28520
   1225.0   0.28513
   1225.6   0.28536
   1226.1   0.28553
   1226.7   0.28563
   1227.3   0.28568
   1227.9   0.28574
   1228.5   0.28578
   1229.1   0.28573
   1229.6   0.28586
   1230.2   0.28604
   1230.8   0.28584
   1231.4   0.28578
   1232.0   0.28587
   1232.6   0.28579
   1233.1   0.28574
   1233.7   0.28575
   1234.3   0.28590
   1234.9   0.28592
   1235.5   0.28589
   1236.1   0.28619
   1236.7   0.28617
   1237.3   0.28624
   1237.9   0.28638
   1238.4   0.28651
   1239.0   0.28678
   1239.6   0.28681
   1240.2   0.28663
   1240.8   0.28677
   1241.4   0.28681
   1242.0   0.28679
   1242.6   0.28660
   1243.2   0.28664
   1243.8   0.28685
   1244.4   0.28689
   1245.0   0.28707
   1245.6   0.28718
   1246.2   0.28734
   1246.8   0.28758
   1247.4   0.28744
   1248.0   0.28707
   1248.6   0.28704
   1249.2   0.28738
   1249.8   0.28753
   1250.4   0.28761
   1251.0   0.28763
   1251.6   0.28770
   1252.2   0.28777
   1252.8   0.28780
   1253.4   0.28795
   1254.0   0.28801
   1254.6   0.28802
   1255.2   0.28790
   1255.8   0.28794
   1256.5   0.28810
   1257.1   0.28829
   1257.7   0.28828
   1258.3   0.28847
   1258.9   0.28859
   1259.5   0.28848
   1260.1   0.28854
   1260.7   0.28863
   1261.3   0.28846
   1262.0   0.28834
   1262.6   0.28859
   1263.2   0.28878
   1263.8   0.28888
   1264.4   0.28880
   1265.0   0.28889
   1265.7   0.28900
   1266.3   0.28907
   1266.9   0.28928
   1267.5   0.28935
   1268.1   0.28944
   1268.8   0.28959
   1269.4   0.28960
   1270.0   0.28962
   1270.6   0.28952
   1271.2   0.28924
   1271.9   0.28943
   1272.5   0.28966
   1273.1   0.28984
   1273.7   0.29012
   1274.4   0.29026
   1275.0   0.29022
   1275.6   0.29032
   1276.3   0.29010
   1276.9   0.29013
   1277.5   0.29052
   1278.1   0.29075
   1278.8   0.29060
   1279.4   0.29048
   1280.0   0.29074
   1280.7   0.29116
   1281.3   0.29111
   1281.9   0.29068
   1282.6   0.29047
   1283.2   0.29082
   1283.8   0.29111
   1284.5   0.29111
   1285.1   0.29132
   1285.7   0.29158
   1286.4   0.29155
   1287.0   0.29133
   1287.7   0.29146
   1288.3   0.29156
   1288.9   0.29172
   1289.6   0.29205
   1290.2   0.29208
   1290.9   0.29189
   1291.5   0.29184
   1292.2   0.29183
   1292.8   0.29201
   1293.4   0.29226
   1294.1   0.29257
   1294.7   0.29256
   1295.4   0.29250
   1296.0   0.29271
   1296.7   0.29288
   1297.3   0.29304
   1298.0   0.29311
   1298.6   0.29321
   1299.3   0.29311
   1299.9   0.29313
   1300.6   0.29347
   1301.2   0.29347
   1301.9   0.29327
   1302.5   0.29343
   1303.2   0.29366
   1303.9   0.29373
   1304.5   0.29374
   1305.2   0.29370
   1305.8   0.29387
   1306.5   0.29407
   1307.1   0.29438
   1307.8   0.29440
   1308.5   0.29423
   1309.1   0.29430
   1309.8   0.29432
   1310.4   0.29425
   1311.1   0.29453
   1311.8   0.29479
   1312.4   0.29491
   1313.1   0.29489
   1313.8   0.29503
   1314.4   0.29524
   1315.1   0.29523
   1315.8   0.29531
   1316.4   0.29536
   1317.1   0.29532
   1317.8   0.29565
   1318.4   0.29585
   1319.1   0.29579
   1319.8   0.29587
   1320.5   0.29600
   1321.1   0.29607
   1321.8   0.29620
   1322.5   0.29634
   1323.2   0.29654
   1323.8   0.29677
   1324.5   0.29665
   1325.2   0.29655
   1325.9   0.29681
   1326.5   0.29691
   1327.2   0.29698
   1327.9   0.29718
   1328.6   0.29744
   1329.3   0.29750
   1329.9   0.29747
   1330.6   0.29774
   1331.3   0.29815
   1332.0   0.29816
   1332.7   0.29801
   1333.4   0.29789
   1334.1   0.29791
   1334.7   0.29810
   1335.4   0.29820
   1336.1   0.29840
   1336.8   0.29869
   1337.5   0.29865
   1338.2   0.29862
   1338.9   0.29885
   1339.6   0.29908
   1340.3   0.29914
   1341.0   0.29913
   1341.6   0.29922
   1342.3   0.29918
   1343.0   0.29955
   1343.7   0.29987
   1344.4   0.29984
   1345.1   0.29996
   1345.8   0.30002
   1346.5   0.30006
   1347.2   0.30018
   1347.9   0.30048
   1348.6   0.30064
   1349.3   0.30064
   1350.0   0.30073
   1350.7   0.30086
   1351.4   0.30101
   1352.1   0.30128
   1352.9   0.30141
   1353.6   0.30151
   1354.3   0.30145
   1355.0   0.30138
   1355.7   0.30172
   1356.4   0.30195
   1357.1   0.30197
   1357.8   0.30203
   1358.5   0.30211
   1359.2   0.30234
   1360.0   0.30254
   1360.7   0.30254
   1361.4   0.30250
   1362.1   0.30269
   1362.8   0.30285
   1363.5   0.30308
   1364.2   0.30335
   1365.0   0.30344
   1365.7   0.30351
   1366.4   0.30363
   1367.1   0.30367
   1367.8   0.30374
   1368.6   0.30393
   1369.3   0.30427
   1370.0   0.30432
   1370.7   0.30439
   1371.5   0.30436
   1372.2   0.30447
   1372.9   0.30467
   1373.6   0.30495
   1374.4   0.30516
   1375.1   0.30525
   1375.8   0.30542
   1376.6   0.30549
   1377.3   0.30541
   1378.0   0.30565
   1378.8   0.30608
   1379.5   0.30617
   1380.2   0.30613
   1381.0   0.30623
   1381.7   0.30628
   1382.4   0.30645
   1383.2   0.30671
   1383.9   0.30699
   1384.7   0.30717
   1385.4   0.30736
   1386.1   0.30748
   1386.9   0.30749
   1387.6   0.30779
   1388.4   0.30796
   1389.1   0.30812
   1389.8   0.30810
   1390.6   0.30806
   1391.3   0.30822
   1392.1   0.30854
   1392.8   0.30880
   1393.6   0.30888
   1394.3   0.30882
   1395.1   0.30896
   1395.8   0.30917
   1396.6   0.30935
   1397.3   0.30966
   1398.1   0.30991
   1398.8   0.30973
   1399.6   0.30985
   1400.4   0.31015
   1401.1   0.31033
   1401.9   0.31038
   1402.6   0.31055
   1403.4   0.31078
   1404.2   0.31091
   1404.9   0.31087
   1405.7   0.31102
   1406.4   0.31129
   1407.2   0.31147
   1408.0   0.31172
   1408.7   0.31179
   1409.5   0.31179
   1410.3   0.31191
   1411.0   0.31202
   1411.8   0.31233
   1412.6   0.31257
   1413.3   0.31265
   1414.1   0.31287
   1414.9   0.31300
   1415.7   0.31316
   1416.4   0.31320
   1417.2   0.31332
   1418.0   0.31372
   1418.8   0.31399
   1419.5   0.31414
   1420.3   0.31415
   1421.1   0.31420
   1421.9   0.31440
   1422.6   0.31461
   1423.4   0.31477
   1424.2   0.31495
   1425.0   0.31521
   1425.8   0.31538
   1426.6   0.31544
   1427.3   0.31552
   1428.1   0.31570
   1428.9   0.31609
   1429.7   0.31620
   1430.5   0.31620
   1431.3   0.31629
   1432.1   0.31642
   1432.9   0.31669
   1433.7   0.31691
   1434.5   0.31696
   1435.3   0.31723
   1436.0   0.31740
   1436.8   0.31742
   1437.6   0.31747
   1438.4   0.31750
   1439.2   0.31789
   1440.0   0.31829
   1440.8   0.31838
   1441.6   0.31839
   1442.4   0.31859
   1443.2   0.31875
   1444.0   0.31889
   1444.9   0.31900
   1445.7   0.31910
   1446.5   0.31942
   1447.3   0.31953
   1448.1   0.31973
   1448.9   0.32006
   1449.7   0.32017
   1450.5   0.32029
   1451.3   0.32051
   1452.1   0.32074
   1453.0   0.32069
   1453.8   0.32061
   1454.6   0.32086
   1455.4   0.32132
   1456.2   0.32137
   1457.0   0.32145
   1457.9   0.32167
   1458.7   0.32165
   1459.5   0.32158
   1460.3   0.32188
   1461.1   0.32229
   1462.0   0.32255
   1462.8   0.32254
   1463.6   0.32251
   1464.4   0.32278
   1465.3   0.32309
   1466.1   0.32325
   1466.9   0.32320
   1467.8   0.32325
   1468.6   0.32347
   1469.4   0.32379
   1470.3   0.32397
   1471.1   0.32398
   1471.9   0.32404
   1472.8   0.32433
   1473.6   0.32471
   1474.4   0.32489
   1475.3   0.32480
   1476.1   0.32497
   1477.0   0.32505
   1477.8   0.32512
   1478.6   0.32533
   1479.5   0.32553
   1480.3   0.32586
   1481.2   0.32604
   1482.0   0.32610
   1482.9   0.32627
   1483.7   0.32653
   1484.6   0.32672
   1485.4   0.32667
   1486.3   0.32668
   1487.1   0.32682
   1488.0   0.32705
   1488.8   0.32715
   1489.7   0.32716
   1490.6   0.32744
   1491.4   0.32781
   1492.3   0.32788
   1493.1   0.32788
   1494.0   0.32798
   1494.8   0.32819
   1495.7   0.32836
   1496.6   0.32851
   1497.4   0.32862
   1498.3   0.32881
   1499.2   0.32890
   1500.0   0.32897
   1500.9   0.32899
   1501.8   0.32908
   1502.6   0.32922
   1503.5   0.32937
   1504.4   0.32943
   1505.3   0.32962
   1506.1   0.33001
   1507.0   0.33028
   1507.9   0.33027
   1508.8   0.33014
   1509.6   0.33039
   1510.5   0.33059
   1511.4   0.33067
   1512.3   0.33092
   1513.2   0.33112
   1514.1   0.33131
   1514.9   0.33128
   1515.8   0.33123
   1516.7   0.33149
   1517.6   0.33171
   1518.5   0.33184
   1519.4   0.33190
   1520.3   0.33190
   1521.2   0.33209
   1522.1   0.33232
   1523.0   0.33258
   1523.8   0.33286
   1524.7   0.33286
   1525.6   0.33290
   1526.5   0.33311
   1527.4   0.33329
   1528.3   0.33338
   1529.2   0.33353
   1530.1   0.33352
   1531.0   0.33354
   1532.0   0.33377
   1532.9   0.33412
   1533.8   0.33432
   1534.7   0.33448
   1535.6   0.33445
   1536.5   0.33439
   1537.4   0.33444
   1538.3   0.33461
   1539.2   0.33472
   1540.1   0.33487
   1541.1   0.33512
   1542.0   0.33515
   1542.9   0.33542
   1543.8   0.33547
   1544.7   0.33552
   1545.7   0.33581
   1546.6   0.33586
   1547.5   0.33591
   1548.4   0.33611
   1549.4   0.33632
   1550.3   0.33639
   1551.2   0.33633
   1552.1   0.33635
   1553.1   0.33653
   1554.0   0.33670
   1554.9   0.33691
   1555.9   0.33698
   1556.8   0.33700
   1557.7   0.33725
   1558.7   0.33742
   1559.6   0.33751
   1560.5   0.33767
   1561.5   0.33770
   1562.4   0.33788
   1563.4   0.33807
   1564.3   0.33814
   1565.3   0.33814
   1566.2   0.33812
   1567.2   0.33816
   1568.1   0.33840
   1569.0   0.33851
   1570.0   0.33836
   1571.0   0.33845
   1571.9   0.33860
   1572.9   0.33876
   1573.8   0.33893
   1574.8   0.33910
   1575.7   0.33931
   1576.7   0.33922
   1577.6   0.33934
   1578.6   0.33954
   1579.6   0.33959
   1580.5   0.33964
   1581.5   0.33986
   1582.5   0.33997
   1583.4   0.33992
   1584.4   0.33996
   1585.4   0.34010
   1586.3   0.34020
   1587.3   0.34018
   1588.3   0.34026
   1589.3   0.34041
   1590.2   0.34058
   1591.2   0.34070
   1592.2   0.34064
   1593.2   0.34065
   1594.1   0.34083
   1595.1   0.34095
   1596.1   0.34093
   1597.1   0.34086
   1598.1   0.34092
   1599.1   0.34125
   1600.0   0.34151
   1601.0   0.34167
   1602.0   0.34172
   1603.0   0.34177
   1604.0   0.34184
   1605.0   0.34198
   1606.0   0.34199
   1607.0   0.34196
   1608.0   0.34205
   1609.0   0.34210
   1610.0   0.34224
   1611.0   0.34239
   1612.0   0.34260
   1613.0   0.34258
   1614.0   0.34246
   1615.0   0.34249
   1616.0   0.34262
   1617.0   0.34280
   1618.0   0.34290
   1619.0   0.34284
   1620.0   0.34276
   1621.1   0.34303
   1622.1   0.34311
   1623.1   0.34299
   1624.1   0.34309
   1625.1   0.34335
   1626.1   0.34339
   1627.2   0.34336
   1628.2   0.34348
   1629.2   0.34347
   1630.2   0.34339
   1631.3   0.34345
   1632.3   0.34352
   1633.3   0.34361
   1634.3   0.34377
   1635.4   0.34387
   1636.4   0.34390
   1637.4   0.34374
   1638.5   0.34372
   1639.5   0.34379
   1640.5   0.34395
   1641.6   0.34408
   1642.6   0.34413
   1643.7   0.34418
   1644.7   0.34442
   1645.8   0.34460
   1646.8   0.34452
   1647.8   0.34447
   1648.9   0.34432
   1649.9   0.34434
   1651.0   0.34459
   1652.1   0.34470
   1653.1   0.34465
   1654.2   0.34462
   1655.2   0.34480
   1656.3   0.34484
   1657.3   0.34496
   1658.4   0.34505
   1659.5   0.34506
   1660.5   0.34498
   1661.6   0.34499
   1662.6   0.34516
   1663.7   0.34513
   1664.8   0.34520
   1665.9   0.34532
   1666.9   0.34531
   1668.0   0.34524
   1669.1   0.34526
   1670.1   0.34535
   1671.2   0.34540
   1672.3   0.34532
   1673.4   0.34526
   1674.5   0.34530
   1675.5   0.34544
   1676.6   0.34551
   1677.7   0.34545
   1678.8   0.34535
   1679.9   0.34538
   1681.0   0.34551
   1682.1   0.34546
   1683.2   0.34559
   1684.3   0.34566
   1685.3   0.34561
   1686.4   0.34560
   1687.5   0.34575
   1688.6   0.34592
   1689.7   0.34598
   1690.8   0.34591
   1692.0   0.34611
   1693.1   0.34611
   1694.2   0.34612
   1695.3   0.34616
   1696.4   0.34610
   1697.5   0.34613
   1698.6   0.34632
   1699.7   0.34629
   1700.8   0.34640
   1701.9   0.34654
   1703.1   0.34667
   1704.2   0.34669
   1705.3   0.34643
   1706.4   0.34634
   1707.6   0.34648
   1708.7   0.34666
   1709.8   0.34657
   1710.9   0.34664
   1712.1   0.34662
   1713.2   0.34651
   1714.3   0.34660
   1715.5   0.34682
   1716.6   0.34684
   1717.7   0.34647
   1718.9   0.34635
   1720.0   0.34656
   1721.2   0.34673
   1722.3   0.34687
   1723.4   0.34685
   1724.6   0.34669
   1725.7   0.34662
   1726.9   0.34652
   1728.0   0.34660
   1729.2   0.34662
   1730.4   0.34661
   1731.5   0.34665
   1732.7   0.34654
   1733.8   0.34656
   1735.0   0.34679
   1736.1   0.34678
   1737.3   0.34651
   1738.5   0.34652
   1739.6   0.34671
   1740.8   0.34672
   1742.0   0.34681
   1743.2   0.34677
   1744.3   0.34660
   1745.5   0.34672
   1746.7   0.34681
   1747.9   0.34665
   1749.0   0.34670
   1750.2   0.34679
   1751.4   0.34676
   1752.6   0.34683
   1753.8   0.34673
   1755.0   0.34674
   1756.1   0.34689
   1757.3   0.34678
   1758.5   0.34673
   1759.7   0.34676
   1760.9   0.34666
   1762.1   0.34675
   1763.3   0.34702
   1764.5   0.34701
   1765.7   0.34685
   1766.9   0.34671
   1768.1   0.34655
   1769.3   0.34651
   1770.5   0.34655
   1771.7   0.34649
   1773.0   0.34650
   1774.2   0.34656
   1775.4   0.34661
   1776.6   0.34659
   1777.8   0.34656
   1779.0   0.34656
   1780.3   0.34654
   1781.5   0.34646
   1782.7   0.34650
   1783.9   0.34660
   1785.2   0.34652
   1786.4   0.34641
   1787.6   0.34652
   1788.9   0.34654
   1790.1   0.34652
   1791.3   0.34641
   1792.6   0.34635
   1793.8   0.34640
   1795.1   0.34638
   1796.3   0.34627
   1797.6   0.34625
   1798.8   0.34625
   1800.0   0.34609
   1801.3   0.34590
   1802.6   0.34612
   1803.8   0.34636
   1805.1   0.34649
   1806.3   0.34625
   1807.6   0.34619
   1808.8   0.34613
   1810.1   0.34598
   1811.4   0.34601
   1812.6   0.34616
   1813.9   0.34610
   1815.2   0.34601
   1816.4   0.34606
   1817.7   0.34616
   1819.0   0.34611
   1820.3   0.34612
   1821.6   0.34618
   1822.8   0.34616
   1824.1   0.34615
   1825.4   0.34604
   1826.7   0.34584
   1828.0   0.34583
   1829.3   0.34589
   1830.6   0.34595
   1831.8   0.34584
   1833.1   0.34570
   1834.4   0.34583
   1835.7   0.34599
   1837.0   0.34572
   1838.3   0.34543
   1839.7   0.34543
   1841.0   0.34568
   1842.3   0.34579
   1843.6   0.34576
   1844.9   0.34582
   1846.2   0.34572
   1847.5   0.34547
   1848.8   0.34556
   1850.2   0.34566
   1851.5   0.34562
   1852.8   0.34570
   1854.1   0.34580
   1855.5   0.34583
   1856.8   0.34561
   1858.1   0.34543
   1859.4   0.34552
   1860.8   0.34560
   1862.1   0.34569
   1863.5   0.34569
   1864.8   0.34563
   1866.1   0.34561
   1867.5   0.34549
   1868.8   0.34539
   1870.2   0.34530
   1871.5   0.34523
   1872.9   0.34509
   1874.2   0.34513
   1875.6   0.34529
   1876.9   0.34504
   1878.3   0.34491
   1879.7   0.34497
   1881.0   0.34492
   1882.4   0.34488
   1883.8   0.34492
   1885.1   0.34477
   1886.5   0.34466
   1887.9   0.34468
   1889.3   0.34462
   1890.6   0.34462
   1892.0   0.34467
   1893.4   0.34461
   1894.8   0.34450
   1896.2   0.34449
   1897.6   0.34413
   1899.0   0.34392
   1900.3   0.34400
   1901.7   0.34410
   1903.1   0.34402
   1904.5   0.34395
   1905.9   0.34404
   1907.3   0.34391
   1908.7   0.34371
   1910.1   0.34383
   1911.6   0.34388
   1913.0   0.34374
   1914.4   0.34375
   1915.8   0.34384
   1917.2   0.34389
   1918.6   0.34380
   1920.0   0.34358
   1921.5   0.34339
   1922.9   0.34334
   1924.3   0.34340
   1925.8   0.34345
   1927.2   0.34353
   1928.6   0.34353
   1930.1   0.34349
   1931.5   0.34350
   1932.9   0.34346
   1934.4   0.34361
   1935.8   0.34353
   1937.3   0.34340
   1938.7   0.34342
   1940.2   0.34338
   1941.6   0.34339
   1943.1   0.34328
   1944.5   0.34329
   1946.0   0.34327
   1947.5   0.34330
   1948.9   0.34338
   1950.4   0.34330
   1951.9   0.34337
   1953.3   0.34350
   1954.8   0.34342
   1956.3   0.34329
   1957.8   0.34330
   1959.2   0.34334
   1960.7   0.34353
   1962.2   0.34370
   1963.7   0.34351
   1965.2   0.34333
   1966.7   0.34347
   1968.2   0.34348
   1969.7   0.34339
   1971.2   0.34349
   1972.7   0.34358
   1974.2   0.34358
   1975.7   0.34352
   1977.2   0.34359
   1978.7   0.34363
   1980.2   0.34350
   1981.7   0.34349
   1983.2   0.34358
   1984.7   0.34362
   1986.3   0.34371
   1987.8   0.34371
   1989.3   0.34360
   1990.8   0.34345
   1992.4   0.34344
   1993.9   0.34354
   1995.4   0.34378
   1997.0   0.34382
   1998.5   0.34374
   2000.1   0.34372
   2001.6   0.34363
   2003.1   0.34369
   2004.7   0.34376
   2006.2   0.34369
   2007.8   0.34358
   2009.4   0.34367
   2010.9   0.34376
   2012.5   0.34376
   2014.0   0.34376
   2015.6   0.34395
   2017.2   0.34407
   2018.7   0.34399
   2020.3   0.34384
   2021.9   0.34380
   2023.5   0.34390
   2025.1   0.34399
   2026.6   0.34405
   2028.2   0.34411
   2029.8   0.34398
   2031.4   0.34398
   2033.0   0.34414
   2034.6   0.34424
   2036.2   0.34422
   2037.8   0.34429
   2039.4   0.34424
   2041.0   0.34404
   2042.6   0.34390
   2044.2   0.34409
   2045.8   0.34426
   2047.4   0.34397
   2049.1   0.34381
   2050.7   0.34381
   2052.3   0.34389
   2053.9   0.34393
   2055.6   0.34395
   2057.2   0.34404
   2058.8   0.34395
   2060.5   0.34388
   2062.1   0.34409
   2063.7   0.34414
   2065.4   0.34409
   2067.0   0.34407
   2068.7   0.34413
   2070.3   0.34422
   2072.0   0.34421
   2073.7   0.34413
   2075.3   0.34423
   2077.0   0.34425
   2078.6   0.34426
   2080.3   0.34433
   2082.0   0.34443
   2083.7   0.34441
   2085.3   0.34446
   2087.0   0.34452
   2088.7   0.34449
   2090.4   0.34445
   2092.1   0.34442
   2093.8   0.34446
   2095.4   0.34451
   2097.1   0.34435
   2098.8   0.34438
   2100.5   0.34440
   2102.2   0.34439
   2104.0   0.34443
   2105.7   0.34442
   2107.4   0.34446
   2109.1   0.34446
   2110.8   0.34430
   2112.5   0.34430
   2114.2   0.34431
   2116.0   0.34423
   2117.7   0.34423
   2119.4   0.34425
   2121.2   0.34426
   2122.9   0.34434
   2124.6   0.34445
   2126.4   0.34446
   2128.1   0.34457
   2129.9   0.34442
   2131.6   0.34422
   2133.4   0.34438
   2135.1   0.34446
   2136.9   0.34441
   2138.7   0.34437
   2140.4   0.34432
   2142.2   0.34434
   2144.0   0.34447
   2145.8   0.34443
   2147.5   0.34450
   2149.3   0.34453
   2151.1   0.34430
   2152.9   0.34433
   2154.7   0.34440
   2156.5   0.34426
   2158.3   0.34406
   2160.1   0.34411
   2161.9   0.34427
   2163.7   0.34431
   2165.5   0.34426
   2167.3   0.34423
   2169.1   0.34415
   2170.9   0.34400
   2172.7   0.34392
   2174.6   0.34395
   2176.4   0.34417
   2178.2   0.34426
   2180.0   0.34412
   2181.9   0.34405
   2183.7   0.34407
   2185.6   0.34403
   2187.4   0.34389
   2189.2   0.34403
   2191.1   0.34417
   2193.0   0.34418
   2194.8   0.34416
   2196.7   0.34396
   2198.5   0.34390
   2200.4   0.34373
   2202.3   0.34368
   2204.1   0.34366
   2206.0   0.34366
   2207.9   0.34343
   2209.8   0.34328
   2211.7   0.34336
   2213.6   0.34343
   2215.4   0.34341
   2217.3   0.34347
   2219.2   0.34350
   2221.1   0.34357
   2223.0   0.34364
   2225.0   0.34354
   2226.9   0.34350
   2228.8   0.34338
   2230.7   0.34320
   2232.6   0.34324
   2234.5   0.34333
   2236.5   0.34338
   2238.4   0.34327
   2240.3   0.34321
   2242.3   0.34330
   2244.2   0.34341
   2246.2   0.34338
   2248.1   0.34333
   2250.1   0.34322
   2252.0   0.34321
   2254.0   0.34339
   2255.9   0.34351
   2257.9   0.34348
   2259.9   0.34333
   2261.8   0.34311
   2263.8   0.34312
   2265.8   0.34334
   2267.8   0.34342
   2269.8   0.34335
   2271.8   0.34317
   2273.7   0.34311
   2275.7   0.34321
   2277.7   0.34334
   2279.7   0.34332
   2281.7   0.34329
   2283.8   0.34332
   2285.8   0.34350
   2287.8   0.34354
   2289.8   0.34347
   2291.8   0.34346
   2293.9   0.34346
   2295.9   0.34353
   2297.9   0.34339
   2300.0   0.34330
   2302.0   0.34332
   2304.1   0.34332
   2306.1   0.34341
   2308.2   0.34346
   2310.2   0.34341
   2312.3   0.34330
   2314.3   0.34309
   2316.4   0.34310
   2318.5   0.34313
   2320.6   0.34315
   2322.6   0.34320
   2324.7   0.34315
   2326.8   0.34308
   2328.9   0.34307
   2331.0   0.34314
   2333.1   0.34302
   2335.2   0.34290
   2337.3   0.34287
   2339.4   0.34287
   2341.5   0.34279
   2343.6   0.34286
   2345.8   0.34300
   2347.9   0.34301
   2350.0   0.34289
   2352.1   0.34284
   2354.3   0.34294
   2356.4   0.34282
   2358.6   0.34253
   2360.7   0.34249
   2362.9   0.34255
   2365.0   0.34273
   2367.2   0.34280
   2369.3   0.34275
   2371.5   0.34278
   2373.7   0.34257
   2375.9   0.34245
   2378.0   0.34251
   2380.2   0.34251
   2382.4   0.34262
   2384.6   0.34261
   2386.8   0.34257
   2389.0   0.34248
   2391.2   0.34230
   2393.4   0.34224
   2395.6   0.34245
   2397.8   0.34249
   2400.1   0.34244
   2402.3   0.34239
   2404.5   0.34256
   2406.7   0.34263
   2409.0   0.34245
   2411.2   0.34228
   2413.5   0.34218
   2415.7   0.34222
   2418.0   0.34219
   2420.2   0.34214
   2422.5   0.34200
   2424.8   0.34213
   2427.0   0.34213
   2429.3   0.34200
   2431.6   0.34212
   2433.9   0.34214
   2436.2   0.34204
   2438.4   0.34198
   2440.7   0.34214
   2443.0   0.34196
   2445.3   0.34191
   2447.7   0.34197
   2450.0   0.34182
   2452.3   0.34195
   2454.6   0.34207
   2456.9   0.34192
   2459.3   0.34177
   2461.6   0.34147
   2463.9   0.34126
   2466.3   0.34140
   2468.6   0.34150
   2471.0   0.34130
   2473.3   0.34097
   2475.7   0.34119
   2478.1   0.34150
   2480.4   0.34120
   2482.8   0.34101
   2485.2   0.34120
   2487.6   0.34118
   2490.0   0.34106
   2492.4   0.34096
   2494.8   0.34072
   2497.2   0.34076
   2499.6   0.34097
   2502.0   0.34094
   2504.4   0.34080
   2506.8   0.34074
   2509.3   0.34072
   2511.7   0.34080
   2514.1   0.34070
   2516.6   0.34060
   2519.0   0.34049
   2521.5   0.34051
   2523.9   0.34063
   2526.4   0.34071
   2528.8   0.34051
   2531.3   0.34026
   2533.8   0.34007
   2536.3   0.34015
   2538.8   0.34015
   2541.2   0.34012
   2543.7   0.34007
   2546.2   0.33999
   2548.7   0.33984
   2551.2   0.33970
   2553.8   0.33968
   2556.3   0.33972
   2558.8   0.33955
   2561.3   0.33909
   2563.9   0.33882
   2566.4   0.33912
   2568.9   0.33939
   2571.5   0.33918
   2574.0   0.33881
   2576.6   0.33842
   2579.2   0.33853
   2581.7   0.33866
   2584.3   0.33822
   2586.9   0.33824
   2589.5   0.33860
   2592.1   0.33862
   2594.7   0.33797
   2597.3   0.33739
   2599.9   0.33819
   2602.5   0.33833
   2605.1   0.33769
   2607.7   0.33739
   2610.3   0.33782
   2613.0   0.33801
   2615.6   0.33778
   2618.3   0.33734
   2620.9   0.33717
   2623.6   0.33726
   2626.2   0.33745
   2628.9   0.33717
   2631.5   0.33697
   2634.2   0.33680
   2636.9   0.33703
   2639.6   0.33710
   2642.3   0.33686
   2645.0   0.33644
   2647.7   0.33607
   2650.4   0.33585
   2653.1   0.33541
   2655.8   0.33493
   2658.5   0.33485
   2661.3   0.33452
   2664.0   0.33408
   2666.7   0.33300
   2669.5   0.33161
   2672.2   0.33049
   2675.0   0.32980
   2677.8   0.32855
   2680.5   0.32683
   2683.3   0.32548
   2686.1   0.32332
   2688.9   0.32068
   2691.7   0.31826
   2694.5   0.31544
   2697.3   0.31217
   2700.1   0.30909
   2702.9   0.30587
   2705.7   0.30306
   2708.5   0.30013
   2711.4   0.29670
   2714.2   0.29397
   2717.1   0.29228
   2719.9   0.28983
   2722.8   0.28692
   2725.6   0.28418
   2728.5   0.28199
   2731.4   0.27994
   2734.2   0.27725
   2737.1   0.27434
   2740.0   0.27095
   2742.9   0.26805
   2745.8   0.26686
   2748.7   0.26534
   2751.7   0.26280
   2754.6   0.25966
   2757.5   0.25666
   2760.5   0.25461
   2761.9   0.25383
   2763.4   0.25343
   2764.9   0.25265
   2766.3   0.25137
   2767.8   0.25050
   2769.3   0.24974
   2770.8   0.24894
   2772.3   0.24836
   2773.7   0.24744
   2775.2   0.24643
   2776.7   0.24571
   2778.2   0.24517
   2779.7   0.24454
   2781.2   0.24395
   2782.7   0.24344
   2784.2   0.24283
   2785.7   0.24219
   2787.2   0.24180
   2788.7   0.24163
   2790.2   0.24091
   2791.7   0.24021
   2793.2   0.23971
   2794.7   0.23934
   2796.2   0.23883
   2797.7   0.23852
   2799.2   0.23817
   2800.7   0.23779
   2802.2   0.23748
   2803.8   0.23756
   2805.3   0.23735
   2806.8   0.23681
   2808.3   0.23632
   2809.8   0.23593
   2811.4   0.23567
   2812.9   0.23540
   2814.4   0.23521
   2815.9   0.23500
   2817.5   0.23479
   2819.0   0.23457
   2820.5   0.23447
   2822.1   0.23429
   2823.6   0.23388
   2825.1   0.23361
   2826.7   0.23346
   2828.2   0.23339
   2829.8   0.23320
   2831.3   0.23295
   2832.9   0.23277
   2834.4   0.23271
   2836.0   0.23262
   2837.5   0.23244
   2839.1   0.23226
   2840.6   0.23213
   2842.2   0.23204
   2843.7   0.23194
   2845.3   0.23173
   2846.9   0.23157
   2848.4   0.23140
   2850.0   0.23130
   2851.6   0.23127
   2853.1   0.23120
   2854.7   0.23111
   2856.3   0.23104
   2857.8   0.23088
   2859.4   0.23076
   2861.0   0.23063
   2862.6   0.23052
   2864.2   0.23052
   2865.7   0.23045
   2867.3   0.23037
   2868.9   0.23027
   2870.5   0.23016
   2872.1   0.23008
   2873.7   0.23003
   2875.3   0.22995
   2876.9   0.22993
   2878.5   0.22989
   2880.1   0.22983
   2881.7   0.22971
   2883.3   0.22965
   2884.9   0.22964
   2886.5   0.22957
   2888.1   0.22956
   2889.7   0.22952
   2891.3   0.22947
   2892.9   0.22946
   2894.5   0.22943
   2896.2   0.22940
   2897.8   0.22938
   2899.4   0.22928
   2901.0   0.22930
   2902.7   0.22936
   2904.3   0.22930
   2905.9   0.22933
   2907.5   0.22929
   2909.2   0.22917
   2910.8   0.22915
   2912.4   0.22921
   2914.1   0.22923
   2915.7   0.22918
   2917.4   0.22916
   2919.0   0.22919
   2920.6   0.22923
   2922.3   0.22921
   2923.9   0.22920
   2925.6   0.22925
   2927.2   0.22926
   2928.9   0.22923
   2930.5   0.22929
   2932.2   0.22934
   2933.9   0.22930
   2935.5   0.22930
   2937.2   0.22932
   2938.9   0.22936
   2940.5   0.22938
   2942.2   0.22938
   2943.9   0.22947
   2945.5   0.22956
   2947.2   0.22965
   2948.9   0.22968
   2950.6   0.22971
   2952.2   0.22969
   2953.9   0.22974
   2955.6   0.22982
   2957.3   0.22989
   2959.0   0.22994
   2960.7   0.23000
   2962.4   0.23004
   2964.1   0.23014
   2965.8   0.23020
   2967.4   0.23021
   2969.1   0.23026
   2970.9   0.23037
   2972.6   0.23042
   2974.3   0.23048
   2976.0   0.23057
   2977.7   0.23066
   2979.4   0.23080
   2981.1   0.23089
   2982.8   0.23096
   2984.5   0.23105
   2986.3   0.23106
   2988.0   0.23117
   2989.7   0.23131
   2991.4   0.23135
   2993.1   0.23139
   2994.9   0.23152
   2996.6   0.23162
   2998.3   0.23176
   3000.1   0.23178
   3001.8   0.23190
   3003.6   0.23204
   3005.3   0.23216
   3007.0   0.23224
   3008.8   0.23228
   3010.5   0.23237
   3012.3   0.23250
   3014.0   0.23261
   3015.8   0.23267
   3017.5   0.23279
   3019.3   0.23295
   3021.1   0.23308
   3022.8   0.23310
   3024.6   0.23314
   3026.3   0.23322
   3028.1   0.23335
   3029.9   0.23351
   3031.7   0.23359
   3033.4   0.23368
   3035.2   0.23378
   3037.0   0.23388
   3038.8   0.23392
   3040.5   0.23402
   3042.3   0.23412
   3044.1   0.23420
   3045.9   0.23427
   3047.7   0.23438
   3049.5   0.23447
   3051.3   0.23449
   3053.1   0.23465
   3054.9   0.23481
   3056.7   0.23485
   3058.5   0.23493
   3060.3   0.23501
   3062.1   0.23515
   3063.9   0.23529
   3065.7   0.23534
   3067.5   0.23537
   3069.4   0.23550
   3071.2   0.23561
   3073.0   0.23569
   3074.8   0.23577
   3076.6   0.23586
   3078.5   0.23593
   3080.3   0.23599
   3082.1   0.23613
   3084.0   0.23620
   3085.8   0.23631
   3087.6   0.23647
   3089.5   0.23653
   3091.3   0.23661
   3093.2   0.23668
   3095.0   0.23686
   3096.9   0.23697
   3098.7   0.23707
   3100.6   0.23717
   3102.4   0.23729
   3104.3   0.23741
   3106.1   0.23755
   3108.0   0.23763
   3109.9   0.23774
   3111.7   0.23787
   3113.6   0.23800
   3115.5   0.23808
   3117.3   0.23817
   3119.2   0.23831
   3121.1   0.23845
   3123.0   0.23855
   3124.9   0.23868
   3126.7   0.23884
   3128.6   0.23901
   3130.5   0.23913
   3132.4   0.23922
   3134.3   0.23935
   3136.2   0.23947
   3138.1   0.23956
   3140.0   0.23971
   3141.9   0.23990
   3143.8   0.24008
   3145.7   0.24022
   3147.6   0.24032
   3149.5   0.24045
   3151.4   0.24060
   3153.4   0.24070
   3155.3   0.24089
   3157.2   0.24105
   3159.1   0.24127
   3161.1   0.24133
   3163.0   0.24146
   3164.9   0.24157
   3166.9   0.24176
   3168.8   0.24191
   3170.7   0.24204
   3172.7   0.24216
   3174.6   0.24232
   3176.6   0.24252
   3178.5   0.24267
   3180.5   0.24278
   3182.4   0.24295
   3184.4   0.24305
   3186.3   0.24318
   3188.3   0.24333
   3190.2   0.24349
   3192.2   0.24369
   3194.2   0.24384
   3196.1   0.24393
   3198.1   0.24411
   3200.1   0.24428
   3202.1   0.24443
   3204.0   0.24452
   3206.0   0.24457
   3208.0   0.24471
   3210.0   0.24488
   3212.0   0.24498
   3214.0   0.24519
   3216.0   0.24538
   3218.0   0.24551
   3220.0   0.24565
   3222.0   0.24583
   3224.0   0.24598
   3226.0   0.24611
   3228.0   0.24625
   3230.0   0.24640
   3232.0   0.24653
   3234.0   0.24666
   3236.0   0.24677
   3238.1   0.24688
   3240.1   0.24700
   3242.1   0.24715
   3244.1   0.24727
   3246.2   0.24740
   3248.2   0.24751
   3250.2   0.24766
   3252.3   0.24781
   3254.3   0.24798
   3256.4   0.24811
   3258.4   0.24827
   3260.5   0.24836
   3262.5   0.24849
   3264.6   0.24864
   3266.6   0.24878
   3268.7   0.24893
   3270.7   0.24910
   3272.8   0.24925
   3274.9   0.24938
   3277.0   0.24951
   3279.0   0.24966
   3281.1   0.24977
   3283.2   0.24992
   3285.3   0.25005
   3287.3   0.25018
   3289.4   0.25030
   3291.5   0.25047
   3293.6   0.25060
   3295.7   0.25072
   3297.8   0.25081
   3299.9   0.25102
   3302.0   0.25117
   3304.1   0.25128
   3306.2   0.25138
   3308.3   0.25154
   3310.4   0.25166
   3312.5   0.25178
   3314.7   0.25190
   3316.8   0.25201
   3318.9   0.25212
   3321.0   0.25223
   3323.2   0.25239
   3325.3   0.25259
   3327.4   0.25274
   3329.6   0.25285
   3331.7   0.25296
   3333.8   0.25310
   3336.0   0.25316
   3338.1   0.25327
   3340.3   0.25341
   3342.4   0.25350
   3344.6   0.25358
   3346.8   0.25375
   3348.9   0.25385
   3351.1   0.25396
   3353.3   0.25400
   3355.4   0.25402
   3357.6   0.25406
   3359.8   0.25420
   3362.0   0.25431
   3364.1   0.25440
   3366.3   0.25449
   3368.5   0.25463
   3370.7   0.25471
   3372.9   0.25484
   3375.1   0.25495
   3377.3   0.25509
   3379.5   0.25523
   3381.7   0.25537
   3383.9   0.25555
   3386.1   0.25572
   3388.3   0.25582
   3390.5   0.25596
   3392.8   0.25603
   3395.0   0.25613
   3397.2   0.25619
   3399.4   0.25630
   3401.7   0.25640
   3403.9   0.25652
   3406.1   0.25662
   3408.4   0.25678
   3410.6   0.25689
   3412.9   0.25704
   3415.1   0.25717
   3417.4   0.25738
   3419.6   0.25759
   3421.9   0.25782
   3424.1   0.25803
   3426.4   0.25830
   3428.7   0.25850
   3430.9   0.25871
   3433.2   0.25882
   3435.5   0.25901
   3437.8   0.25920
   3440.0   0.25938
   3442.3   0.25955
   3444.6   0.25975
   3446.9   0.25995
   3449.2   0.26009
   3451.5   0.26019
   3453.8   0.26035
   3456.1   0.26049
   3458.4   0.26064
   3460.7   0.26077
   3463.0   0.26092
   3465.3   0.26105
   3467.6   0.26117
   3470.0   0.26127
   3472.3   0.26140
   3474.6   0.26156
   3477.0   0.26170
   3479.3   0.26184
   3481.6   0.26197
   3484.0   0.26209
   3486.3   0.26223
   3488.7   0.26236
   3491.0   0.26248
   3493.4   0.26260
   3495.7   0.26274
   3498.1   0.26287
   3500.4   0.26303
   3502.8   0.26318
   3505.2   0.26346
   3507.5   0.26371
   3509.9   0.26391
   3512.3   0.26415
   3514.7   0.26435
   3517.1   0.26452
   3519.4   0.26472
   3521.8   0.26482
   3524.2   0.26496
   3526.6   0.26518
   3529.0   0.26544
   3531.4   0.26560
   3533.8   0.26581
   3536.2   0.26598
   3538.7   0.26616
   3541.1   0.26628
   3543.5   0.26645
   3545.9   0.26662
   3548.3   0.26679
   3550.8   0.26699
   3553.2   0.26712
   3555.6   0.26726
   3558.1   0.26747
   3560.5   0.26761
   3563.0   0.26774
   3565.4   0.26791
   3567.9   0.26809
   3570.3   0.26818
   3572.8   0.26831
   3575.3   0.26843
   3577.7   0.26861
   3580.2   0.26878
   3582.7   0.26894
   3585.2   0.26904
   3587.6   0.26915
   3590.1   0.26927
   3592.6   0.26942
   3595.1   0.26959
   3597.6   0.26978
   3600.1   0.26989
   3602.6   0.27001
   3605.1   0.27012
   3607.6   0.27022
   3610.1   0.27035
   3612.6   0.27050
   3615.2   0.27064
   3617.7   0.27074
   3620.2   0.27084
   3622.7   0.27099
   3625.3   0.27113
   3627.8   0.27129
   3630.3   0.27138
   3632.9   0.27148
   3635.4   0.27158
   3638.0   0.27170
   3640.5   0.27180
   3643.1   0.27193
   3645.7   0.27208
   3648.2   0.27221
   3650.8   0.27227
   3653.4   0.27240
   3655.9   0.27250
   3658.5   0.27264
   3661.1   0.27277
   3663.7   0.27290
   3666.3   0.27304
   3668.9   0.27314
   3671.5   0.27326
   3674.1   0.27341
   3676.7   0.27348
   3679.3   0.27360
   3681.9   0.27373
   3684.5   0.27382
   3687.2   0.27391
   3689.8   0.27402
   3692.4   0.27410
   3695.0   0.27420
   3697.7   0.27431
   3700.3   0.27441
   3703.0   0.27448
   3705.6   0.27458
   3708.3   0.27467
   3710.9   0.27475
   3713.6   0.27484
   3716.2   0.27490
   3718.9   0.27498
   3721.6   0.27507
   3724.2   0.27515
   3726.9   0.27522
   3729.6   0.27527
   3732.3   0.27535
   3735.0   0.27542
   3737.7   0.27549
   3740.4   0.27555
   3743.1   0.27564
   3745.8   0.27570
   3748.5   0.27575
   3751.2   0.27579
   3753.9   0.27588
   3756.6   0.27596
   3759.3   0.27601
   3762.1   0.27605
   3764.8   0.27613
   3767.5   0.27619
   3770.3   0.27627
   3773.0   0.27631
   3775.8   0.27633
   3778.5   0.27637
   3781.3   0.27644
   3784.0   0.27646
   3786.8   0.27650
   3789.6   0.27654
   3792.3   0.27657
   3795.1   0.27660
   3797.9   0.27665
   3800.7   0.27670
   3803.5   0.27674
   3806.3   0.27678
   3809.1   0.27681
   3811.9   0.27681
   3814.7   0.27685
   3817.5   0.27692
   3820.3   0.27697
   3823.1   0.27700
   3825.9   0.27705
   3828.8   0.27708
   3831.6   0.27713
   3834.4   0.27716
   3837.3   0.27720
   3840.1   0.27724
   3842.9   0.27732
   3845.8   0.27736
   3848.7   0.27740
   3851.5   0.27747
   3854.4   0.27756
   3857.2   0.27761
   3860.1   0.27766
   3863.0   0.27768
   3865.9   0.27776
   3868.8   0.27779
   3871.6   0.27782
   3874.5   0.27787
   3877.4   0.27793
   3880.3   0.27796
   3883.2   0.27802
   3886.2   0.27805
   3889.1   0.27811
   3892.0   0.27815
   3894.9   0.27819
   3897.8   0.27821
   3900.8   0.27823
   3903.7   0.27829
   3906.7   0.27833
   3909.6   0.27832
   3912.6   0.27834
   3915.5   0.27836
   3918.5   0.27840
   3921.4   0.27840
   3924.4   0.27840
   3927.4   0.27840
   3930.4   0.27840
   3933.3   0.27839
   3936.3   0.27838
   3939.3   0.27837
   3942.3   0.27835
   3945.3   0.27832
   3948.3   0.27831
   3951.3   0.27825
   3954.3   0.27821
   3957.4   0.27817
   3960.4   0.27817
   3963.4   0.27813
   3966.4   0.27807
   3969.5   0.27797
   3972.5   0.27792
   3975.6   0.27785
   3978.6   0.27781
   3981.7   0.27773
   3984.7   0.27761
   3987.8   0.27752
   3990.9   0.27745
   3993.9   0.27733
   3997.0   0.27721
   4000.1   0.27712
   4003.2   0.27701
   4006.3   0.27689
   4009.4   0.27682
   4012.5   0.27673
   4015.6   0.27662
   4018.7   0.27652
   4021.8   0.27644
   4024.9   0.27636
   4028.1   0.27636
   4031.2   0.27629
   4034.3   0.27628
   4037.5   0.27624
   4040.6   0.27624
   4043.8   0.27622
   4046.9   0.27623
   4050.1   0.27620
   4053.3   0.27622
   4056.4   0.27620
   4059.6   0.27621
   4062.8   0.27616
   4066.0   0.27612
   4069.2   0.27606
   4072.4   0.27603
   4075.6   0.27598
   4078.8   0.27594
   4082.0   0.27590
   4085.2   0.27584
   4088.4   0.27579
   4091.7   0.27577
   4094.9   0.27570
   4098.1   0.27563
   4101.4   0.27553
   4104.6   0.27548
   4107.9   0.27539
   4111.1   0.27532
   4114.4   0.27523
   4117.7   0.27515
   4120.9   0.27506
   4124.2   0.27500
   4127.5   0.27485
   4130.8   0.27477
   4134.1   0.27471
   4137.4   0.27469
   4140.7   0.27461
   4144.0   0.27452
   4147.3   0.27443
   4150.6   0.27439
   4154.0   0.27428
   4157.3   0.27418
   4160.6   0.27406
   4164.0   0.27397
   4167.3   0.27388
   4170.7   0.27380
   4174.0   0.27373
   4177.4   0.27364
   4382.2   0.26775
   4385.9   0.26764
   4389.6   0.26754
   4393.3   0.26741
   4397.1   0.26730
   4400.8   0.26719
   4404.5   0.26706
   4408.3   0.26692
   4412.0   0.26683
   4415.8   0.26672
   4419.6   0.26661
   4423.3   0.26649
   4427.1   0.26642
   4430.9   0.26630
   4434.7   0.26618
   4438.5   0.26608
   4442.3   0.26598
   4446.1   0.26584
   4449.9   0.26574
   4453.7   0.26559
   4457.6   0.26550
   4461.4   0.26539
   4465.2   0.26528
   4469.1   0.26514
   4472.9   0.26501
   4476.8   0.26484
   4480.7   0.26472
   4484.5   0.26459
   4488.4   0.26450
   4492.3   0.26435
   4496.2   0.26425
   4500.1   0.26410
   4504.0   0.26396
   4507.9   0.26382
   4511.9   0.26371
   4515.8   0.26357
   4519.7   0.26344
   4523.7   0.26324
   4527.6   0.26311
   4531.6   0.26298
   4535.6   0.26284
   4539.5   0.26269
   4543.5   0.26254
   4547.5   0.26235
   4551.5   0.26219
   4555.5   0.26202
   4559.5   0.26189
   4563.5   0.26172
   4567.5   0.26156
   4571.5   0.26135
   4575.6   0.26121
   4579.6   0.26105
   4583.7   0.26089
   4587.7   0.26073
   4591.8   0.26059
   4595.9   0.26042
   4599.9   0.26026
   4604.0   0.26006
   4608.1   0.25991
   4612.2   0.25974
   4616.3   0.25960
   4620.4   0.25942
   4624.6   0.25924
   4628.7   0.25907
   4632.8   0.25895
   4637.0   0.25878
   4641.1   0.25862
   4645.3   0.25843
   4649.4   0.25829
   4653.6   0.25811
   4657.8   0.25796
   4662.0   0.25778
   4666.2   0.25760
   4670.4   0.25742
   4674.6   0.25730
   4678.8   0.25714
   4683.0   0.25697
   4687.3   0.25676
   4691.5   0.25661
   4695.8   0.25644
   4700.0   0.25629
   4704.3   0.25607
   4708.6   0.25590
   4712.9   0.25569
   4717.1   0.25551
   4721.4   0.25530
   4725.7   0.25513
   4730.1   0.25492
   4734.4   0.25472
   4738.7   0.25447
   4743.0   0.25426
   4747.4   0.25402
   4751.7   0.25381
   4756.1   0.25356
   4760.5   0.25331
   4764.8   0.25304
   4769.2   0.25276
   4773.6   0.25246
   4778.0   0.25219
   4782.4   0.25189
   4786.8   0.25158
   4791.3   0.25122
   4795.7   0.25088
   4800.1   0.25051
   4804.6   0.25012
   4809.0   0.24972
   4813.5   0.24928
   4818.0   0.24881
   4822.5   0.24837
   4826.9   0.24789
   4831.4   0.24734
   4835.9   0.24671
   4840.5   0.24610
   4845.0   0.24542
   4849.5   0.24467
   4854.1   0.24377
   4858.6   0.24278
   4863.2   0.24164
   4867.7   0.24038
   4872.3   0.23894
   4876.9   0.23733
   4881.5   0.23550
   4886.1   0.23354
   4890.7   0.23144
   4895.3   0.22929
   4899.9   0.22708
   4904.6   0.22489
   4909.2   0.22272
   4913.9   0.22069
   4918.5   0.21875
   4923.2   0.21693
   4927.9   0.21518
   4932.6   0.21352
   4937.3   0.21190
   4942.0   0.21043
   4946.7   0.20913
   4951.4   0.20811
   4956.2   0.20738
   4960.9   0.20702
   4965.6   0.20691
   4970.4   0.20709
   4975.2   0.20745
   4980.0   0.20793
   4984.7   0.20847
   4989.5   0.20905
   4994.3   0.20962
   4999.2   0.21018
   5004.0   0.21069
   5008.8   0.21120
   5013.7   0.21161
   5018.5   0.21203
   5023.4   0.21246
   5028.3   0.21275
   5033.1   0.21296
   5038.0   0.21315
   5042.9   0.21329
   5047.8   0.21343
   5052.8   0.21348
   5057.7   0.21349
   5062.6   0.21343
   5067.6   0.21334
   5072.5   0.21318
   5077.5   0.21297
   5082.5   0.21271
   5087.5   0.21245
   5092.5   0.21202
   5097.5   0.21156
   5102.5   0.21109
   5107.5   0.21065
   5112.6   0.21001
   5117.6   0.20940
   5122.7   0.20880
   5127.7   0.20813
   5132.8   0.20743
   5137.9   0.20674
   5143.0   0.20600
   5148.1   0.20530
   5153.2   0.20451
   5158.3   0.20352
   5163.5   0.20262
   5168.6   0.20179
   5173.8   0.20097
   5179.0   0.20016
   5184.1   0.19929
   5189.3   0.19837
   5194.5   0.19741
   5199.7   0.19647
   5205.0   0.19555
   5210.2   0.19448
   5215.4   0.19365
   5220.7   0.19279
   5225.9   0.19189
   5231.2   0.19129
   5236.5   0.19090
   5241.8   0.19066
   5247.1   0.19043
   5252.4   0.19031
   5257.7   0.19023
   5263.1   0.19020
   5268.4   0.19021
   5273.8   0.19025
   5279.2   0.19026
   5284.5   0.19022
   5289.9   0.19016
   5295.3   0.19019
   5300.8   0.18993
   5306.2   0.18963
   5311.6   0.18942
   5317.1   0.18914
   5322.5   0.18884
   5328.0   0.18852
   5333.5   0.18817
   5339.0   0.18779
   5344.5   0.18733
   5350.0   0.18692
   5355.5   0.18638
   5361.0   0.18536
   5366.6   0.18431
   5372.2   0.18334
   5377.7   0.18242
   5383.3   0.18150
   5388.9   0.18058
   5394.5   0.17965
   5400.1   0.17871
   5405.8   0.17770
   5411.4   0.17666
   5417.1   0.17558
   5422.7   0.17471
   5428.4   0.17376
   5434.1   0.17237
   5439.8   0.17139
   5445.5   0.17058
   5451.2   0.16989
   5457.0   0.16928
   5462.7   0.16891
   5468.5   0.16884
   5474.3   0.16853
   5480.1   0.16839
   5485.9   0.16842
   5491.7   0.16826
   5497.5   0.16827
   5503.3   0.16828
   5509.2   0.16832
   5515.0   0.16822
   5520.9   0.16817
   5526.8   0.16799
   5532.7   0.16766
   5538.6   0.16717
   5544.5   0.16660
   5550.5   0.16593
   5556.4   0.16515
   5562.4   0.16386
   5568.4   0.16223
   5574.3   0.16038
   5580.3   0.15848
   5586.4   0.15600
   5592.4   0.15300
   5598.4   0.15030
   5604.5   0.14790
   5610.5   0.14560
   5616.6   0.14368
   5622.7   0.14223
   5628.8   0.14105
   5634.9   0.14039
   5641.1   0.14025
   5647.2   0.14070
   5653.4   0.14097
   5659.5   0.14176
   5665.7   0.14297
   5671.9   0.14446
   5678.1   0.14651
   5684.4   0.14871
   5690.6   0.15068
   5696.9   0.15295
   5703.1   0.15503
   5709.4   0.15713
   5715.7   0.15953
   5722.0   0.16160
   5728.3   0.16336
   5734.7   0.16502
   5741.0   0.16671
   5747.4   0.16813
   5753.8   0.16954
   5760.1   0.17020
   5766.6   0.17115
   5773.0   0.17198
   5779.4   0.17150
   5785.9   0.17119
   5792.3   0.17078
   5798.8   0.17028
   5805.3   0.16980
   5811.8   0.16920
   5818.3   0.16881
   5824.9   0.16882
   5831.4   0.16824
   5838.0   0.16734
   5844.6   0.16656
   5851.2   0.16595
   5857.8   0.16542
   5864.4   0.16495
   5871.0   0.16442
   5877.7   0.16368
   5884.4   0.16398
   5891.1   0.16321
   5897.8   0.16255
   5904.5   0.16229
   5911.2   0.16135
   5918.0   0.16106
   5924.7   0.16081
   5931.5   0.16041
   5938.3   0.16042
   5945.1   0.15999
   5951.9   0.15843
   5958.8   0.15742
   5965.6   0.15640
   5972.5   0.15582
   5979.4   0.15457
   5986.3   0.15344
   5993.2   0.15277
   6000.2   0.15183
   6007.1   0.15098
   6014.1   0.15102
   6021.1   0.15169
   6028.1   0.15258
   6035.1   0.15417
   6042.1   0.15652
   6049.2   0.15966
   6056.2   0.16398
   6063.3   0.16641
   6070.4   0.16886
   6077.5   0.17211
   6084.7   0.17464
   6091.8   0.17630
   6099.0   0.17815
   6106.2   0.17985
   6113.4   0.18160
   6120.6   0.18324
   6127.8   0.18365
   6135.1   0.18402
   6142.3   0.18475
   6149.6   0.18543
   6156.9   0.18577
   6164.3   0.18629
   6171.6   0.18638
   6178.9   0.18625
   6186.3   0.18670
   6193.7   0.18689
   6201.1   0.18622
   6208.5   0.18594
   6216.0   0.18576
   6223.5   0.18549
   6230.9   0.18501
   6238.4   0.18456
   6245.9   0.18406
   6253.5   0.18350
   6261.0   0.18287
   6268.6   0.18234
   6276.2   0.18179
   6283.8   0.18120
   6291.4   0.18062
   6299.1   0.18012
   6306.7   0.17959
   6314.4   0.17916
   6322.1   0.17870
   6329.8   0.17830
   6337.6   0.17784
   6345.3   0.17779
   6353.1   0.17728
   6360.9   0.17606
   6368.7   0.17549
   6376.5   0.17515
   6384.4   0.17404
   6392.3   0.17311
   6400.2   0.17229
   6408.1   0.17164
   6416.0   0.17198
   6424.0   0.17129
   6431.9   0.16942
   6439.9   0.16860
   6447.9   0.16759
   6456.0   0.16693
   6464.0   0.16612
   6472.1   0.16551
   6480.2   0.16517
   6488.3   0.16476
   6496.4   0.16459
   6504.6   0.16367
   6512.7   0.16217
   6520.9   0.16174
   6529.1   0.16145
   6537.4   0.16060
   6545.6   0.16008
   6553.9   0.15986
   6562.2   0.15962
   6570.5   0.15936
   6578.9   0.15950
   6587.2   0.15891
   6595.6   0.15860
   6604.0   0.15835
   6612.4   0.15789
   6620.9   0.15777
   6629.3   0.15764
   6637.8   0.15805
   6646.3   0.15810
   6654.9   0.15699
   6663.4   0.15638
   6672.0   0.15629
   6680.6   0.15623
   6689.2   0.15605
   6697.8   0.15542
   6706.5   0.15506
   6715.2   0.15503
   6723.9   0.15473
   6732.6   0.15415
   6741.4   0.15355
   6750.2   0.15306
   6759.0   0.15262
   6767.8   0.15202
   6776.6   0.15165
   6785.5   0.15118
   6794.4   0.15087
   6803.3   0.15011
   6812.3   0.14919
   6821.2   0.14868
   6830.2   0.14847
   6839.2   0.14799
   6848.3   0.14737
   6857.3   0.14718
   6866.4   0.14737
   6875.5   0.14681
   6884.6   0.14573
   6893.8   0.14513
   6903.0   0.14456
   6912.2   0.14406
   6921.4   0.14326
   6930.7   0.14239
   6939.9   0.14163
   6949.2   0.14081
   6958.6   0.14021
   6967.9   0.13974
   6977.3   0.13860
   6986.7   0.13763
   6996.1   0.13693
   7005.6   0.13610
   7015.1   0.13518
   7024.6   0.13448
   7034.1   0.13383
   7043.7   0.13331
   7053.2   0.13310
   7062.9   0.13247
   7072.5   0.13202
   7082.2   0.13184
   7091.8   0.13182
   7101.6   0.13184
   7111.3   0.13193
   7121.1   0.13208
   7130.9   0.13217
   7140.7   0.13211
   7150.5   0.13230
   7160.4   0.13232
   7170.3   0.13228
   7180.2   0.13222
   7190.2   0.13198
   7200.2   0.13187
   7210.2   0.13198
   7220.2   0.13206
   7230.3   0.13203
   7240.4   0.13215
   7250.5   0.13233
   7260.7   0.13258
   7270.9   0.13286
   7281.1   0.13324
   7291.3   0.13343
   7301.6   0.13345
   7311.9   0.13352
   7322.2   0.13342
   7332.6   0.13321
   7343.0   0.13304
   7353.4   0.13262
   7363.8   0.13202
   7374.3   0.13146
   7384.8   0.13091
   7395.3   0.13035
   7405.9   0.12977
   7416.5   0.12919
   7427.1   0.12859
   7437.8   0.12796
   7448.5   0.12725
   7459.2   0.12652
   7469.9   0.12582
   7480.7   0.12503
   7491.5   0.12417
   7502.4   0.12336
   7513.2   0.12260
   7524.1   0.12189
   7535.1   0.12118
   7546.0   0.12055
   7557.0   0.11997
   7568.1   0.11948
   7579.1   0.11912
   7590.2   0.11890
   7601.4   0.11868
   7612.5   0.11857
   7623.7   0.11848
   7635.0   0.11839
   7646.2   0.11828
   7657.5   0.11821
   7668.8   0.11805
   7680.2   0.11785
   7691.6   0.11757
   7703.0   0.11720
   7714.5   0.11676
   7726.0   0.11628
   7737.5   0.11571
   7749.1   0.11512
   7760.7   0.11446
   7772.3   0.11377
   7784.0   0.11303
   7795.7   0.11236
   7807.4   0.11168
   7819.2   0.11105
   7831.0   0.11045
   7842.9   0.10996
   7854.8   0.10950
   7866.7   0.10908
   7878.6   0.10863
   7890.6   0.10822
   7902.6   0.10776
   7914.7   0.10715
   7926.8   0.10636
   7939.0   0.10547
   7951.1   0.10442
   7963.3   0.10334
   7975.6   0.10221
   7987.9   0.10102
   8000.2   0.09971
   8012.6   0.09839
   8025.0   0.09695
   8037.4   0.09549
   8049.9   0.09396
   8062.4   0.09245
   8075.0   0.09089
   8087.6   0.08933
   8100.2   0.08776
   8112.9   0.08621
   8125.6   0.08458
   8138.4   0.08294
   8151.2   0.08121
   8164.0   0.07953
   8176.9   0.07781
   8189.8   0.07615
   8202.7   0.07449
   8215.7   0.07294
   8228.8   0.07141
   8241.9   0.07001
   8255.0   0.06863
   8268.2   0.06728
   8281.4   0.06593
   8294.6   0.06465
   8307.9   0.06330
   8321.2   0.06194
   8334.6   0.06053
   8348.0   0.05916
   8361.5   0.05774
   8375.0   0.05637
   8388.6   0.05495
   8402.2   0.05358
   8415.8   0.05217
   8429.5   0.05084
   8443.2   0.04946
   8457.0   0.04820
   8470.8   0.04690
   8484.7   0.04575
   8498.6   0.04458
   8512.5   0.04355
   8526.5   0.04245
   8540.6   0.04139
   8554.7   0.04029
   8568.8   0.03928
   8583.0   0.03821
   8597.2   0.03720
   8611.5   0.03614
   8625.8   0.03514
   8640.2   0.03410
   8654.6   0.03318
   8669.1   0.03221
   8683.6   0.03130
   8698.2   0.03035
   8712.8   0.02948
   8727.5   0.02857
   8742.2   0.02773
   8757.0   0.02684
   8771.8   0.02603
   8786.7   0.02518
   8801.6   0.02444
   8816.6   0.02363
   8831.6   0.02290
   8846.6   0.02219
   8861.8   0.02150
   8876.9   0.02076
   8892.2   0.02014
   8907.4   0.01952
   8922.8   0.01908
   8938.2   0.01873
   8953.6   0.01865
   8969.1   0.01861
   8984.6   0.01865
   9000.2   0.01863
   9015.9   0.01874
   9031.6   0.01880
   9047.4   0.01902
   9063.2   0.01925
   9079.0   0.01968
   9095.0   0.02013
   9111.0   0.02075
   9127.0   0.02137
   9143.1   0.02218
   9159.3   0.02304
   9175.5   0.02405
   9191.7   0.02513
   9208.1   0.02639
   9224.4   0.02764
   9240.9   0.02902
   9257.4   0.03037
   9273.9   0.03179
   9290.6   0.03309
   9307.2   0.03442
   9324.0   0.03555
   9340.8   0.03662
   9357.6   0.03745
   9374.6   0.03808
   9391.5   0.03835
   9408.6   0.03845
   9425.7   0.03823
   9442.9   0.03796
   9460.1   0.03753
   9477.4   0.03708
   9494.8   0.03653
   9512.2   0.03601
   9529.7   0.03539
   9547.2   0.03477
   9564.8   0.03401
   9582.5   0.03327
   9600.3   0.03251
   9618.1   0.03179
   9635.9   0.03096
   9653.9   0.03019
   9671.9   0.02935
   9690.0   0.02861
   9708.1   0.02785
   9726.3   0.02718
   9744.6   0.02648
   9763.0   0.02587
   9781.4   0.02523
   9799.9   0.02470
   9818.4   0.02419
   9837.1   0.02379
   9855.8   0.02334
   9874.5   0.02302
   9893.4   0.02273
   9912.3   0.02255
   9931.3   0.02235
   9950.4   0.02230
   9969.5   0.02220
   9988.7   0.02218
  10008.0   0.02218
  10027.3   0.02228
  10046.8   0.02237
  10066.3   0.02262
  10085.9   0.02294
  10105.5   0.02330
  10125.3   0.02358
  10145.1   0.02383
  10165.0   0.02386
  10184.9   0.02369
  10205.0   0.02319
  10225.1   0.02267
  10245.3   0.02228
  10265.6   0.02228
  10286.0   0.02258
  10306.4   0.02330
  10327.0   0.02423
  10347.6   0.02539
  10368.3   0.02648
  10389.0   0.02741
  10409.9   0.02778
  10430.9   0.02755
  10451.9   0.02697
  10473.0   0.02703
  10494.2   0.02795
  10515.5   0.02939
  10536.9   0.03068
  10558.3   0.03164
  10579.9   0.03210
  10601.5   0.03226
  10623.2   0.03208
  10645.0   0.03179
  10666.9   0.03131
  10688.9   0.03085
  10711.0   0.03032
  10733.2   0.02988
  10755.5   0.02945
  10777.8   0.02907
  10800.3   0.02865
  10822.8   0.02830
  10845.5   0.02791
  10868.2   0.02762
  10891.0   0.02726
  10914.0   0.02699
  10937.0   0.02674
  10960.1   0.02656
  10983.3   0.02636
  11006.7   0.02615
  11030.1   0.02589
  11053.6   0.02572
  11077.2   0.02556
  11100.9   0.02547
  11124.8   0.02532
  11148.7   0.02528
  11172.7   0.02524
  11196.8   0.02523
  11221.1   0.02521
  11245.4   0.02530
  11269.9   0.02537
  11294.4   0.02553
  11319.1   0.02565
  11343.8   0.02586
  11368.7   0.02607
  11393.7   0.02635
  11418.8   0.02652
  11444.0   0.02674
  11469.3   0.02671
  11494.8   0.02655
  11520.3   0.02620
  11546.0   0.02580
  11571.7   0.02532
  11597.6   0.02500
  11623.6   0.02474
  11649.7   0.02455
  11676.0   0.02434
  11702.3   0.02423
  11728.8   0.02399
  11755.4   0.02373
  11782.1   0.02322
  11809.0   0.02249
  11835.9   0.02138
  11863.0   0.02023
  11890.2   0.01938
  11917.6   0.01918
  11945.0   0.01968
  11972.6   0.02094
  12000.3   0.02249
  12028.2   0.02423
  12056.1   0.02598
  12084.2   0.02785
  12112.5   0.02972
  12140.8   0.03169
  12169.3   0.03362
  12198.0   0.03557
  12226.7   0.03744
  12255.6   0.03921
  12284.7   0.04073
  12313.9   0.04219
  12343.2   0.04354
  12372.6   0.04491
  12402.2   0.04621
  12432.0   0.04758
  12461.9   0.04887
  12491.9   0.05017
  12522.1   0.05134
  12552.4   0.05247
  12582.9   0.05348
  12613.5   0.05456
  12644.2   0.05545
  12675.1   0.05623
  12706.2   0.05686
  12737.4   0.05739
  12768.8   0.05784
  12800.3   0.05831
  12832.0   0.05866
  12863.9   0.05894
  12895.9   0.05914
  12928.0   0.05929
  12960.3   0.05933
  12992.8   0.05930
  13025.5   0.05906
  13058.3   0.05870
  13091.3   0.05811
  13124.4   0.05745
  13157.7   0.05667
  13191.2   0.05580
  13224.8   0.05480
  13258.7   0.05390
  13292.7   0.05316
  13326.8   0.05261
  13361.2   0.05211
  13395.7   0.05166
  13430.4   0.05112
  13465.3   0.05058
  13500.4   0.05000
  13535.6   0.04949
  13571.0   0.04895
  13606.7   0.04837
  13642.5   0.04770
  13678.5   0.04703
  13714.6   0.04628
  13751.0   0.04542
  13787.6   0.04446
  13824.4   0.04354
  13861.3   0.04261
  13898.5   0.04168
  13935.8   0.04071
  13973.4   0.03972
  14011.2   0.03866
  14049.1   0.03762
  14087.3   0.03659
  14125.7   0.03561
  14164.3   0.03455
  14203.1   0.03347
  14242.1   0.03233
  14281.4   0.03141
  14320.8   0.03047
  14360.5   0.02957
  14400.4   0.02865
  14440.5   0.02777
  14480.8   0.02680
  14521.4   0.02588
  14562.2   0.02495
  14603.2   0.02414
  14644.4   0.02332
  14685.9   0.02248
  14727.7   0.02162
  14769.6   0.02089
  14811.8   0.02006
  14854.3   0.01933
  14896.9   0.01858
  14939.9   0.01792
  14983.0   0.01715
  15026.5   0.01644
  15070.2   0.01603
  15114.1   0.01577
  15158.3   0.01544
  15202.7   0.01518
  15247.5   0.01485
  15292.4   0.01471
  15337.7   0.01454
  15383.2   0.01445
  15429.0   0.01439
  15475.0   0.01453
  15521.4   0.01459
  15568.0   0.01475
  15614.9   0.01485
  15662.0   0.01485
  15709.5   0.01474
  15757.2   0.01472
  15805.3   0.01468
  15853.6   0.01459
  15902.3   0.01437
  15951.2   0.01422
  16000.4   0.01399
  16050.0   0.01379
  16099.8   0.01348
  16150.0   0.01325
  16200.4   0.01311
  16251.2   0.01299
  16302.3   0.01263
  16353.7   0.01228
  16405.5   0.01202
  16457.6   0.01189
  16510.0   0.01164
  16562.7   0.01159
  16615.8   0.01156
  16669.2   0.01160
  16723.0   0.01166
  16777.1   0.01188
  16831.6   0.01204
  16886.4   0.01235
  16941.6   0.01261
  16997.2   0.01307
  17053.1   0.01329
  17109.4   0.01334
  17166.0   0.01327
  17223.0   0.01333
  17280.5   0.01321
  17338.2   0.01307
  17396.4   0.01305
  17455.0   0.01330
  17514.0   0.01337
  17573.3   0.01362
  17633.1   0.01405
  17693.3   0.01475
  17753.9   0.01543
  17814.9   0.01607
  17876.3   0.01655
  17938.2   0.01703
  18000.5   0.01737
  18063.2   0.01764
  18126.3   0.01766
  18189.9   0.01791
  18254.0   0.01815
  18318.5   0.01821
  18383.5   0.01808
  18448.9   0.01811
  18514.8   0.01810
  18581.1   0.01800
  18648.0   0.01797
  18715.3   0.01827
  18783.1   0.01856
  18851.4   0.01890
  18920.2   0.01916
  18989.5   0.01930
  19059.3   0.01925
  19129.7   0.01923
  19200.5   0.01889
  19271.9   0.01869
  19343.8   0.01842
  19416.2   0.01815
  19489.2   0.01772
  19562.8   0.01740
  19636.9   0.01697
  19711.5   0.01666
  19786.8   0.01652
  19862.6   0.01635
  19939.0   0.01629
  20016.0   0.01651
  20093.5   0.01620
  20171.7   0.01581
  20250.5   0.01519
  20329.9   0.01460
  20410.0   0.01414
  20490.7   0.01373
  20572.0   0.01292
  20653.9   0.01192
  20736.5   0.01102
  20819.8   0.01035
  20903.8   0.00978
  20988.4   0.00963
  21073.7   0.00975
  21159.7   0.00995
  21246.5   0.01029
  21333.9   0.01065
  21422.0   0.01080
  21510.9   0.01115
  21600.6   0.01095
  21690.9   0.01070
  21782.1   0.01041
  21874.0   0.01039
  21966.7   0.01023
  22060.1   0.01041
  22154.4   0.01055
  22249.5   0.01040
  22345.4   0.01172
  22442.1   0.01404
  22539.7   0.01509
  22638.1   0.01616
  22737.4   0.01726
  22837.6   0.01798
  22938.7   0.01782
  23040.6   0.01810
  23143.5   0.01877
  23247.2   0.01967
  23352.0   0.02037
  23457.6   0.02145
  23564.3   0.02187
  23671.8   0.02205
  23780.4   0.02192
  23890.0   0.02266
  24000.6   0.02313
  24112.3   0.02313
  24224.9   0.02281
  24338.7   0.02345
  24453.5   0.02353
  24569.4   0.02358
  24686.4   0.02214
  24804.5   0.02117
  24923.7   0.01978
  25044.1   0.01830
  25165.7   0.01718
  25288.5   0.01791
  25412.4   0.01815
  25537.6   0.01835
  25664.0   0.01708
  25791.7   0.01689
  25920.7   0.01494



 NNEPO32     .ASC                        

 PO-CMP-032-E                                                            
 N1,N2,N4(CN4PO32E2) DATA MERGED @ ? AND 2760.455   OLV <25              

 Source Ang: 30.00   Detect Ang: 30.00  Volt: 1.222
 Date: 30-JUL-92   Time: 09:51:08
