  4660
    650.1   0.51742
    650.3   0.51277
    650.5   0.50966
    650.6   0.50696
    650.8   0.50343
    650.9   0.49991
    651.1   0.49715
    651.3   0.49479
    651.4   0.49165
    651.6   0.48851
    651.8   0.48605
    651.9   0.48362
    652.1   0.48117
    652.3   0.47825
    652.4   0.47587
    652.6   0.47388
    652.7   0.47144
    652.9   0.46860
    653.1   0.46657
    653.2   0.46473
    653.4   0.46271
    653.6   0.46034
    653.7   0.45879
    653.9   0.45730
    654.1   0.45510
    654.2   0.45289
    654.4   0.45136
    654.6   0.45003
    654.7   0.44813
    654.9   0.44608
    655.1   0.44472
    655.2   0.44338
    655.4   0.44150
    655.6   0.43953
    655.7   0.43840
    655.9   0.43735
    656.1   0.43585
    656.2   0.43428
    656.4   0.43289
    656.6   0.43171
    656.7   0.43023
    656.9   0.42881
    657.1   0.42754
    657.2   0.42664
    657.4   0.42527
    657.6   0.42395
    657.7   0.42302
    657.9   0.42189
    658.1   0.42056
    658.2   0.41920
    658.4   0.41820
    658.6   0.41723
    658.7   0.41616
    658.9   0.41500
    659.1   0.41414
    659.2   0.41337
    659.4   0.41237
    659.6   0.41135
    659.7   0.41052
    659.9   0.40975
    660.1   0.40873
    660.2   0.40782
    660.4   0.40690
    660.6   0.40620
    660.7   0.40519
    660.9   0.40431
    661.1   0.40361
    661.2   0.40297
    661.4   0.40213
    661.6   0.40128
    661.7   0.40058
    661.9   0.40001
    662.1   0.39919
    662.3   0.39832
    662.4   0.39773
    662.6   0.39722
    662.8   0.39643
    662.9   0.39567
    663.1   0.39505
    663.3   0.39446
    663.4   0.39381
    663.6   0.39313
    663.8   0.39257
    664.0   0.39204
    664.1   0.39135
    664.3   0.39064
    664.5   0.39019
    664.6   0.38975
    664.8   0.38914
    665.0   0.38855
    665.1   0.38797
    665.3   0.38755
    665.5   0.38707
    665.7   0.38662
    665.8   0.38607
    666.0   0.38551
    666.2   0.38493
    666.3   0.38435
    666.5   0.38396
    666.7   0.38354
    666.9   0.38295
    667.0   0.38227
    667.2   0.38192
    667.4   0.38165
    667.5   0.38109
    667.7   0.38050
    667.9   0.38018
    668.1   0.37989
    668.2   0.37940
    668.4   0.37900
    668.6   0.37858
    668.7   0.37819
    668.9   0.37785
    669.1   0.37746
    669.3   0.37699
    669.4   0.37660
    669.6   0.37611
    669.8   0.37568
    670.0   0.37535
    670.1   0.37507
    670.3   0.37461
    670.5   0.37419
    670.7   0.37385
    670.8   0.37355
    671.0   0.37317
    671.2   0.37278
    671.3   0.37248
    671.5   0.37219
    671.7   0.37182
    671.9   0.37142
    672.0   0.37114
    672.2   0.37090
    672.4   0.37053
    672.6   0.37013
    672.7   0.36989
    672.9   0.36963
    673.1   0.36933
    673.3   0.36897
    673.4   0.36865
    673.6   0.36837
    673.8   0.36809
    674.0   0.36768
    674.1   0.36746
    674.3   0.36725
    674.5   0.36691
    674.7   0.36657
    674.8   0.36640
    675.0   0.36621
    675.2   0.36598
    675.4   0.36570
    675.5   0.36545
    675.7   0.36524
    675.9   0.36499
    676.1   0.36473
    676.3   0.36456
    676.4   0.36436
    676.6   0.36416
    676.8   0.36393
    677.0   0.36374
    677.1   0.36360
    677.3   0.36330
    677.5   0.36302
    677.7   0.36287
    677.8   0.36275
    678.0   0.36256
    678.2   0.36238
    678.4   0.36217
    678.6   0.36204
    678.7   0.36186
    678.9   0.36169
    679.1   0.36152
    679.3   0.36132
    679.4   0.36112
    679.6   0.36090
    679.8   0.36076
    680.0   0.36072
    680.2   0.36054
    680.3   0.36037
    680.5   0.36021
    680.7   0.36007
    680.9   0.35988
    681.0   0.35964
    681.2   0.35951
    681.4   0.35938
    681.6   0.35925
    681.8   0.35905
    681.9   0.35889
    682.1   0.35876
    682.3   0.35857
    682.5   0.35835
    682.7   0.35828
    682.8   0.35819
    683.0   0.35803
    683.2   0.35788
    683.4   0.35774
    683.6   0.35760
    683.7   0.35747
    683.9   0.35735
    684.1   0.35720
    684.3   0.35703
    684.5   0.35683
    684.6   0.35667
    684.8   0.35649
    685.0   0.35629
    685.2   0.35610
    685.4   0.35592
    685.6   0.35580
    685.7   0.35574
    685.9   0.35547
    686.1   0.35528
    686.3   0.35511
    686.5   0.35500
    686.6   0.35485
    686.8   0.35463
    687.0   0.35450
    687.2   0.35443
    687.4   0.35428
    687.6   0.35407
    687.7   0.35395
    687.9   0.35384
    688.1   0.35366
    688.3   0.35348
    688.5   0.35333
    688.6   0.35320
    688.8   0.35304
    689.0   0.35286
    689.2   0.35267
    689.4   0.35249
    689.6   0.35227
    689.7   0.35209
    689.9   0.35190
    690.1   0.35174
    690.3   0.35153
    690.5   0.35131
    690.7   0.35113
    690.8   0.35097
    691.0   0.35074
    691.2   0.35051
    691.4   0.35032
    691.6   0.35013
    691.8   0.34995
    692.0   0.34975
    692.1   0.34956
    692.3   0.34941
    692.5   0.34924
    692.7   0.34903
    692.9   0.34893
    693.1   0.34877
    693.3   0.34861
    693.4   0.34846
    693.6   0.34832
    693.8   0.34813
    694.0   0.34796
    694.2   0.34778
    694.4   0.34770
    694.6   0.34762
    694.7   0.34742
    694.9   0.34729
    695.1   0.34715
    695.3   0.34704
    695.5   0.34691
    695.7   0.34678
    695.9   0.34666
    696.0   0.34655
    696.2   0.34641
    696.4   0.34625
    696.6   0.34617
    696.8   0.34603
    697.0   0.34594
    697.2   0.34584
    697.4   0.34570
    697.5   0.34560
    697.7   0.34549
    697.9   0.34531
    698.1   0.34524
    698.3   0.34516
    698.5   0.34505
    698.7   0.34494
    698.9   0.34485
    699.0   0.34478
    699.2   0.34466
    699.4   0.34455
    699.6   0.34446
    699.8   0.34436
    700.0   0.34427
    700.2   0.34419
    700.4   0.34411
    700.6   0.34404
    700.7   0.34393
    700.9   0.34384
    701.1   0.34378
    701.3   0.34373
    701.5   0.34363
    701.7   0.34353
    701.9   0.34345
    702.1   0.34342
    702.3   0.34332
    702.5   0.34323
    702.6   0.34316
    702.8   0.34311
    703.0   0.34301
    703.2   0.34293
    703.4   0.34288
    703.6   0.34280
    703.8   0.34273
    704.0   0.34265
    704.2   0.34256
    704.4   0.34247
    704.6   0.34240
    704.7   0.34234
    704.9   0.34230
    705.1   0.34228
    705.3   0.34217
    705.5   0.34206
    705.7   0.34199
    705.9   0.34190
    706.1   0.34181
    706.3   0.34170
    706.5   0.34165
    706.7   0.34159
    706.9   0.34146
    707.1   0.34139
    707.2   0.34135
    707.4   0.34131
    707.6   0.34123
    707.8   0.34108
    708.0   0.34102
    708.2   0.34096
    708.4   0.34090
    708.6   0.34084
    708.8   0.34078
    709.0   0.34075
    709.2   0.34069
    709.4   0.34060
    709.6   0.34053
    709.8   0.34044
    710.0   0.34035
    710.2   0.34024
    710.4   0.34015
    710.5   0.34011
    710.7   0.34003
    710.9   0.33997
    711.1   0.33990
    711.3   0.33982
    711.5   0.33970
    711.7   0.33960
    711.9   0.33954
    712.1   0.33948
    712.3   0.33937
    712.5   0.33927
    712.7   0.33918
    712.9   0.33911
    713.1   0.33902
    713.3   0.33892
    713.5   0.33884
    713.7   0.33878
    713.9   0.33869
    714.1   0.33856
    714.3   0.33848
    714.5   0.33841
    714.7   0.33831
    714.9   0.33823
    715.1   0.33814
    715.3   0.33806
    715.4   0.33795
    715.6   0.33785
    715.8   0.33773
    716.0   0.33763
    716.2   0.33754
    716.4   0.33744
    716.6   0.33738
    716.8   0.33728
    717.0   0.33719
    717.2   0.33712
    717.4   0.33702
    717.6   0.33698
    717.8   0.33685
    718.0   0.33674
    718.2   0.33665
    718.4   0.33658
    718.6   0.33647
    718.8   0.33638
    719.0   0.33628
    719.2   0.33618
    719.4   0.33608
    719.6   0.33596
    719.8   0.33589
    720.0   0.33578
    720.2   0.33565
    720.4   0.33551
    720.6   0.33542
    720.8   0.33532
    721.0   0.33520
    721.2   0.33508
    721.4   0.33499
    721.6   0.33487
    721.8   0.33474
    722.0   0.33463
    722.2   0.33453
    722.4   0.33443
    722.6   0.33429
    722.8   0.33414
    723.0   0.33402
    723.2   0.33391
    723.4   0.33378
    723.6   0.33365
    723.8   0.33352
    724.0   0.33339
    724.2   0.33325
    724.4   0.33312
    724.6   0.33301
    724.9   0.33291
    725.1   0.33278
    725.3   0.33263
    725.5   0.33248
    725.7   0.33235
    725.9   0.33220
    726.1   0.33205
    726.3   0.33191
    726.5   0.33177
    726.7   0.33165
    726.9   0.33152
    727.1   0.33138
    727.3   0.33126
    727.5   0.33110
    727.7   0.33095
    727.9   0.33082
    728.1   0.33070
    728.3   0.33054
    728.5   0.33037
    728.7   0.33023
    728.9   0.33007
    729.1   0.32988
    729.3   0.32970
    729.5   0.32954
    729.7   0.32939
    730.0   0.32923
    730.2   0.32906
    730.4   0.32889
    730.6   0.32868
    730.8   0.32852
    731.0   0.32833
    731.2   0.32818
    731.4   0.32802
    731.6   0.32786
    731.8   0.32769
    732.0   0.32749
    732.2   0.32732
    732.4   0.32712
    732.6   0.32694
    732.8   0.32677
    733.1   0.32658
    733.3   0.32639
    733.5   0.32617
    733.7   0.32601
    733.9   0.32584
    734.1   0.32567
    734.3   0.32546
    734.5   0.32526
    734.7   0.32505
    734.9   0.32486
    735.1   0.32467
    735.3   0.32448
    735.5   0.32428
    735.8   0.32409
    736.0   0.32387
    736.2   0.32365
    736.4   0.32344
    736.6   0.32322
    736.8   0.32301
    737.0   0.32281
    737.2   0.32261
    737.4   0.32240
    737.6   0.32218
    737.9   0.32195
    738.1   0.32173
    738.3   0.32152
    738.5   0.32130
    738.7   0.32106
    738.9   0.32084
    739.1   0.32060
    739.3   0.32037
    739.5   0.32015
    739.7   0.31992
    740.0   0.31968
    740.2   0.31946
    740.4   0.31923
    740.6   0.31899
    740.8   0.31873
    741.0   0.31847
    741.2   0.31824
    741.4   0.31802
    741.7   0.31778
    741.9   0.31754
    742.1   0.31729
    742.3   0.31704
    742.5   0.31676
    742.7   0.31647
    742.9   0.31621
    743.1   0.31598
    743.4   0.31573
    743.6   0.31547
    743.8   0.31519
    744.0   0.31494
    744.2   0.31464
    744.4   0.31440
    744.6   0.31415
    744.8   0.31389
    745.1   0.31360
    745.3   0.31334
    745.5   0.31305
    745.7   0.31277
    745.9   0.31248
    746.1   0.31218
    746.3   0.31188
    746.6   0.31162
    746.8   0.31133
    747.0   0.31103
    747.2   0.31077
    747.4   0.31048
    747.6   0.31017
    747.9   0.30988
    748.1   0.30958
    748.3   0.30927
    748.5   0.30897
    748.7   0.30866
    748.9   0.30838
    749.2   0.30808
    749.4   0.30778
    749.6   0.30746
    749.8   0.30714
    750.0   0.30684
    750.2   0.30652
    750.5   0.30620
    750.7   0.30587
    750.9   0.30556
    751.1   0.30523
    751.3   0.30493
    751.5   0.30460
    751.8   0.30425
    752.0   0.30393
    752.2   0.30358
    752.4   0.30327
    752.6   0.30294
    752.9   0.30261
    753.1   0.30224
    753.3   0.30189
    753.5   0.30157
    753.7   0.30121
    753.9   0.30086
    754.2   0.30050
    754.4   0.30016
    754.6   0.29982
    754.8   0.29946
    755.0   0.29914
    755.3   0.29880
    755.5   0.29845
    755.7   0.29809
    755.9   0.29772
    756.1   0.29734
    756.4   0.29699
    756.6   0.29663
    756.8   0.29627
    757.0   0.29593
    757.3   0.29555
    757.5   0.29517
    757.7   0.29480
    757.9   0.29442
    758.1   0.29405
    758.4   0.29365
    758.6   0.29326
    758.8   0.29286
    759.0   0.29248
    759.2   0.29209
    759.5   0.29174
    759.7   0.29137
    759.9   0.29099
    760.1   0.29061
    760.4   0.29021
    760.6   0.28983
    760.8   0.28943
    761.0   0.28903
    761.3   0.28865
    761.5   0.28828
    761.7   0.28786
    761.9   0.28744
    762.1   0.28701
    762.4   0.28661
    762.6   0.28622
    762.8   0.28581
    763.0   0.28540
    763.3   0.28498
    763.5   0.28457
    763.7   0.28414
    763.9   0.28371
    764.2   0.28329
    764.4   0.28290
    764.6   0.28251
    764.8   0.28210
    765.1   0.28167
    765.3   0.28122
    765.5   0.28079
    765.8   0.28036
    766.0   0.27995
    766.2   0.27952
    766.4   0.27909
    766.7   0.27867
    766.9   0.27822
    767.1   0.27780
    767.3   0.27737
    767.6   0.27693
    767.8   0.27650
    768.0   0.27607
    768.2   0.27562
    768.5   0.27516
    768.7   0.27472
    768.9   0.27428
    769.2   0.27383
    769.4   0.27338
    769.6   0.27293
    769.8   0.27250
    770.1   0.27206
    770.3   0.27160
    770.5   0.27116
    770.8   0.27071
    771.0   0.27025
    771.2   0.26980
    771.4   0.26935
    771.7   0.26892
    771.9   0.26848
    772.1   0.26799
    772.4   0.26753
    772.6   0.26708
    772.8   0.26663
    773.1   0.26613
    773.3   0.26567
    773.5   0.26518
    773.8   0.26470
    774.0   0.26426
    774.2   0.26381
    774.4   0.26336
    774.7   0.26289
    774.9   0.26239
    775.1   0.26193
    775.4   0.26145
    775.6   0.26100
    775.8   0.26051
    776.1   0.26004
    776.3   0.25958
    776.5   0.25911
    776.8   0.25863
    777.0   0.25814
    777.2   0.25765
    777.5   0.25716
    777.7   0.25670
    777.9   0.25624
    778.2   0.25576
    778.4   0.25529
    778.6   0.25480
    778.9   0.25431
    779.1   0.25384
    779.3   0.25337
    779.6   0.25288
    779.8   0.25240
    780.0   0.25191
    780.3   0.25143
    780.5   0.25094
    780.7   0.25045
    781.0   0.24997
    781.2   0.24947
    781.4   0.24898
    781.7   0.24849
    781.9   0.24800
    782.2   0.24752
    782.4   0.24703
    782.6   0.24653
    782.9   0.24603
    783.1   0.24552
    783.3   0.24502
    783.6   0.24455
    783.8   0.24406
    784.0   0.24357
    784.3   0.24309
    784.5   0.24258
    784.8   0.24208
    785.0   0.24157
    785.2   0.24109
    785.5   0.24060
    785.7   0.24010
    786.0   0.23961
    786.2   0.23910
    786.4   0.23860
    786.7   0.23811
    786.9   0.23760
    787.1   0.23712
    787.4   0.23662
    787.6   0.23613
    787.9   0.23564
    788.1   0.23513
    788.3   0.23462
    788.6   0.23411
    788.8   0.23361
    789.1   0.23312
    789.3   0.23259
    789.5   0.23209
    789.8   0.23160
    790.0   0.23112
    790.3   0.23062
    790.5   0.23013
    790.7   0.22962
    791.0   0.22912
    791.2   0.22863
    791.5   0.22813
    791.7   0.22763
    792.0   0.22712
    792.2   0.22662
    792.4   0.22612
    792.7   0.22562
    792.9   0.22511
    793.2   0.22461
    793.4   0.22411
    793.7   0.22361
    793.9   0.22312
    794.1   0.22261
    794.4   0.22212
    794.6   0.22162
    794.9   0.22113
    795.1   0.22062
    795.4   0.22011
    795.6   0.21961
    795.8   0.21910
    796.1   0.21861
    796.3   0.21813
    796.6   0.21766
    796.8   0.21717
    797.1   0.21668
    797.3   0.21618
    797.6   0.21567
    797.8   0.21517
    798.1   0.21466
    798.3   0.21417
    798.5   0.21367
    798.8   0.21318
    799.0   0.21269
    799.3   0.21218
    799.5   0.21168
    799.8   0.21119
    800.0   0.21070
    800.3   0.21020
    800.5   0.20970
    800.8   0.20920
    801.0   0.20871
    801.3   0.20823
    801.5   0.20775
    801.8   0.20727
    802.0   0.20677
    802.2   0.20628
    802.5   0.20580
    802.7   0.20531
    803.0   0.20481
    803.2   0.20432
    803.5   0.20384
    803.7   0.20334
    804.0   0.20286
    804.2   0.20238
    804.5   0.20189
    804.7   0.20140
    805.0   0.20089
    805.2   0.20041
    805.5   0.19994
    805.7   0.19945
    806.0   0.19895
    806.2   0.19848
    806.5   0.19801
    806.7   0.19752
    807.0   0.19705
    807.2   0.19657
    807.5   0.19610
    807.7   0.19562
    808.0   0.19514
    808.3   0.19466
    808.5   0.19419
    808.8   0.19372
    809.0   0.19325
    809.3   0.19278
    809.5   0.19232
    809.8   0.19182
    810.0   0.19132
    810.3   0.19085
    810.5   0.19039
    810.8   0.18994
    811.0   0.18946
    811.3   0.18899
    811.5   0.18853
    811.8   0.18805
    812.1   0.18758
    812.3   0.18712
    812.6   0.18666
    812.8   0.18619
    813.1   0.18574
    813.3   0.18528
    813.6   0.18481
    813.8   0.18435
    814.1   0.18389
    814.3   0.18343
    814.6   0.18298
    814.9   0.18254
    815.1   0.18209
    815.4   0.18165
    815.6   0.18120
    815.9   0.18076
    816.1   0.18031
    816.4   0.17986
    816.7   0.17942
    816.9   0.17897
    817.2   0.17854
    817.4   0.17809
    817.7   0.17765
    817.9   0.17718
    818.2   0.17674
    818.5   0.17630
    818.7   0.17586
    819.0   0.17541
    819.2   0.17497
    819.5   0.17455
    819.8   0.17413
    820.0   0.17371
    820.3   0.17328
    820.5   0.17286
    820.8   0.17244
    821.1   0.17202
    821.3   0.17158
    821.6   0.17117
    821.8   0.17074
    822.1   0.17031
    822.4   0.16987
    822.6   0.16944
    822.9   0.16905
    823.1   0.16864
    823.4   0.16823
    823.7   0.16782
    823.9   0.16740
    824.2   0.16699
    824.4   0.16657
    824.7   0.16617
    825.0   0.16577
    825.2   0.16537
    825.5   0.16497
    825.8   0.16457
    826.0   0.16417
    826.3   0.16377
    826.6   0.16336
    826.8   0.16297
    827.1   0.16258
    827.3   0.16218
    827.6   0.16179
    827.9   0.16139
    828.1   0.16100
    828.4   0.16061
    828.7   0.16022
    828.9   0.15984
    829.2   0.15947
    829.5   0.15909
    829.7   0.15871
    830.0   0.15833
    830.3   0.15794
    830.5   0.15757
    830.8   0.15720
    831.1   0.15683
    831.3   0.15646
    831.6   0.15607
    831.9   0.15571
    832.1   0.15536
    832.4   0.15499
    832.7   0.15465
    832.9   0.15429
    833.2   0.15394
    833.5   0.15359
    833.7   0.15321
    834.0   0.15284
    834.3   0.15248
    834.5   0.15213
    834.8   0.15179
    835.1   0.15144
    835.3   0.15110
    835.6   0.15074
    835.9   0.15039
    836.2   0.15004
    836.4   0.14970
    836.7   0.14937
    837.0   0.14902
    837.2   0.14869
    837.5   0.14836
    837.8   0.14803
    838.0   0.14769
    838.3   0.14735
    838.6   0.14701
    838.9   0.14668
    839.1   0.14634
    839.4   0.14600
    839.7   0.14568
    839.9   0.14536
    840.2   0.14505
    840.5   0.14473
    840.8   0.14442
    841.0   0.14409
    841.3   0.14377
    841.6   0.14344
    841.9   0.14314
    842.1   0.14283
    842.4   0.14253
    842.7   0.14222
    842.9   0.14192
    843.2   0.14161
    843.5   0.14129
    843.8   0.14098
    844.0   0.14068
    844.3   0.14039
    844.6   0.14010
    844.9   0.13980
    845.1   0.13950
    845.4   0.13921
    845.7   0.13891
    846.0   0.13862
    846.3   0.13833
    846.5   0.13804
    846.8   0.13774
    847.1   0.13745
    847.4   0.13717
    847.6   0.13690
    847.9   0.13663
    848.2   0.13634
    848.5   0.13604
    848.7   0.13576
    849.0   0.13548
    849.3   0.13519
    849.6   0.13492
    849.9   0.13466
    850.1   0.13439
    850.4   0.13411
    850.7   0.13384
    851.0   0.13357
    851.3   0.13331
    851.5   0.13304
    851.8   0.13277
    852.1   0.13251
    852.4   0.13224
    852.7   0.13199
    852.9   0.13173
    853.2   0.13147
    853.5   0.13121
    853.8   0.13096
    854.1   0.13069
    854.3   0.13044
    854.6   0.13019
    854.9   0.12995
    855.2   0.12971
    855.5   0.12948
    855.8   0.12923
    856.0   0.12898
    856.3   0.12875
    856.6   0.12851
    856.9   0.12826
    857.2   0.12801
    857.4   0.12778
    857.7   0.12755
    858.0   0.12731
    858.3   0.12707
    858.6   0.12684
    858.9   0.12661
    859.2   0.12638
    859.4   0.12615
    859.7   0.12593
    860.0   0.12571
    860.3   0.12549
    860.6   0.12527
    860.9   0.12505
    861.2   0.12482
    861.4   0.12460
    861.7   0.12438
    862.0   0.12417
    862.3   0.12396
    862.6   0.12375
    862.9   0.12354
    863.2   0.12333
    863.4   0.12313
    863.7   0.12293
    864.0   0.12271
    864.3   0.12252
    864.6   0.12232
    864.9   0.12212
    865.2   0.12193
    865.5   0.12173
    865.8   0.12153
    866.0   0.12132
    866.3   0.12112
    866.6   0.12091
    866.9   0.12072
    867.2   0.12052
    867.5   0.12032
    867.8   0.12014
    868.1   0.11995
    868.4   0.11975
    868.7   0.11957
    868.9   0.11939
    869.2   0.11921
    869.5   0.11903
    869.8   0.11885
    870.1   0.11868
    870.4   0.11851
    870.7   0.11833
    871.0   0.11815
    871.3   0.11798
    871.6   0.11781
    871.9   0.11764
    872.2   0.11748
    872.5   0.11731
    872.8   0.11715
    873.0   0.11697
    873.3   0.11681
    873.6   0.11664
    873.9   0.11648
    874.2   0.11632
    874.5   0.11616
    874.8   0.11601
    875.1   0.11586
    875.4   0.11570
    875.7   0.11554
    876.0   0.11539
    876.3   0.11524
    876.6   0.11509
    876.9   0.11494
    877.2   0.11480
    877.5   0.11466
    877.8   0.11452
    878.1   0.11437
    878.4   0.11423
    878.7   0.11409
    879.0   0.11394
    879.3   0.11380
    879.6   0.11366
    879.9   0.11353
    880.2   0.11340
    880.5   0.11327
    880.8   0.11314
    881.1   0.11302
    881.4   0.11289
    881.7   0.11275
    882.0   0.11262
    882.3   0.11249
    882.6   0.11236
    882.9   0.11225
    883.2   0.11213
    883.5   0.11202
    883.8   0.11190
    884.1   0.11178
    884.4   0.11167
    884.7   0.11156
    885.0   0.11144
    885.3   0.11132
    885.6   0.11120
    885.9   0.11110
    886.2   0.11099
    886.5   0.11089
    886.8   0.11079
    887.1   0.11069
    887.4   0.11059
    887.7   0.11049
    888.0   0.11038
    888.3   0.11029
    888.6   0.11019
    888.9   0.11009
    889.2   0.10999
    889.5   0.10990
    889.8   0.10981
    890.1   0.10972
    890.4   0.10963
    890.7   0.10954
    891.1   0.10945
    891.4   0.10936
    891.7   0.10929
    892.0   0.10921
    892.3   0.10913
    892.6   0.10906
    892.9   0.10899
    893.2   0.10891
    893.5   0.10882
    893.8   0.10874
    894.1   0.10867
    894.4   0.10861
    894.7   0.10854
    895.1   0.10847
    895.4   0.10840
    895.7   0.10834
    896.0   0.10826
    896.3   0.10820
    896.6   0.10814
    896.9   0.10808
    897.2   0.10803
    897.5   0.10796
    897.8   0.10790
    898.2   0.10785
    898.5   0.10779
    898.8   0.10774
    899.1   0.10769
    899.4   0.10764
    899.7   0.10759
    900.0   0.10754
    900.3   0.10750
    900.6   0.10745
    901.0   0.10741
    901.3   0.10736
    901.6   0.10733
    901.9   0.10729
    902.2   0.10725
    902.5   0.10722
    902.8   0.10720
    903.2   0.10717
    903.5   0.10713
    903.8   0.10710
    904.1   0.10706
    904.4   0.10704
    904.7   0.10701
    905.1   0.10698
    905.4   0.10696
    905.7   0.10694
    906.0   0.10691
    906.3   0.10690
    906.6   0.10688
    907.0   0.10688
    907.3   0.10686
    907.6   0.10685
    907.9   0.10684
    908.2   0.10684
    908.5   0.10682
    908.9   0.10682
    909.2   0.10680
    909.5   0.10680
    909.8   0.10679
    910.1   0.10679
    910.5   0.10679
    910.8   0.10679
    911.1   0.10679
    911.4   0.10680
    911.7   0.10681
    912.1   0.10682
    912.4   0.10682
    912.7   0.10682
    913.0   0.10683
    913.3   0.10684
    913.7   0.10686
    914.0   0.10688
    914.3   0.10690
    914.6   0.10693
    915.0   0.10695
    915.3   0.10697
    915.6   0.10699
    915.9   0.10702
    916.2   0.10705
    916.6   0.10708
    916.9   0.10712
    917.2   0.10715
    917.5   0.10717
    917.9   0.10720
    918.2   0.10724
    918.5   0.10728
    918.8   0.10732
    919.2   0.10737
    919.5   0.10741
    919.8   0.10746
    920.2   0.10749
    920.5   0.10754
    920.8   0.10760
    921.1   0.10766
    921.5   0.10771
    921.8   0.10777
    922.1   0.10783
    922.4   0.10789
    922.8   0.10794
    923.1   0.10800
    923.4   0.10807
    923.8   0.10813
    924.1   0.10819
    924.4   0.10826
    924.7   0.10834
    925.1   0.10841
    925.4   0.10848
    925.7   0.10855
    926.1   0.10863
    926.4   0.10871
    926.7   0.10878
    927.1   0.10886
    927.4   0.10895
    927.7   0.10903
    928.1   0.10912
    928.4   0.10921
    928.7   0.10930
    929.1   0.10939
    929.4   0.10949
    929.7   0.10959
    930.1   0.10969
    930.4   0.10980
    930.7   0.10990
    931.1   0.11000
    931.4   0.11011
    931.7   0.11022
    932.1   0.11032
    932.4   0.11044
    932.7   0.11054
    933.1   0.11066
    933.4   0.11078
    933.7   0.11090
    934.1   0.11101
    934.4   0.11113
    934.8   0.11126
    935.1   0.11139
    935.4   0.11152
    935.8   0.11165
    936.1   0.11178
    936.4   0.11191
    936.8   0.11205
    937.1   0.11218
    937.5   0.11232
    937.8   0.11246
    938.1   0.11261
    938.5   0.11275
    938.8   0.11290
    939.2   0.11305
    939.5   0.11321
    939.8   0.11337
    940.2   0.11352
    940.5   0.11368
    940.9   0.11383
    941.2   0.11399
    941.5   0.11416
    941.9   0.11432
    942.2   0.11449
    942.6   0.11466
    942.9   0.11483
    943.3   0.11501
    943.6   0.11518
    943.9   0.11537
    944.3   0.11554
    944.6   0.11573
    945.0   0.11592
    945.3   0.11611
    945.7   0.11630
    946.0   0.11649
    946.4   0.11668
    946.7   0.11688
    947.0   0.11708
    947.4   0.11727
    947.7   0.11748
    948.1   0.11768
    948.4   0.11789
    948.8   0.11810
    949.1   0.11831
    949.5   0.11852
    949.8   0.11873
    950.2   0.11894
    950.5   0.11916
    950.9   0.11939
    951.2   0.11962
    951.6   0.11985
    951.9   0.12009
    952.3   0.12033
    952.6   0.12057
    953.0   0.12081
    953.3   0.12105
    953.7   0.12129
    954.0   0.12153
    954.4   0.12178
    954.7   0.12203
    955.1   0.12228
    955.4   0.12253
    955.8   0.12279
    956.1   0.12305
    956.5   0.12331
    956.8   0.12358
    957.2   0.12384
    957.5   0.12411
    957.9   0.12439
    958.3   0.12466
    958.6   0.12494
    959.0   0.12522
    959.3   0.12550
    959.7   0.12578
    960.0   0.12607
    960.4   0.12636
    960.7   0.12665
    961.1   0.12695
    961.4   0.12725
    961.8   0.12754
    962.2   0.12785
    962.5   0.12815
    962.9   0.12846
    963.2   0.12877
    963.6   0.12908
    964.0   0.12940
    964.3   0.12972
    964.7   0.13005
    965.0   0.13037
    965.4   0.13070
    965.7   0.13102
    966.1   0.13135
    966.5   0.13169
    966.8   0.13203
    967.2   0.13237
    967.6   0.13271
    967.9   0.13305
    968.3   0.13340
    968.6   0.13375
    969.0   0.13411
    969.4   0.13446
    969.7   0.13482
    970.1   0.13518
    970.4   0.13555
    970.8   0.13592
    971.2   0.13629
    971.5   0.13665
    971.9   0.13703
    972.3   0.13740
    972.6   0.13778
    973.0   0.13816
    973.4   0.13855
    973.7   0.13894
    974.1   0.13933
    974.5   0.13973
    974.8   0.14012
    975.2   0.14052
    975.6   0.14092
    975.9   0.14132
    976.3   0.14173
    976.7   0.14214
    977.0   0.14255
    977.4   0.14297
    977.8   0.14338
    978.1   0.14381
    978.5   0.14422
    978.9   0.14465
    979.2   0.14508
    979.6   0.14551
    980.0   0.14595
    980.4   0.14638
    980.7   0.14682
    981.1   0.14726
    981.5   0.14770
    981.8   0.14815
    982.2   0.14859
    982.6   0.14904
    983.0   0.14949
    983.3   0.14995
    983.7   0.15041
    984.1   0.15087
    984.5   0.15134
    984.8   0.15180
    985.2   0.15227
    985.6   0.15274
    986.0   0.15321
    986.3   0.15369
    986.7   0.15417
    987.1   0.15466
    987.5   0.15514
    987.8   0.15563
    988.2   0.15611
    988.6   0.15660
    989.0   0.15709
    989.3   0.15759
    989.7   0.15808
    990.1   0.15858
    990.5   0.15909
    990.9   0.15959
    991.2   0.16010
    991.6   0.16061
    992.0   0.16111
    992.4   0.16162
    992.7   0.16214
    993.1   0.16266
    993.5   0.16318
    993.9   0.16370
    994.3   0.16423
    994.7   0.16476
    995.0   0.16529
    995.4   0.16582
    995.8   0.16636
    996.2   0.16690
    996.6   0.16743
    996.9   0.16797
    997.3   0.16852
    997.7   0.16907
    998.1   0.16962
    998.5   0.17017
    998.9   0.17072
    999.3   0.17127
    999.6   0.17182
   1000.0   0.17238
   1000.4   0.17293
   1000.8   0.17349
   1001.2   0.17405
   1001.6   0.17462
   1002.0   0.17518
   1002.3   0.17576
   1002.7   0.17634
   1003.1   0.17692
   1003.5   0.17749
   1003.9   0.17807
   1004.3   0.17865
   1004.7   0.17923
   1005.1   0.17982
   1005.5   0.18040
   1005.8   0.18099
   1006.2   0.18158
   1006.6   0.18217
   1007.0   0.18276
   1007.4   0.18336
   1007.8   0.18396
   1008.2   0.18456
   1008.6   0.18517
   1009.0   0.18577
   1009.4   0.18638
   1009.8   0.18698
   1010.2   0.18759
   1010.6   0.18820
   1010.9   0.18881
   1011.3   0.18942
   1011.7   0.19004
   1012.1   0.19066
   1012.5   0.19128
   1012.9   0.19191
   1013.3   0.19253
   1013.7   0.19315
   1014.1   0.19379
   1014.5   0.19442
   1014.9   0.19505
   1015.3   0.19568
   1015.7   0.19630
   1016.1   0.19694
   1016.5   0.19758
   1016.9   0.19822
   1017.3   0.19886
   1017.7   0.19951
   1018.1   0.20015
   1018.5   0.20079
   1018.9   0.20144
   1019.3   0.20209
   1019.7   0.20274
   1020.1   0.20338
   1020.5   0.20404
   1020.9   0.20468
   1021.3   0.20534
   1021.7   0.20599
   1022.1   0.20665
   1022.5   0.20731
   1022.9   0.20797
   1023.3   0.20864
   1023.7   0.20931
   1024.1   0.20998
   1024.5   0.21066
   1024.9   0.21132
   1025.3   0.21199
   1025.7   0.21266
   1026.2   0.21333
   1026.6   0.21400
   1027.0   0.21468
   1027.4   0.21535
   1027.8   0.21603
   1028.2   0.21671
   1028.6   0.21739
   1029.0   0.21807
   1029.4   0.21875
   1029.8   0.21944
   1030.2   0.22013
   1030.6   0.22081
   1031.1   0.22150
   1031.5   0.22219
   1031.9   0.22287
   1032.3   0.22356
   1032.7   0.22425
   1033.1   0.22495
   1033.5   0.22564
   1033.9   0.22633
   1034.3   0.22702
   1034.8   0.22772
   1035.2   0.22842
   1035.6   0.22912
   1036.0   0.22982
   1036.4   0.23052
   1036.8   0.23121
   1037.2   0.23192
   1037.7   0.23262
   1038.1   0.23332
   1038.5   0.23402
   1038.9   0.23472
   1039.3   0.23543
   1039.7   0.23614
   1040.2   0.23686
   1040.6   0.23757
   1041.0   0.23827
   1041.4   0.23899
   1041.8   0.23970
   1042.2   0.24042
   1042.7   0.24113
   1043.1   0.24184
   1043.5   0.24254
   1043.9   0.24326
   1044.3   0.24397
   1044.8   0.24469
   1045.2   0.24540
   1045.6   0.24612
   1046.0   0.24684
   1046.5   0.24755
   1046.9   0.24827
   1047.3   0.24899
   1047.7   0.24972
   1048.1   0.25044
   1048.6   0.25116
   1049.0   0.25188
   1049.4   0.25260
   1049.8   0.25331
   1050.3   0.25403
   1050.7   0.25475
   1051.1   0.25547
   1051.5   0.25619
   1052.0   0.25691
   1052.4   0.25763
   1052.8   0.25835
   1053.3   0.25907
   1053.7   0.25979
   1054.1   0.26052
   1054.5   0.26125
   1055.0   0.26197
   1055.4   0.26268
   1055.8   0.26338
   1056.3   0.26410
   1056.7   0.26481
   1057.1   0.26554
   1057.6   0.26626
   1058.0   0.26697
   1058.4   0.26768
   1058.9   0.26839
   1059.3   0.26910
   1059.7   0.26982
   1060.2   0.27053
   1060.6   0.27130
   1061.0   0.27172
   1061.5   0.27241
   1061.9   0.27307
   1062.3   0.27366
   1062.8   0.27401
   1063.2   0.27443
   1063.6   0.27496
   1064.1   0.27560
   1064.5   0.27649
   1064.9   0.27717
   1065.4   0.27752
   1065.8   0.27800
   1066.3   0.27881
   1066.7   0.27964
   1067.1   0.28024
   1067.6   0.28064
   1068.0   0.28113
   1068.5   0.28158
   1068.9   0.28201
   1069.3   0.28281
   1069.8   0.28357
   1070.2   0.28418
   1070.7   0.28470
   1071.1   0.28544
   1071.5   0.28606
   1072.0   0.28651
   1072.4   0.28702
   1072.9   0.28773
   1073.3   0.28851
   1073.8   0.28901
   1074.2   0.28948
   1074.7   0.28997
   1075.1   0.29035
   1075.5   0.29098
   1076.0   0.29165
   1076.4   0.29214
   1076.9   0.29275
   1077.3   0.29308
   1077.8   0.29345
   1078.2   0.29413
   1078.7   0.29474
   1079.1   0.29532
   1079.6   0.29586
   1080.0   0.29653
   1080.5   0.29719
   1080.9   0.29754
   1081.4   0.29801
   1081.8   0.29865
   1082.3   0.29918
   1082.7   0.29962
   1083.2   0.30013
   1083.6   0.30052
   1084.1   0.30111
   1084.5   0.30161
   1085.0   0.30221
   1085.5   0.30268
   1085.9   0.30305
   1086.4   0.30344
   1086.8   0.30390
   1087.3   0.30441
   1087.7   0.30484
   1088.2   0.30522
   1088.6   0.30571
   1089.1   0.30632
   1089.6   0.30698
   1090.0   0.30737
   1090.5   0.30760
   1090.9   0.30809
   1091.4   0.30876
   1091.9   0.30926
   1092.3   0.30967
   1092.8   0.30998
   1093.2   0.31034
   1093.7   0.31071
   1094.2   0.31124
   1094.6   0.31174
   1095.1   0.31226
   1095.5   0.31278
   1096.0   0.31325
   1096.5   0.31369
   1096.9   0.31411
   1097.4   0.31457
   1097.9   0.31498
   1098.3   0.31533
   1098.8   0.31571
   1099.3   0.31615
   1099.7   0.31659
   1100.2   0.31706
   1100.7   0.31749
   1101.1   0.31767
   1101.6   0.31791
   1102.1   0.31849
   1102.5   0.31888
   1103.0   0.31918
   1103.5   0.31947
   1103.9   0.31993
   1104.4   0.32031
   1104.9   0.32076
   1105.4   0.32124
   1105.8   0.32148
   1106.3   0.32186
   1106.8   0.32210
   1107.2   0.32262
   1107.7   0.32277
   1108.2   0.32296
   1108.7   0.32343
   1109.1   0.32399
   1109.6   0.32438
   1110.1   0.32479
   1110.6   0.32529
   1111.0   0.32555
   1111.5   0.32568
   1112.0   0.32606
   1112.5   0.32606
   1113.0   0.32598
   1113.4   0.32650
   1113.9   0.32741
   1114.4   0.32776
   1114.9   0.32783
   1115.3   0.32830
   1115.8   0.32882
   1116.3   0.32917
   1116.8   0.32935
   1117.3   0.32962
   1117.8   0.33002
   1118.2   0.33042
   1118.7   0.33082
   1119.2   0.33084
   1119.7   0.33098
   1120.2   0.33132
   1120.7   0.33157
   1121.1   0.33172
   1121.6   0.33217
   1122.1   0.33266
   1122.6   0.33285
   1123.1   0.33302
   1123.6   0.33342
   1124.1   0.33385
   1124.5   0.33409
   1125.0   0.33431
   1125.5   0.33447
   1126.0   0.33459
   1126.5   0.33478
   1127.0   0.33511
   1127.5   0.33562
   1128.0   0.33580
   1128.5   0.33605
   1128.9   0.33626
   1129.4   0.33654
   1129.9   0.33690
   1130.4   0.33711
   1130.9   0.33740
   1131.4   0.33765
   1131.9   0.33783
   1132.4   0.33797
   1132.9   0.33830
   1133.4   0.33840
   1133.9   0.33855
   1134.4   0.33889
   1134.9   0.33940
   1135.4   0.33964
   1135.9   0.33966
   1136.4   0.33977
   1136.9   0.34012
   1137.4   0.34054
   1137.9   0.34057
   1138.4   0.34058
   1138.9   0.34082
   1139.4   0.34104
   1139.9   0.34134
   1140.4   0.34167
   1140.9   0.34197
   1141.4   0.34218
   1141.9   0.34233
   1142.4   0.34241
   1142.9   0.34243
   1143.4   0.34274
   1143.9   0.34307
   1144.4   0.34333
   1144.9   0.34348
   1145.4   0.34387
   1145.9   0.34416
   1146.4   0.34422
   1146.9   0.34419
   1147.4   0.34415
   1147.9   0.34435
   1148.5   0.34448
   1149.0   0.34467
   1149.5   0.34474
   1150.0   0.34487
   1150.5   0.34521
   1151.0   0.34536
   1151.5   0.34544
   1152.0   0.34563
   1152.5   0.34603
   1153.1   0.34629
   1153.6   0.34629
   1154.1   0.34641
   1154.6   0.34665
   1155.1   0.34688
   1155.6   0.34687
   1156.1   0.34708
   1156.7   0.34734
   1157.2   0.34750
   1157.7   0.34767
   1158.2   0.34787
   1158.7   0.34798
   1159.2   0.34811
   1159.8   0.34842
   1160.3   0.34840
   1160.8   0.34842
   1161.3   0.34866
   1161.8   0.34881
   1162.4   0.34888
   1162.9   0.34896
   1163.4   0.34914
   1163.9   0.34929
   1164.5   0.34939
   1165.0   0.34956
   1165.5   0.34979
   1166.0   0.35003
   1166.5   0.35012
   1167.1   0.35026
   1167.6   0.35039
   1168.1   0.35040
   1168.7   0.35041
   1169.2   0.35060
   1169.7   0.35076
   1170.2   0.35088
   1170.8   0.35098
   1171.3   0.35108
   1171.8   0.35126
   1172.4   0.35140
   1172.9   0.35140
   1173.4   0.35160
   1173.9   0.35170
   1174.5   0.35169
   1175.0   0.35178
   1175.5   0.35194
   1176.1   0.35207
   1176.6   0.35230
   1177.1   0.35268
   1177.7   0.35269
   1178.2   0.35248
   1178.7   0.35261
   1179.3   0.35270
   1179.8   0.35277
   1180.4   0.35281
   1180.9   0.35281
   1181.4   0.35301
   1182.0   0.35319
   1182.5   0.35326
   1183.1   0.35343
   1183.6   0.35378
   1184.1   0.35384
   1184.7   0.35376
   1185.2   0.35376
   1185.8   0.35387
   1186.3   0.35400
   1186.8   0.35399
   1187.4   0.35403
   1187.9   0.35415
   1188.5   0.35430
   1189.0   0.35447
   1189.6   0.35458
   1190.1   0.35473
   1190.7   0.35476
   1191.2   0.35461
   1191.8   0.35472
   1192.3   0.35466
   1192.9   0.35463
   1193.4   0.35471
   1194.0   0.35484
   1194.5   0.35508
   1195.1   0.35524
   1195.6   0.35537
   1196.2   0.35536
   1196.7   0.35538
   1197.3   0.35554
   1197.8   0.35581
   1198.4   0.35598
   1198.9   0.35597
   1199.5   0.35587
   1200.0   0.35599
   1200.6   0.35606
   1201.1   0.35609
   1201.7   0.35613
   1202.3   0.35608
   1202.8   0.35604
   1203.4   0.35603
   1203.9   0.35623
   1204.5   0.35634
   1205.1   0.35649
   1205.6   0.35647
   1206.2   0.35638
   1206.7   0.35653
   1207.3   0.35677
   1207.9   0.35684
   1208.4   0.35682
   1209.0   0.35688
   1209.6   0.35698
   1210.1   0.35690
   1210.7   0.35675
   1211.2   0.35676
   1211.8   0.35697
   1212.4   0.35715
   1212.9   0.35724
   1213.5   0.35728
   1214.1   0.35735
   1214.7   0.35731
   1215.2   0.35736
   1215.8   0.35749
   1216.4   0.35752
   1216.9   0.35758
   1217.5   0.35762
   1218.1   0.35764
   1218.6   0.35763
   1219.2   0.35772
   1219.8   0.35773
   1220.4   0.35768
   1220.9   0.35773
   1221.5   0.35775
   1222.1   0.35792
   1222.7   0.35793
   1223.3   0.35784
   1223.8   0.35779
   1224.4   0.35778
   1225.0   0.35796
   1225.6   0.35802
   1226.1   0.35804
   1226.7   0.35817
   1227.3   0.35818
   1227.9   0.35836
   1228.5   0.35845
   1229.1   0.35837
   1229.6   0.35841
   1230.2   0.35835
   1230.8   0.35819
   1231.4   0.35811
   1232.0   0.35829
   1232.6   0.35845
   1233.1   0.35851
   1233.7   0.35847
   1234.3   0.35845
   1234.9   0.35844
   1235.5   0.35854
   1236.1   0.35864
   1236.7   0.35851
   1237.3   0.35844
   1237.9   0.35854
   1238.4   0.35853
   1239.0   0.35845
   1239.6   0.35848
   1240.2   0.35848
   1240.8   0.35869
   1241.4   0.35889
   1242.0   0.35884
   1242.6   0.35878
   1243.2   0.35882
   1243.8   0.35871
   1244.4   0.35863
   1245.0   0.35874
   1245.6   0.35882
   1246.2   0.35885
   1246.8   0.35872
   1247.4   0.35865
   1248.0   0.35863
   1248.6   0.35885
   1249.2   0.35902
   1249.8   0.35897
   1250.4   0.35892
   1251.0   0.35885
   1251.6   0.35866
   1252.2   0.35876
   1252.8   0.35881
   1253.4   0.35884
   1254.0   0.35882
   1254.6   0.35886
   1255.2   0.35891
   1255.8   0.35880
   1256.5   0.35866
   1257.1   0.35873
   1257.7   0.35891
   1258.3   0.35897
   1258.9   0.35881
   1259.5   0.35867
   1260.1   0.35860
   1260.7   0.35874
   1261.3   0.35881
   1262.0   0.35882
   1262.6   0.35884
   1263.2   0.35872
   1263.8   0.35859
   1264.4   0.35858
   1265.0   0.35852
   1265.7   0.35846
   1266.3   0.35852
   1266.9   0.35859
   1267.5   0.35856
   1268.1   0.35852
   1268.8   0.35866
   1269.4   0.35863
   1270.0   0.35852
   1270.6   0.35845
   1271.2   0.35824
   1271.9   0.35824
   1272.5   0.35828
   1273.1   0.35825
   1273.7   0.35831
   1274.4   0.35816
   1275.0   0.35789
   1275.6   0.35797
   1276.3   0.35807
   1276.9   0.35807
   1277.5   0.35815
   1278.1   0.35827
   1278.8   0.35810
   1279.4   0.35797
   1280.0   0.35804
   1280.7   0.35805
   1281.3   0.35789
   1281.9   0.35784
   1282.6   0.35773
   1283.2   0.35767
   1283.8   0.35763
   1284.5   0.35748
   1285.1   0.35730
   1285.7   0.35733
   1286.4   0.35734
   1287.0   0.35728
   1287.7   0.35715
   1288.3   0.35711
   1288.9   0.35703
   1289.6   0.35704
   1290.2   0.35703
   1290.9   0.35690
   1291.5   0.35684
   1292.2   0.35674
   1292.8   0.35671
   1293.4   0.35663
   1294.1   0.35645
   1294.7   0.35653
   1295.4   0.35640
   1296.0   0.35626
   1296.7   0.35631
   1297.3   0.35626
   1298.0   0.35605
   1298.6   0.35606
   1299.3   0.35622
   1299.9   0.35613
   1300.6   0.35595
   1301.2   0.35581
   1301.9   0.35581
   1302.5   0.35570
   1303.2   0.35543
   1303.9   0.35526
   1304.5   0.35514
   1305.2   0.35522
   1305.8   0.35516
   1306.5   0.35506
   1307.1   0.35489
   1307.8   0.35474
   1308.5   0.35463
   1309.1   0.35453
   1309.8   0.35444
   1310.4   0.35435
   1311.1   0.35428
   1311.8   0.35434
   1312.4   0.35425
   1313.1   0.35407
   1313.8   0.35393
   1314.4   0.35382
   1315.1   0.35352
   1315.8   0.35344
   1316.4   0.35352
   1317.1   0.35351
   1317.8   0.35324
   1318.4   0.35308
   1319.1   0.35298
   1319.8   0.35283
   1320.5   0.35277
   1321.1   0.35261
   1321.8   0.35242
   1322.5   0.35235
   1323.2   0.35231
   1323.8   0.35216
   1324.5   0.35198
   1325.2   0.35186
   1325.9   0.35180
   1326.5   0.35160
   1327.2   0.35152
   1327.9   0.35140
   1328.6   0.35113
   1329.3   0.35099
   1329.9   0.35095
   1330.6   0.35073
   1331.3   0.35060
   1332.0   0.35045
   1332.7   0.35017
   1333.4   0.35003
   1334.1   0.34993
   1334.7   0.34981
   1335.4   0.34961
   1336.1   0.34962
   1336.8   0.34949
   1337.5   0.34911
   1338.2   0.34887
   1338.9   0.34881
   1339.6   0.34860
   1340.3   0.34831
   1341.0   0.34816
   1341.6   0.34809
   1342.3   0.34789
   1343.0   0.34769
   1343.7   0.34756
   1344.4   0.34742
   1345.1   0.34722
   1345.8   0.34699
   1346.5   0.34683
   1347.2   0.34673
   1347.9   0.34651
   1348.6   0.34615
   1349.3   0.34588
   1350.0   0.34576
   1350.7   0.34560
   1351.4   0.34551
   1352.1   0.34526
   1352.9   0.34502
   1353.6   0.34484
   1354.3   0.34459
   1355.0   0.34440
   1355.7   0.34411
   1356.4   0.34393
   1357.1   0.34379
   1357.8   0.34361
   1358.5   0.34332
   1359.2   0.34300
   1360.0   0.34270
   1360.7   0.34257
   1361.4   0.34228
   1362.1   0.34206
   1362.8   0.34188
   1363.5   0.34178
   1364.2   0.34168
   1365.0   0.34124
   1365.7   0.34075
   1366.4   0.34073
   1367.1   0.34065
   1367.8   0.34028
   1368.6   0.34000
   1369.3   0.33969
   1370.0   0.33951
   1370.7   0.33931
   1371.5   0.33889
   1372.2   0.33854
   1372.9   0.33842
   1373.6   0.33825
   1374.4   0.33796
   1375.1   0.33766
   1375.8   0.33724
   1376.6   0.33692
   1377.3   0.33675
   1378.0   0.33661
   1378.8   0.33628
   1379.5   0.33588
   1380.2   0.33547
   1381.0   0.33531
   1381.7   0.33518
   1382.4   0.33497
   1383.2   0.33472
   1383.9   0.33432
   1384.7   0.33402
   1385.4   0.33376
   1386.1   0.33344
   1386.9   0.33313
   1387.6   0.33293
   1388.4   0.33251
   1389.1   0.33197
   1389.8   0.33162
   1390.6   0.33130
   1391.3   0.33027
   1392.1   0.32804
   1392.8   0.32620
   1393.6   0.32675
   1394.3   0.32794
   1395.1   0.32848
   1395.8   0.32862
   1396.6   0.32850
   1397.3   0.32828
   1398.1   0.32780
   1398.8   0.32727
   1399.6   0.32718
   1400.4   0.32723
   1401.1   0.32699
   1401.9   0.32672
   1402.6   0.32662
   1403.4   0.32642
   1404.2   0.32612
   1404.9   0.32580
   1405.7   0.32554
   1406.4   0.32525
   1407.2   0.32484
   1408.0   0.32448
   1408.7   0.32428
   1409.5   0.32402
   1410.3   0.32363
   1411.0   0.32340
   1411.8   0.32315
   1412.6   0.32289
   1413.3   0.32246
   1414.1   0.32194
   1414.9   0.32157
   1415.7   0.32137
   1416.4   0.32108
   1417.2   0.32081
   1418.0   0.32048
   1418.8   0.31998
   1419.5   0.31963
   1420.3   0.31928
   1421.1   0.31890
   1421.9   0.31862
   1422.6   0.31840
   1423.4   0.31810
   1424.2   0.31769
   1425.0   0.31715
   1425.8   0.31685
   1426.6   0.31648
   1427.3   0.31605
   1428.1   0.31574
   1428.9   0.31546
   1429.7   0.31506
   1430.5   0.31460
   1431.3   0.31420
   1432.1   0.31395
   1432.9   0.31364
   1433.7   0.31325
   1434.5   0.31293
   1435.3   0.31254
   1436.0   0.31210
   1436.8   0.31160
   1437.6   0.31128
   1438.4   0.31091
   1439.2   0.31038
   1440.0   0.31002
   1440.8   0.30967
   1441.6   0.30927
   1442.4   0.30891
   1443.2   0.30851
   1444.0   0.30814
   1444.9   0.30770
   1445.7   0.30713
   1446.5   0.30672
   1447.3   0.30631
   1448.1   0.30589
   1448.9   0.30556
   1449.7   0.30516
   1450.5   0.30480
   1451.3   0.30439
   1452.1   0.30401
   1453.0   0.30358
   1453.8   0.30320
   1454.6   0.30275
   1455.4   0.30231
   1456.2   0.30186
   1457.0   0.30138
   1457.9   0.30097
   1458.7   0.30048
   1459.5   0.29999
   1460.3   0.29980
   1461.1   0.29935
   1462.0   0.29898
   1462.8   0.29866
   1463.6   0.29814
   1464.4   0.29763
   1465.3   0.29725
   1466.1   0.29689
   1466.9   0.29636
   1467.8   0.29585
   1468.6   0.29544
   1469.4   0.29500
   1470.3   0.29454
   1471.1   0.29396
   1471.9   0.29344
   1472.8   0.29304
   1473.6   0.29266
   1474.4   0.29232
   1475.3   0.29186
   1476.1   0.29137
   1477.0   0.29090
   1477.8   0.29043
   1478.6   0.28998
   1479.5   0.28955
   1480.3   0.28908
   1481.2   0.28861
   1482.0   0.28813
   1482.9   0.28775
   1483.7   0.28735
   1484.6   0.28694
   1485.4   0.28643
   1486.3   0.28593
   1487.1   0.28551
   1488.0   0.28498
   1488.8   0.28453
   1489.7   0.28408
   1490.6   0.28356
   1491.4   0.28308
   1492.3   0.28250
   1493.1   0.28198
   1494.0   0.28159
   1494.8   0.28117
   1495.7   0.28066
   1496.6   0.28027
   1497.4   0.27979
   1498.3   0.27939
   1499.2   0.27893
   1500.0   0.27832
   1500.9   0.27775
   1501.8   0.27737
   1502.6   0.27702
   1503.5   0.27651
   1504.4   0.27589
   1505.3   0.27538
   1506.1   0.27502
   1507.0   0.27451
   1507.9   0.27412
   1508.8   0.27374
   1509.6   0.27308
   1510.5   0.27246
   1511.4   0.27195
   1512.3   0.27148
   1513.2   0.27107
   1514.1   0.27068
   1514.9   0.27019
   1515.8   0.26969
   1516.7   0.26919
   1517.6   0.26865
   1518.5   0.26814
   1519.4   0.26772
   1520.3   0.26723
   1521.2   0.26684
   1522.1   0.26634
   1523.0   0.26578
   1523.8   0.26524
   1524.7   0.26477
   1525.6   0.26430
   1526.5   0.26377
   1527.4   0.26324
   1528.3   0.26270
   1529.2   0.26211
   1530.1   0.26161
   1531.0   0.26104
   1532.0   0.26057
   1532.9   0.26024
   1533.8   0.25989
   1534.7   0.25936
   1535.6   0.25884
   1536.5   0.25849
   1537.4   0.25793
   1538.3   0.25724
   1539.2   0.25675
   1540.1   0.25629
   1541.1   0.25581
   1542.0   0.25532
   1542.9   0.25484
   1543.8   0.25431
   1544.7   0.25377
   1545.7   0.25333
   1546.6   0.25288
   1547.5   0.25239
   1548.4   0.25189
   1549.4   0.25141
   1550.3   0.25088
   1551.2   0.25032
   1552.1   0.24986
   1553.1   0.24940
   1554.0   0.24896
   1554.9   0.24850
   1555.9   0.24805
   1556.8   0.24743
   1557.7   0.24683
   1558.7   0.24634
   1559.6   0.24588
   1560.5   0.24544
   1561.5   0.24498
   1562.4   0.24443
   1563.4   0.24391
   1564.3   0.24347
   1565.3   0.24303
   1566.2   0.24256
   1567.2   0.24203
   1568.1   0.24150
   1569.0   0.24103
   1570.0   0.24052
   1571.0   0.24000
   1571.9   0.23946
   1572.9   0.23906
   1573.8   0.23868
   1574.8   0.23811
   1575.7   0.23755
   1576.7   0.23708
   1577.6   0.23660
   1578.6   0.23616
   1579.6   0.23558
   1580.5   0.23502
   1581.5   0.23467
   1582.5   0.23430
   1583.4   0.23371
   1584.4   0.23327
   1585.4   0.23274
   1586.3   0.23206
   1587.3   0.23157
   1588.3   0.23120
   1589.3   0.23074
   1590.2   0.23036
   1591.2   0.22993
   1592.2   0.22944
   1593.2   0.22895
   1594.1   0.22841
   1595.1   0.22796
   1596.1   0.22749
   1597.1   0.22698
   1598.1   0.22647
   1599.1   0.22599
   1600.0   0.22558
   1601.0   0.22514
   1602.0   0.22463
   1603.0   0.22417
   1604.0   0.22377
   1605.0   0.22326
   1606.0   0.22276
   1607.0   0.22230
   1608.0   0.22183
   1609.0   0.22142
   1610.0   0.22095
   1611.0   0.22044
   1612.0   0.21995
   1613.0   0.21952
   1614.0   0.21911
   1615.0   0.21870
   1616.0   0.21830
   1617.0   0.21780
   1618.0   0.21732
   1619.0   0.21688
   1620.0   0.21638
   1621.1   0.21586
   1622.1   0.21545
   1623.1   0.21503
   1624.1   0.21457
   1625.1   0.21408
   1626.1   0.21358
   1627.2   0.21317
   1628.2   0.21278
   1629.2   0.21232
   1630.2   0.21188
   1631.3   0.21144
   1632.3   0.21095
   1633.3   0.21051
   1634.3   0.21011
   1635.4   0.20974
   1636.4   0.20941
   1637.4   0.20893
   1638.5   0.20850
   1639.5   0.20803
   1640.5   0.20760
   1641.6   0.20723
   1642.6   0.20679
   1643.7   0.20625
   1644.7   0.20585
   1645.8   0.20552
   1646.8   0.20514
   1647.8   0.20462
   1648.9   0.20419
   1649.9   0.20389
   1651.0   0.20344
   1652.1   0.20295
   1653.1   0.20253
   1654.2   0.20213
   1655.2   0.20169
   1656.3   0.20130
   1657.3   0.20091
   1658.4   0.20050
   1659.5   0.20018
   1660.5   0.19988
   1661.6   0.19947
   1662.6   0.19902
   1663.7   0.19857
   1664.8   0.19819
   1665.9   0.19786
   1666.9   0.19752
   1668.0   0.19711
   1669.1   0.19673
   1670.1   0.19630
   1671.2   0.19586
   1672.3   0.19544
   1673.4   0.19507
   1674.5   0.19474
   1675.5   0.19439
   1676.6   0.19407
   1677.7   0.19377
   1678.8   0.19350
   1679.9   0.19312
   1681.0   0.19268
   1682.1   0.19218
   1683.2   0.19177
   1684.3   0.19153
   1685.3   0.19112
   1686.4   0.19079
   1687.5   0.19053
   1688.6   0.19014
   1689.7   0.18973
   1690.8   0.18936
   1692.0   0.18908
   1693.1   0.18876
   1694.2   0.18835
   1695.3   0.18794
   1696.4   0.18763
   1697.5   0.18735
   1698.6   0.18704
   1699.7   0.18660
   1700.8   0.18627
   1701.9   0.18607
   1703.1   0.18584
   1704.2   0.18553
   1705.3   0.18518
   1706.4   0.18479
   1707.6   0.18444
   1708.7   0.18416
   1709.8   0.18392
   1710.9   0.18374
   1712.1   0.18340
   1713.2   0.18303
   1714.3   0.18267
   1715.5   0.18233
   1716.6   0.18210
   1717.7   0.18181
   1718.9   0.18149
   1720.0   0.18120
   1721.2   0.18091
   1722.3   0.18063
   1723.4   0.18037
   1724.6   0.18012
   1725.7   0.17981
   1726.9   0.17954
   1728.0   0.17929
   1729.2   0.17893
   1730.4   0.17861
   1731.5   0.17836
   1732.7   0.17814
   1733.8   0.17793
   1735.0   0.17763
   1736.1   0.17733
   1737.3   0.17707
   1738.5   0.17686
   1739.6   0.17664
   1740.8   0.17634
   1742.0   0.17614
   1743.2   0.17595
   1744.3   0.17567
   1745.5   0.17545
   1746.7   0.17528
   1747.9   0.17502
   1749.0   0.17481
   1750.2   0.17464
   1751.4   0.17442
   1752.6   0.17416
   1753.8   0.17387
   1755.0   0.17361
   1756.1   0.17347
   1757.3   0.17340
   1758.5   0.17323
   1759.7   0.17289
   1760.9   0.17267
   1762.1   0.17256
   1763.3   0.17239
   1764.5   0.17226
   1765.7   0.17204
   1766.9   0.17179
   1768.1   0.17154
   1769.3   0.17137
   1770.5   0.17118
   1771.7   0.17103
   1773.0   0.17093
   1774.2   0.17081
   1775.4   0.17062
   1776.6   0.17039
   1777.8   0.17029
   1779.0   0.17013
   1780.3   0.16996
   1781.5   0.16985
   1782.7   0.16963
   1783.9   0.16943
   1785.2   0.16927
   1786.4   0.16918
   1787.6   0.16904
   1788.9   0.16881
   1790.1   0.16871
   1791.3   0.16873
   1792.6   0.16873
   1793.8   0.16858
   1795.1   0.16832
   1796.3   0.16823
   1797.6   0.16815
   1798.8   0.16805
   1800.0   0.16796
   1801.3   0.16780
   1802.6   0.16762
   1803.8   0.16756
   1805.1   0.16753
   1806.3   0.16742
   1807.6   0.16724
   1808.8   0.16711
   1810.1   0.16710
   1811.4   0.16702
   1812.6   0.16689
   1813.9   0.16688
   1815.2   0.16680
   1816.4   0.16669
   1817.7   0.16665
   1819.0   0.16673
   1820.3   0.16676
   1821.6   0.16670
   1822.8   0.16666
   1824.1   0.16657
   1825.4   0.16653
   1826.7   0.16646
   1828.0   0.16640
   1829.3   0.16636
   1830.6   0.16635
   1831.8   0.16633
   1833.1   0.16637
   1834.4   0.16637
   1835.7   0.16636
   1837.0   0.16629
   1838.3   0.16623
   1839.7   0.16624
   1841.0   0.16629
   1842.3   0.16633
   1843.6   0.16635
   1844.9   0.16639
   1846.2   0.16643
   1847.5   0.16637
   1848.8   0.16643
   1850.2   0.16652
   1851.5   0.16652
   1852.8   0.16656
   1854.1   0.16664
   1855.5   0.16656
   1856.8   0.16651
   1858.1   0.16662
   1859.4   0.16670
   1860.8   0.16683
   1862.1   0.16696
   1863.5   0.16704
   1864.8   0.16702
   1866.1   0.16703
   1867.5   0.16714
   1868.8   0.16723
   1870.2   0.16732
   1871.5   0.16728
   1872.9   0.16741
   1874.2   0.16757
   1875.6   0.16770
   1876.9   0.16779
   1878.3   0.16783
   1879.7   0.16800
   1881.0   0.16818
   1882.4   0.16824
   1883.8   0.16838
   1885.1   0.16852
   1886.5   0.16867
   1887.9   0.16881
   1889.3   0.16909
   1890.6   0.16920
   1892.0   0.16921
   1893.4   0.16928
   1894.8   0.16945
   1896.2   0.16959
   1897.6   0.16975
   1899.0   0.16989
   1900.3   0.17014
   1901.7   0.17041
   1903.1   0.17056
   1904.5   0.17070
   1905.9   0.17102
   1907.3   0.17122
   1908.7   0.17137
   1910.1   0.17156
   1911.6   0.17177
   1913.0   0.17199
   1914.4   0.17221
   1915.8   0.17250
   1917.2   0.17268
   1918.6   0.17285
   1920.0   0.17309
   1921.5   0.17330
   1922.9   0.17354
   1924.3   0.17382
   1925.8   0.17407
   1927.2   0.17451
   1928.6   0.17484
   1930.1   0.17505
   1931.5   0.17538
   1932.9   0.17562
   1934.4   0.17593
   1935.8   0.17618
   1937.3   0.17643
   1938.7   0.17672
   1940.2   0.17701
   1941.6   0.17739
   1943.1   0.17780
   1944.5   0.17808
   1946.0   0.17834
   1947.5   0.17863
   1948.9   0.17899
   1950.4   0.17933
   1951.9   0.17969
   1953.3   0.18001
   1954.8   0.18036
   1956.3   0.18075
   1957.8   0.18113
   1959.2   0.18157
   1960.7   0.18198
   1962.2   0.18228
   1963.7   0.18266
   1965.2   0.18305
   1966.7   0.18348
   1968.2   0.18399
   1969.7   0.18436
   1971.2   0.18473
   1972.7   0.18519
   1974.2   0.18563
   1975.7   0.18607
   1977.2   0.18648
   1978.7   0.18700
   1980.2   0.18755
   1981.7   0.18800
   1983.2   0.18841
   1984.7   0.18882
   1986.3   0.18931
   1987.8   0.18980
   1989.3   0.19034
   1990.8   0.19078
   1992.4   0.19121
   1993.9   0.19172
   1995.4   0.19225
   1997.0   0.19275
   1998.5   0.19321
   2000.1   0.19379
   2001.6   0.19442
   2003.1   0.19491
   2004.7   0.19548
   2006.2   0.19611
   2007.8   0.19663
   2009.4   0.19716
   2010.9   0.19770
   2012.5   0.19820
   2014.0   0.19867
   2015.6   0.19929
   2017.2   0.19994
   2018.7   0.20055
   2020.3   0.20121
   2021.9   0.20177
   2023.5   0.20228
   2025.1   0.20301
   2026.6   0.20372
   2028.2   0.20424
   2029.8   0.20478
   2031.4   0.20540
   2033.0   0.20602
   2034.6   0.20667
   2036.2   0.20729
   2037.8   0.20795
   2039.4   0.20856
   2041.0   0.20921
   2042.6   0.20991
   2044.2   0.21068
   2045.8   0.21136
   2047.4   0.21206
   2049.1   0.21276
   2050.7   0.21332
   2052.3   0.21387
   2053.9   0.21463
   2055.6   0.21544
   2057.2   0.21618
   2058.8   0.21683
   2060.5   0.21753
   2062.1   0.21827
   2063.7   0.21900
   2065.4   0.21975
   2067.0   0.22044
   2068.7   0.22120
   2070.3   0.22196
   2072.0   0.22271
   2073.7   0.22343
   2075.3   0.22417
   2077.0   0.22496
   2078.6   0.22569
   2080.3   0.22642
   2082.0   0.22714
   2083.7   0.22787
   2085.3   0.22862
   2087.0   0.22935
   2088.7   0.23010
   2090.4   0.23100
   2092.1   0.23192
   2093.8   0.23276
   2095.4   0.23344
   2097.1   0.23416
   2098.8   0.23506
   2100.5   0.23578
   2102.2   0.23656
   2104.0   0.23738
   2105.7   0.23813
   2107.4   0.23894
   2109.1   0.23966
   2110.8   0.24035
   2112.5   0.24117
   2114.2   0.24197
   2116.0   0.24283
   2117.7   0.24370
   2119.4   0.24453
   2121.2   0.24528
   2122.9   0.24607
   2124.6   0.24701
   2126.4   0.24785
   2128.1   0.24858
   2129.9   0.24927
   2131.6   0.25006
   2133.4   0.25092
   2135.1   0.25168
   2136.9   0.25255
   2138.7   0.25341
   2140.4   0.25420
   2142.2   0.25492
   2144.0   0.25575
   2145.8   0.25657
   2147.5   0.25730
   2149.3   0.25812
   2151.1   0.25890
   2152.9   0.25976
   2154.7   0.26054
   2156.5   0.26135
   2158.3   0.26214
   2160.1   0.26288
   2161.9   0.26363
   2163.7   0.26437
   2165.5   0.26527
   2167.3   0.26605
   2169.1   0.26675
   2170.9   0.26751
   2172.7   0.26835
   2174.6   0.26920
   2176.4   0.26992
   2178.2   0.27064
   2180.0   0.27147
   2181.9   0.27232
   2183.7   0.27313
   2185.6   0.27380
   2187.4   0.27445
   2189.2   0.27532
   2191.1   0.27615
   2193.0   0.27683
   2194.8   0.27748
   2196.7   0.27831
   2198.5   0.27910
   2200.4   0.27979
   2202.3   0.28040
   2204.1   0.28100
   2206.0   0.28173
   2207.9   0.28249
   2209.8   0.28321
   2211.7   0.28385
   2213.6   0.28448
   2215.4   0.28521
   2217.3   0.28590
   2219.2   0.28654
   2221.1   0.28724
   2223.0   0.28794
   2225.0   0.28862
   2226.9   0.28929
   2228.8   0.28987
   2230.7   0.29052
   2232.6   0.29116
   2234.5   0.29171
   2236.5   0.29232
   2238.4   0.29298
   2240.3   0.29347
   2242.3   0.29399
   2244.2   0.29449
   2246.2   0.29485
   2248.1   0.29543
   2250.1   0.29598
   2252.0   0.29653
   2254.0   0.29718
   2255.9   0.29784
   2257.9   0.29842
   2259.9   0.29890
   2261.8   0.29941
   2263.8   0.30005
   2265.8   0.30053
   2267.8   0.30097
   2269.8   0.30143
   2271.8   0.30183
   2273.7   0.30235
   2275.7   0.30289
   2277.7   0.30331
   2279.7   0.30367
   2281.7   0.30413
   2283.8   0.30453
   2285.8   0.30491
   2287.8   0.30530
   2289.8   0.30562
   2291.8   0.30590
   2293.9   0.30613
   2295.9   0.30617
   2297.9   0.30634
   2300.0   0.30669
   2302.0   0.30711
   2304.1   0.30764
   2306.1   0.30822
   2308.2   0.30850
   2310.2   0.30884
   2312.3   0.30914
   2314.3   0.30927
   2316.4   0.30965
   2318.5   0.31018
   2320.6   0.31071
   2322.6   0.31143
   2324.7   0.31220
   2326.8   0.31302
   2328.9   0.31384
   2331.0   0.31446
   2333.1   0.31502
   2335.2   0.31559
   2337.3   0.31617
   2339.4   0.31671
   2341.5   0.31721
   2343.6   0.31765
   2345.8   0.31795
   2347.9   0.31825
   2350.0   0.31871
   2352.1   0.31920
   2354.3   0.31944
   2356.4   0.31965
   2358.6   0.32004
   2360.7   0.32038
   2362.9   0.32070
   2365.0   0.32095
   2367.2   0.32109
   2369.3   0.32123
   2371.5   0.32150
   2373.7   0.32174
   2375.9   0.32186
   2378.0   0.32194
   2380.2   0.32201
   2382.4   0.32208
   2384.6   0.32207
   2386.8   0.32211
   2389.0   0.32238
   2391.2   0.32282
   2393.4   0.32332
   2395.6   0.32377
   2397.8   0.32420
   2400.1   0.32469
   2402.3   0.32511
   2404.5   0.32558
   2406.7   0.32595
   2409.0   0.32622
   2411.2   0.32648
   2413.5   0.32673
   2415.7   0.32686
   2418.0   0.32712
   2420.2   0.32741
   2422.5   0.32754
   2424.8   0.32774
   2427.0   0.32807
   2429.3   0.32834
   2431.6   0.32857
   2433.9   0.32867
   2436.2   0.32881
   2438.4   0.32892
   2440.7   0.32900
   2443.0   0.32895
   2445.3   0.32897
   2447.7   0.32916
   2450.0   0.32939
   2452.3   0.32949
   2454.6   0.32949
   2456.9   0.32957
   2459.3   0.32968
   2461.6   0.32976
   2463.9   0.32994
   2466.3   0.33011
   2468.6   0.33019
   2471.0   0.33036
   2473.3   0.33048
   2475.7   0.33057
   2478.1   0.33067
   2480.4   0.33075
   2482.8   0.33080
   2485.2   0.33091
   2487.6   0.33111
   2490.0   0.33123
   2492.4   0.33134
   2494.8   0.33134
   2497.2   0.33152
   2499.6   0.33172
   2502.0   0.33185
   2504.4   0.33189
   2506.8   0.33195
   2509.3   0.33209
   2511.7   0.33227
   2514.1   0.33222
   2516.6   0.33226
   2519.0   0.33235
   2521.5   0.33239
   2523.9   0.33245
   2526.4   0.33273
   2528.8   0.33273
   2531.3   0.33274
   2533.8   0.33277
   2536.3   0.33278
   2538.8   0.33283
   2541.2   0.33279
   2543.7   0.33261
   2546.2   0.33265
   2548.7   0.33281
   2551.2   0.33278
   2553.8   0.33271
   2556.3   0.33274
   2558.8   0.33269
   2561.3   0.33246
   2563.9   0.33209
   2566.4   0.33208
   2568.9   0.33232
   2571.5   0.33229
   2574.0   0.33224
   2576.6   0.33229
   2579.2   0.33223
   2581.7   0.33219
   2584.3   0.33202
   2586.9   0.33195
   2589.5   0.33210
   2592.1   0.33225
   2594.7   0.33182
   2597.3   0.33135
   2599.9   0.33195
   2602.5   0.33212
   2605.1   0.33179
   2607.7   0.33148
   2610.3   0.33168
   2613.0   0.33188
   2615.6   0.33182
   2618.3   0.33145
   2620.9   0.33116
   2623.6   0.33141
   2626.2   0.33159
   2628.9   0.33129
   2631.5   0.33103
   2634.2   0.33108
   2636.9   0.33116
   2639.6   0.33109
   2642.3   0.33089
   2645.0   0.33075
   2647.7   0.33073
   2650.4   0.33056
   2653.1   0.33022
   2655.8   0.32982
   2658.5   0.32969
   2661.3   0.32942
   2664.0   0.32896
   2666.7   0.32823
   2669.5   0.32750
   2672.2   0.32681
   2675.0   0.32615
   2677.8   0.32484
   2680.5   0.32236
   2683.3   0.31944
   2686.1   0.31567
   2688.9   0.31118
   2691.7   0.30680
   2694.5   0.30296
   2697.3   0.29972
   2700.1   0.29759
   2702.9   0.29452
   2705.7   0.29061
   2708.5   0.28631
   2711.4   0.28177
   2714.2   0.27808
   2717.1   0.27502
   2719.9   0.26832
   2722.8   0.25759
   2725.6   0.25521
   2728.5   0.26133
   2731.4   0.26439
   2734.2   0.26348
   2737.1   0.26397
   2740.0   0.26553
   2742.9   0.26638
   2745.8   0.26791
   2748.7   0.26868
   2751.7   0.26862
   2754.6   0.26763
   2757.5   0.26658
   2760.5   0.26633
   2763.4   0.26599
   2766.3   0.26557
   2769.3   0.26548
   2772.3   0.26493
   2775.2   0.26465
   2778.2   0.26461
   2781.2   0.26456
   2784.2   0.26435
   2787.2   0.26410
   2790.2   0.26380
   2791.7   0.26334
   2793.2   0.26329
   2794.7   0.26328
   2796.2   0.26316
   2797.7   0.26302
   2799.2   0.26280
   2800.7   0.26237
   2802.2   0.26175
   2803.8   0.26136
   2805.3   0.26051
   2806.8   0.25924
   2808.3   0.25812
   2809.8   0.25740
   2811.4   0.25677
   2812.9   0.25649
   2814.4   0.25642
   2815.9   0.25655
   2817.5   0.25663
   2819.0   0.25682
   2820.5   0.25712
   2822.1   0.25731
   2823.6   0.25732
   2825.1   0.25740
   2826.7   0.25749
   2828.2   0.25746
   2829.8   0.25724
   2831.3   0.25685
   2832.9   0.25631
   2834.4   0.25569
   2836.0   0.25474
   2837.5   0.25359
   2839.1   0.25244
   2840.6   0.25128
   2842.2   0.25014
   2843.7   0.24929
   2845.3   0.24881
   2846.9   0.24859
   2848.4   0.24884
   2850.0   0.24957
   2851.6   0.25040
   2853.1   0.25137
   2854.7   0.25241
   2856.3   0.25349
   2857.8   0.25432
   2859.4   0.25506
   2861.0   0.25561
   2862.6   0.25612
   2864.2   0.25631
   2865.7   0.25644
   2867.3   0.25652
   2868.9   0.25657
   2870.5   0.25651
   2872.1   0.25656
   2873.7   0.25642
   2875.3   0.25627
   2876.9   0.25607
   2878.5   0.25587
   2880.1   0.25569
   2881.7   0.25548
   2883.3   0.25506
   2884.9   0.25488
   2886.5   0.25472
   2888.1   0.25457
   2889.7   0.25426
   2891.3   0.25404
   2892.9   0.25378
   2894.5   0.25356
   2896.2   0.25327
   2897.8   0.25299
   2899.4   0.25270
   2901.0   0.25247
   2902.7   0.25230
   2904.3   0.25202
   2905.9   0.25177
   2907.5   0.25144
   2909.2   0.25111
   2910.8   0.25082
   2912.4   0.25046
   2914.1   0.25024
   2915.7   0.25004
   2917.4   0.24985
   2919.0   0.24971
   2920.6   0.24949
   2922.3   0.24924
   2923.9   0.24916
   2925.6   0.24906
   2927.2   0.24900
   2928.9   0.24895
   2930.5   0.24903
   2932.2   0.24912
   2933.9   0.24934
   2935.5   0.24957
   2937.2   0.24983
   2938.9   0.25011
   2940.5   0.25032
   2942.2   0.25060
   2943.9   0.25107
   2945.5   0.25153
   2947.2   0.25194
   2948.9   0.25223
   2950.6   0.25256
   2952.2   0.25292
   2953.9   0.25328
   2955.6   0.25372
   2957.3   0.25411
   2959.0   0.25436
   2960.7   0.25463
   2962.4   0.25492
   2964.1   0.25518
   2965.8   0.25541
   2967.4   0.25562
   2969.1   0.25575
   2970.9   0.25589
   2972.6   0.25611
   2974.3   0.25635
   2976.0   0.25642
   2977.7   0.25652
   2979.4   0.25664
   2981.1   0.25682
   2982.8   0.25689
   2984.5   0.25693
   2986.3   0.25697
   2988.0   0.25709
   2989.7   0.25715
   2991.4   0.25719
   2993.1   0.25725
   2994.9   0.25724
   2996.6   0.25724
   2998.3   0.25727
   3000.1   0.25733
   3001.8   0.25741
   3003.6   0.25739
   3005.3   0.25739
   3007.0   0.25745
   3008.8   0.25743
   3010.5   0.25742
   3012.3   0.25748
   3014.0   0.25752
   3015.8   0.25760
   3017.5   0.25757
   3019.3   0.25758
   3021.1   0.25762
   3022.8   0.25767
   3024.6   0.25767
   3026.3   0.25759
   3028.1   0.25758
   3029.9   0.25770
   3031.7   0.25775
   3033.4   0.25776
   3035.2   0.25767
   3037.0   0.25769
   3038.8   0.25772
   3040.5   0.25781
   3042.3   0.25790
   3044.1   0.25792
   3045.9   0.25793
   3047.7   0.25802
   3049.5   0.25799
   3051.3   0.25801
   3053.1   0.25802
   3054.9   0.25801
   3056.7   0.25793
   3058.5   0.25793
   3060.3   0.25802
   3062.1   0.25815
   3063.9   0.25816
   3065.7   0.25815
   3067.5   0.25816
   3069.4   0.25822
   3071.2   0.25816
   3073.0   0.25810
   3074.8   0.25805
   3076.6   0.25813
   3078.5   0.25811
   3080.3   0.25806
   3082.1   0.25804
   3084.0   0.25810
   3085.8   0.25811
   3087.6   0.25813
   3089.5   0.25810
   3091.3   0.25807
   3093.2   0.25797
   3095.0   0.25800
   3096.9   0.25808
   3098.7   0.25820
   3100.6   0.25813
   3102.4   0.25811
   3104.3   0.25809
   3106.1   0.25816
   3108.0   0.25818
   3109.9   0.25812
   3111.7   0.25811
   3113.6   0.25820
   3115.5   0.25819
   3117.3   0.25816
   3119.2   0.25821
   3121.1   0.25826
   3123.0   0.25829
   3124.9   0.25836
   3126.7   0.25836
   3128.6   0.25844
   3130.5   0.25846
   3132.4   0.25843
   3134.3   0.25844
   3136.2   0.25850
   3138.1   0.25853
   3140.0   0.25862
   3141.9   0.25870
   3143.8   0.25877
   3145.7   0.25878
   3147.6   0.25882
   3149.5   0.25887
   3151.4   0.25896
   3153.4   0.25897
   3155.3   0.25905
   3157.2   0.25909
   3159.1   0.25915
   3161.1   0.25915
   3163.0   0.25923
   3164.9   0.25931
   3166.9   0.25938
   3168.8   0.25937
   3170.7   0.25944
   3172.7   0.25939
   3174.6   0.25938
   3176.6   0.25949
   3178.5   0.25957
   3180.5   0.25962
   3182.4   0.25972
   3184.4   0.25971
   3186.3   0.25971
   3188.3   0.25973
   3190.2   0.25990
   3192.2   0.25994
   3194.2   0.25999
   3196.1   0.25997
   3198.1   0.26002
   3200.1   0.26005
   3202.1   0.26007
   3204.0   0.26007
   3206.0   0.25998
   3208.0   0.25995
   3210.0   0.25996
   3212.0   0.26003
   3214.0   0.26009
   3216.0   0.26010
   3218.0   0.26000
   3220.0   0.25997
   3222.0   0.26003
   3224.0   0.26002
   3226.0   0.25999
   3228.0   0.25998
   3230.0   0.25998
   3232.0   0.25999
   3234.0   0.25997
   3236.0   0.25990
   3238.1   0.25984
   3240.1   0.25989
   3242.1   0.25981
   3244.1   0.25968
   3246.2   0.25966
   3248.2   0.25961
   3250.2   0.25964
   3252.3   0.25971
   3254.3   0.25982
   3256.4   0.25987
   3258.4   0.25983
   3260.5   0.25974
   3262.5   0.25974
   3264.6   0.25978
   3266.6   0.25977
   3268.7   0.25980
   3270.7   0.25979
   3272.8   0.25982
   3274.9   0.25988
   3277.0   0.25987
   3279.0   0.25992
   3281.1   0.25992
   3283.2   0.25997
   3285.3   0.25993
   3287.3   0.25984
   3289.4   0.25984
   3291.5   0.25987
   3293.6   0.25986
   3295.7   0.25975
   3297.8   0.25962
   3299.9   0.25959
   3302.0   0.25951
   3304.1   0.25943
   3306.2   0.25939
   3308.3   0.25939
   3310.4   0.25940
   3312.5   0.25940
   3314.7   0.25948
   3316.8   0.25956
   3318.9   0.25955
   3321.0   0.25958
   3323.2   0.25964
   3325.3   0.25978
   3327.4   0.25987
   3329.6   0.25986
   3331.7   0.25982
   3333.8   0.25976
   3336.0   0.25964
   3338.1   0.25958
   3340.3   0.25958
   3342.4   0.25948
   3344.6   0.25937
   3346.8   0.25939
   3348.9   0.25934
   3351.1   0.25920
   3353.3   0.25900
   3355.4   0.25876
   3357.6   0.25850
   3359.8   0.25833
   3362.0   0.25804
   3364.1   0.25769
   3366.3   0.25731
   3368.5   0.25686
   3370.7   0.25637
   3372.9   0.25593
   3375.1   0.25550
   3377.3   0.25517
   3379.5   0.25495
   3381.7   0.25489
   3383.9   0.25491
   3386.1   0.25495
   3388.3   0.25496
   3390.5   0.25494
   3392.8   0.25480
   3395.0   0.25450
   3397.2   0.25408
   3399.4   0.25356
   3401.7   0.25296
   3403.9   0.25229
   3406.1   0.25147
   3408.4   0.25068
   3410.6   0.24991
   3412.9   0.24924
   3415.1   0.24866
   3417.4   0.24839
   3419.6   0.24840
   3421.9   0.24876
   3424.1   0.24939
   3426.4   0.25027
   3428.7   0.25116
   3430.9   0.25197
   3433.2   0.25264
   3435.5   0.25326
   3437.8   0.25380
   3440.0   0.25425
   3442.3   0.25459
   3444.6   0.25484
   3446.9   0.25506
   3449.2   0.25532
   3451.5   0.25555
   3453.8   0.25574
   3456.1   0.25593
   3458.4   0.25622
   3460.7   0.25638
   3463.0   0.25650
   3465.3   0.25656
   3467.6   0.25662
   3470.0   0.25660
   3472.3   0.25655
   3474.6   0.25647
   3477.0   0.25638
   3479.3   0.25617
   3481.6   0.25599
   3484.0   0.25585
   3486.3   0.25570
   3488.7   0.25541
   3491.0   0.25511
   3493.4   0.25469
   3495.7   0.25423
   3498.1   0.25362
   3500.4   0.25316
   3502.8   0.25291
   3505.2   0.25299
   3507.5   0.25333
   3509.9   0.25394
   3512.3   0.25461
   3514.7   0.25536
   3517.1   0.25606
   3519.4   0.25666
   3521.8   0.25713
   3524.2   0.25758
   3526.6   0.25794
   3529.0   0.25826
   3531.4   0.25850
   3533.8   0.25871
   3536.2   0.25885
   3538.7   0.25899
   3541.1   0.25905
   3543.5   0.25915
   3545.9   0.25920
   3548.3   0.25923
   3550.8   0.25920
   3553.2   0.25926
   3555.6   0.25928
   3558.1   0.25930
   3560.5   0.25925
   3563.0   0.25926
   3565.4   0.25926
   3567.9   0.25922
   3570.3   0.25916
   3572.8   0.25910
   3575.3   0.25904
   3577.7   0.25906
   3580.2   0.25903
   3582.7   0.25899
   3585.2   0.25892
   3587.6   0.25887
   3590.1   0.25880
   3592.6   0.25877
   3595.1   0.25873
   3597.6   0.25870
   3600.1   0.25864
   3602.6   0.25861
   3605.1   0.25851
   3607.6   0.25846
   3610.1   0.25840
   3612.6   0.25839
   3615.2   0.25833
   3617.7   0.25825
   3620.2   0.25819
   3622.7   0.25816
   3625.3   0.25813
   3627.8   0.25808
   3630.3   0.25797
   3632.9   0.25791
   3635.4   0.25782
   3638.0   0.25769
   3640.5   0.25758
   3643.1   0.25759
   3645.7   0.25753
   3648.2   0.25748
   3650.8   0.25741
   3653.4   0.25733
   3655.9   0.25722
   3658.5   0.25721
   3661.1   0.25715
   3663.7   0.25709
   3666.3   0.25705
   3668.9   0.25697
   3671.5   0.25685
   3674.1   0.25679
   3676.7   0.25678
   3679.3   0.25680
   3681.9   0.25673
   3684.5   0.25668
   3687.2   0.25661
   3689.8   0.25656
   3692.4   0.25646
   3695.0   0.25644
   3697.7   0.25634
   3700.3   0.25629
   3703.0   0.25620
   3705.6   0.25614
   3708.3   0.25606
   3710.9   0.25598
   3713.6   0.25590
   3716.2   0.25583
   3718.9   0.25576
   3721.6   0.25568
   3724.2   0.25559
   3726.9   0.25552
   3729.6   0.25541
   3732.3   0.25535
   3735.0   0.25524
   3737.7   0.25513
   3740.4   0.25503
   3743.1   0.25495
   3745.8   0.25487
   3748.5   0.25484
   3751.2   0.25473
   3753.9   0.25467
   3756.6   0.25458
   3759.3   0.25448
   3762.1   0.25435
   3764.8   0.25430
   3767.5   0.25424
   3770.3   0.25415
   3773.0   0.25403
   3775.8   0.25393
   3778.5   0.25380
   3781.3   0.25371
   3784.0   0.25360
   3786.8   0.25351
   3789.6   0.25333
   3792.3   0.25321
   3795.1   0.25307
   3797.9   0.25297
   3800.7   0.25284
   3803.5   0.25273
   3806.3   0.25260
   3809.1   0.25248
   3811.9   0.25238
   3814.7   0.25235
   3817.5   0.25227
   3820.3   0.25225
   3823.1   0.25223
   3825.9   0.25216
   3828.8   0.25210
   3831.6   0.25207
   3834.4   0.25199
   3837.3   0.25191
   3840.1   0.25184
   3842.9   0.25178
   3845.8   0.25168
   3848.7   0.25156
   3851.5   0.25143
   3854.4   0.25131
   3857.2   0.25120
   3860.1   0.25109
   3863.0   0.25095
   3865.9   0.25079
   3868.8   0.25067
   3871.6   0.25057
   3874.5   0.25044
   3877.4   0.25033
   3880.3   0.25022
   3883.2   0.25013
   3886.2   0.25002
   3889.1   0.24988
   3892.0   0.24978
   3894.9   0.24969
   3897.8   0.24957
   3900.8   0.24944
   3903.7   0.24927
   3906.7   0.24913
   3909.6   0.24899
   3912.6   0.24884
   3915.5   0.24866
   3918.5   0.24850
   3921.4   0.24832
   3924.4   0.24820
   3927.4   0.24806
   3930.4   0.24793
   3933.3   0.24775
   3936.3   0.24762
   3939.3   0.24745
   3942.3   0.24729
   3945.3   0.24714
   3948.3   0.24702
   3951.3   0.24686
   3954.3   0.24675
   3957.4   0.24661
   3960.4   0.24649
   3963.4   0.24634
   3966.4   0.24619
   3969.5   0.24607
   3972.5   0.24598
   3975.6   0.24593
   3978.6   0.24592
   3981.7   0.24589
   3984.7   0.24590
   3987.8   0.24582
   3990.9   0.24577
   3993.9   0.24567
   3997.0   0.24560
   4000.1   0.24549
   4003.2   0.24543
   4006.3   0.24532
   4009.4   0.24520
   4012.5   0.24503
   4015.6   0.24491
   4018.7   0.24475
   4021.8   0.24464
   4024.9   0.24453
   4028.1   0.24442
   4031.2   0.24426
   4034.3   0.24410
   4037.5   0.24393
   4040.6   0.24377
   4043.8   0.24361
   4046.9   0.24349
   4050.1   0.24335
   4053.3   0.24324
   4056.4   0.24307
   4059.6   0.24293
   4062.8   0.24274
   4066.0   0.24259
   4069.2   0.24243
   4072.4   0.24230
   4075.6   0.24214
   4078.8   0.24204
   4082.0   0.24185
   4085.2   0.24170
   4088.4   0.24156
   4091.7   0.24145
   4094.9   0.24126
   4098.1   0.24110
   4101.4   0.24098
   4104.6   0.24083
   4107.9   0.24064
   4111.1   0.24049
   4114.4   0.24032
   4117.7   0.24017
   4120.9   0.24002
   4124.2   0.23988
   4127.5   0.23973
   4130.8   0.23960
   4134.1   0.23945
   4137.4   0.23931
   4140.7   0.23914
   4144.0   0.23899
   4147.3   0.23881
   4150.6   0.23865
   4154.0   0.23847
   4157.3   0.23837
   4160.6   0.23823
   4164.0   0.23808
   4167.3   0.23790
   4170.7   0.23775
   4174.0   0.23755
   4177.4   0.23741
   4382.2   0.22947
   4385.9   0.22937
   4389.6   0.22933
   4393.3   0.22924
   4397.1   0.22907
   4400.8   0.22889
   4404.5   0.22879
   4408.3   0.22866
   4412.0   0.22855
   4415.8   0.22841
   4419.6   0.22832
   4423.3   0.22819
   4427.1   0.22806
   4430.9   0.22790
   4434.7   0.22775
   4438.5   0.22757
   4442.3   0.22742
   4446.1   0.22726
   4449.9   0.22713
   4453.7   0.22697
   4457.6   0.22680
   4461.4   0.22659
   4465.2   0.22640
   4469.1   0.22618
   4472.9   0.22598
   4476.8   0.22576
   4480.7   0.22554
   4484.5   0.22525
   4488.4   0.22502
   4492.3   0.22470
   4496.2   0.22439
   4500.1   0.22405
   4504.0   0.22369
   4507.9   0.22326
   4511.9   0.22280
   4515.8   0.22222
   4519.7   0.22157
   4523.7   0.22078
   4527.6   0.21995
   4531.6   0.21899
   4535.6   0.21794
   4539.5   0.21680
   4543.5   0.21565
   4547.5   0.21449
   4551.5   0.21330
   4555.5   0.21208
   4559.5   0.21087
   4563.5   0.20957
   4567.5   0.20824
   4571.5   0.20690
   4575.6   0.20553
   4579.6   0.20409
   4583.7   0.20262
   4587.7   0.20109
   4591.8   0.19955
   4595.9   0.19790
   4599.9   0.19625
   4604.0   0.19449
   4608.1   0.19267
   4612.2   0.19075
   4616.3   0.18884
   4620.4   0.18694
   4624.6   0.18508
   4628.7   0.18324
   4632.8   0.18146
   4637.0   0.17969
   4641.1   0.17802
   4645.3   0.17639
   4649.4   0.17486
   4653.6   0.17332
   4657.8   0.17183
   4662.0   0.17045
   4666.2   0.16920
   4670.4   0.16805
   4674.6   0.16707
   4678.8   0.16620
   4683.0   0.16542
   4687.3   0.16470
   4691.5   0.16403
   4695.8   0.16330
   4700.0   0.16261
   4704.3   0.16183
   4708.6   0.16108
   4712.9   0.16033
   4717.1   0.15954
   4721.4   0.15866
   4725.7   0.15776
   4730.1   0.15683
   4734.4   0.15583
   4738.7   0.15476
   4743.0   0.15364
   4747.4   0.15243
   4751.7   0.15117
   4756.1   0.14985
   4760.5   0.14852
   4764.8   0.14718
   4769.2   0.14583
   4773.6   0.14446
   4778.0   0.14311
   4782.4   0.14171
   4786.8   0.14029
   4791.3   0.13885
   4795.7   0.13745
   4800.1   0.13603
   4804.6   0.13465
   4809.0   0.13337
   4813.5   0.13222
   4818.0   0.13109
   4822.5   0.13008
   4826.9   0.12918
   4831.4   0.12841
   4835.9   0.12772
   4840.5   0.12718
   4845.0   0.12677
   4849.5   0.12648
   4854.1   0.12625
   4858.6   0.12613
   4863.2   0.12608
   4867.7   0.12609
   4872.3   0.12613
   4876.9   0.12621
   4881.5   0.12631
   4886.1   0.12648
   4890.7   0.12665
   4895.3   0.12683
   4899.9   0.12697
   4904.6   0.12710
   4909.2   0.12717
   4913.9   0.12722
   4918.5   0.12727
   4923.2   0.12732
   4927.9   0.12729
   4932.6   0.12724
   4937.3   0.12716
   4942.0   0.12707
   4946.7   0.12695
   4951.4   0.12681
   4956.2   0.12661
   4960.9   0.12640
   4965.6   0.12617
   4970.4   0.12589
   4975.2   0.12555
   4980.0   0.12518
   4984.7   0.12478
   4989.5   0.12432
   4994.3   0.12379
   4999.2   0.12324
   5004.0   0.12259
   5008.8   0.12192
   5013.7   0.12114
   5018.5   0.12033
   5023.4   0.11945
   5028.3   0.11853
   5033.1   0.11753
   5038.0   0.11650
   5042.9   0.11538
   5047.8   0.11424
   5052.8   0.11308
   5057.7   0.11193
   5062.6   0.11070
   5067.6   0.10951
   5072.5   0.10838
   5077.5   0.10728
   5082.5   0.10621
   5087.5   0.10522
   5092.5   0.10423
   5097.5   0.10326
   5102.5   0.10229
   5107.5   0.10137
   5112.6   0.10051
   5117.6   0.09968
   5122.7   0.09888
   5127.7   0.09816
   5132.8   0.09748
   5137.9   0.09690
   5143.0   0.09646
   5148.1   0.09623
   5153.2   0.09626
   5158.3   0.09650
   5163.5   0.09697
   5168.6   0.09774
   5173.8   0.09874
   5179.0   0.09996
   5184.1   0.10129
   5189.3   0.10272
   5194.5   0.10422
   5199.7   0.10576
   5205.0   0.10733
   5210.2   0.10880
   5215.4   0.11017
   5220.7   0.11159
   5225.9   0.11273
   5231.2   0.11378
   5236.5   0.11478
   5241.8   0.11574
   5247.1   0.11656
   5252.4   0.11734
   5257.7   0.11808
   5263.1   0.11882
   5268.4   0.11958
   5273.8   0.12041
   5279.2   0.12134
   5284.5   0.12237
   5289.9   0.12336
   5295.3   0.12450
   5300.8   0.12561
   5306.2   0.12656
   5311.6   0.12748
   5317.1   0.12831
   5322.5   0.12905
   5328.0   0.12968
   5333.5   0.13017
   5339.0   0.13057
   5344.5   0.13084
   5350.0   0.13107
   5355.5   0.13122
   5361.0   0.13114
   5366.6   0.13089
   5372.2   0.13058
   5377.7   0.13011
   5383.3   0.12955
   5388.9   0.12881
   5394.5   0.12790
   5400.1   0.12690
   5405.8   0.12583
   5411.4   0.12470
   5417.1   0.12359
   5422.7   0.12262
   5428.4   0.12178
   5434.1   0.12080
   5439.8   0.12006
   5445.5   0.11954
   5451.2   0.11921
   5457.0   0.11897
   5462.7   0.11890
   5468.5   0.11913
   5474.3   0.11936
   5480.1   0.11956
   5485.9   0.12006
   5491.7   0.12050
   5497.5   0.12107
   5503.3   0.12171
   5509.2   0.12245
   5515.0   0.12310
   5520.9   0.12374
   5526.8   0.12430
   5532.7   0.12464
   5538.6   0.12461
   5544.5   0.12437
   5550.5   0.12380
   5556.4   0.12303
   5562.4   0.12189
   5568.4   0.12058
   5574.3   0.11927
   5580.3   0.11817
   5586.4   0.11714
   5592.4   0.11604
   5598.4   0.11510
   5604.5   0.11448
   5610.5   0.11392
   5616.6   0.11335
   5622.7   0.11286
   5628.8   0.11234
   5634.9   0.11185
   5641.1   0.11148
   5647.2   0.11127
   5653.4   0.11075
   5659.5   0.11023
   5665.7   0.10985
   5671.9   0.10942
   5678.1   0.10926
   5684.4   0.10908
   5690.6   0.10876
   5696.9   0.10856
   5703.1   0.10832
   5709.4   0.10803
   5715.7   0.10795
   5722.0   0.10771
   5728.3   0.10733
   5734.7   0.10689
   5741.0   0.10656
   5747.4   0.10620
   5753.8   0.10603
   5760.1   0.10571
   5766.6   0.10557
   5773.0   0.10592
   5779.4   0.10580
   5785.9   0.10567
   5792.3   0.10568
   5798.8   0.10569
   5805.3   0.10577
   5811.8   0.10582
   5818.3   0.10583
   5824.9   0.10610
   5831.4   0.10636
   5838.0   0.10633
   5844.6   0.10635
   5851.2   0.10648
   5857.8   0.10672
   5864.4   0.10702
   5871.0   0.10743
   5877.7   0.10746
   5884.4   0.10790
   5891.1   0.10803
   5897.8   0.10753
   5904.5   0.10714
   5911.2   0.10617
   5918.0   0.10517
   5924.7   0.10410
   5931.5   0.10272
   5938.3   0.10147
   5945.1   0.09986
   5951.9   0.09767
   5958.8   0.09556
   5965.6   0.09346
   5972.5   0.09147
   5979.4   0.08923
   5986.3   0.08707
   5993.2   0.08533
   6000.2   0.08354
   6007.1   0.08200
   6014.1   0.08083
   6021.1   0.08007
   6028.1   0.07932
   6035.1   0.07884
   6042.1   0.07852
   6049.2   0.07850
   6056.2   0.07891
   6063.3   0.07865
   6070.4   0.07842
   6077.5   0.07872
   6084.7   0.07884
   6091.8   0.07876
   6099.0   0.07876
   6106.2   0.07882
   6113.4   0.07888
   6120.6   0.07904
   6127.8   0.07865
   6135.1   0.07812
   6142.3   0.07763
   6149.6   0.07710
   6156.9   0.07634
   6164.3   0.07563
   6171.6   0.07475
   6178.9   0.07380
   6186.3   0.07310
   6193.7   0.07255
   6201.1   0.07181
   6208.5   0.07133
   6216.0   0.07109
   6223.5   0.07100
   6230.9   0.07094
   6238.4   0.07096
   6245.9   0.07108
   6253.5   0.07118
   6261.0   0.07122
   6268.6   0.07122
   6276.2   0.07119
   6283.8   0.07112
   6291.4   0.07104
   6299.1   0.07099
   6306.7   0.07099
   6314.4   0.07108
   6322.1   0.07129
   6329.8   0.07166
   6337.6   0.07217
   6345.3   0.07289
   6353.1   0.07411
   6360.9   0.07502
   6368.7   0.07591
   6376.5   0.07729
   6384.4   0.07865
   6392.3   0.07970
   6400.2   0.08089
   6408.1   0.08186
   6416.0   0.08309
   6424.0   0.08471
   6431.9   0.08520
   6439.9   0.08560
   6447.9   0.08616
   6456.0   0.08662
   6464.0   0.08708
   6472.1   0.08737
   6480.2   0.08784
   6488.3   0.08829
   6496.4   0.08884
   6504.6   0.08922
   6512.7   0.08908
   6520.9   0.08901
   6529.1   0.08922
   6537.4   0.08897
   6545.6   0.08865
   6553.9   0.08827
   6562.2   0.08776
   6570.5   0.08708
   6578.9   0.08651
   6587.2   0.08555
   6595.6   0.08468
   6604.0   0.08384
   6612.4   0.08297
   6620.9   0.08235
   6629.3   0.08188
   6637.8   0.08177
   6646.3   0.08196
   6654.9   0.08177
   6663.4   0.08171
   6672.0   0.08204
   6680.6   0.08262
   6689.2   0.08329
   6697.8   0.08380
   6706.5   0.08418
   6715.2   0.08479
   6723.9   0.08540
   6732.6   0.08573
   6741.4   0.08593
   6750.2   0.08614
   6759.0   0.08637
   6767.8   0.08647
   6776.6   0.08658
   6785.5   0.08665
   6794.4   0.08668
   6803.3   0.08660
   6812.3   0.08633
   6821.2   0.08619
   6830.2   0.08616
   6839.2   0.08607
   6848.3   0.08582
   6857.3   0.08566
   6866.4   0.08564
   6875.5   0.08546
   6884.6   0.08486
   6893.8   0.08441
   6903.0   0.08406
   6912.2   0.08376
   6921.4   0.08342
   6930.7   0.08299
   6939.9   0.08257
   6949.2   0.08216
   6958.6   0.08183
   6967.9   0.08166
   6977.3   0.08128
   6986.7   0.08084
   6996.1   0.08058
   7005.6   0.08030
   7015.1   0.08000
   7024.6   0.07980
   7034.1   0.07967
   7043.7   0.07948
   7053.2   0.07949
   7062.9   0.07932
   7072.5   0.07907
   7082.2   0.07890
   7091.8   0.07875
   7101.6   0.07859
   7111.3   0.07842
   7121.1   0.07824
   7130.9   0.07801
   7140.7   0.07764
   7150.5   0.07736
   7160.4   0.07698
   7170.3   0.07646
   7180.2   0.07588
   7190.2   0.07516
   7200.2   0.07442
   7210.2   0.07375
   7220.2   0.07308
   7230.3   0.07236
   7240.4   0.07166
   7250.5   0.07102
   7260.7   0.07041
   7270.9   0.06980
   7281.1   0.06920
   7291.3   0.06855
   7301.6   0.06781
   7311.9   0.06709
   7322.2   0.06633
   7332.6   0.06556
   7343.0   0.06484
   7353.4   0.06414
   7363.8   0.06341
   7374.3   0.06275
   7384.8   0.06215
   7395.3   0.06166
   7405.9   0.06116
   7416.5   0.06073
   7427.1   0.06024
   7437.8   0.05975
   7448.5   0.05923
   7459.2   0.05869
   7469.9   0.05812
   7480.7   0.05754
   7491.5   0.05692
   7502.4   0.05631
   7513.2   0.05567
   7524.1   0.05511
   7535.1   0.05451
   7546.0   0.05390
   7557.0   0.05327
   7568.1   0.05269
   7579.1   0.05207
   7590.2   0.05145
   7601.4   0.05076
   7612.5   0.05005
   7623.7   0.04936
   7635.0   0.04871
   7646.2   0.04803
   7657.5   0.04738
   7668.8   0.04670
   7680.2   0.04602
   7691.6   0.04529
   7703.0   0.04461
   7714.5   0.04389
   7726.0   0.04315
   7737.5   0.04240
   7749.1   0.04171
   7760.7   0.04098
   7772.3   0.04030
   7784.0   0.03960
   7795.7   0.03895
   7807.4   0.03825
   7819.2   0.03757
   7831.0   0.03681
   7842.9   0.03606
   7854.8   0.03523
   7866.7   0.03445
   7878.6   0.03364
   7890.6   0.03285
   7902.6   0.03202
   7914.7   0.03120
   7926.8   0.03033
   7939.0   0.02949
   7951.1   0.02858
   7963.3   0.02774
   7975.6   0.02685
   7987.9   0.02601
   8000.2   0.02510
   8012.6   0.02424
   8025.0   0.02335
   8037.4   0.02251
   8049.9   0.02161
   8062.4   0.02076
   8075.0   0.01989
   8087.6   0.01907
   8100.2   0.01818
   8112.9   0.01734
   8125.6   0.01646
   8138.4   0.01564
   8151.2   0.01479
   8164.0   0.01398
   8176.9   0.01317
   8189.8   0.01244
   8202.7   0.01167
   8215.7   0.01095
   8228.8   0.01022
   8241.9   0.00962
   8255.0   0.00899
   8268.2   0.00842
   8281.4   0.00784
   8294.6   0.00732
   8307.9   0.00681
   8321.2   0.00639
   8334.6   0.00596
   8348.0   0.00564
   8361.5   0.00530
   8375.0   0.00506
   8388.6   0.00489
   8402.2   0.00485
   8415.8   0.00490
   8429.5   0.00510
   8443.2   0.00543
   8457.0   0.00608
   8470.8   0.00698
   8484.7   0.00832
   8498.6   0.01010
   8512.5   0.01244
   8526.5   0.01528
   8540.6   0.01872
   8554.7   0.02276
   8568.8   0.02748
   8583.0   0.03271
   8597.2   0.03852
   8611.5   0.04481
   8625.8   0.05150
   8640.2   0.05845
   8654.6   0.06555
   8669.1   0.07260
   8683.6   0.07935
   8698.2   0.08534
   8712.8   0.08978
   8727.5   0.09142
   8742.2   0.08932
   8757.0   0.08528
   8771.8   0.08381
   8786.7   0.08719
   8801.6   0.09326
   8816.6   0.09877
   8831.6   0.10185
   8846.6   0.10227
   8861.8   0.10072
   8876.9   0.09826
   8892.2   0.09574
   8907.4   0.09394
   8922.8   0.09335
   8938.2   0.09392
   8953.6   0.09506
   8969.1   0.09638
   8984.6   0.09757
   9000.2   0.09861
   9015.9   0.09942
   9031.6   0.10010
   9047.4   0.10062
   9063.2   0.10106
   9079.0   0.10144
   9095.0   0.10178
   9111.0   0.10204
   9127.0   0.10230
   9143.1   0.10260
   9159.3   0.10295
   9175.5   0.10331
   9191.7   0.10376
   9208.1   0.10426
   9224.4   0.10476
   9240.9   0.10533
   9257.4   0.10597
   9273.9   0.10672
   9290.6   0.10758
   9307.2   0.10855
   9324.0   0.10953
   9340.8   0.11038
   9357.6   0.11111
   9374.6   0.11162
   9391.5   0.11180
   9408.6   0.11163
   9425.7   0.11102
   9442.9   0.10988
   9460.1   0.10818
   9477.4   0.10610
   9494.8   0.10376
   9512.2   0.10118
   9529.7   0.09837
   9547.2   0.09514
   9564.8   0.09133
   9582.5   0.08701
   9600.3   0.08216
   9618.1   0.07676
   9635.9   0.07101
   9653.9   0.06510
   9671.9   0.05934
   9690.0   0.05425
   9708.1   0.05019
   9726.3   0.04748
   9744.6   0.04618
   9763.0   0.04648
   9781.4   0.04831
   9799.9   0.05161
   9818.4   0.05613
   9837.1   0.06137
   9855.8   0.06672
   9874.5   0.07160
   9893.4   0.07549
   9912.3   0.07788
   9931.3   0.07856
   9950.4   0.07756
   9969.5   0.07538
   9988.7   0.07289
  10008.0   0.07087
  10027.3   0.07008
  10046.8   0.07094
  10066.3   0.07343
  10085.9   0.07699
  10105.5   0.08105
  10125.3   0.08553
  10145.1   0.09092
  10165.0   0.09739
  10184.9   0.10405
  10205.0   0.10940
  10225.1   0.11213
  10245.3   0.11172
  10265.6   0.10829
  10286.0   0.10261
  10306.4   0.09618
  10327.0   0.09115
  10347.6   0.08925
  10368.3   0.09032
  10389.0   0.09270
  10409.9   0.09490
  10430.9   0.09623
  10451.9   0.09659
  10473.0   0.09604
  10494.2   0.09474
  10515.5   0.09282
  10536.9   0.09047
  10558.3   0.08787
  10579.9   0.08524
  10601.5   0.08284
  10623.2   0.08092
  10645.0   0.07963
  10666.9   0.07888
  10688.9   0.07874
  10711.0   0.07926
  10733.2   0.08018
  10755.5   0.08117
  10777.8   0.08184
  10800.3   0.08169
  10822.8   0.08031
  10845.5   0.07770
  10868.2   0.07403
  10891.0   0.06950
  10914.0   0.06447
  10937.0   0.05947
  10960.1   0.05508
  10983.3   0.05163
  11006.7   0.04945
  11030.1   0.04864
  11053.6   0.04901
  11077.2   0.04986
  11100.9   0.05047
  11124.8   0.05040
  11148.7   0.04977
  11172.7   0.04902
  11196.8   0.04867
  11221.1   0.04916
  11245.4   0.05120
  11269.9   0.05503
  11294.4   0.06030
  11319.1   0.06607
  11343.8   0.07143
  11368.7   0.07572
  11393.7   0.07886
  11418.8   0.08087
  11444.0   0.08188
  11469.3   0.08202
  11494.8   0.08157
  11520.3   0.08066
  11546.0   0.07935
  11571.7   0.07776
  11597.6   0.07605
  11623.6   0.07422
  11649.7   0.07231
  11676.0   0.07035
  11702.3   0.06824
  11728.8   0.06579
  11755.4   0.06317
  11782.1   0.06041
  11809.0   0.05766
  11835.9   0.05511
  11863.0   0.05292
  11890.2   0.05103
  11917.6   0.04943
  11945.0   0.04798
  11972.6   0.04669
  12000.3   0.04553
  12028.2   0.04452
  12056.1   0.04363
  12084.2   0.04294
  12112.5   0.04241
  12140.8   0.04202
  12169.3   0.04164
  12198.0   0.04125
  12226.7   0.04088
  12255.6   0.04063
  12284.7   0.04039
  12313.9   0.04018
  12343.2   0.03993
  12372.6   0.03976
  12402.2   0.03956
  12432.0   0.03927
  12461.9   0.03891
  12491.9   0.03860
  12522.1   0.03833
  12552.4   0.03805
  12582.9   0.03778
  12613.5   0.03755
  12644.2   0.03723
  12675.1   0.03696
  12706.2   0.03675
  12737.4   0.03650
  12768.8   0.03607
  12800.3   0.03567
  12832.0   0.03529
  12863.9   0.03475
  12895.9   0.03407
  12928.0   0.03326
  12960.3   0.03222
  12992.8   0.03111
  13025.5   0.02986
  13058.3   0.02868
  13091.3   0.02767
  13124.4   0.02689
  13157.7   0.02637
  13191.2   0.02614
  13224.8   0.02607
  13258.7   0.02594
  13292.7   0.02558
  13326.8   0.02496
  13361.2   0.02410
  13395.7   0.02336
  13430.4   0.02294
  13465.3   0.02300
  13500.4   0.02301
  13535.6   0.02273
  13571.0   0.02223
  13606.7   0.02158
  13642.5   0.02076
  13678.5   0.02021
  13714.6   0.02036
  13751.0   0.02133
  13787.6   0.02251
  13824.4   0.02334
  13861.3   0.02343
  13898.5   0.02302
  13935.8   0.02235
  13973.4   0.02168
  14011.2   0.02105
  14049.1   0.02055
  14087.3   0.02010
  14125.7   0.01972
  14164.3   0.01942
  14203.1   0.01939
  14242.1   0.01960
  14281.4   0.02053
  14320.8   0.02213
  14360.5   0.02436
  14400.4   0.02685
  14440.5   0.02889
  14480.8   0.02972
  14521.4   0.02919
  14562.2   0.02763
  14603.2   0.02548
  14644.4   0.02335
  14685.9   0.02146
  14727.7   0.01978
  14769.6   0.01866
  14811.8   0.01781
  14854.3   0.01717
  14896.9   0.01663
  14939.9   0.01597
  14983.0   0.01516
  15026.5   0.01420
  15070.2   0.01336
  15114.1   0.01283
  15158.3   0.01267
  15202.7   0.01332
  15247.5   0.01464
  15292.4   0.01654
  15337.7   0.01849
  15383.2   0.02002
  15429.0   0.02091
  15475.0   0.02140
  15521.4   0.02127
  15568.0   0.02083
  15614.9   0.02006
  15662.0   0.01916
  15709.5   0.01838
  15757.2   0.01797
  15805.3   0.01784
  15853.6   0.01795
  15902.3   0.01803
  15951.2   0.01818
  16000.4   0.01866
  16050.0   0.01987
  16099.8   0.02218
  16150.0   0.02565
  16200.4   0.03013
  16251.2   0.03558
  16302.3   0.04157
  16353.7   0.04788
  16405.5   0.05395
  16457.6   0.05943
  16510.0   0.06420
  16562.7   0.06843
  16615.8   0.07196
  16669.2   0.07497
  16723.0   0.07731
  16777.1   0.07928
  16831.6   0.08106
  16886.4   0.08261
  16941.6   0.08419
  16997.2   0.08606
  17053.1   0.08799
  17109.4   0.09012
  17166.0   0.09262
  17223.0   0.09540
  17280.5   0.09795
  17338.2   0.09988
  17396.4   0.10086
  17455.0   0.10073
  17514.0   0.09909
  17573.3   0.09676
  17633.1   0.09422
  17693.3   0.09174
  17753.9   0.08985
  17814.9   0.08912
  17876.3   0.08956
  17938.2   0.09118
  18000.5   0.09358
  18063.2   0.09658
  18126.3   0.10006
  18189.9   0.10391
  18254.0   0.10696
  18318.5   0.10801
  18383.5   0.10653
  18448.9   0.10326
  18514.8   0.09960
  18581.1   0.09738
  18648.0   0.09671
  18715.3   0.09644
  18783.1   0.09480
  18851.4   0.09177
  18920.2   0.08972
  18989.5   0.09104
  19059.3   0.09601
  19129.7   0.10332
  19200.5   0.11112
  19271.9   0.11833
  19343.8   0.12373
  19416.2   0.12683
  19489.2   0.12760
  19562.8   0.12663
  19636.9   0.12460
  19711.5   0.12215
  19786.8   0.11917
  19862.6   0.11559
  19939.0   0.11164
  20016.0   0.10753
  20093.5   0.10336
  20171.7   0.09916
  20250.5   0.09444
  20329.9   0.08872
  20410.0   0.08333
  20490.7   0.07863
  20572.0   0.07411
  20653.9   0.07002
  20736.5   0.06601
  20819.8   0.06240
  20903.8   0.05912
  20988.4   0.05570
  21073.7   0.05243
  21159.7   0.04978
  21246.5   0.04888
  21333.9   0.05125
  21422.0   0.05524
  21510.9   0.05967
  21600.6   0.06498
  21690.9   0.07135
  21782.1   0.07781
  21874.0   0.08287
  21966.7   0.08636
  22060.1   0.08810
  22154.4   0.08855
  22249.5   0.08862
  22345.4   0.08661
  22442.1   0.08314
  22539.7   0.07937
  22638.1   0.07461
  22737.4   0.06887
  22837.6   0.06324
  22938.7   0.05929
  23040.6   0.05666
  23143.5   0.05532
  23247.2   0.05449
  23352.0   0.05217
  23457.6   0.04916
  23564.3   0.04621
  23671.8   0.04398
  23780.4   0.04262
  23890.0   0.04231
  24000.6   0.04174
  24112.3   0.04093
  24224.9   0.04069
  24338.7   0.04111
  24453.5   0.04291
  24569.4   0.04707
  24686.4   0.05176
  24804.5   0.05540
  24923.7   0.05736
  25044.1   0.05923
  25165.7   0.05982
  25288.5   0.05814
  25412.4   0.05587
  25537.6   0.05440
  25664.0   0.05196
  25791.7   0.04928
  25920.7   0.04659



 NNIPE34     .ASC                        

 PE-CMP-034-I                                                            
 N1,N2,N4 DATA MERGED @ 1060 AND 2790   OPX 25-75                        

 Source Ang: 30.00   Detect Ang: 30.00  Volt: 1.222
 Date: 29-JUL-92   Time: 15:13:11
