  4656
    650.1   0.29260
    650.3   0.28973
    650.5   0.28767
    650.6   0.28595
    650.8   0.28370
    650.9   0.28152
    651.1   0.27979
    651.3   0.27830
    651.4   0.27635
    651.6   0.27431
    651.8   0.27270
    651.9   0.27108
    652.1   0.26935
    652.3   0.26752
    652.4   0.26604
    652.6   0.26473
    652.7   0.26322
    652.9   0.26152
    653.1   0.26022
    653.2   0.25903
    653.4   0.25762
    653.6   0.25613
    653.7   0.25503
    653.9   0.25404
    654.1   0.25265
    654.2   0.25127
    654.4   0.25029
    654.6   0.24950
    654.7   0.24832
    654.9   0.24707
    655.1   0.24617
    655.2   0.24532
    655.4   0.24419
    655.6   0.24301
    655.7   0.24229
    655.9   0.24160
    656.1   0.24067
    656.2   0.23969
    656.4   0.23882
    656.6   0.23808
    656.7   0.23714
    656.9   0.23616
    657.1   0.23530
    657.2   0.23469
    657.4   0.23387
    657.6   0.23304
    657.7   0.23238
    657.9   0.23165
    658.1   0.23085
    658.2   0.22998
    658.4   0.22935
    658.6   0.22874
    658.7   0.22806
    658.9   0.22734
    659.1   0.22677
    659.2   0.22627
    659.4   0.22563
    659.6   0.22500
    659.7   0.22448
    659.9   0.22398
    660.1   0.22336
    660.2   0.22281
    660.4   0.22232
    660.6   0.22190
    660.7   0.22120
    660.9   0.22050
    661.1   0.21995
    661.2   0.21953
    661.4   0.21905
    661.6   0.21856
    661.7   0.21814
    661.9   0.21777
    662.1   0.21728
    662.3   0.21673
    662.4   0.21637
    662.6   0.21601
    662.8   0.21553
    662.9   0.21506
    663.1   0.21468
    663.3   0.21436
    663.4   0.21403
    663.6   0.21363
    663.8   0.21328
    664.0   0.21297
    664.1   0.21255
    664.3   0.21210
    664.5   0.21176
    664.6   0.21142
    664.8   0.21105
    665.0   0.21070
    665.1   0.21038
    665.3   0.21012
    665.5   0.20978
    665.7   0.20945
    665.8   0.20914
    666.0   0.20884
    666.2   0.20855
    666.3   0.20821
    666.5   0.20790
    666.7   0.20759
    666.9   0.20723
    667.0   0.20687
    667.2   0.20668
    667.4   0.20651
    667.5   0.20616
    667.7   0.20579
    667.9   0.20554
    668.1   0.20534
    668.2   0.20508
    668.4   0.20484
    668.6   0.20458
    668.7   0.20433
    668.9   0.20406
    669.1   0.20378
    669.3   0.20353
    669.4   0.20333
    669.6   0.20307
    669.8   0.20281
    670.0   0.20259
    670.1   0.20238
    670.3   0.20211
    670.5   0.20188
    670.7   0.20169
    670.8   0.20154
    671.0   0.20133
    671.2   0.20110
    671.3   0.20087
    671.5   0.20066
    671.7   0.20043
    671.9   0.20016
    672.0   0.19999
    672.2   0.19982
    672.4   0.19963
    672.6   0.19941
    672.7   0.19928
    672.9   0.19910
    673.1   0.19889
    673.3   0.19870
    673.4   0.19856
    673.6   0.19846
    673.8   0.19834
    674.0   0.19809
    674.1   0.19788
    674.3   0.19771
    674.5   0.19751
    674.7   0.19733
    674.8   0.19723
    675.0   0.19710
    675.2   0.19697
    675.4   0.19682
    675.5   0.19668
    675.7   0.19656
    675.9   0.19639
    676.1   0.19623
    676.3   0.19614
    676.4   0.19601
    676.6   0.19586
    676.8   0.19569
    677.0   0.19556
    677.1   0.19551
    677.3   0.19541
    677.5   0.19530
    677.7   0.19525
    677.8   0.19519
    678.0   0.19505
    678.2   0.19493
    678.4   0.19482
    678.6   0.19474
    678.7   0.19464
    678.9   0.19454
    679.1   0.19447
    679.3   0.19437
    679.4   0.19424
    679.6   0.19412
    679.8   0.19405
    680.0   0.19402
    680.2   0.19394
    680.3   0.19384
    680.5   0.19374
    680.7   0.19366
    680.9   0.19355
    681.0   0.19344
    681.2   0.19341
    681.4   0.19340
    681.6   0.19336
    681.8   0.19327
    681.9   0.19321
    682.1   0.19314
    682.3   0.19304
    682.5   0.19289
    682.7   0.19282
    682.8   0.19278
    683.0   0.19270
    683.2   0.19260
    683.4   0.19250
    683.6   0.19241
    683.7   0.19235
    683.9   0.19230
    684.1   0.19225
    684.3   0.19218
    684.5   0.19207
    684.6   0.19197
    684.8   0.19187
    685.0   0.19178
    685.2   0.19170
    685.4   0.19160
    685.6   0.19150
    685.7   0.19140
    685.9   0.19124
    686.1   0.19112
    686.3   0.19102
    686.5   0.19093
    686.6   0.19084
    686.8   0.19069
    687.0   0.19059
    687.2   0.19057
    687.4   0.19050
    687.6   0.19041
    687.7   0.19038
    687.9   0.19033
    688.1   0.19026
    688.3   0.19015
    688.5   0.19005
    688.6   0.18996
    688.8   0.18984
    689.0   0.18973
    689.2   0.18964
    689.4   0.18954
    689.6   0.18942
    689.7   0.18929
    689.9   0.18915
    690.1   0.18900
    690.3   0.18882
    690.5   0.18866
    690.7   0.18856
    690.8   0.18847
    691.0   0.18835
    691.2   0.18823
    691.4   0.18811
    691.6   0.18799
    691.8   0.18786
    692.0   0.18772
    692.1   0.18759
    692.3   0.18749
    692.5   0.18738
    692.7   0.18726
    692.9   0.18719
    693.1   0.18709
    693.3   0.18700
    693.4   0.18690
    693.6   0.18681
    693.8   0.18671
    694.0   0.18661
    694.2   0.18651
    694.4   0.18644
    694.6   0.18637
    694.7   0.18625
    694.9   0.18615
    695.1   0.18608
    695.3   0.18600
    695.5   0.18591
    695.7   0.18581
    695.9   0.18571
    696.0   0.18562
    696.2   0.18553
    696.4   0.18544
    696.6   0.18538
    696.8   0.18530
    697.0   0.18526
    697.2   0.18522
    697.4   0.18518
    697.5   0.18515
    697.7   0.18509
    697.9   0.18498
    698.1   0.18490
    698.3   0.18482
    698.5   0.18474
    698.7   0.18466
    698.9   0.18462
    699.0   0.18459
    699.2   0.18453
    699.4   0.18446
    699.6   0.18440
    699.8   0.18435
    700.0   0.18430
    700.2   0.18425
    700.4   0.18420
    700.6   0.18418
    700.7   0.18413
    700.9   0.18407
    701.1   0.18401
    701.3   0.18400
    701.5   0.18398
    701.7   0.18396
    701.9   0.18393
    702.1   0.18388
    702.3   0.18381
    702.5   0.18375
    702.6   0.18370
    702.8   0.18368
    703.0   0.18364
    703.2   0.18358
    703.4   0.18353
    703.6   0.18349
    703.8   0.18346
    704.0   0.18342
    704.2   0.18335
    704.4   0.18330
    704.6   0.18328
    704.7   0.18327
    704.9   0.18325
    705.1   0.18323
    705.3   0.18317
    705.5   0.18311
    705.7   0.18307
    705.9   0.18303
    706.1   0.18298
    706.3   0.18293
    706.5   0.18289
    706.7   0.18285
    706.9   0.18280
    707.1   0.18279
    707.2   0.18276
    707.4   0.18273
    707.6   0.18266
    707.8   0.18257
    708.0   0.18254
    708.2   0.18251
    708.4   0.18248
    708.6   0.18244
    708.8   0.18240
    709.0   0.18237
    709.2   0.18234
    709.4   0.18229
    709.6   0.18224
    709.8   0.18218
    710.0   0.18211
    710.2   0.18204
    710.4   0.18201
    710.5   0.18200
    710.7   0.18195
    710.9   0.18191
    711.1   0.18184
    711.3   0.18179
    711.5   0.18171
    711.7   0.18165
    711.9   0.18161
    712.1   0.18157
    712.3   0.18152
    712.5   0.18146
    712.7   0.18141
    712.9   0.18137
    713.1   0.18133
    713.3   0.18128
    713.5   0.18123
    713.7   0.18118
    713.9   0.18112
    714.1   0.18105
    714.3   0.18100
    714.5   0.18095
    714.7   0.18088
    714.9   0.18082
    715.1   0.18076
    715.3   0.18070
    715.4   0.18063
    715.6   0.18055
    715.8   0.18048
    716.0   0.18043
    716.2   0.18039
    716.4   0.18034
    716.6   0.18031
    716.8   0.18024
    717.0   0.18016
    717.2   0.18007
    717.4   0.17998
    717.6   0.17994
    717.8   0.17987
    718.0   0.17980
    718.2   0.17973
    718.4   0.17965
    718.6   0.17959
    718.8   0.17953
    719.0   0.17947
    719.2   0.17942
    719.4   0.17938
    719.6   0.17930
    719.8   0.17924
    720.0   0.17916
    720.2   0.17907
    720.4   0.17898
    720.6   0.17891
    720.8   0.17885
    721.0   0.17876
    721.2   0.17866
    721.4   0.17856
    721.6   0.17847
    721.8   0.17839
    722.0   0.17833
    722.2   0.17827
    722.4   0.17819
    722.6   0.17808
    722.8   0.17797
    723.0   0.17786
    723.2   0.17777
    723.4   0.17769
    723.6   0.17761
    723.8   0.17754
    724.0   0.17743
    724.2   0.17732
    724.4   0.17722
    724.6   0.17713
    724.9   0.17704
    725.1   0.17694
    725.3   0.17685
    725.5   0.17678
    725.7   0.17669
    725.9   0.17660
    726.1   0.17647
    726.3   0.17635
    726.5   0.17623
    726.7   0.17614
    726.9   0.17604
    727.1   0.17594
    727.3   0.17583
    727.5   0.17572
    727.7   0.17560
    727.9   0.17550
    728.1   0.17539
    728.3   0.17527
    728.5   0.17516
    728.7   0.17505
    728.9   0.17492
    729.1   0.17478
    729.3   0.17466
    729.5   0.17455
    729.7   0.17443
    730.0   0.17432
    730.2   0.17420
    730.4   0.17407
    730.6   0.17394
    730.8   0.17382
    731.0   0.17368
    731.2   0.17355
    731.4   0.17342
    731.6   0.17330
    731.8   0.17318
    732.0   0.17304
    732.2   0.17289
    732.4   0.17275
    732.6   0.17261
    732.8   0.17248
    733.1   0.17234
    733.3   0.17219
    733.5   0.17203
    733.7   0.17189
    733.9   0.17176
    734.1   0.17163
    734.3   0.17147
    734.5   0.17132
    734.7   0.17116
    734.9   0.17100
    735.1   0.17084
    735.3   0.17070
    735.5   0.17055
    735.8   0.17039
    736.0   0.17023
    736.2   0.17006
    736.4   0.16989
    736.6   0.16973
    736.8   0.16956
    737.0   0.16941
    737.2   0.16924
    737.4   0.16908
    737.6   0.16890
    737.9   0.16873
    738.1   0.16855
    738.3   0.16838
    738.5   0.16821
    738.7   0.16804
    738.9   0.16791
    739.1   0.16773
    739.3   0.16756
    739.5   0.16738
    739.7   0.16719
    740.0   0.16699
    740.2   0.16680
    740.4   0.16661
    740.6   0.16642
    740.8   0.16623
    741.0   0.16604
    741.2   0.16584
    741.4   0.16566
    741.7   0.16545
    741.9   0.16525
    742.1   0.16505
    742.3   0.16486
    742.5   0.16468
    742.7   0.16449
    742.9   0.16430
    743.1   0.16409
    743.4   0.16388
    743.6   0.16367
    743.8   0.16348
    744.0   0.16329
    744.2   0.16305
    744.4   0.16283
    744.6   0.16262
    744.8   0.16242
    745.1   0.16221
    745.3   0.16201
    745.5   0.16179
    745.7   0.16155
    745.9   0.16131
    746.1   0.16107
    746.3   0.16085
    746.6   0.16067
    746.8   0.16046
    747.0   0.16023
    747.2   0.16000
    747.4   0.15977
    747.6   0.15954
    747.9   0.15931
    748.1   0.15908
    748.3   0.15884
    748.5   0.15861
    748.7   0.15836
    748.9   0.15812
    749.2   0.15787
    749.4   0.15763
    749.6   0.15740
    749.8   0.15716
    750.0   0.15693
    750.2   0.15668
    750.5   0.15644
    750.7   0.15621
    750.9   0.15597
    751.1   0.15573
    751.3   0.15549
    751.5   0.15522
    751.8   0.15496
    752.0   0.15470
    752.2   0.15442
    752.4   0.15417
    752.6   0.15391
    752.9   0.15366
    753.1   0.15339
    753.3   0.15314
    753.5   0.15289
    753.7   0.15262
    753.9   0.15235
    754.2   0.15208
    754.4   0.15182
    754.6   0.15156
    754.8   0.15128
    755.0   0.15102
    755.3   0.15075
    755.5   0.15049
    755.7   0.15022
    755.9   0.14993
    756.1   0.14964
    756.4   0.14935
    756.6   0.14907
    756.8   0.14878
    757.0   0.14851
    757.3   0.14823
    757.5   0.14796
    757.7   0.14770
    757.9   0.14743
    758.1   0.14715
    758.4   0.14687
    758.6   0.14656
    758.8   0.14625
    759.0   0.14594
    759.2   0.14565
    759.5   0.14538
    759.7   0.14509
    759.9   0.14480
    760.1   0.14450
    760.4   0.14419
    760.6   0.14389
    760.8   0.14359
    761.0   0.14330
    761.3   0.14301
    761.5   0.14272
    761.7   0.14240
    761.9   0.14209
    762.1   0.14178
    762.4   0.14148
    762.6   0.14117
    762.8   0.14085
    763.0   0.14055
    763.3   0.14026
    763.5   0.13997
    763.7   0.13966
    763.9   0.13935
    764.2   0.13904
    764.4   0.13872
    764.6   0.13841
    764.8   0.13809
    765.1   0.13777
    765.3   0.13743
    765.5   0.13711
    765.8   0.13680
    766.0   0.13649
    766.2   0.13619
    766.4   0.13588
    766.7   0.13557
    766.9   0.13524
    767.1   0.13492
    767.3   0.13459
    767.6   0.13426
    767.8   0.13393
    768.0   0.13361
    768.2   0.13330
    768.5   0.13298
    768.7   0.13265
    768.9   0.13233
    769.2   0.13201
    769.4   0.13170
    769.6   0.13139
    769.8   0.13107
    770.1   0.13075
    770.3   0.13042
    770.5   0.13008
    770.8   0.12975
    771.0   0.12942
    771.2   0.12909
    771.4   0.12876
    771.7   0.12845
    771.9   0.12813
    772.1   0.12780
    772.4   0.12748
    772.6   0.12714
    772.8   0.12680
    773.1   0.12645
    773.3   0.12613
    773.5   0.12580
    773.8   0.12547
    774.0   0.12515
    774.2   0.12483
    774.4   0.12450
    774.7   0.12416
    774.9   0.12382
    775.1   0.12348
    775.4   0.12315
    775.6   0.12284
    775.8   0.12250
    776.1   0.12217
    776.3   0.12184
    776.5   0.12151
    776.8   0.12118
    777.0   0.12085
    777.2   0.12051
    777.5   0.12017
    777.7   0.11984
    777.9   0.11951
    778.2   0.11918
    778.4   0.11885
    778.6   0.11851
    778.9   0.11817
    779.1   0.11784
    779.3   0.11751
    779.6   0.11718
    779.8   0.11686
    780.0   0.11652
    780.3   0.11619
    780.5   0.11586
    780.7   0.11553
    781.0   0.11522
    781.2   0.11489
    781.4   0.11457
    781.7   0.11424
    781.9   0.11389
    782.2   0.11355
    782.4   0.11322
    782.6   0.11289
    782.9   0.11257
    783.1   0.11224
    783.3   0.11190
    783.6   0.11155
    783.8   0.11122
    784.0   0.11090
    784.3   0.11058
    784.5   0.11025
    784.8   0.10992
    785.0   0.10958
    785.2   0.10924
    785.5   0.10889
    785.7   0.10857
    786.0   0.10824
    786.2   0.10791
    786.4   0.10759
    786.7   0.10727
    786.9   0.10695
    787.1   0.10664
    787.4   0.10631
    787.6   0.10600
    787.9   0.10569
    788.1   0.10538
    788.3   0.10506
    788.6   0.10475
    788.8   0.10442
    789.1   0.10408
    789.3   0.10374
    789.5   0.10341
    789.8   0.10307
    790.0   0.10275
    790.3   0.10244
    790.5   0.10214
    790.7   0.10183
    791.0   0.10152
    791.2   0.10119
    791.5   0.10086
    791.7   0.10055
    792.0   0.10023
    792.2   0.09991
    792.4   0.09960
    792.7   0.09929
    792.9   0.09897
    793.2   0.09866
    793.4   0.09835
    793.7   0.09806
    793.9   0.09776
    794.1   0.09745
    794.4   0.09713
    794.6   0.09681
    794.9   0.09648
    795.1   0.09616
    795.4   0.09585
    795.6   0.09554
    795.8   0.09523
    796.1   0.09493
    796.3   0.09464
    796.6   0.09435
    796.8   0.09405
    797.1   0.09374
    797.3   0.09345
    797.6   0.09314
    797.8   0.09284
    798.1   0.09253
    798.3   0.09223
    798.5   0.09192
    798.8   0.09162
    799.0   0.09132
    799.3   0.09103
    799.5   0.09074
    799.8   0.09046
    800.0   0.09017
    800.3   0.08988
    800.5   0.08960
    800.8   0.08931
    801.0   0.08902
    801.3   0.08873
    801.5   0.08844
    801.8   0.08814
    802.0   0.08784
    802.2   0.08755
    802.5   0.08726
    802.7   0.08696
    803.0   0.08667
    803.2   0.08639
    803.5   0.08612
    803.7   0.08582
    804.0   0.08553
    804.2   0.08526
    804.5   0.08500
    804.7   0.08473
    805.0   0.08445
    805.2   0.08416
    805.5   0.08388
    805.7   0.08361
    806.0   0.08334
    806.2   0.08307
    806.5   0.08280
    806.7   0.08251
    807.0   0.08222
    807.2   0.08195
    807.5   0.08169
    807.7   0.08145
    808.0   0.08119
    808.3   0.08092
    808.5   0.08065
    808.8   0.08038
    809.0   0.08012
    809.3   0.07986
    809.5   0.07960
    809.8   0.07933
    810.0   0.07905
    810.3   0.07880
    810.5   0.07855
    810.8   0.07831
    811.0   0.07806
    811.3   0.07780
    811.5   0.07754
    811.8   0.07727
    812.1   0.07702
    812.3   0.07677
    812.6   0.07651
    812.8   0.07625
    813.1   0.07600
    813.3   0.07576
    813.6   0.07552
    813.8   0.07528
    814.1   0.07504
    814.3   0.07479
    814.6   0.07455
    814.9   0.07431
    815.1   0.07406
    815.4   0.07382
    815.6   0.07358
    815.9   0.07334
    816.1   0.07310
    816.4   0.07287
    816.7   0.07264
    816.9   0.07241
    817.2   0.07218
    817.4   0.07195
    817.7   0.07171
    817.9   0.07147
    818.2   0.07125
    818.5   0.07103
    818.7   0.07081
    819.0   0.07059
    819.2   0.07037
    819.5   0.07015
    819.8   0.06994
    820.0   0.06972
    820.3   0.06950
    820.5   0.06929
    820.8   0.06907
    821.1   0.06886
    821.3   0.06865
    821.6   0.06844
    821.8   0.06822
    822.1   0.06800
    822.4   0.06778
    822.6   0.06757
    822.9   0.06737
    823.1   0.06717
    823.4   0.06698
    823.7   0.06678
    823.9   0.06659
    824.2   0.06638
    824.4   0.06617
    824.7   0.06595
    825.0   0.06575
    825.2   0.06557
    825.5   0.06539
    825.8   0.06520
    826.0   0.06499
    826.3   0.06478
    826.6   0.06457
    826.8   0.06437
    827.1   0.06420
    827.3   0.06403
    827.6   0.06386
    827.9   0.06368
    828.1   0.06350
    828.4   0.06330
    828.7   0.06311
    828.9   0.06292
    829.2   0.06273
    829.5   0.06255
    829.7   0.06236
    830.0   0.06219
    830.3   0.06201
    830.5   0.06183
    830.8   0.06164
    831.1   0.06146
    831.3   0.06129
    831.6   0.06111
    831.9   0.06095
    832.1   0.06079
    832.4   0.06063
    832.7   0.06046
    832.9   0.06029
    833.2   0.06012
    833.5   0.05996
    833.7   0.05980
    834.0   0.05963
    834.3   0.05947
    834.5   0.05932
    834.8   0.05917
    835.1   0.05902
    835.3   0.05885
    835.6   0.05868
    835.9   0.05850
    836.2   0.05833
    836.4   0.05817
    836.7   0.05802
    837.0   0.05788
    837.2   0.05774
    837.5   0.05759
    837.8   0.05744
    838.0   0.05729
    838.3   0.05714
    838.6   0.05699
    838.9   0.05685
    839.1   0.05670
    839.4   0.05656
    839.7   0.05642
    839.9   0.05628
    840.2   0.05613
    840.5   0.05598
    840.8   0.05584
    841.0   0.05570
    841.3   0.05556
    841.6   0.05542
    841.9   0.05529
    842.1   0.05516
    842.4   0.05504
    842.7   0.05490
    842.9   0.05477
    843.2   0.05463
    843.5   0.05450
    843.8   0.05438
    844.0   0.05425
    844.3   0.05412
    844.6   0.05398
    844.9   0.05385
    845.1   0.05372
    845.4   0.05360
    845.7   0.05349
    846.0   0.05336
    846.3   0.05325
    846.5   0.05313
    846.8   0.05300
    847.1   0.05287
    847.4   0.05274
    847.6   0.05262
    847.9   0.05250
    848.2   0.05239
    848.5   0.05227
    848.7   0.05216
    849.0   0.05204
    849.3   0.05192
    849.6   0.05182
    849.9   0.05172
    850.1   0.05160
    850.4   0.05148
    850.7   0.05137
    851.0   0.05126
    851.3   0.05115
    851.5   0.05105
    851.8   0.05094
    852.1   0.05083
    852.4   0.05072
    852.7   0.05062
    852.9   0.05051
    853.2   0.05041
    853.5   0.05030
    853.8   0.05020
    854.1   0.05009
    854.3   0.04999
    854.6   0.04989
    854.9   0.04980
    855.2   0.04971
    855.5   0.04961
    855.8   0.04950
    856.0   0.04940
    856.3   0.04931
    856.6   0.04922
    856.9   0.04912
    857.2   0.04902
    857.4   0.04893
    857.7   0.04885
    858.0   0.04876
    858.3   0.04866
    858.6   0.04857
    858.9   0.04847
    859.2   0.04838
    859.4   0.04830
    859.7   0.04822
    860.0   0.04813
    860.3   0.04804
    860.6   0.04794
    860.9   0.04786
    861.2   0.04778
    861.4   0.04771
    861.7   0.04763
    862.0   0.04754
    862.3   0.04745
    862.6   0.04737
    862.9   0.04729
    863.2   0.04721
    863.4   0.04713
    863.7   0.04704
    864.0   0.04696
    864.3   0.04689
    864.6   0.04682
    864.9   0.04674
    865.2   0.04666
    865.5   0.04658
    865.8   0.04651
    866.0   0.04644
    866.3   0.04636
    866.6   0.04629
    866.9   0.04622
    867.2   0.04614
    867.5   0.04606
    867.8   0.04599
    868.1   0.04592
    868.4   0.04585
    868.7   0.04579
    868.9   0.04572
    869.2   0.04565
    869.5   0.04559
    869.8   0.04552
    870.1   0.04545
    870.4   0.04538
    870.7   0.04531
    871.0   0.04524
    871.3   0.04518
    871.6   0.04511
    871.9   0.04505
    872.2   0.04498
    872.5   0.04492
    872.8   0.04486
    873.0   0.04479
    873.3   0.04473
    873.6   0.04468
    873.9   0.04462
    874.2   0.04456
    874.5   0.04450
    874.8   0.04444
    875.1   0.04437
    875.4   0.04431
    875.7   0.04426
    876.0   0.04421
    876.3   0.04416
    876.6   0.04410
    876.9   0.04404
    877.2   0.04399
    877.5   0.04394
    877.8   0.04389
    878.1   0.04383
    878.4   0.04379
    878.7   0.04374
    879.0   0.04368
    879.3   0.04363
    879.6   0.04358
    879.9   0.04352
    880.2   0.04347
    880.5   0.04342
    880.8   0.04337
    881.1   0.04332
    881.4   0.04328
    881.7   0.04323
    882.0   0.04319
    882.3   0.04314
    882.6   0.04309
    882.9   0.04304
    883.2   0.04300
    883.5   0.04296
    883.8   0.04293
    884.1   0.04289
    884.4   0.04284
    884.7   0.04280
    885.0   0.04275
    885.3   0.04272
    885.6   0.04268
    885.9   0.04264
    886.2   0.04259
    886.5   0.04255
    886.8   0.04252
    887.1   0.04249
    887.4   0.04246
    887.7   0.04243
    888.0   0.04239
    888.3   0.04235
    888.6   0.04231
    888.9   0.04228
    889.2   0.04225
    889.5   0.04223
    889.8   0.04220
    890.1   0.04215
    890.4   0.04212
    890.7   0.04209
    891.1   0.04205
    891.4   0.04201
    891.7   0.04199
    892.0   0.04196
    892.3   0.04193
    892.6   0.04190
    892.9   0.04187
    893.2   0.04185
    893.5   0.04182
    893.8   0.04180
    894.1   0.04178
    894.4   0.04175
    894.7   0.04173
    895.1   0.04170
    895.4   0.04168
    895.7   0.04166
    896.0   0.04163
    896.3   0.04161
    896.6   0.04159
    896.9   0.04158
    897.2   0.04156
    897.5   0.04153
    897.8   0.04150
    898.2   0.04148
    898.5   0.04146
    898.8   0.04145
    899.1   0.04144
    899.4   0.04142
    899.7   0.04141
    900.0   0.04140
    900.3   0.04138
    900.6   0.04137
    901.0   0.04135
    901.3   0.04134
    901.6   0.04133
    901.9   0.04132
    902.2   0.04130
    902.5   0.04129
    902.8   0.04127
    903.2   0.04126
    903.5   0.04125
    903.8   0.04123
    904.1   0.04122
    904.4   0.04121
    904.7   0.04120
    905.1   0.04119
    905.4   0.04119
    905.7   0.04119
    906.0   0.04118
    906.3   0.04118
    906.6   0.04117
    907.0   0.04117
    907.3   0.04116
    907.6   0.04116
    907.9   0.04115
    908.2   0.04114
    908.5   0.04114
    908.9   0.04113
    909.2   0.04114
    909.5   0.04114
    909.8   0.04114
    910.1   0.04113
    910.5   0.04113
    910.8   0.04114
    911.1   0.04114
    911.4   0.04115
    911.7   0.04115
    912.1   0.04115
    912.4   0.04115
    912.7   0.04114
    913.0   0.04115
    913.3   0.04116
    913.7   0.04117
    914.0   0.04117
    914.3   0.04118
    914.6   0.04119
    915.0   0.04120
    915.3   0.04121
    915.6   0.04121
    915.9   0.04122
    916.2   0.04123
    916.6   0.04124
    916.9   0.04126
    917.2   0.04127
    917.5   0.04128
    917.9   0.04128
    918.2   0.04129
    918.5   0.04130
    918.8   0.04132
    919.2   0.04133
    919.5   0.04134
    919.8   0.04135
    920.2   0.04137
    920.5   0.04139
    920.8   0.04141
    921.1   0.04144
    921.5   0.04146
    921.8   0.04147
    922.1   0.04149
    922.4   0.04151
    922.8   0.04153
    923.1   0.04155
    923.4   0.04157
    923.8   0.04160
    924.1   0.04162
    924.4   0.04164
    924.7   0.04166
    925.1   0.04168
    925.4   0.04170
    925.7   0.04173
    926.1   0.04176
    926.4   0.04179
    926.7   0.04181
    927.1   0.04184
    927.4   0.04187
    927.7   0.04190
    928.1   0.04193
    928.4   0.04197
    928.7   0.04200
    929.1   0.04203
    929.4   0.04206
    929.7   0.04209
    930.1   0.04212
    930.4   0.04216
    930.7   0.04220
    931.1   0.04223
    931.4   0.04226
    931.7   0.04230
    932.1   0.04233
    932.4   0.04237
    932.7   0.04241
    933.1   0.04245
    933.4   0.04249
    933.7   0.04252
    934.1   0.04257
    934.4   0.04261
    934.8   0.04265
    935.1   0.04270
    935.4   0.04274
    935.8   0.04278
    936.1   0.04282
    936.4   0.04287
    936.8   0.04292
    937.1   0.04296
    937.5   0.04301
    937.8   0.04306
    938.1   0.04311
    938.5   0.04316
    938.8   0.04321
    939.2   0.04326
    939.5   0.04332
    939.8   0.04337
    940.2   0.04343
    940.5   0.04349
    940.9   0.04354
    941.2   0.04359
    941.5   0.04365
    941.9   0.04371
    942.2   0.04376
    942.6   0.04382
    942.9   0.04389
    943.3   0.04395
    943.6   0.04401
    943.9   0.04407
    944.3   0.04413
    944.6   0.04420
    945.0   0.04426
    945.3   0.04432
    945.7   0.04439
    946.0   0.04446
    946.4   0.04453
    946.7   0.04460
    947.0   0.04467
    947.4   0.04474
    947.7   0.04481
    948.1   0.04489
    948.4   0.04496
    948.8   0.04504
    949.1   0.04511
    949.5   0.04518
    949.8   0.04526
    950.2   0.04534
    950.5   0.04542
    950.9   0.04550
    951.2   0.04559
    951.6   0.04567
    951.9   0.04575
    952.3   0.04584
    952.6   0.04593
    953.0   0.04601
    953.3   0.04609
    953.7   0.04617
    954.0   0.04626
    954.4   0.04635
    954.7   0.04644
    955.1   0.04654
    955.4   0.04664
    955.8   0.04673
    956.1   0.04683
    956.5   0.04693
    956.8   0.04703
    957.2   0.04713
    957.5   0.04723
    957.9   0.04733
    958.3   0.04743
    958.6   0.04754
    959.0   0.04764
    959.3   0.04774
    959.7   0.04785
    960.0   0.04796
    960.4   0.04807
    960.7   0.04817
    961.1   0.04828
    961.4   0.04839
    961.8   0.04850
    962.2   0.04862
    962.5   0.04874
    962.9   0.04886
    963.2   0.04898
    963.6   0.04910
    964.0   0.04922
    964.3   0.04934
    964.7   0.04947
    965.0   0.04959
    965.4   0.04972
    965.7   0.04984
    966.1   0.04997
    966.5   0.05010
    966.8   0.05024
    967.2   0.05037
    967.6   0.05051
    967.9   0.05064
    968.3   0.05078
    968.6   0.05091
    969.0   0.05105
    969.4   0.05119
    969.7   0.05133
    970.1   0.05148
    970.4   0.05162
    970.8   0.05177
    971.2   0.05191
    971.5   0.05205
    971.9   0.05220
    972.3   0.05236
    972.6   0.05252
    973.0   0.05268
    973.4   0.05284
    973.7   0.05300
    974.1   0.05316
    974.5   0.05332
    974.8   0.05348
    975.2   0.05365
    975.6   0.05381
    975.9   0.05398
    976.3   0.05415
    976.7   0.05431
    977.0   0.05448
    977.4   0.05465
    977.8   0.05483
    978.1   0.05501
    978.5   0.05519
    978.9   0.05537
    979.2   0.05555
    979.6   0.05573
    980.0   0.05591
    980.4   0.05610
    980.7   0.05628
    981.1   0.05648
    981.5   0.05667
    981.8   0.05686
    982.2   0.05706
    982.6   0.05726
    983.0   0.05745
    983.3   0.05765
    983.7   0.05785
    984.1   0.05806
    984.5   0.05826
    984.8   0.05847
    985.2   0.05867
    985.6   0.05888
    986.0   0.05909
    986.3   0.05930
    986.7   0.05952
    987.1   0.05973
    987.5   0.05995
    987.8   0.06017
    988.2   0.06039
    988.6   0.06062
    989.0   0.06085
    989.3   0.06107
    989.7   0.06130
    990.1   0.06153
    990.5   0.06176
    990.9   0.06199
    991.2   0.06223
    991.6   0.06247
    992.0   0.06271
    992.4   0.06295
    992.7   0.06319
    993.1   0.06343
    993.5   0.06367
    993.9   0.06392
    994.3   0.06418
    994.7   0.06443
    995.0   0.06468
    995.4   0.06494
    995.8   0.06519
    996.2   0.06545
    996.6   0.06571
    996.9   0.06598
    997.3   0.06625
    997.7   0.06652
    998.1   0.06679
    998.5   0.06706
    998.9   0.06733
    999.3   0.06761
    999.6   0.06788
   1000.0   0.06816
   1000.4   0.06844
   1000.8   0.06872
   1001.2   0.06900
   1001.6   0.06929
   1002.0   0.06958
   1002.3   0.06987
   1002.7   0.07017
   1003.1   0.07046
   1003.5   0.07076
   1003.9   0.07105
   1004.3   0.07136
   1004.7   0.07166
   1005.1   0.07196
   1005.5   0.07226
   1005.8   0.07257
   1006.2   0.07289
   1006.6   0.07321
   1007.0   0.07352
   1007.4   0.07384
   1007.8   0.07416
   1008.2   0.07449
   1008.6   0.07481
   1009.0   0.07513
   1009.4   0.07545
   1009.8   0.07578
   1010.2   0.07611
   1010.6   0.07644
   1010.9   0.07678
   1011.3   0.07713
   1011.7   0.07748
   1012.1   0.07782
   1012.5   0.07816
   1012.9   0.07851
   1013.3   0.07886
   1013.7   0.07921
   1014.1   0.07957
   1014.5   0.07992
   1014.9   0.08028
   1015.3   0.08064
   1015.7   0.08100
   1016.1   0.08136
   1016.5   0.08173
   1016.9   0.08210
   1017.3   0.08247
   1017.7   0.08285
   1018.1   0.08322
   1018.5   0.08360
   1018.9   0.08398
   1019.3   0.08437
   1019.7   0.08476
   1020.1   0.08515
   1020.5   0.08554
   1020.9   0.08593
   1021.3   0.08632
   1021.7   0.08671
   1022.1   0.08711
   1022.5   0.08750
   1022.9   0.08791
   1023.3   0.08832
   1023.7   0.08873
   1024.1   0.08914
   1024.5   0.08955
   1024.9   0.08996
   1025.3   0.09038
   1025.7   0.09079
   1026.2   0.09121
   1026.6   0.09163
   1027.0   0.09206
   1027.4   0.09250
   1027.8   0.09293
   1028.2   0.09337
   1028.6   0.09381
   1029.0   0.09425
   1029.4   0.09469
   1029.8   0.09513
   1030.2   0.09557
   1030.6   0.09602
   1031.1   0.09646
   1031.5   0.09691
   1031.9   0.09736
   1032.3   0.09782
   1032.7   0.09828
   1033.1   0.09874
   1033.5   0.09921
   1033.9   0.09967
   1034.3   0.10014
   1034.8   0.10061
   1035.2   0.10108
   1035.6   0.10156
   1036.0   0.10204
   1036.4   0.10252
   1036.8   0.10300
   1037.2   0.10350
   1037.7   0.10399
   1038.1   0.10448
   1038.5   0.10497
   1038.9   0.10546
   1039.3   0.10595
   1039.7   0.10645
   1040.2   0.10694
   1040.6   0.10744
   1041.0   0.10795
   1041.4   0.10846
   1041.8   0.10897
   1042.2   0.10948
   1042.7   0.11000
   1043.1   0.11052
   1043.5   0.11104
   1043.9   0.11156
   1044.3   0.11208
   1044.8   0.11261
   1045.2   0.11314
   1045.6   0.11367
   1046.0   0.11421
   1046.5   0.11474
   1046.9   0.11527
   1047.3   0.11580
   1047.7   0.11634
   1048.1   0.11687
   1048.6   0.11741
   1049.0   0.11796
   1049.4   0.11851
   1049.8   0.11905
   1050.3   0.11959
   1050.7   0.12014
   1051.1   0.12068
   1051.5   0.12124
   1052.0   0.12179
   1052.4   0.12235
   1052.8   0.12291
   1053.3   0.12346
   1053.7   0.12402
   1054.1   0.12458
   1054.5   0.12514
   1055.0   0.12570
   1055.4   0.12627
   1055.8   0.12684
   1056.3   0.12740
   1056.7   0.12797
   1057.1   0.12854
   1057.6   0.12911
   1058.0   0.12969
   1058.4   0.13026
   1058.9   0.13085
   1059.3   0.13143
   1059.7   0.13202
   1060.2   0.13261
   1060.6   0.13321
   1061.0   0.13381
   1061.5   0.13441
   1061.9   0.13500
   1062.3   0.13559
   1062.8   0.13619
   1063.2   0.13679
   1063.6   0.13737
   1064.1   0.13796
   1064.5   0.13854
   1064.9   0.13911
   1065.4   0.13968
   1065.8   0.14024
   1066.3   0.14080
   1066.7   0.14134
   1067.1   0.14189
   1067.6   0.14244
   1068.0   0.14299
   1068.5   0.14352
   1068.9   0.14405
   1069.3   0.14459
   1069.8   0.14514
   1070.2   0.14568
   1070.7   0.14622
   1071.1   0.14675
   1071.5   0.14729
   1072.0   0.14782
   1072.4   0.14836
   1072.9   0.14889
   1073.3   0.14942
   1073.8   0.14994
   1074.2   0.15047
   1074.7   0.15100
   1075.1   0.15153
   1075.5   0.15206
   1076.0   0.15259
   1076.4   0.15312
   1076.9   0.15365
   1077.3   0.15419
   1077.8   0.15470
   1078.2   0.15522
   1078.7   0.15573
   1079.1   0.15623
   1079.6   0.15674
   1080.0   0.15725
   1080.5   0.15776
   1080.9   0.15827
   1081.4   0.15901
   1081.8   0.15948
   1082.3   0.15995
   1082.7   0.16077
   1083.2   0.16116
   1083.6   0.16108
   1084.1   0.16147
   1084.5   0.16207
   1085.0   0.16243
   1085.5   0.16264
   1085.9   0.16332
   1086.4   0.16392
   1086.8   0.16474
   1087.3   0.16526
   1087.7   0.16535
   1088.2   0.16531
   1088.6   0.16625
   1089.1   0.16732
   1089.6   0.16740
   1090.0   0.16699
   1090.5   0.16778
   1090.9   0.16845
   1091.4   0.16891
   1091.9   0.16887
   1092.3   0.16848
   1092.8   0.16907
   1093.2   0.16967
   1093.7   0.17001
   1094.2   0.17048
   1094.6   0.17091
   1095.1   0.17128
   1095.5   0.17181
   1096.0   0.17227
   1096.5   0.17250
   1096.9   0.17310
   1097.4   0.17374
   1097.9   0.17373
   1098.3   0.17395
   1098.8   0.17404
   1099.3   0.17414
   1099.7   0.17479
   1100.2   0.17534
   1100.7   0.17568
   1101.1   0.17598
   1101.6   0.17631
   1102.1   0.17730
   1102.5   0.17767
   1103.0   0.17809
   1103.5   0.17838
   1103.9   0.17846
   1104.4   0.17856
   1104.9   0.17841
   1105.4   0.17964
   1105.8   0.18040
   1106.3   0.18071
   1106.8   0.18072
   1107.2   0.18066
   1107.7   0.18166
   1108.2   0.18232
   1108.7   0.18196
   1109.1   0.18178
   1109.6   0.18180
   1110.1   0.18200
   1110.6   0.18327
   1111.0   0.18346
   1111.5   0.18357
   1112.0   0.18336
   1112.5   0.18453
   1113.0   0.18524
   1113.4   0.18482
   1113.9   0.18483
   1114.4   0.18574
   1114.9   0.18649
   1115.3   0.18612
   1115.8   0.18600
   1116.3   0.18627
   1116.8   0.18706
   1117.3   0.18749
   1117.8   0.18731
   1118.2   0.18679
   1118.7   0.18749
   1119.2   0.18850
   1119.7   0.18876
   1120.2   0.18919
   1120.7   0.18944
   1121.1   0.18907
   1121.6   0.18896
   1122.1   0.18938
   1122.6   0.18959
   1123.1   0.18984
   1123.6   0.19028
   1124.1   0.19052
   1124.5   0.19126
   1125.0   0.19148
   1125.5   0.19092
   1126.0   0.19096
   1126.5   0.19184
   1127.0   0.19273
   1127.5   0.19294
   1128.0   0.19282
   1128.5   0.19297
   1128.9   0.19319
   1129.4   0.19357
   1129.9   0.19407
   1130.4   0.19443
   1130.9   0.19507
   1131.4   0.19541
   1131.9   0.19538
   1132.4   0.19516
   1132.9   0.19495
   1133.4   0.19505
   1133.9   0.19540
   1134.4   0.19575
   1134.9   0.19612
   1135.4   0.19673
   1135.9   0.19665
   1136.4   0.19647
   1136.9   0.19671
   1137.4   0.19762
   1137.9   0.19770
   1138.4   0.19748
   1138.9   0.19795
   1139.4   0.19843
   1139.9   0.19871
   1140.4   0.19893
   1140.9   0.19852
   1141.4   0.19855
   1141.9   0.19854
   1142.4   0.19873
   1142.9   0.19946
   1143.4   0.19995
   1143.9   0.19973
   1144.4   0.19960
   1144.9   0.19959
   1145.4   0.20002
   1145.9   0.20038
   1146.4   0.20019
   1146.9   0.20028
   1147.4   0.20073
   1147.9   0.20122
   1148.5   0.20183
   1149.0   0.20202
   1149.5   0.20172
   1150.0   0.20128
   1150.5   0.20174
   1151.0   0.20263
   1151.5   0.20292
   1152.0   0.20298
   1152.5   0.20287
   1153.1   0.20307
   1153.6   0.20281
   1154.1   0.20253
   1154.6   0.20308
   1155.1   0.20347
   1155.6   0.20376
   1156.1   0.20376
   1156.7   0.20381
   1157.2   0.20401
   1157.7   0.20467
   1158.2   0.20479
   1158.7   0.20433
   1159.2   0.20477
   1159.8   0.20523
   1160.3   0.20500
   1160.8   0.20491
   1161.3   0.20538
   1161.8   0.20550
   1162.4   0.20557
   1162.9   0.20589
   1163.4   0.20623
   1163.9   0.20673
   1164.5   0.20660
   1165.0   0.20664
   1165.5   0.20643
   1166.0   0.20635
   1166.5   0.20672
   1167.1   0.20653
   1167.6   0.20659
   1168.1   0.20682
   1168.7   0.20707
   1169.2   0.20730
   1169.7   0.20735
   1170.2   0.20746
   1170.8   0.20752
   1171.3   0.20768
   1171.8   0.20778
   1172.4   0.20769
   1172.9   0.20805
   1173.4   0.20814
   1173.9   0.20778
   1174.5   0.20782
   1175.0   0.20834
   1175.5   0.20890
   1176.1   0.20875
   1176.6   0.20876
   1177.1   0.20902
   1177.7   0.20895
   1178.2   0.20831
   1178.7   0.20799
   1179.3   0.20825
   1179.8   0.20879
   1180.4   0.20895
   1180.9   0.20904
   1181.4   0.20933
   1182.0   0.20970
   1182.5   0.20957
   1183.1   0.20961
   1183.6   0.20977
   1184.1   0.20961
   1184.7   0.20977
   1185.2   0.20995
   1185.8   0.21049
   1186.3   0.21052
   1186.8   0.21052
   1187.4   0.21063
   1187.9   0.21054
   1188.5   0.21024
   1189.0   0.21007
   1189.6   0.21047
   1190.1   0.21109
   1190.7   0.21122
   1191.2   0.21101
   1191.8   0.21100
   1192.3   0.21120
   1192.9   0.21109
   1193.4   0.21060
   1194.0   0.21040
   1194.5   0.21087
   1195.1   0.21087
   1195.6   0.21080
   1196.2   0.21129
   1196.7   0.21155
   1197.3   0.21151
   1197.8   0.21176
   1198.4   0.21208
   1198.9   0.21221
   1199.5   0.21223
   1200.0   0.21190
   1200.6   0.21150
   1201.1   0.21181
   1201.7   0.21208
   1202.3   0.21167
   1202.8   0.21185
   1203.4   0.21208
   1203.9   0.21245
   1204.5   0.21270
   1205.1   0.21285
   1205.6   0.21304
   1206.2   0.21274
   1206.7   0.21268
   1207.3   0.21272
   1207.9   0.21257
   1208.4   0.21254
   1209.0   0.21296
   1209.6   0.21323
   1210.1   0.21323
   1210.7   0.21308
   1211.2   0.21282
   1211.8   0.21287
   1212.4   0.21324
   1212.9   0.21328
   1213.5   0.21312
   1214.1   0.21300
   1214.7   0.21294
   1215.2   0.21307
   1215.8   0.21342
   1216.4   0.21386
   1216.9   0.21386
   1217.5   0.21348
   1218.1   0.21323
   1218.6   0.21342
   1219.2   0.21360
   1219.8   0.21368
   1220.4   0.21350
   1220.9   0.21351
   1221.5   0.21365
   1222.1   0.21364
   1222.7   0.21361
   1223.3   0.21360
   1223.8   0.21356
   1224.4   0.21356
   1225.0   0.21390
   1225.6   0.21386
   1226.1   0.21372
   1226.7   0.21385
   1227.3   0.21433
   1227.9   0.21432
   1228.5   0.21420
   1229.1   0.21433
   1229.6   0.21440
   1230.2   0.21409
   1230.8   0.21401
   1231.4   0.21397
   1232.0   0.21385
   1232.6   0.21370
   1233.1   0.21401
   1233.7   0.21449
   1234.3   0.21445
   1234.9   0.21456
   1235.5   0.21452
   1236.1   0.21416
   1236.7   0.21419
   1237.3   0.21450
   1237.9   0.21446
   1238.4   0.21436
   1239.0   0.21429
   1239.6   0.21469
   1240.2   0.21487
   1240.8   0.21444
   1241.4   0.21392
   1242.0   0.21404
   1242.6   0.21423
   1243.2   0.21475
   1243.8   0.21486
   1244.4   0.21448
   1245.0   0.21435
   1245.6   0.21450
   1246.2   0.21477
   1246.8   0.21474
   1247.4   0.21447
   1248.0   0.21416
   1248.6   0.21411
   1249.2   0.21419
   1249.8   0.21403
   1250.4   0.21411
   1251.0   0.21436
   1251.6   0.21460
   1252.2   0.21481
   1252.8   0.21460
   1253.4   0.21433
   1254.0   0.21426
   1254.6   0.21442
   1255.2   0.21423
   1255.8   0.21382
   1256.5   0.21399
   1257.1   0.21440
   1257.7   0.21464
   1258.3   0.21458
   1258.9   0.21425
   1259.5   0.21395
   1260.1   0.21403
   1260.7   0.21418
   1261.3   0.21392
   1262.0   0.21366
   1262.6   0.21377
   1263.2   0.21348
   1263.8   0.21352
   1264.4   0.21397
   1265.0   0.21397
   1265.7   0.21396
   1266.3   0.21392
   1266.9   0.21377
   1267.5   0.21379
   1268.1   0.21365
   1268.8   0.21321
   1269.4   0.21338
   1270.0   0.21326
   1270.6   0.21346
   1271.2   0.21401
   1271.9   0.21391
   1272.5   0.21359
   1273.1   0.21384
   1273.7   0.21384
   1274.4   0.21344
   1275.0   0.21336
   1275.6   0.21324
   1276.3   0.21286
   1276.9   0.21273
   1277.5   0.21287
   1278.1   0.21265
   1278.8   0.21235
   1279.4   0.21254
   1280.0   0.21260
   1280.7   0.21214
   1281.3   0.21201
   1281.9   0.21232
   1282.6   0.21216
   1283.2   0.21208
   1283.8   0.21234
   1284.5   0.21240
   1285.1   0.21213
   1285.7   0.21205
   1286.4   0.21213
   1287.0   0.21205
   1287.7   0.21178
   1288.3   0.21149
   1288.9   0.21170
   1289.6   0.21170
   1290.2   0.21153
   1290.9   0.21148
   1291.5   0.21152
   1292.2   0.21150
   1292.8   0.21140
   1293.4   0.21141
   1294.1   0.21120
   1294.7   0.21098
   1295.4   0.21120
   1296.0   0.21107
   1296.7   0.21064
   1297.3   0.21057
   1298.0   0.21081
   1298.6   0.21028
   1299.3   0.20984
   1299.9   0.21000
   1300.6   0.21034
   1301.2   0.21007
   1301.9   0.21002
   1302.5   0.21016
   1303.2   0.21010
   1303.9   0.20978
   1304.5   0.20947
   1305.2   0.20959
   1305.8   0.20931
   1306.5   0.20935
   1307.1   0.20925
   1307.8   0.20887
   1308.5   0.20875
   1309.1   0.20881
   1309.8   0.20876
   1310.4   0.20869
   1311.1   0.20829
   1311.8   0.20813
   1312.4   0.20809
   1313.1   0.20833
   1313.8   0.20825
   1314.4   0.20807
   1315.1   0.20785
   1315.8   0.20737
   1316.4   0.20706
   1317.1   0.20732
   1317.8   0.20697
   1318.4   0.20672
   1319.1   0.20692
   1319.8   0.20663
   1320.5   0.20637
   1321.1   0.20630
   1321.8   0.20613
   1322.5   0.20591
   1323.2   0.20601
   1323.8   0.20572
   1324.5   0.20541
   1325.2   0.20533
   1325.9   0.20527
   1326.5   0.20519
   1327.2   0.20503
   1327.9   0.20490
   1328.6   0.20461
   1329.3   0.20445
   1329.9   0.20434
   1330.6   0.20391
   1331.3   0.20406
   1332.0   0.20443
   1332.7   0.20429
   1333.4   0.20411
   1334.1   0.20389
   1334.7   0.20351
   1335.4   0.20317
   1336.1   0.20294
   1336.8   0.20259
   1337.5   0.20250
   1338.2   0.20227
   1338.9   0.20214
   1339.6   0.20197
   1340.3   0.20218
   1341.0   0.20231
   1341.6   0.20177
   1342.3   0.20115
   1343.0   0.20075
   1343.7   0.20057
   1344.4   0.20064
   1345.1   0.20049
   1345.8   0.20025
   1346.5   0.20021
   1347.2   0.19996
   1347.9   0.19985
   1348.6   0.19975
   1349.3   0.19946
   1350.0   0.19918
   1350.7   0.19892
   1351.4   0.19856
   1352.1   0.19814
   1352.9   0.19795
   1353.6   0.19794
   1354.3   0.19797
   1355.0   0.19792
   1355.7   0.19758
   1356.4   0.19711
   1357.1   0.19693
   1357.8   0.19658
   1358.5   0.19607
   1359.2   0.19597
   1360.0   0.19598
   1360.7   0.19579
   1361.4   0.19538
   1362.1   0.19515
   1362.8   0.19520
   1363.5   0.19508
   1364.2   0.19468
   1365.0   0.19449
   1365.7   0.19434
   1366.4   0.19393
   1367.1   0.19351
   1367.8   0.19310
   1368.6   0.19287
   1369.3   0.19275
   1370.0   0.19266
   1370.7   0.19232
   1371.5   0.19211
   1372.2   0.19214
   1372.9   0.19163
   1373.6   0.19123
   1374.4   0.19086
   1375.1   0.19049
   1375.8   0.19020
   1376.6   0.18973
   1377.3   0.18894
   1378.0   0.18878
   1378.8   0.18887
   1379.5   0.18855
   1380.2   0.18841
   1381.0   0.18821
   1381.7   0.18802
   1382.4   0.18803
   1383.2   0.18764
   1383.9   0.18723
   1384.7   0.18682
   1385.4   0.18650
   1386.1   0.18626
   1386.9   0.18588
   1387.6   0.18554
   1388.4   0.18530
   1389.1   0.18490
   1389.8   0.18463
   1390.6   0.18399
   1391.3   0.18270
   1392.1   0.18082
   1392.8   0.17929
   1393.6   0.17971
   1394.3   0.18072
   1395.1   0.18099
   1395.8   0.18116
   1396.6   0.18109
   1397.3   0.18068
   1398.1   0.18035
   1398.8   0.18006
   1399.6   0.17973
   1400.4   0.17980
   1401.1   0.17997
   1401.9   0.17974
   1402.6   0.17925
   1403.4   0.17892
   1404.2   0.17864
   1404.9   0.17834
   1405.7   0.17801
   1406.4   0.17785
   1407.2   0.17769
   1408.0   0.17759
   1408.7   0.17737
   1409.5   0.17717
   1410.3   0.17668
   1411.0   0.17636
   1411.8   0.17631
   1412.6   0.17630
   1413.3   0.17597
   1414.1   0.17550
   1414.9   0.17526
   1415.7   0.17502
   1416.4   0.17466
   1417.2   0.17415
   1418.0   0.17394
   1418.8   0.17371
   1419.5   0.17351
   1420.3   0.17313
   1421.1   0.17265
   1421.9   0.17243
   1422.6   0.17222
   1423.4   0.17187
   1424.2   0.17166
   1425.0   0.17132
   1425.8   0.17057
   1426.6   0.17034
   1427.3   0.17025
   1428.1   0.16970
   1428.9   0.16915
   1429.7   0.16876
   1430.5   0.16882
   1431.3   0.16865
   1432.1   0.16812
   1432.9   0.16769
   1433.7   0.16740
   1434.5   0.16740
   1435.3   0.16730
   1436.0   0.16656
   1436.8   0.16629
   1437.6   0.16605
   1438.4   0.16541
   1439.2   0.16493
   1440.0   0.16475
   1440.8   0.16440
   1441.6   0.16392
   1442.4   0.16363
   1443.2   0.16341
   1444.0   0.16317
   1444.9   0.16305
   1445.7   0.16272
   1446.5   0.16220
   1447.3   0.16194
   1448.1   0.16173
   1448.9   0.16112
   1449.7   0.16044
   1450.5   0.16021
   1451.3   0.16005
   1452.1   0.15930
   1453.0   0.15898
   1453.8   0.15899
   1454.6   0.15881
   1455.4   0.15833
   1456.2   0.15785
   1457.0   0.15739
   1457.9   0.15696
   1458.7   0.15658
   1459.5   0.15600
   1460.3   0.15576
   1461.1   0.15538
   1462.0   0.15514
   1462.8   0.15490
   1463.6   0.15471
   1464.4   0.15439
   1465.3   0.15375
   1466.1   0.15337
   1466.9   0.15300
   1467.8   0.15273
   1468.6   0.15243
   1469.4   0.15225
   1470.3   0.15182
   1471.1   0.15153
   1471.9   0.15147
   1472.8   0.15092
   1473.6   0.15016
   1474.4   0.14982
   1475.3   0.14996
   1476.1   0.14950
   1477.0   0.14863
   1477.8   0.14836
   1478.6   0.14788
   1479.5   0.14740
   1480.3   0.14720
   1481.2   0.14718
   1482.0   0.14692
   1482.9   0.14636
   1483.7   0.14572
   1484.6   0.14541
   1485.4   0.14516
   1486.3   0.14498
   1487.1   0.14459
   1488.0   0.14416
   1488.8   0.14378
   1489.7   0.14333
   1490.6   0.14318
   1491.4   0.14296
   1492.3   0.14264
   1493.1   0.14224
   1494.0   0.14146
   1494.8   0.14096
   1495.7   0.14073
   1496.6   0.14037
   1497.4   0.14010
   1498.3   0.13969
   1499.2   0.13923
   1500.0   0.13882
   1500.9   0.13833
   1501.8   0.13775
   1502.6   0.13752
   1503.5   0.13781
   1504.4   0.13756
   1505.3   0.13667
   1506.1   0.13632
   1507.0   0.13600
   1507.9   0.13555
   1508.8   0.13518
   1509.6   0.13500
   1510.5   0.13498
   1511.4   0.13484
   1512.3   0.13400
   1513.2   0.13341
   1514.1   0.13311
   1514.9   0.13280
   1515.8   0.13221
   1516.7   0.13192
   1517.6   0.13192
   1518.5   0.13187
   1519.4   0.13144
   1520.3   0.13069
   1521.2   0.13021
   1522.1   0.12982
   1523.0   0.12947
   1523.8   0.12923
   1524.7   0.12875
   1525.6   0.12803
   1526.5   0.12783
   1527.4   0.12775
   1528.3   0.12735
   1529.2   0.12723
   1530.1   0.12690
   1531.0   0.12617
   1532.0   0.12584
   1532.9   0.12547
   1533.8   0.12486
   1534.7   0.12453
   1535.6   0.12426
   1536.5   0.12387
   1537.4   0.12339
   1538.3   0.12315
   1539.2   0.12320
   1540.1   0.12291
   1541.1   0.12235
   1542.0   0.12194
   1542.9   0.12200
   1543.8   0.12181
   1544.7   0.12117
   1545.7   0.12071
   1546.6   0.12028
   1547.5   0.11984
   1548.4   0.11950
   1549.4   0.11914
   1550.3   0.11898
   1551.2   0.11888
   1552.1   0.11843
   1553.1   0.11799
   1554.0   0.11780
   1554.9   0.11733
   1555.9   0.11660
   1556.8   0.11611
   1557.7   0.11579
   1558.7   0.11574
   1559.6   0.11581
   1560.5   0.11564
   1561.5   0.11492
   1562.4   0.11438
   1563.4   0.11422
   1564.3   0.11396
   1565.3   0.11368
   1566.2   0.11322
   1567.2   0.11267
   1568.1   0.11222
   1569.0   0.11204
   1570.0   0.11201
   1571.0   0.11173
   1571.9   0.11125
   1572.9   0.11087
   1573.8   0.11071
   1574.8   0.11048
   1575.7   0.11008
   1576.7   0.10938
   1577.6   0.10918
   1578.6   0.10910
   1579.6   0.10841
   1580.5   0.10770
   1581.5   0.10760
   1582.5   0.10757
   1583.4   0.10713
   1584.4   0.10694
   1585.4   0.10684
   1586.3   0.10678
   1587.3   0.10653
   1588.3   0.10605
   1589.3   0.10543
   1590.2   0.10529
   1591.2   0.10513
   1592.2   0.10487
   1593.2   0.10450
   1594.1   0.10393
   1595.1   0.10354
   1596.1   0.10335
   1597.1   0.10321
   1598.1   0.10324
   1599.1   0.10274
   1600.0   0.10187
   1601.0   0.10148
   1602.0   0.10129
   1603.0   0.10087
   1604.0   0.10074
   1605.0   0.10078
   1606.0   0.10055
   1607.0   0.10027
   1608.0   0.09983
   1609.0   0.09950
   1610.0   0.09913
   1611.0   0.09870
   1612.0   0.09849
   1613.0   0.09855
   1614.0   0.09836
   1615.0   0.09810
   1616.0   0.09770
   1617.0   0.09713
   1618.0   0.09672
   1619.0   0.09666
   1620.0   0.09638
   1621.1   0.09604
   1622.1   0.09575
   1623.1   0.09546
   1624.1   0.09514
   1625.1   0.09496
   1626.1   0.09467
   1627.2   0.09437
   1628.2   0.09436
   1629.2   0.09416
   1630.2   0.09383
   1631.3   0.09353
   1632.3   0.09334
   1633.3   0.09316
   1634.3   0.09288
   1635.4   0.09221
   1636.4   0.09172
   1637.4   0.09164
   1638.5   0.09138
   1639.5   0.09123
   1640.5   0.09112
   1641.6   0.09075
   1642.6   0.09062
   1643.7   0.09051
   1644.7   0.09023
   1645.8   0.08977
   1646.8   0.08951
   1647.8   0.08940
   1648.9   0.08935
   1649.9   0.08909
   1651.0   0.08899
   1652.1   0.08843
   1653.1   0.08795
   1654.2   0.08787
   1655.2   0.08756
   1656.3   0.08732
   1657.3   0.08745
   1658.4   0.08707
   1659.5   0.08646
   1660.5   0.08630
   1661.6   0.08606
   1662.6   0.08585
   1663.7   0.08581
   1664.8   0.08538
   1665.9   0.08534
   1666.9   0.08517
   1668.0   0.08485
   1669.1   0.08453
   1670.1   0.08406
   1671.2   0.08389
   1672.3   0.08383
   1673.4   0.08374
   1674.5   0.08363
   1675.5   0.08323
   1676.6   0.08295
   1677.7   0.08285
   1678.8   0.08256
   1679.9   0.08228
   1681.0   0.08227
   1682.1   0.08218
   1683.2   0.08198
   1684.3   0.08173
   1685.3   0.08137
   1686.4   0.08114
   1687.5   0.08099
   1688.6   0.08114
   1689.7   0.08089
   1690.8   0.08043
   1692.0   0.08031
   1693.1   0.08024
   1694.2   0.08022
   1695.3   0.08001
   1696.4   0.07954
   1697.5   0.07948
   1698.6   0.07959
   1699.7   0.07938
   1700.8   0.07916
   1701.9   0.07864
   1703.1   0.07804
   1704.2   0.07773
   1705.3   0.07775
   1706.4   0.07771
   1707.6   0.07774
   1708.7   0.07786
   1709.8   0.07763
   1710.9   0.07724
   1712.1   0.07689
   1713.2   0.07677
   1714.3   0.07700
   1715.5   0.07698
   1716.6   0.07664
   1717.7   0.07625
   1718.9   0.07590
   1720.0   0.07552
   1721.2   0.07539
   1722.3   0.07555
   1723.4   0.07547
   1724.6   0.07506
   1725.7   0.07511
   1726.9   0.07541
   1728.0   0.07534
   1729.2   0.07491
   1730.4   0.07447
   1731.5   0.07411
   1732.7   0.07413
   1733.8   0.07427
   1735.0   0.07412
   1736.1   0.07392
   1737.3   0.07380
   1738.5   0.07346
   1739.6   0.07325
   1740.8   0.07318
   1742.0   0.07315
   1743.2   0.07310
   1744.3   0.07309
   1745.5   0.07315
   1746.7   0.07283
   1747.9   0.07269
   1749.0   0.07285
   1750.2   0.07259
   1751.4   0.07224
   1752.6   0.07195
   1753.8   0.07195
   1755.0   0.07192
   1756.1   0.07191
   1757.3   0.07172
   1758.5   0.07150
   1759.7   0.07150
   1760.9   0.07149
   1762.1   0.07133
   1763.3   0.07105
   1764.5   0.07049
   1765.7   0.07035
   1766.9   0.07053
   1768.1   0.07047
   1769.3   0.07044
   1770.5   0.07084
   1771.7   0.07082
   1773.0   0.07048
   1774.2   0.07019
   1775.4   0.07014
   1776.6   0.07014
   1777.8   0.06985
   1779.0   0.06976
   1780.3   0.06996
   1781.5   0.06994
   1782.7   0.06976
   1783.9   0.06994
   1785.2   0.06993
   1786.4   0.06963
   1787.6   0.06967
   1788.9   0.06928
   1790.1   0.06917
   1791.3   0.06946
   1792.6   0.06943
   1793.8   0.06924
   1795.1   0.06940
   1796.3   0.06938
   1797.6   0.06916
   1798.8   0.06905
   1800.0   0.06918
   1801.3   0.06921
   1802.6   0.06913
   1803.8   0.06901
   1805.1   0.06887
   1806.3   0.06868
   1807.6   0.06855
   1808.8   0.06870
   1810.1   0.06857
   1811.4   0.06849
   1812.6   0.06872
   1813.9   0.06872
   1815.2   0.06857
   1816.4   0.06834
   1817.7   0.06804
   1819.0   0.06802
   1820.3   0.06827
   1821.6   0.06815
   1822.8   0.06826
   1824.1   0.06831
   1825.4   0.06834
   1826.7   0.06820
   1828.0   0.06819
   1829.3   0.06818
   1830.6   0.06803
   1831.8   0.06810
   1833.1   0.06818
   1834.4   0.06795
   1835.7   0.06779
   1837.0   0.06819
   1838.3   0.06825
   1839.7   0.06809
   1841.0   0.06803
   1842.3   0.06822
   1843.6   0.06810
   1844.9   0.06793
   1846.2   0.06795
   1847.5   0.06790
   1848.8   0.06796
   1850.2   0.06813
   1851.5   0.06809
   1852.8   0.06807
   1854.1   0.06809
   1855.5   0.06813
   1856.8   0.06818
   1858.1   0.06823
   1859.4   0.06843
   1860.8   0.06864
   1862.1   0.06867
   1863.5   0.06853
   1864.8   0.06850
   1866.1   0.06835
   1867.5   0.06856
   1868.8   0.06878
   1870.2   0.06857
   1871.5   0.06872
   1872.9   0.06884
   1874.2   0.06877
   1875.6   0.06890
   1876.9   0.06904
   1878.3   0.06903
   1879.7   0.06917
   1881.0   0.06918
   1882.4   0.06921
   1883.8   0.06914
   1885.1   0.06908
   1886.5   0.06938
   1887.9   0.06948
   1889.3   0.06939
   1890.6   0.06943
   1892.0   0.06965
   1893.4   0.06970
   1894.8   0.06955
   1896.2   0.06975
   1897.6   0.07018
   1899.0   0.07021
   1900.3   0.06992
   1901.7   0.07001
   1903.1   0.07038
   1904.5   0.07058
   1905.9   0.07069
   1907.3   0.07070
   1908.7   0.07066
   1910.1   0.07089
   1911.6   0.07087
   1913.0   0.07089
   1914.4   0.07116
   1915.8   0.07119
   1917.2   0.07144
   1918.6   0.07180
   1920.0   0.07181
   1921.5   0.07199
   1922.9   0.07228
   1924.3   0.07226
   1925.8   0.07228
   1927.2   0.07248
   1928.6   0.07261
   1930.1   0.07305
   1931.5   0.07337
   1932.9   0.07344
   1934.4   0.07353
   1935.8   0.07363
   1937.3   0.07364
   1938.7   0.07373
   1940.2   0.07403
   1941.6   0.07465
   1943.1   0.07478
   1944.5   0.07467
   1946.0   0.07480
   1947.5   0.07489
   1948.9   0.07483
   1950.4   0.07491
   1951.9   0.07540
   1953.3   0.07555
   1954.8   0.07578
   1956.3   0.07603
   1957.8   0.07606
   1959.2   0.07648
   1960.7   0.07695
   1962.2   0.07708
   1963.7   0.07734
   1965.2   0.07764
   1966.7   0.07759
   1968.2   0.07787
   1969.7   0.07814
   1971.2   0.07851
   1972.7   0.07876
   1974.2   0.07871
   1975.7   0.07882
   1977.2   0.07921
   1978.7   0.07964
   1980.2   0.07985
   1981.7   0.08007
   1983.2   0.08039
   1984.7   0.08069
   1986.3   0.08087
   1987.8   0.08086
   1989.3   0.08102
   1990.8   0.08141
   1992.4   0.08210
   1993.9   0.08269
   1995.4   0.08289
   1997.0   0.08321
   1998.5   0.08367
   2000.1   0.08364
   2001.6   0.08362
   2003.1   0.08402
   2004.7   0.08451
   2006.2   0.08494
   2007.8   0.08529
   2009.4   0.08544
   2010.9   0.08590
   2012.5   0.08616
   2014.0   0.08656
   2015.6   0.08741
   2017.2   0.08765
   2018.7   0.08790
   2020.3   0.08837
   2021.9   0.08862
   2023.5   0.08885
   2025.1   0.08910
   2026.6   0.08956
   2028.2   0.09002
   2029.8   0.09072
   2031.4   0.09119
   2033.0   0.09147
   2034.6   0.09166
   2036.2   0.09192
   2037.8   0.09221
   2039.4   0.09263
   2041.0   0.09304
   2042.6   0.09362
   2044.2   0.09411
   2045.8   0.09433
   2047.4   0.09477
   2049.1   0.09536
   2050.7   0.09599
   2052.3   0.09648
   2053.9   0.09664
   2055.6   0.09711
   2057.2   0.09769
   2058.8   0.09830
   2060.5   0.09867
   2062.1   0.09908
   2063.7   0.09918
   2065.4   0.09962
   2067.0   0.10038
   2068.7   0.10077
   2070.3   0.10104
   2072.0   0.10162
   2073.7   0.10261
   2075.3   0.10322
   2077.0   0.10345
   2078.6   0.10381
   2080.3   0.10408
   2082.0   0.10470
   2083.7   0.10543
   2085.3   0.10584
   2087.0   0.10620
   2088.7   0.10662
   2090.4   0.10704
   2092.1   0.10777
   2093.8   0.10837
   2095.4   0.10867
   2097.1   0.10913
   2098.8   0.10997
   2100.5   0.11078
   2102.2   0.11133
   2104.0   0.11195
   2105.7   0.11245
   2107.4   0.11268
   2109.1   0.11306
   2110.8   0.11348
   2112.5   0.11384
   2114.2   0.11449
   2116.0   0.11558
   2117.7   0.11651
   2119.4   0.11714
   2121.2   0.11755
   2122.9   0.11817
   2124.6   0.11876
   2126.4   0.11896
   2128.1   0.11948
   2129.9   0.12000
   2131.6   0.12050
   2133.4   0.12105
   2135.1   0.12182
   2136.9   0.12245
   2138.7   0.12303
   2140.4   0.12373
   2142.2   0.12420
   2144.0   0.12486
   2145.8   0.12571
   2147.5   0.12640
   2149.3   0.12702
   2151.1   0.12745
   2152.9   0.12798
   2154.7   0.12885
   2156.5   0.12939
   2158.3   0.12987
   2160.1   0.13038
   2161.9   0.13099
   2163.7   0.13141
   2165.5   0.13211
   2167.3   0.13294
   2169.1   0.13384
   2170.9   0.13444
   2172.7   0.13477
   2174.6   0.13529
   2176.4   0.13598
   2178.2   0.13650
   2180.0   0.13716
   2181.9   0.13795
   2183.7   0.13856
   2185.6   0.13912
   2187.4   0.13957
   2189.2   0.14032
   2191.1   0.14111
   2193.0   0.14149
   2194.8   0.14171
   2196.7   0.14234
   2198.5   0.14294
   2200.4   0.14344
   2202.3   0.14410
   2204.1   0.14458
   2206.0   0.14521
   2207.9   0.14583
   2209.8   0.14622
   2211.7   0.14669
   2213.6   0.14751
   2215.4   0.14823
   2217.3   0.14887
   2219.2   0.14930
   2221.1   0.14973
   2223.0   0.15034
   2225.0   0.15073
   2226.9   0.15133
   2228.8   0.15212
   2230.7   0.15289
   2232.6   0.15351
   2234.5   0.15371
   2236.5   0.15414
   2238.4   0.15464
   2240.3   0.15509
   2242.3   0.15536
   2244.2   0.15574
   2246.2   0.15606
   2248.1   0.15660
   2250.1   0.15740
   2252.0   0.15806
   2254.0   0.15823
   2255.9   0.15858
   2257.9   0.15913
   2259.9   0.15999
   2261.8   0.16077
   2263.8   0.16113
   2265.8   0.16159
   2267.8   0.16199
   2269.8   0.16231
   2271.8   0.16271
   2273.7   0.16319
   2275.7   0.16373
   2277.7   0.16434
   2279.7   0.16492
   2281.7   0.16537
   2283.8   0.16556
   2285.8   0.16562
   2287.8   0.16577
   2289.8   0.16610
   2291.8   0.16658
   2293.9   0.16683
   2295.9   0.16687
   2297.9   0.16704
   2300.0   0.16735
   2302.0   0.16757
   2304.1   0.16805
   2306.1   0.16858
   2308.2   0.16893
   2310.2   0.16921
   2312.3   0.16955
   2314.3   0.16970
   2316.4   0.16978
   2318.5   0.17026
   2320.6   0.17098
   2322.6   0.17151
   2324.7   0.17221
   2326.8   0.17301
   2328.9   0.17377
   2331.0   0.17463
   2333.1   0.17509
   2335.2   0.17588
   2337.3   0.17673
   2339.4   0.17697
   2341.5   0.17718
   2343.6   0.17766
   2345.8   0.17812
   2347.9   0.17861
   2350.0   0.17892
   2352.1   0.17946
   2354.3   0.18004
   2356.4   0.18028
   2358.6   0.18062
   2360.7   0.18071
   2362.9   0.18097
   2365.0   0.18138
   2367.2   0.18150
   2369.3   0.18188
   2371.5   0.18215
   2373.7   0.18201
   2375.9   0.18171
   2378.0   0.18173
   2380.2   0.18182
   2382.4   0.18203
   2384.6   0.18232
   2386.8   0.18250
   2389.0   0.18257
   2391.2   0.18276
   2393.4   0.18331
   2395.6   0.18396
   2397.8   0.18430
   2400.1   0.18493
   2402.3   0.18567
   2404.5   0.18580
   2406.7   0.18592
   2409.0   0.18637
   2411.2   0.18685
   2413.5   0.18701
   2415.7   0.18719
   2418.0   0.18732
   2420.2   0.18757
   2422.5   0.18798
   2424.8   0.18838
   2427.0   0.18851
   2429.3   0.18881
   2431.6   0.18912
   2433.9   0.18922
   2436.2   0.18934
   2438.4   0.18943
   2440.7   0.18968
   2443.0   0.18975
   2445.3   0.18974
   2447.7   0.18983
   2450.0   0.19024
   2452.3   0.19058
   2454.6   0.19052
   2456.9   0.19050
   2459.3   0.19065
   2461.6   0.19072
   2463.9   0.19103
   2466.3   0.19126
   2468.6   0.19116
   2471.0   0.19102
   2473.3   0.19114
   2475.7   0.19144
   2478.1   0.19181
   2480.4   0.19173
   2482.8   0.19141
   2485.2   0.19145
   2487.6   0.19187
   2490.0   0.19197
   2492.4   0.19189
   2494.8   0.19194
   2497.2   0.19203
   2499.6   0.19232
   2502.0   0.19244
   2504.4   0.19251
   2506.8   0.19242
   2509.3   0.19241
   2511.7   0.19272
   2514.1   0.19285
   2516.6   0.19275
   2519.0   0.19279
   2521.5   0.19288
   2523.9   0.19309
   2526.4   0.19340
   2528.8   0.19348
   2531.3   0.19331
   2533.8   0.19342
   2536.3   0.19340
   2538.8   0.19351
   2541.2   0.19349
   2543.7   0.19334
   2546.2   0.19326
   2548.7   0.19311
   2551.2   0.19340
   2553.8   0.19359
   2556.3   0.19334
   2558.8   0.19290
   2561.3   0.19264
   2563.9   0.19263
   2566.4   0.19273
   2568.9   0.19281
   2571.5   0.19305
   2574.0   0.19270
   2576.6   0.19264
   2579.2   0.19290
   2581.7   0.19297
   2584.3   0.19299
   2586.9   0.19312
   2589.5   0.19305
   2592.1   0.19262
   2594.7   0.19262
   2597.3   0.19286
   2599.9   0.19315
   2602.5   0.19275
   2605.1   0.19235
   2607.7   0.19204
   2610.3   0.19209
   2613.0   0.19260
   2615.6   0.19279
   2618.3   0.19279
   2620.9   0.19253
   2623.6   0.19211
   2626.2   0.19196
   2628.9   0.19196
   2631.5   0.19179
   2634.2   0.19162
   2636.9   0.19167
   2639.6   0.19186
   2642.3   0.19152
   2645.0   0.19118
   2647.7   0.19121
   2650.4   0.19099
   2653.1   0.19075
   2655.8   0.19057
   2658.5   0.19048
   2661.3   0.19015
   2664.0   0.18993
   2666.7   0.18943
   2669.5   0.18867
   2672.2   0.18781
   2675.0   0.18696
   2677.8   0.18585
   2680.5   0.18349
   2683.3   0.18077
   2686.1   0.17815
   2688.9   0.17484
   2691.7   0.17171
   2694.5   0.16898
   2697.3   0.16619
   2700.1   0.16362
   2702.9   0.16044
   2705.7   0.15739
   2708.5   0.15494
   2711.4   0.15170
   2714.2   0.14891
   2717.1   0.14669
   2719.9   0.14320
   2722.8   0.13892
   2725.6   0.13746
   2728.5   0.13865
   2731.4   0.13938
   2734.2   0.13899
   2737.1   0.13923
   2740.0   0.14002
   2742.9   0.14059
   2745.8   0.14205
   2748.7   0.14242
   2751.7   0.14200
   2754.6   0.14156
   2757.5   0.14093
   2760.5   0.14004
   2763.4   0.13933
   2766.3   0.13947
   2769.3   0.13981
   2772.3   0.13904
   2775.2   0.13861
   2778.2   0.13883
   2781.2   0.13888
   2784.2   0.13870
   2787.2   0.13910
   2790.2   0.13943
   2793.2   0.13968
   2796.2   0.13952
   2799.2   0.13845
   2802.2   0.13728
   2803.8   0.13707
   2805.3   0.13625
   2806.8   0.13511
   2808.3   0.13434
   2809.8   0.13382
   2811.4   0.13335
   2812.9   0.13314
   2814.4   0.13317
   2815.9   0.13334
   2817.5   0.13342
   2819.0   0.13361
   2820.5   0.13386
   2822.1   0.13392
   2823.6   0.13389
   2825.1   0.13398
   2826.7   0.13409
   2828.2   0.13417
   2829.8   0.13404
   2831.3   0.13371
   2832.9   0.13326
   2834.4   0.13271
   2836.0   0.13198
   2837.5   0.13107
   2839.1   0.13011
   2840.6   0.12914
   2842.2   0.12822
   2843.7   0.12754
   2845.3   0.12711
   2846.9   0.12697
   2848.4   0.12721
   2850.0   0.12781
   2851.6   0.12846
   2853.1   0.12925
   2854.7   0.13018
   2856.3   0.13104
   2857.8   0.13167
   2859.4   0.13221
   2861.0   0.13265
   2862.6   0.13307
   2864.2   0.13329
   2865.7   0.13343
   2867.3   0.13356
   2868.9   0.13357
   2870.5   0.13348
   2872.1   0.13347
   2873.7   0.13336
   2875.3   0.13319
   2876.9   0.13306
   2878.5   0.13294
   2880.1   0.13279
   2881.7   0.13267
   2883.3   0.13242
   2884.9   0.13219
   2886.5   0.13204
   2888.1   0.13195
   2889.7   0.13173
   2891.3   0.13151
   2892.9   0.13131
   2894.5   0.13112
   2896.2   0.13089
   2897.8   0.13067
   2899.4   0.13049
   2901.0   0.13036
   2902.7   0.13011
   2904.3   0.12982
   2905.9   0.12965
   2907.5   0.12944
   2909.2   0.12919
   2910.8   0.12892
   2912.4   0.12865
   2914.1   0.12847
   2915.7   0.12829
   2917.4   0.12810
   2919.0   0.12792
   2920.6   0.12772
   2922.3   0.12760
   2923.9   0.12755
   2925.6   0.12741
   2927.2   0.12734
   2928.9   0.12731
   2930.5   0.12738
   2932.2   0.12747
   2933.9   0.12759
   2935.5   0.12775
   2937.2   0.12797
   2938.9   0.12817
   2940.5   0.12835
   2942.2   0.12863
   2943.9   0.12903
   2945.5   0.12936
   2947.2   0.12968
   2948.9   0.12993
   2950.6   0.13021
   2952.2   0.13055
   2953.9   0.13084
   2955.6   0.13117
   2957.3   0.13149
   2959.0   0.13169
   2960.7   0.13188
   2962.4   0.13211
   2964.1   0.13231
   2965.8   0.13248
   2967.4   0.13263
   2969.1   0.13273
   2970.9   0.13290
   2972.6   0.13306
   2974.3   0.13319
   2976.0   0.13325
   2977.7   0.13331
   2979.4   0.13339
   2981.1   0.13351
   2982.8   0.13353
   2984.5   0.13353
   2986.3   0.13355
   2988.0   0.13367
   2989.7   0.13371
   2991.4   0.13372
   2993.1   0.13372
   2994.9   0.13374
   2996.6   0.13372
   2998.3   0.13371
   3000.1   0.13373
   3001.8   0.13377
   3003.6   0.13374
   3005.3   0.13372
   3007.0   0.13369
   3008.8   0.13366
   3010.5   0.13364
   3012.3   0.13364
   3014.0   0.13366
   3015.8   0.13365
   3017.5   0.13361
   3019.3   0.13365
   3021.1   0.13364
   3022.8   0.13362
   3024.6   0.13358
   3026.3   0.13353
   3028.1   0.13356
   3029.9   0.13360
   3031.7   0.13357
   3033.4   0.13359
   3035.2   0.13359
   3037.0   0.13360
   3038.8   0.13360
   3040.5   0.13360
   3042.3   0.13363
   3044.1   0.13363
   3045.9   0.13361
   3047.7   0.13361
   3049.5   0.13361
   3051.3   0.13363
   3053.1   0.13361
   3054.9   0.13361
   3056.7   0.13357
   3058.5   0.13352
   3060.3   0.13355
   3062.1   0.13358
   3063.9   0.13352
   3065.7   0.13350
   3067.5   0.13352
   3069.4   0.13350
   3071.2   0.13345
   3073.0   0.13346
   3074.8   0.13346
   3076.6   0.13346
   3078.5   0.13340
   3080.3   0.13335
   3082.1   0.13331
   3084.0   0.13332
   3085.8   0.13331
   3087.6   0.13328
   3089.5   0.13325
   3091.3   0.13322
   3093.2   0.13310
   3095.0   0.13306
   3096.9   0.13305
   3098.7   0.13305
   3100.6   0.13305
   3102.4   0.13302
   3104.3   0.13293
   3106.1   0.13295
   3108.0   0.13296
   3109.9   0.13294
   3111.7   0.13291
   3113.6   0.13289
   3115.5   0.13285
   3117.3   0.13287
   3119.2   0.13284
   3121.1   0.13280
   3123.0   0.13280
   3124.9   0.13282
   3126.7   0.13282
   3128.6   0.13284
   3130.5   0.13281
   3132.4   0.13279
   3134.3   0.13278
   3136.2   0.13280
   3138.1   0.13277
   3140.0   0.13279
   3141.9   0.13282
   3143.8   0.13283
   3145.7   0.13282
   3147.6   0.13284
   3149.5   0.13285
   3151.4   0.13288
   3153.4   0.13287
   3155.3   0.13287
   3157.2   0.13285
   3159.1   0.13289
   3161.1   0.13287
   3163.0   0.13286
   3164.9   0.13284
   3166.9   0.13287
   3168.8   0.13285
   3170.7   0.13285
   3172.7   0.13278
   3174.6   0.13278
   3176.6   0.13282
   3178.5   0.13284
   3180.5   0.13284
   3182.4   0.13283
   3184.4   0.13280
   3186.3   0.13279
   3188.3   0.13280
   3190.2   0.13286
   3192.2   0.13286
   3194.2   0.13285
   3196.1   0.13279
   3198.1   0.13279
   3200.1   0.13276
   3202.1   0.13274
   3204.0   0.13272
   3206.0   0.13264
   3208.0   0.13259
   3210.0   0.13260
   3212.0   0.13259
   3214.0   0.13256
   3216.0   0.13249
   3218.0   0.13243
   3220.0   0.13240
   3222.0   0.13243
   3224.0   0.13242
   3226.0   0.13236
   3228.0   0.13228
   3230.0   0.13228
   3232.0   0.13228
   3234.0   0.13223
   3236.0   0.13214
   3238.1   0.13209
   3240.1   0.13209
   3242.1   0.13206
   3244.1   0.13197
   3246.2   0.13196
   3248.2   0.13193
   3250.2   0.13191
   3252.3   0.13189
   3254.3   0.13186
   3256.4   0.13181
   3258.4   0.13180
   3260.5   0.13175
   3262.5   0.13172
   3264.6   0.13172
   3266.6   0.13173
   3268.7   0.13174
   3270.7   0.13173
   3272.8   0.13170
   3274.9   0.13165
   3277.0   0.13160
   3279.0   0.13160
   3281.1   0.13159
   3283.2   0.13157
   3285.3   0.13152
   3287.3   0.13150
   3289.4   0.13147
   3291.5   0.13148
   3293.6   0.13150
   3295.7   0.13146
   3297.8   0.13141
   3299.9   0.13138
   3302.0   0.13134
   3304.1   0.13133
   3306.2   0.13131
   3308.3   0.13129
   3310.4   0.13126
   3312.5   0.13125
   3314.7   0.13124
   3316.8   0.13123
   3318.9   0.13119
   3321.0   0.13116
   3323.2   0.13118
   3325.3   0.13125
   3327.4   0.13128
   3329.6   0.13125
   3331.7   0.13119
   3333.8   0.13116
   3336.0   0.13111
   3338.1   0.13104
   3340.3   0.13100
   3342.4   0.13095
   3344.6   0.13090
   3346.8   0.13089
   3348.9   0.13085
   3351.1   0.13078
   3353.3   0.13066
   3355.4   0.13054
   3357.6   0.13039
   3359.8   0.13027
   3362.0   0.13011
   3364.1   0.12989
   3366.3   0.12968
   3368.5   0.12943
   3370.7   0.12915
   3372.9   0.12891
   3375.1   0.12869
   3377.3   0.12851
   3379.5   0.12836
   3381.7   0.12830
   3383.9   0.12830
   3386.1   0.12831
   3388.3   0.12830
   3390.5   0.12829
   3392.8   0.12823
   3395.0   0.12811
   3397.2   0.12791
   3399.4   0.12768
   3401.7   0.12740
   3403.9   0.12710
   3406.1   0.12674
   3408.4   0.12632
   3410.6   0.12595
   3412.9   0.12562
   3415.1   0.12530
   3417.4   0.12516
   3419.6   0.12515
   3421.9   0.12530
   3424.1   0.12559
   3426.4   0.12598
   3428.7   0.12636
   3430.9   0.12671
   3433.2   0.12698
   3435.5   0.12727
   3437.8   0.12751
   3440.0   0.12767
   3442.3   0.12780
   3444.6   0.12790
   3446.9   0.12798
   3449.2   0.12808
   3451.5   0.12815
   3453.8   0.12821
   3456.1   0.12826
   3458.4   0.12835
   3460.7   0.12840
   3463.0   0.12843
   3465.3   0.12844
   3467.6   0.12840
   3470.0   0.12833
   3472.3   0.12827
   3474.6   0.12817
   3477.0   0.12807
   3479.3   0.12794
   3481.6   0.12780
   3484.0   0.12769
   3486.3   0.12760
   3488.7   0.12745
   3491.0   0.12728
   3493.4   0.12708
   3495.7   0.12687
   3498.1   0.12661
   3500.4   0.12640
   3502.8   0.12625
   3505.2   0.12625
   3507.5   0.12638
   3509.9   0.12660
   3512.3   0.12683
   3514.7   0.12712
   3517.1   0.12738
   3519.4   0.12759
   3521.8   0.12776
   3524.2   0.12790
   3526.6   0.12800
   3529.0   0.12809
   3531.4   0.12816
   3533.8   0.12822
   3536.2   0.12824
   3538.7   0.12828
   3541.1   0.12828
   3543.5   0.12829
   3545.9   0.12826
   3548.3   0.12824
   3550.8   0.12820
   3553.2   0.12819
   3555.6   0.12815
   3558.1   0.12809
   3560.5   0.12802
   3563.0   0.12799
   3565.4   0.12795
   3567.9   0.12789
   3570.3   0.12784
   3572.8   0.12780
   3575.3   0.12772
   3577.7   0.12766
   3580.2   0.12759
   3582.7   0.12754
   3585.2   0.12747
   3587.6   0.12739
   3590.1   0.12733
   3592.6   0.12731
   3595.1   0.12723
   3597.6   0.12717
   3600.1   0.12712
   3602.6   0.12705
   3605.1   0.12697
   3607.6   0.12694
   3610.1   0.12690
   3612.6   0.12685
   3615.2   0.12675
   3617.7   0.12668
   3620.2   0.12661
   3622.7   0.12655
   3625.3   0.12649
   3627.8   0.12644
   3630.3   0.12634
   3632.9   0.12629
   3635.4   0.12623
   3638.0   0.12615
   3640.5   0.12607
   3643.1   0.12601
   3645.7   0.12597
   3648.2   0.12593
   3650.8   0.12586
   3653.4   0.12578
   3655.9   0.12569
   3658.5   0.12565
   3661.1   0.12557
   3663.7   0.12551
   3666.3   0.12546
   3668.9   0.12541
   3671.5   0.12533
   3674.1   0.12527
   3676.7   0.12521
   3679.3   0.12516
   3681.9   0.12509
   3684.5   0.12505
   3687.2   0.12498
   3689.8   0.12494
   3692.4   0.12488
   3695.0   0.12486
   3697.7   0.12480
   3700.3   0.12473
   3703.0   0.12463
   3705.6   0.12458
   3708.3   0.12450
   3710.9   0.12444
   3713.6   0.12438
   3716.2   0.12433
   3718.9   0.12426
   3721.6   0.12418
   3724.2   0.12407
   3726.9   0.12400
   3729.6   0.12392
   3732.3   0.12387
   3735.0   0.12380
   3737.7   0.12374
   3740.4   0.12366
   3743.1   0.12358
   3745.8   0.12351
   3748.5   0.12346
   3751.2   0.12338
   3753.9   0.12332
   3756.6   0.12324
   3759.3   0.12319
   3762.1   0.12311
   3764.8   0.12305
   3767.5   0.12299
   3770.3   0.12291
   3773.0   0.12282
   3775.8   0.12275
   3778.5   0.12267
   3781.3   0.12260
   3784.0   0.12250
   3786.8   0.12242
   3789.6   0.12235
   3792.3   0.12226
   3795.1   0.12216
   3797.9   0.12208
   3800.7   0.12199
   3803.5   0.12191
   3806.3   0.12182
   3809.1   0.12175
   3811.9   0.12165
   3814.7   0.12160
   3817.5   0.12152
   3820.3   0.12145
   3823.1   0.12141
   3825.9   0.12134
   3828.8   0.12127
   3831.6   0.12123
   3834.4   0.12115
   3837.3   0.12107
   3840.1   0.12100
   3842.9   0.12094
   3845.8   0.12087
   3848.7   0.12080
   3851.5   0.12069
   3854.4   0.12061
   3857.2   0.12051
   3860.1   0.12046
   3863.0   0.12037
   3865.9   0.12028
   3868.8   0.12019
   3871.6   0.12011
   3874.5   0.12000
   3877.4   0.11993
   3880.3   0.11986
   3883.2   0.11978
   3886.2   0.11968
   3889.1   0.11960
   3892.0   0.11953
   3894.9   0.11946
   3897.8   0.11939
   3900.8   0.11931
   3903.7   0.11919
   3906.7   0.11910
   3909.6   0.11899
   3912.6   0.11889
   3915.5   0.11880
   3918.5   0.11872
   3921.4   0.11861
   3924.4   0.11852
   3927.4   0.11841
   3930.4   0.11832
   3933.3   0.11821
   3936.3   0.11813
   3939.3   0.11803
   3942.3   0.11794
   3945.3   0.11781
   3948.3   0.11773
   3951.3   0.11763
   3954.3   0.11754
   3957.4   0.11743
   3960.4   0.11735
   3963.4   0.11725
   3966.4   0.11718
   3969.5   0.11709
   3972.5   0.11700
   3975.6   0.11694
   3978.6   0.11689
   3981.7   0.11682
   3984.7   0.11678
   3987.8   0.11670
   3990.9   0.11662
   3993.9   0.11652
   3997.0   0.11644
   4000.1   0.11632
   4003.2   0.11627
   4006.3   0.11619
   4009.4   0.11608
   4012.5   0.11598
   4015.6   0.11591
   4018.7   0.11580
   4021.8   0.11570
   4024.9   0.11559
   4028.1   0.11550
   4031.2   0.11539
   4034.3   0.11528
   4037.5   0.11517
   4040.6   0.11506
   4043.8   0.11494
   4046.9   0.11485
   4050.1   0.11474
   4053.3   0.11465
   4056.4   0.11453
   4059.6   0.11443
   4062.8   0.11431
   4066.0   0.11419
   4069.2   0.11408
   4072.4   0.11400
   4075.6   0.11390
   4078.8   0.11380
   4082.0   0.11369
   4085.2   0.11359
   4088.4   0.11348
   4091.7   0.11339
   4094.9   0.11327
   4098.1   0.11318
   4101.4   0.11309
   4104.6   0.11298
   4107.9   0.11285
   4111.1   0.11274
   4114.4   0.11264
   4117.7   0.11255
   4120.9   0.11242
   4124.2   0.11232
   4127.5   0.11223
   4130.8   0.11215
   4134.1   0.11203
   4137.4   0.11194
   4140.7   0.11181
   4144.0   0.11171
   4147.3   0.11161
   4150.6   0.11152
   4154.0   0.11140
   4157.3   0.11130
   4160.6   0.11117
   4164.0   0.11107
   4167.3   0.11096
   4170.7   0.11085
   4174.0   0.11073
   4177.4   0.11063
   4382.2   0.10513
   4385.9   0.10504
   4389.6   0.10499
   4393.3   0.10493
   4397.1   0.10485
   4400.8   0.10475
   4404.5   0.10468
   4408.3   0.10458
   4412.0   0.10450
   4415.8   0.10442
   4419.6   0.10434
   4423.3   0.10425
   4427.1   0.10417
   4430.9   0.10407
   4434.7   0.10398
   4438.5   0.10386
   4442.3   0.10376
   4446.1   0.10366
   4449.9   0.10358
   4453.7   0.10347
   4457.6   0.10337
   4461.4   0.10323
   4465.2   0.10312
   4469.1   0.10297
   4472.9   0.10284
   4476.8   0.10269
   4480.7   0.10256
   4484.5   0.10235
   4488.4   0.10218
   4492.3   0.10201
   4496.2   0.10180
   4500.1   0.10159
   4504.0   0.10137
   4507.9   0.10108
   4511.9   0.10077
   4515.8   0.10040
   4519.7   0.09999
   4523.7   0.09950
   4527.6   0.09897
   4531.6   0.09837
   4535.6   0.09770
   4539.5   0.09697
   4543.5   0.09626
   4547.5   0.09552
   4551.5   0.09480
   4555.5   0.09405
   4559.5   0.09332
   4563.5   0.09252
   4567.5   0.09170
   4571.5   0.09092
   4575.6   0.09008
   4579.6   0.08919
   4583.7   0.08832
   4587.7   0.08740
   4591.8   0.08647
   4595.9   0.08550
   4599.9   0.08452
   4604.0   0.08347
   4608.1   0.08240
   4612.2   0.08128
   4616.3   0.08020
   4620.4   0.07913
   4624.6   0.07807
   4628.7   0.07700
   4632.8   0.07599
   4637.0   0.07500
   4641.1   0.07404
   4645.3   0.07314
   4649.4   0.07231
   4653.6   0.07148
   4657.8   0.07066
   4662.0   0.06988
   4666.2   0.06920
   4670.4   0.06857
   4674.6   0.06804
   4678.8   0.06758
   4683.0   0.06719
   4687.3   0.06680
   4691.5   0.06640
   4695.8   0.06598
   4700.0   0.06559
   4704.3   0.06519
   4708.6   0.06479
   4712.9   0.06437
   4717.1   0.06395
   4721.4   0.06350
   4725.7   0.06302
   4730.1   0.06253
   4734.4   0.06201
   4738.7   0.06144
   4743.0   0.06086
   4747.4   0.06024
   4751.7   0.05963
   4756.1   0.05900
   4760.5   0.05833
   4764.8   0.05764
   4769.2   0.05696
   4773.6   0.05627
   4778.0   0.05558
   4782.4   0.05488
   4786.8   0.05418
   4791.3   0.05348
   4795.7   0.05278
   4800.1   0.05209
   4804.6   0.05141
   4809.0   0.05078
   4813.5   0.05023
   4818.0   0.04970
   4822.5   0.04920
   4826.9   0.04878
   4831.4   0.04843
   4835.9   0.04812
   4840.5   0.04786
   4845.0   0.04768
   4849.5   0.04756
   4854.1   0.04743
   4858.6   0.04736
   4863.2   0.04736
   4867.7   0.04737
   4872.3   0.04739
   4876.9   0.04743
   4881.5   0.04746
   4886.1   0.04754
   4890.7   0.04763
   4895.3   0.04769
   4899.9   0.04775
   4904.6   0.04780
   4909.2   0.04785
   4913.9   0.04788
   4918.5   0.04789
   4923.2   0.04789
   4927.9   0.04786
   4932.6   0.04786
   4937.3   0.04781
   4942.0   0.04777
   4946.7   0.04772
   4951.4   0.04766
   4956.2   0.04757
   4960.9   0.04746
   4965.6   0.04734
   4970.4   0.04722
   4975.2   0.04707
   4980.0   0.04690
   4984.7   0.04673
   4989.5   0.04653
   4994.3   0.04630
   4999.2   0.04606
   5004.0   0.04578
   5008.8   0.04550
   5013.7   0.04516
   5018.5   0.04479
   5023.4   0.04440
   5028.3   0.04400
   5033.1   0.04356
   5038.0   0.04310
   5042.9   0.04261
   5047.8   0.04211
   5052.8   0.04161
   5057.7   0.04112
   5062.6   0.04060
   5067.6   0.04009
   5072.5   0.03962
   5077.5   0.03919
   5082.5   0.03879
   5087.5   0.03840
   5092.5   0.03799
   5097.5   0.03760
   5102.5   0.03724
   5107.5   0.03690
   5112.6   0.03656
   5117.6   0.03625
   5122.7   0.03592
   5127.7   0.03563
   5132.8   0.03536
   5137.9   0.03513
   5143.0   0.03496
   5148.1   0.03489
   5153.2   0.03491
   5158.3   0.03501
   5163.5   0.03522
   5168.6   0.03555
   5173.8   0.03598
   5179.0   0.03651
   5184.1   0.03709
   5189.3   0.03772
   5194.5   0.03838
   5199.7   0.03904
   5205.0   0.03971
   5210.2   0.04032
   5215.4   0.04094
   5220.7   0.04151
   5225.9   0.04195
   5231.2   0.04237
   5236.5   0.04279
   5241.8   0.04319
   5247.1   0.04351
   5252.4   0.04382
   5257.7   0.04409
   5263.1   0.04438
   5268.4   0.04467
   5273.8   0.04503
   5279.2   0.04542
   5284.5   0.04584
   5289.9   0.04627
   5295.3   0.04678
   5300.8   0.04724
   5306.2   0.04766
   5311.6   0.04806
   5317.1   0.04844
   5322.5   0.04875
   5328.0   0.04901
   5333.5   0.04922
   5339.0   0.04941
   5344.5   0.04954
   5350.0   0.04968
   5355.5   0.04977
   5361.0   0.04968
   5366.6   0.04955
   5372.2   0.04942
   5377.7   0.04921
   5383.3   0.04895
   5388.9   0.04861
   5394.5   0.04820
   5400.1   0.04775
   5405.8   0.04726
   5411.4   0.04675
   5417.1   0.04628
   5422.7   0.04590
   5428.4   0.04551
   5434.1   0.04502
   5439.8   0.04471
   5445.5   0.04450
   5451.2   0.04436
   5457.0   0.04425
   5462.7   0.04425
   5468.5   0.04439
   5474.3   0.04443
   5480.1   0.04452
   5485.9   0.04473
   5491.7   0.04488
   5497.5   0.04509
   5503.3   0.04531
   5509.2   0.04558
   5515.0   0.04578
   5520.9   0.04601
   5526.8   0.04618
   5532.7   0.04622
   5538.6   0.04609
   5544.5   0.04589
   5550.5   0.04555
   5556.4   0.04510
   5562.4   0.04447
   5568.4   0.04379
   5574.3   0.04313
   5580.3   0.04263
   5586.4   0.04207
   5592.4   0.04146
   5598.4   0.04101
   5604.5   0.04070
   5610.5   0.04040
   5616.6   0.04015
   5622.7   0.03991
   5628.8   0.03965
   5634.9   0.03948
   5641.1   0.03940
   5647.2   0.03933
   5653.4   0.03907
   5659.5   0.03890
   5665.7   0.03875
   5671.9   0.03861
   5678.1   0.03861
   5684.4   0.03853
   5690.6   0.03842
   5696.9   0.03837
   5703.1   0.03825
   5709.4   0.03819
   5715.7   0.03819
   5722.0   0.03805
   5728.3   0.03785
   5734.7   0.03765
   5741.0   0.03752
   5747.4   0.03739
   5753.8   0.03730
   5760.1   0.03711
   5766.6   0.03718
   5773.0   0.03727
   5779.4   0.03706
   5785.9   0.03701
   5792.3   0.03699
   5798.8   0.03697
   5805.3   0.03698
   5811.8   0.03697
   5818.3   0.03704
   5824.9   0.03723
   5831.4   0.03723
   5838.0   0.03715
   5844.6   0.03713
   5851.2   0.03718
   5857.8   0.03731
   5864.4   0.03751
   5871.0   0.03770
   5877.7   0.03779
   5884.4   0.03814
   5891.1   0.03804
   5897.8   0.03785
   5904.5   0.03762
   5911.2   0.03714
   5918.0   0.03678
   5924.7   0.03634
   5931.5   0.03581
   5938.3   0.03541
   5945.1   0.03464
   5951.9   0.03363
   5958.8   0.03281
   5965.6   0.03200
   5972.5   0.03127
   5979.4   0.03037
   5986.3   0.02958
   5993.2   0.02896
   6000.2   0.02825
   6007.1   0.02769
   6014.1   0.02733
   6021.1   0.02706
   6028.1   0.02679
   6035.1   0.02664
   6042.1   0.02659
   6049.2   0.02674
   6056.2   0.02689
   6063.3   0.02668
   6070.4   0.02673
   6077.5   0.02693
   6084.7   0.02695
   6091.8   0.02691
   6099.0   0.02697
   6106.2   0.02705
   6113.4   0.02717
   6120.6   0.02723
   6127.8   0.02701
   6135.1   0.02683
   6142.3   0.02670
   6149.6   0.02651
   6156.9   0.02625
   6164.3   0.02601
   6171.6   0.02568
   6178.9   0.02536
   6186.3   0.02518
   6193.7   0.02492
   6201.1   0.02455
   6208.5   0.02436
   6216.0   0.02423
   6223.5   0.02415
   6230.9   0.02408
   6238.4   0.02403
   6245.9   0.02400
   6253.5   0.02399
   6261.0   0.02397
   6268.6   0.02396
   6276.2   0.02392
   6283.8   0.02386
   6291.4   0.02381
   6299.1   0.02376
   6306.7   0.02374
   6314.4   0.02376
   6322.1   0.02381
   6329.8   0.02392
   6337.6   0.02411
   6345.3   0.02440
   6353.1   0.02474
   6360.9   0.02499
   6368.7   0.02537
   6376.5   0.02586
   6384.4   0.02627
   6392.3   0.02667
   6400.2   0.02713
   6408.1   0.02755
   6416.0   0.02818
   6424.0   0.02872
   6431.9   0.02882
   6439.9   0.02902
   6447.9   0.02920
   6456.0   0.02939
   6464.0   0.02959
   6472.1   0.02978
   6480.2   0.03004
   6488.3   0.03029
   6496.4   0.03055
   6504.6   0.03061
   6512.7   0.03048
   6520.9   0.03055
   6529.1   0.03065
   6537.4   0.03050
   6545.6   0.03040
   6553.9   0.03030
   6562.2   0.03012
   6570.5   0.02987
   6578.9   0.02968
   6587.2   0.02926
   6595.6   0.02894
   6604.0   0.02861
   6612.4   0.02827
   6620.9   0.02804
   6629.3   0.02789
   6637.8   0.02792
   6646.3   0.02789
   6654.9   0.02763
   6663.4   0.02758
   6672.0   0.02769
   6680.6   0.02786
   6689.2   0.02804
   6697.8   0.02813
   6706.5   0.02827
   6715.2   0.02850
   6723.9   0.02864
   6732.6   0.02870
   6741.4   0.02873
   6750.2   0.02877
   6759.0   0.02880
   6767.8   0.02880
   6776.6   0.02887
   6785.5   0.02892
   6794.4   0.02894
   6803.3   0.02885
   6812.3   0.02868
   6821.2   0.02863
   6830.2   0.02866
   6839.2   0.02858
   6848.3   0.02844
   6857.3   0.02844
   6866.4   0.02851
   6875.5   0.02832
   6884.6   0.02802
   6893.8   0.02786
   6903.0   0.02772
   6912.2   0.02761
   6921.4   0.02742
   6930.7   0.02724
   6939.9   0.02710
   6949.2   0.02694
   6958.6   0.02684
   6967.9   0.02676
   6977.3   0.02652
   6986.7   0.02635
   6996.1   0.02626
   7005.6   0.02612
   7015.1   0.02598
   7024.6   0.02592
   7034.1   0.02586
   7043.7   0.02580
   7053.2   0.02580
   7062.9   0.02568
   7072.5   0.02556
   7082.2   0.02548
   7091.8   0.02542
   7101.6   0.02535
   7111.3   0.02526
   7121.1   0.02519
   7130.9   0.02510
   7140.7   0.02494
   7150.5   0.02482
   7160.4   0.02465
   7170.3   0.02446
   7180.2   0.02423
   7190.2   0.02392
   7200.2   0.02365
   7210.2   0.02343
   7220.2   0.02316
   7230.3   0.02285
   7240.4   0.02258
   7250.5   0.02235
   7260.7   0.02214
   7270.9   0.02192
   7281.1   0.02171
   7291.3   0.02147
   7301.6   0.02119
   7311.9   0.02092
   7322.2   0.02064
   7332.6   0.02040
   7343.0   0.02015
   7353.4   0.01989
   7363.8   0.01962
   7374.3   0.01940
   7384.8   0.01921
   7395.3   0.01905
   7405.9   0.01888
   7416.5   0.01872
   7427.1   0.01856
   7437.8   0.01840
   7448.5   0.01823
   7459.2   0.01806
   7469.9   0.01788
   7480.7   0.01768
   7491.5   0.01745
   7502.4   0.01725
   7513.2   0.01704
   7524.1   0.01686
   7535.1   0.01666
   7546.0   0.01647
   7557.0   0.01626
   7568.1   0.01605
   7579.1   0.01582
   7590.2   0.01561
   7601.4   0.01538
   7612.5   0.01516
   7623.7   0.01493
   7635.0   0.01469
   7646.2   0.01444
   7657.5   0.01423
   7668.8   0.01401
   7680.2   0.01381
   7691.6   0.01358
   7703.0   0.01335
   7714.5   0.01311
   7726.0   0.01288
   7737.5   0.01263
   7749.1   0.01243
   7760.7   0.01223
   7772.3   0.01203
   7784.0   0.01181
   7795.7   0.01162
   7807.4   0.01140
   7819.2   0.01120
   7831.0   0.01098
   7842.9   0.01076
   7854.8   0.01051
   7866.7   0.01027
   7878.6   0.01003
   7890.6   0.00980
   7902.6   0.00956
   7914.7   0.00933
   7926.8   0.00909
   7939.0   0.00885
   7951.1   0.00861
   7963.3   0.00837
   7975.6   0.00812
   7987.9   0.00789
   8000.2   0.00765
   8012.6   0.00741
   8025.0   0.00715
   8037.4   0.00693
   8049.9   0.00672
   8062.4   0.00650
   8075.0   0.00627
   8087.6   0.00604
   8100.2   0.00581
   8112.9   0.00558
   8125.6   0.00535
   8138.4   0.00513
   8151.2   0.00489
   8164.0   0.00468
   8176.9   0.00448
   8189.8   0.00428
   8202.7   0.00406
   8215.7   0.00390
   8228.8   0.00372
   8241.9   0.00356
   8255.0   0.00339
   8268.2   0.00323
   8281.4   0.00306
   8294.6   0.00292
   8307.9   0.00279
   8321.2   0.00269
   8334.6   0.00258
   8348.0   0.00249
   8361.5   0.00241
   8375.0   0.00239
   8388.6   0.00237
   8402.2   0.00242
   8415.8   0.00255
   8429.5   0.00277
   8443.2   0.00309
   8457.0   0.00359
   8470.8   0.00428
   8484.7   0.00523
   8498.6   0.00648
   8512.5   0.00809
   8526.5   0.01011
   8540.6   0.01256
   8554.7   0.01542
   8568.8   0.01871
   8583.0   0.02240
   8597.2   0.02648
   8611.5   0.03095
   8625.8   0.03574
   8640.2   0.04073
   8654.6   0.04590
   8669.1   0.05120
   8683.6   0.05639
   8698.2   0.06124
   8712.8   0.06521
   8727.5   0.06743
   8742.2   0.06695
   8757.0   0.06483
   8771.8   0.06420
   8786.7   0.06696
   8801.6   0.07180
   8816.6   0.07641
   8831.6   0.07925
   8846.6   0.08004
   8861.8   0.07919
   8876.9   0.07761
   8892.2   0.07591
   8907.4   0.07477
   8922.8   0.07453
   8938.2   0.07512
   8953.6   0.07607
   8969.1   0.07707
   8984.6   0.07787
   9000.2   0.07848
   9015.9   0.07882
   9031.6   0.07908
   9047.4   0.07922
   9063.2   0.07936
   9079.0   0.07940
   9095.0   0.07943
   9111.0   0.07942
   9127.0   0.07940
   9143.1   0.07937
   9159.3   0.07942
   9175.5   0.07952
   9191.7   0.07974
   9208.1   0.07998
   9224.4   0.08037
   9240.9   0.08087
   9257.4   0.08152
   9273.9   0.08224
   9290.6   0.08312
   9307.2   0.08410
   9324.0   0.08521
   9340.8   0.08629
   9357.6   0.08740
   9374.6   0.08832
   9391.5   0.08907
   9408.6   0.08951
   9425.7   0.08965
   9442.9   0.08938
   9460.1   0.08877
   9477.4   0.08783
   9494.8   0.08674
   9512.2   0.08541
   9529.7   0.08379
   9547.2   0.08165
   9564.8   0.07893
   9582.5   0.07551
   9600.3   0.07149
   9618.1   0.06685
   9635.9   0.06180
   9653.9   0.05656
   9671.9   0.05143
   9690.0   0.04678
   9708.1   0.04307
   9726.3   0.04056
   9744.6   0.03938
   9763.0   0.03961
   9781.4   0.04135
   9799.9   0.04439
   9818.4   0.04846
   9837.1   0.05316
   9855.8   0.05800
   9874.5   0.06243
   9893.4   0.06593
   9912.3   0.06808
   9931.3   0.06871
   9950.4   0.06789
   9969.5   0.06607
   9988.7   0.06393
  10008.0   0.06228
  10027.3   0.06177
  10046.8   0.06276
  10066.3   0.06507
  10085.9   0.06825
  10105.5   0.07170
  10125.3   0.07542
  10145.1   0.07981
  10165.0   0.08509
  10184.9   0.09047
  10205.0   0.09469
  10225.1   0.09664
  10245.3   0.09600
  10265.6   0.09289
  10286.0   0.08802
  10306.4   0.08261
  10327.0   0.07856
  10347.6   0.07723
  10368.3   0.07847
  10389.0   0.08081
  10409.9   0.08290
  10430.9   0.08409
  10451.9   0.08440
  10473.0   0.08386
  10494.2   0.08264
  10515.5   0.08081
  10536.9   0.07861
  10558.3   0.07618
  10579.9   0.07374
  10601.5   0.07153
  10623.2   0.06975
  10645.0   0.06844
  10666.9   0.06777
  10688.9   0.06767
  10711.0   0.06809
  10733.2   0.06884
  10755.5   0.06965
  10777.8   0.07008
  10800.3   0.06973
  10822.8   0.06832
  10845.5   0.06588
  10868.2   0.06254
  10891.0   0.05858
  10914.0   0.05425
  10937.0   0.04998
  10960.1   0.04620
  10983.3   0.04326
  11006.7   0.04138
  11030.1   0.04063
  11053.6   0.04080
  11077.2   0.04136
  11100.9   0.04167
  11124.8   0.04147
  11148.7   0.04092
  11172.7   0.04034
  11196.8   0.04007
  11221.1   0.04067
  11245.4   0.04259
  11269.9   0.04606
  11294.4   0.05070
  11319.1   0.05574
  11343.8   0.06026
  11368.7   0.06383
  11393.7   0.06638
  11418.8   0.06800
  11444.0   0.06876
  11469.3   0.06886
  11494.8   0.06843
  11520.3   0.06761
  11546.0   0.06647
  11571.7   0.06517
  11597.6   0.06372
  11623.6   0.06218
  11649.7   0.06056
  11676.0   0.05891
  11702.3   0.05709
  11728.8   0.05511
  11755.4   0.05291
  11782.1   0.05054
  11809.0   0.04814
  11835.9   0.04589
  11863.0   0.04386
  11890.2   0.04209
  11917.6   0.04048
  11945.0   0.03903
  11972.6   0.03769
  12000.3   0.03646
  12028.2   0.03536
  12056.1   0.03439
  12084.2   0.03350
  12112.5   0.03266
  12140.8   0.03187
  12169.3   0.03118
  12198.0   0.03051
  12226.7   0.02985
  12255.6   0.02922
  12284.7   0.02864
  12313.9   0.02814
  12343.2   0.02764
  12372.6   0.02713
  12402.2   0.02665
  12432.0   0.02617
  12461.9   0.02573
  12491.9   0.02524
  12522.1   0.02479
  12552.4   0.02440
  12582.9   0.02401
  12613.5   0.02360
  12644.2   0.02321
  12675.1   0.02283
  12706.2   0.02244
  12737.4   0.02207
  12768.8   0.02177
  12800.3   0.02144
  12832.0   0.02107
  12863.9   0.02072
  12895.9   0.02032
  12928.0   0.01986
  12960.3   0.01947
  12992.8   0.01912
  13025.5   0.01874
  13058.3   0.01838
  13091.3   0.01810
  13124.4   0.01788
  13157.7   0.01769
  13191.2   0.01751
  13224.8   0.01725
  13258.7   0.01696
  13292.7   0.01658
  13326.8   0.01612
  13361.2   0.01569
  13395.7   0.01542
  13430.4   0.01541
  13465.3   0.01558
  13500.4   0.01558
  13535.6   0.01526
  13571.0   0.01477
  13606.7   0.01429
  13642.5   0.01387
  13678.5   0.01373
  13714.6   0.01413
  13751.0   0.01508
  13787.6   0.01615
  13824.4   0.01681
  13861.3   0.01688
  13898.5   0.01649
  13935.8   0.01585
  13973.4   0.01517
  14011.2   0.01460
  14049.1   0.01404
  14087.3   0.01355
  14125.7   0.01321
  14164.3   0.01297
  14203.1   0.01295
  14242.1   0.01326
  14281.4   0.01402
  14320.8   0.01537
  14360.5   0.01725
  14400.4   0.01938
  14440.5   0.02121
  14480.8   0.02211
  14521.4   0.02177
  14562.2   0.02058
  14603.2   0.01901
  14644.4   0.01733
  14685.9   0.01587
  14727.7   0.01471
  14769.6   0.01379
  14811.8   0.01302
  14854.3   0.01233
  14896.9   0.01169
  14939.9   0.01101
  14983.0   0.01035
  15026.5   0.00973
  15070.2   0.00932
  15114.1   0.00915
  15158.3   0.00927
  15202.7   0.00997
  15247.5   0.01132
  15292.4   0.01303
  15337.7   0.01466
  15383.2   0.01593
  15429.0   0.01670
  15475.0   0.01705
  15521.4   0.01688
  15568.0   0.01635
  15614.9   0.01561
  15662.0   0.01475
  15709.5   0.01396
  15757.2   0.01347
  15805.3   0.01332
  15853.6   0.01332
  15902.3   0.01327
  15951.2   0.01322
  16000.4   0.01336
  16050.0   0.01405
  16099.8   0.01556
  16150.0   0.01801
  16200.4   0.02137
  16251.2   0.02559
  16302.3   0.03039
  16353.7   0.03548
  16405.5   0.04039
  16457.6   0.04493
  16510.0   0.04877
  16562.7   0.05205
  16615.8   0.05481
  16669.2   0.05709
  16723.0   0.05892
  16777.1   0.06049
  16831.6   0.06195
  16886.4   0.06342
  16941.6   0.06492
  16997.2   0.06651
  17053.1   0.06832
  17109.4   0.07033
  17166.0   0.07261
  17223.0   0.07497
  17280.5   0.07731
  17338.2   0.07936
  17396.4   0.08074
  17455.0   0.08107
  17514.0   0.08036
  17573.3   0.07889
  17633.1   0.07721
  17693.3   0.07576
  17753.9   0.07476
  17814.9   0.07445
  17876.3   0.07519
  17938.2   0.07664
  18000.5   0.07832
  18063.2   0.08038
  18126.3   0.08317
  18189.9   0.08643
  18254.0   0.08904
  18318.5   0.08999
  18383.5   0.08874
  18448.9   0.08589
  18514.8   0.08263
  18581.1   0.08043
  18648.0   0.07977
  18715.3   0.07978
  18783.1   0.07901
  18851.4   0.07700
  18920.2   0.07553
  18989.5   0.07681
  19059.3   0.08102
  19129.7   0.08699
  19200.5   0.09358
  19271.9   0.09975
  19343.8   0.10439
  19416.2   0.10675
  19489.2   0.10723
  19562.8   0.10629
  19636.9   0.10460
  19711.5   0.10237
  19786.8   0.09948
  19862.6   0.09617
  19939.0   0.09298
  20016.0   0.08960
  20093.5   0.08571
  20171.7   0.08182
  20250.5   0.07789
  20329.9   0.07358
  20410.0   0.06918
  20490.7   0.06520
  20572.0   0.06149
  20653.9   0.05784
  20736.5   0.05452
  20819.8   0.05148
  20903.8   0.04859
  20988.4   0.04547
  21073.7   0.04271
  21159.7   0.04034
  21246.5   0.03978
  21333.9   0.04158
  21422.0   0.04450
  21510.9   0.04792
  21600.6   0.05259
  21690.9   0.05828
  21782.1   0.06418
  21874.0   0.06917
  21966.7   0.07298
  22060.1   0.07475
  22154.4   0.07507
  22249.5   0.07391
  22345.4   0.07269
  22442.1   0.07105
  22539.7   0.06769
  22638.1   0.06314
  22737.4   0.05787
  22837.6   0.05304
  22938.7   0.04954
  23040.6   0.04728
  23143.5   0.04600
  23247.2   0.04501
  23352.0   0.04312
  23457.6   0.04057
  23564.3   0.03793
  23671.8   0.03603
  23780.4   0.03508
  23890.0   0.03480
  24000.6   0.03435
  24112.3   0.03380
  24224.9   0.03431
  24338.7   0.03530
  24453.5   0.03669
  24569.4   0.03993
  24686.4   0.04352
  24804.5   0.04567
  24923.7   0.04642
  25044.1   0.04698
  25165.7   0.04782
  25288.5   0.04750
  25412.4   0.04605
  25537.6   0.04466
  25664.0   0.04403
  25791.7   0.04207
  25920.7   0.04020



 NNJPE34     .ASC                        

 PE-CMP-034-J                                                            
 N1,N2,N4 DATA MERGED @ 1080.929 AND 2802.235   OPX 75-250               

 Source Ang: 30.00   Detect Ang: 30.00  Volt: 1.222
 Date: 29-JUL-92   Time: 15:24:43
