   661
    300.0   0.01828
    305.0   0.01665
    310.0   0.01557
    315.0   0.01431
    320.0   0.01331
    325.0   0.01364
    330.0   0.01386
    335.0   0.01368
    340.0   0.01377
    345.0   0.01372
    350.0   0.01390
    355.0   0.01433
    360.0   0.01476
    365.0   0.01516
    370.0   0.01568
    375.0   0.01636
    380.0   0.01712
    385.0   0.01796
    390.0   0.01896
    395.0   0.02023
    400.0   0.02147
    405.0   0.02288
    410.0   0.02442
    415.0   0.02619
    420.0   0.02805
    425.0   0.03026
    430.0   0.03275
    435.0   0.03548
    440.0   0.03829
    445.0   0.04107
    450.0   0.04370
    455.0   0.04615
    460.0   0.04849
    465.0   0.05080
    470.0   0.05327
    475.0   0.05620
    480.0   0.05956
    485.0   0.06353
    490.0   0.06818
    495.0   0.07354
    500.0   0.07947
    505.0   0.08618
    510.0   0.09358
    515.0   0.10164
    520.0   0.11031
    525.0   0.11956
    530.0   0.12937
    535.0   0.13973
    540.0   0.15047
    545.0   0.16164
    550.0   0.17322
    555.0   0.18521
    560.0   0.19730
    565.0   0.20974
    570.0   0.22232
    575.0   0.23501
    580.0   0.24757
    585.0   0.25998
    590.0   0.27208
    595.0   0.28400
    600.0   0.29560
    605.0   0.30673
    610.0   0.31760
    615.0   0.32794
    620.0   0.33769
    625.0   0.34693
    630.0   0.35574
    635.0   0.36395
    640.0   0.37182
    645.0   0.37917
    650.0   0.38605
    655.0   0.39250
    660.0   0.39844
    665.0   0.40395
    670.0   0.40921
    675.0   0.41404
    680.0   0.41850
    685.0   0.42284
    690.0   0.42695
    695.0   0.43087
    700.0   0.43443
    705.0   0.43785
    710.0   0.44107
    715.0   0.44416
    720.0   0.44684
    725.0   0.44954
    730.0   0.45214
    735.0   0.45441
    740.0   0.45628
    745.0   0.45800
    750.0   0.45950
    755.0   0.46051
    760.0   0.46143
    765.0   0.46214
    770.0   0.46262
    775.0   0.46292
    780.0   0.46281
    785.0   0.46259
    790.0   0.46238
    795.0   0.46193
    800.0   0.46173
    805.0   0.46175
    810.0   0.46139
    815.0   0.46076
    820.0   0.46023
    825.0   0.45936
    830.0   0.45841
    835.0   0.45738
    840.0   0.45650
    845.0   0.45520
    850.0   0.45402
    855.0   0.45292
    860.0   0.45182
    865.0   0.45107
    870.0   0.45064
    875.0   0.45006
    880.0   0.44947
    885.0   0.44941
    890.0   0.44893
    895.0   0.44879
    900.0   0.44889
    905.0   0.44899
    910.0   0.44920
    915.0   0.44985
    920.0   0.45013
    925.0   0.45012
    930.0   0.45059
    935.0   0.45091
    940.0   0.45112
    945.0   0.45202
    950.0   0.45315
    955.0   0.45397
    960.0   0.45490
    965.0   0.45586
    970.0   0.45677
    975.0   0.45793
    980.0   0.45932
    985.0   0.46077
    990.0   0.46243
    995.0   0.46398
   1000.0   0.46535
   1005.0   0.46668
   1010.0   0.46835
   1015.0   0.47000
   1020.0   0.47181
   1025.0   0.47376
   1030.0   0.47581
   1035.0   0.47773
   1040.0   0.47965
   1045.0   0.48146
   1050.0   0.48355
   1055.0   0.48579
   1060.0   0.48779
   1065.0   0.49006
   1070.0   0.49232
   1075.0   0.49440
   1080.0   0.49640
   1085.0   0.49877
   1090.0   0.50088
   1095.0   0.50307
   1100.0   0.50545
   1105.0   0.50771
   1110.0   0.50996
   1115.0   0.51214
   1120.0   0.51448
   1125.0   0.51665
   1130.0   0.51891
   1135.0   0.52129
   1140.0   0.52360
   1145.0   0.52578
   1150.0   0.52781
   1155.0   0.52996
   1160.0   0.53192
   1165.0   0.53390
   1170.0   0.53602
   1175.0   0.53828
   1180.0   0.54049
   1185.0   0.54261
   1190.0   0.54478
   1195.0   0.54691
   1200.0   0.54912
   1205.0   0.55128
   1210.0   0.55331
   1215.0   0.55521
   1220.0   0.55705
   1225.0   0.55861
   1230.0   0.56014
   1235.0   0.56169
   1240.0   0.56317
   1245.0   0.56475
   1250.0   0.56642
   1255.0   0.56797
   1260.0   0.56973
   1265.0   0.57159
   1270.0   0.57339
   1275.0   0.57515
   1280.0   0.57699
   1285.0   0.57868
   1290.0   0.58040
   1295.0   0.58196
   1300.0   0.58342
   1305.0   0.58497
   1310.0   0.58641
   1315.0   0.58774
   1320.0   0.58891
   1325.0   0.59015
   1330.0   0.59114
   1335.0   0.59193
   1340.0   0.59237
   1345.0   0.59254
   1350.0   0.59218
   1355.0   0.59146
   1360.0   0.59023
   1365.0   0.58890
   1370.0   0.58681
   1375.0   0.58500
   1380.0   0.58301
   1385.0   0.58013
   1390.0   0.57618
   1395.0   0.57195
   1400.0   0.56716
   1405.0   0.56179
   1410.0   0.55730
   1415.0   0.55379
   1420.0   0.55127
   1425.0   0.54921
   1430.0   0.54842
   1435.0   0.54812
   1440.0   0.54854
   1445.0   0.54935
   1450.0   0.55041
   1455.0   0.55173
   1460.0   0.55317
   1465.0   0.55487
   1470.0   0.55675
   1475.0   0.55881
   1480.0   0.56100
   1485.0   0.56378
   1490.0   0.56676
   1495.0   0.56969
   1500.0   0.57249
   1505.0   0.57498
   1510.0   0.57736
   1515.0   0.57935
   1520.0   0.58120
   1525.0   0.58340
   1530.0   0.58563
   1535.0   0.58761
   1540.0   0.58916
   1545.0   0.59067
   1550.0   0.59214
   1555.0   0.59329
   1560.0   0.59444
   1565.0   0.59596
   1570.0   0.59755
   1575.0   0.59863
   1580.0   0.59989
   1585.0   0.60099
   1590.0   0.60159
   1595.0   0.60220
   1600.0   0.60292
   1605.0   0.60363
   1610.0   0.60404
   1615.0   0.60496
   1620.0   0.60551
   1625.0   0.60588
   1630.0   0.60645
   1635.0   0.60684
   1640.0   0.60663
   1645.0   0.60667
   1650.0   0.60690
   1655.0   0.60687
   1660.0   0.60717
   1665.0   0.60767
   1670.0   0.60795
   1675.0   0.60809
   1680.0   0.60813
   1685.0   0.60798
   1690.0   0.60795
   1695.0   0.60789
   1700.0   0.60774
   1705.0   0.60754
   1710.0   0.60706
   1715.0   0.60633
   1720.0   0.60545
   1725.0   0.60483
   1730.0   0.60391
   1735.0   0.60326
   1740.0   0.60265
   1745.0   0.60192
   1750.0   0.60093
   1755.0   0.60010
   1760.0   0.59915
   1765.0   0.59817
   1770.0   0.59756
   1775.0   0.59684
   1780.0   0.59623
   1785.0   0.59597
   1790.0   0.59576
   1795.0   0.59552
   1800.0   0.59557
   1805.0   0.59563
   1810.0   0.59556
   1815.0   0.59571
   1820.0   0.59583
   1825.0   0.59582
   1830.0   0.59616
   1835.0   0.59635
   1840.0   0.59620
   1845.0   0.59558
   1850.0   0.59470
   1855.0   0.59263
   1860.0   0.58967
   1865.0   0.58613
   1870.0   0.58057
   1875.0   0.57233
   1880.0   0.56140
   1885.0   0.54727
   1890.0   0.52992
   1895.0   0.51176
   1900.0   0.49315
   1905.0   0.47539
   1910.0   0.46044
   1915.0   0.44863
   1920.0   0.43977
   1925.0   0.43414
   1930.0   0.43157
   1935.0   0.43079
   1940.0   0.43131
   1945.0   0.43296
   1950.0   0.43552
   1955.0   0.43854
   1960.0   0.44195
   1965.0   0.44584
   1970.0   0.45012
   1975.0   0.45444
   1980.0   0.45885
   1985.0   0.46363
   1990.0   0.46835
   1995.0   0.47283
   2000.0   0.47751
   2005.0   0.48205
   2010.0   0.48655
   2015.0   0.49080
   2020.0   0.49490
   2025.0   0.49869
   2030.0   0.50226
   2035.0   0.50535
   2040.0   0.50842
   2045.0   0.51135
   2050.0   0.51422
   2055.0   0.51698
   2060.0   0.51948
   2065.0   0.52208
   2070.0   0.52440
   2075.0   0.52657
   2080.0   0.52861
   2085.0   0.53088
   2090.0   0.53280
   2095.0   0.53470
   2100.0   0.53640
   2105.0   0.53806
   2110.0   0.53918
   2115.0   0.53999
   2120.0   0.54046
   2125.0   0.54097
   2130.0   0.54099
   2135.0   0.54055
   2140.0   0.53983
   2145.0   0.53888
   2150.0   0.53722
   2155.0   0.53543
   2160.0   0.53337
   2165.0   0.53104
   2170.0   0.52830
   2175.0   0.52544
   2180.0   0.52239
   2185.0   0.51959
   2190.0   0.51707
   2195.0   0.51505
   2200.0   0.51351
   2205.0   0.51246
   2210.0   0.51174
   2215.0   0.51102
   2220.0   0.51047
   2225.0   0.50972
   2230.0   0.50884
   2235.0   0.50811
   2240.0   0.50767
   2245.0   0.50724
   2250.0   0.50700
   2255.0   0.50667
   2260.0   0.50620
   2265.0   0.50560
   2270.0   0.50479
   2275.0   0.50388
   2280.0   0.50302
   2285.0   0.50203
   2290.0   0.50090
   2295.0   0.49958
   2300.0   0.49821
   2305.0   0.49682
   2310.0   0.49531
   2315.0   0.49367
   2320.0   0.49228
   2325.0   0.49054
   2330.0   0.48875
   2335.0   0.48675
   2340.0   0.48452
   2345.0   0.48204
   2350.0   0.47966
   2355.0   0.47715
   2360.0   0.47466
   2365.0   0.47202
   2370.0   0.46924
   2375.0   0.46637
   2380.0   0.46318
   2385.0   0.45990
   2390.0   0.45678
   2395.0   0.45339
   2400.0   0.45000
   2405.0   0.44660
   2410.0   0.44311
   2415.0   0.43925
   2420.0   0.43542
   2425.0   0.43136
   2430.0   0.42717
   2435.0   0.42297
   2440.0   0.41894
   2445.0   0.41487
   2450.0   0.41101
   2455.0   0.40712
   2460.0   0.40310
   2465.0   0.39951
   2470.0   0.39593
   2475.0   0.39231
   2480.0   0.38897
   2485.0   0.38573
   2490.0   0.38229
   2495.0   0.37893
   2500.0   0.37568
   2505.0   0.37250
   2510.0   0.36983
   2515.0   0.36743
   2520.0   0.36531
   2525.0   0.36361
   2530.0   0.36223
   2535.0   0.36097
   2540.0   0.35977
   2545.0   0.35888
   2550.0   0.35677
   2555.0   0.35549
   2560.0   0.35401
   2565.0   0.35255
   2570.0   0.35050
   2575.0   0.34908
   2580.0   0.34720
   2585.0   0.34502
   2590.0   0.34270
   2595.0   0.34033
   2600.0   0.33801
   2605.0   0.33481
   2610.0   0.33125
   2615.0   0.32675
   2620.0   0.32207
   2625.0   0.31667
   2630.0   0.31067
   2635.0   0.30374
   2640.0   0.29644
   2645.0   0.28807
   2650.0   0.27888
   2655.0   0.26785
   2660.0   0.25482
   2665.0   0.23775
   2670.0   0.21752
   2675.0   0.19468
   2680.0   0.17082
   2685.0   0.14728
   2690.0   0.12617
   2695.0   0.10773
   2700.0   0.09220
   2705.0   0.07937
   2710.0   0.06910
   2715.0   0.06062
   2720.0   0.05313
   2725.0   0.04655
   2730.0   0.04048
   2735.0   0.03498
   2740.0   0.03030
   2745.0   0.02771
   2750.0   0.02448
   2755.0   0.02099
   2760.0   0.02079
   2765.0   0.01829
   2770.0   0.01366
   2775.0   0.01295
   2780.0   0.01107
   2785.0   0.01141
   2790.0   0.01091
   2795.0   0.01322
   2800.0   0.01135
   2805.0   0.01248
   2810.0   0.00805
   2815.0   0.01062
   2820.0   0.01058
   2825.0   0.01196
   2830.0   0.01080
   2835.0   0.01157
   2840.0   0.00901
   2845.0   0.00812
   2850.0   0.00715
   2855.0   0.00973
   2860.0   0.00948
   2865.0   0.01139
   2870.0   0.01152
   2875.0   0.01383
   2880.0   0.01453
   2885.0   0.01623
   2890.0   0.01592
   2895.0   0.01758
   2900.0   0.01812
   2905.0   0.01839
   2910.0   0.01941
   2915.0   0.01947
   2920.0   0.01801
   2925.0   0.01728
   2930.0   0.01741
   2935.0   0.01599
   2940.0   0.01660
   2945.0   0.01794
   2950.0   0.01776
   2955.0   0.01662
   2960.0   0.01821
   2965.0   0.01782
   2970.0   0.01713
   2975.0   0.01698
   2980.0   0.01682
   2985.0   0.01590
   2990.0   0.01590
   2995.0   0.01661
   3000.0   0.01778
   3005.0   0.01840
   3010.0   0.01893
   3015.0   0.01860
   3020.0   0.01836
   3025.0   0.01742
   3030.0   0.01782
   3035.0   0.01761
   3040.0   0.01881
   3045.0   0.01873
   3050.0   0.01909
   3055.0   0.01857
   3060.0   0.01931
   3065.0   0.01860
   3070.0   0.01880
   3075.0   0.01803
   3080.0   0.01804
   3085.0   0.01753
   3090.0   0.01790
   3095.0   0.01804
   3100.0   0.01876
   3105.0   0.01889
   3110.0   0.01892
   3115.0   0.01754
   3120.0   0.01655
   3125.0   0.01579
   3130.0   0.01574
   3135.0   0.01480
   3140.0   0.01543
   3145.0   0.01623
   3150.0   0.01696
   3155.0   0.01721
   3160.0   0.01808
   3165.0   0.01762
   3170.0   0.01737
   3175.0   0.01745
   3180.0   0.01764
   3185.0   0.01746
   3190.0   0.01799
   3195.0   0.01847
   3200.0   0.01857
   3205.0   0.01864
   3210.0   0.01821
   3215.0   0.01855
   3220.0   0.01877
   3225.0   0.01950
   3230.0   0.02026
   3235.0   0.02111
   3240.0   0.02149
   3245.0   0.02209
   3250.0   0.02180
   3255.0   0.02133
   3260.0   0.02143
   3265.0   0.02216
   3270.0   0.02182
   3275.0   0.02140
   3280.0   0.02202
   3285.0   0.02278
   3290.0   0.02396
   3295.0   0.02478
   3300.0   0.02669
   3305.0   0.02934
   3310.0   0.02978
   3315.0   0.03018
   3320.0   0.03094
   3325.0   0.03181
   3330.0   0.03077
   3335.0   0.03162
   3340.0   0.03186
   3345.0   0.03238
   3350.0   0.03286
   3355.0   0.03468
   3360.0   0.03484
   3365.0   0.03586
   3370.0   0.03724
   3375.0   0.03778
   3380.0   0.03762
   3385.0   0.03947
   3390.0   0.04030
   3395.0   0.04143
   3400.0   0.04334
   3405.0   0.04416
   3410.0   0.04509
   3415.0   0.04695
   3420.0   0.04750
   3425.0   0.04785
   3430.0   0.04894
   3435.0   0.04960
   3440.0   0.04897
   3445.0   0.04990
   3450.0   0.04992
   3455.0   0.05029
   3460.0   0.05280
   3465.0   0.05471
   3470.0   0.05563
   3475.0   0.05624
   3480.0   0.05755
   3485.0   0.05701
   3490.0   0.05835
   3495.0   0.06033
   3500.0   0.06075
   3505.0   0.06052
   3510.0   0.06089
   3515.0   0.06008
   3520.0   0.06067
   3525.0   0.06229
   3530.0   0.06347
   3535.0   0.06441
   3540.0   0.06613
   3545.0   0.06616
   3550.0   0.06661
   3555.0   0.06756
   3560.0   0.06907
   3565.0   0.07124
   3570.0   0.07103
   3575.0   0.07354
   3580.0   0.07478
   3585.0   0.07568
   3590.0   0.07755
   3595.0   0.08185
   3600.0   0.08416



 S1SP02      .ASC                        

 SP-CMP-002                                                              
 PALAGONITE FROM ICELAND  <80 UM                                         
 RATIOS ADJUSTED USING NBS HALON CALIBRATION TABLE                       
                                                                         

 Source Ang: 30.00   Detect Ang:  0.00  Volt: 0.222
 Date: 03-DEC-91   Time: 15:46:22
