   661
    300.0   0.03607
    305.0   0.03631
    310.0   0.03618
    315.0   0.03633
    320.0   0.03723
    325.0   0.03740
    330.0   0.03828
    335.0   0.03958
    340.0   0.04090
    345.0   0.04244
    350.0   0.04431
    355.0   0.04601
    360.0   0.04814
    365.0   0.05061
    370.0   0.05324
    375.0   0.05655
    380.0   0.05987
    385.0   0.06340
    390.0   0.06714
    395.0   0.07068
    400.0   0.07408
    405.0   0.07748
    410.0   0.08081
    415.0   0.08411
    420.0   0.08786
    425.0   0.09206
    430.0   0.09681
    435.0   0.10200
    440.0   0.10746
    445.0   0.11291
    450.0   0.11804
    455.0   0.12265
    460.0   0.12679
    465.0   0.13059
    470.0   0.13424
    475.0   0.13842
    480.0   0.14313
    485.0   0.14894
    490.0   0.15573
    495.0   0.16372
    500.0   0.17240
    505.0   0.18214
    510.0   0.19257
    515.0   0.20366
    520.0   0.21491
    525.0   0.22625
    530.0   0.23751
    535.0   0.24842
    540.0   0.25862
    545.0   0.26831
    550.0   0.27750
    555.0   0.28613
    560.0   0.29421
    565.0   0.30231
    570.0   0.31016
    575.0   0.31781
    580.0   0.32545
    585.0   0.33310
    590.0   0.34049
    595.0   0.34820
    600.0   0.35606
    605.0   0.36373
    610.0   0.37158
    615.0   0.37975
    620.0   0.38765
    625.0   0.39550
    630.0   0.40367
    635.0   0.41179
    640.0   0.41955
    645.0   0.42742
    650.0   0.43530
    655.0   0.44275
    660.0   0.44999
    665.0   0.45704
    670.0   0.46373
    675.0   0.47011
    680.0   0.47629
    685.0   0.48202
    690.0   0.48749
    695.0   0.49275
    700.0   0.49775
    705.0   0.50246
    710.0   0.50718
    715.0   0.51180
    720.0   0.51590
    725.0   0.51979
    730.0   0.52365
    735.0   0.52700
    740.0   0.52997
    745.0   0.53242
    750.0   0.53406
    755.0   0.53606
    760.0   0.53777
    765.0   0.53937
    770.0   0.54151
    775.0   0.54368
    780.0   0.54501
    785.0   0.54631
    790.0   0.54756
    795.0   0.54823
    800.0   0.54912
    805.0   0.54987
    810.0   0.55003
    815.0   0.55001
    820.0   0.55016
    825.0   0.54979
    830.0   0.54930
    835.0   0.54905
    840.0   0.54835
    845.0   0.54742
    850.0   0.54655
    855.0   0.54560
    860.0   0.54493
    865.0   0.54452
    870.0   0.54418
    875.0   0.54344
    880.0   0.54307
    885.0   0.54264
    890.0   0.54182
    895.0   0.54109
    900.0   0.54078
    905.0   0.54025
    910.0   0.53957
    915.0   0.53896
    920.0   0.53817
    925.0   0.53765
    930.0   0.53691
    935.0   0.53649
    940.0   0.53628
    945.0   0.53625
    950.0   0.53596
    955.0   0.53562
    960.0   0.53490
    965.0   0.53438
    970.0   0.53399
    975.0   0.53388
    980.0   0.53389
    985.0   0.53401
    990.0   0.53378
    995.0   0.53358
   1000.0   0.53331
   1005.0   0.53333
   1010.0   0.53351
   1015.0   0.53403
   1020.0   0.53448
   1025.0   0.53499
   1030.0   0.53539
   1035.0   0.53588
   1040.0   0.53640
   1045.0   0.53700
   1050.0   0.53784
   1055.0   0.53880
   1060.0   0.53970
   1065.0   0.54082
   1070.0   0.54173
   1075.0   0.54268
   1080.0   0.54380
   1085.0   0.54522
   1090.0   0.54649
   1095.0   0.54811
   1100.0   0.54975
   1105.0   0.55131
   1110.0   0.55265
   1115.0   0.55411
   1120.0   0.55586
   1125.0   0.55761
   1130.0   0.55928
   1135.0   0.56094
   1140.0   0.56262
   1145.0   0.56404
   1150.0   0.56531
   1155.0   0.56663
   1160.0   0.56815
   1165.0   0.56969
   1170.0   0.57112
   1175.0   0.57286
   1180.0   0.57464
   1185.0   0.57628
   1190.0   0.57836
   1195.0   0.58080
   1200.0   0.58305
   1205.0   0.58510
   1210.0   0.58729
   1215.0   0.58881
   1220.0   0.59021
   1225.0   0.59141
   1230.0   0.59265
   1235.0   0.59407
   1240.0   0.59557
   1245.0   0.59698
   1250.0   0.59858
   1255.0   0.60014
   1260.0   0.60146
   1265.0   0.60293
   1270.0   0.60432
   1275.0   0.60574
   1280.0   0.60738
   1285.0   0.60911
   1290.0   0.61066
   1295.0   0.61201
   1300.0   0.61345
   1305.0   0.61476
   1310.0   0.61592
   1315.0   0.61731
   1320.0   0.61884
   1325.0   0.61996
   1330.0   0.62114
   1335.0   0.62180
   1340.0   0.62225
   1345.0   0.62260
   1350.0   0.62268
   1355.0   0.62285
   1360.0   0.62348
   1365.0   0.62366
   1370.0   0.62304
   1375.0   0.62278
   1380.0   0.62123
   1385.0   0.61832
   1390.0   0.61424
   1395.0   0.60939
   1400.0   0.60315
   1405.0   0.59657
   1410.0   0.59042
   1415.0   0.58503
   1420.0   0.58112
   1425.0   0.57863
   1430.0   0.57824
   1435.0   0.57924
   1440.0   0.58214
   1445.0   0.58585
   1450.0   0.59013
   1455.0   0.59418
   1460.0   0.59803
   1465.0   0.60142
   1470.0   0.60480
   1475.0   0.60828
   1480.0   0.61192
   1485.0   0.61579
   1490.0   0.61973
   1495.0   0.62320
   1500.0   0.62633
   1505.0   0.62921
   1510.0   0.63218
   1515.0   0.63471
   1520.0   0.63717
   1525.0   0.63960
   1530.0   0.64167
   1535.0   0.64353
   1540.0   0.64524
   1545.0   0.64694
   1550.0   0.64848
   1555.0   0.65017
   1560.0   0.65156
   1565.0   0.65303
   1570.0   0.65436
   1575.0   0.65583
   1580.0   0.65708
   1585.0   0.65819
   1590.0   0.65916
   1595.0   0.66014
   1600.0   0.66093
   1605.0   0.66167
   1610.0   0.66212
   1615.0   0.66294
   1620.0   0.66352
   1625.0   0.66397
   1630.0   0.66450
   1635.0   0.66521
   1640.0   0.66558
   1645.0   0.66600
   1650.0   0.66650
   1655.0   0.66700
   1660.0   0.66754
   1665.0   0.66808
   1670.0   0.66864
   1675.0   0.66923
   1680.0   0.66929
   1685.0   0.66936
   1690.0   0.66953
   1695.0   0.66950
   1700.0   0.66926
   1705.0   0.66938
   1710.0   0.66916
   1715.0   0.66849
   1720.0   0.66774
   1725.0   0.66700
   1730.0   0.66614
   1735.0   0.66550
   1740.0   0.66495
   1745.0   0.66438
   1750.0   0.66378
   1755.0   0.66308
   1760.0   0.66227
   1765.0   0.66153
   1770.0   0.66110
   1775.0   0.66063
   1780.0   0.66039
   1785.0   0.66026
   1790.0   0.66011
   1795.0   0.65982
   1800.0   0.65970
   1805.0   0.65962
   1810.0   0.65957
   1815.0   0.65963
   1820.0   0.65961
   1825.0   0.65953
   1830.0   0.65954
   1835.0   0.65946
   1840.0   0.65894
   1845.0   0.65804
   1850.0   0.65662
   1855.0   0.65383
   1860.0   0.64937
   1865.0   0.64307
   1870.0   0.63343
   1875.0   0.62068
   1880.0   0.60487
   1885.0   0.58534
   1890.0   0.56232
   1895.0   0.53804
   1900.0   0.51292
   1905.0   0.48942
   1910.0   0.47057
   1915.0   0.45787
   1920.0   0.45160
   1925.0   0.45100
   1930.0   0.45430
   1935.0   0.45978
   1940.0   0.46593
   1945.0   0.47213
   1950.0   0.47826
   1955.0   0.48444
   1960.0   0.49042
   1965.0   0.49644
   1970.0   0.50243
   1975.0   0.50843
   1980.0   0.51431
   1985.0   0.52055
   1990.0   0.52671
   1995.0   0.53270
   2000.0   0.53877
   2005.0   0.54473
   2010.0   0.55038
   2015.0   0.55561
   2020.0   0.56068
   2025.0   0.56528
   2030.0   0.56973
   2035.0   0.57357
   2040.0   0.57732
   2045.0   0.58072
   2050.0   0.58376
   2055.0   0.58622
   2060.0   0.58842
   2065.0   0.59080
   2070.0   0.59292
   2075.0   0.59492
   2080.0   0.59684
   2085.0   0.59894
   2090.0   0.60058
   2095.0   0.60223
   2100.0   0.60365
   2105.0   0.60527
   2110.0   0.60661
   2115.0   0.60776
   2120.0   0.60877
   2125.0   0.60984
   2130.0   0.61048
   2135.0   0.61082
   2140.0   0.61111
   2145.0   0.61127
   2150.0   0.61120
   2155.0   0.61103
   2160.0   0.61068
   2165.0   0.61012
   2170.0   0.60906
   2175.0   0.60796
   2180.0   0.60678
   2185.0   0.60539
   2190.0   0.60361
   2195.0   0.60180
   2200.0   0.59979
   2205.0   0.59761
   2210.0   0.59550
   2215.0   0.59357
   2220.0   0.59180
   2225.0   0.58993
   2230.0   0.58781
   2235.0   0.58569
   2240.0   0.58378
   2245.0   0.58179
   2250.0   0.57946
   2255.0   0.57662
   2260.0   0.57309
   2265.0   0.56812
   2270.0   0.56183
   2275.0   0.55517
   2280.0   0.54898
   2285.0   0.54375
   2290.0   0.54023
   2295.0   0.53881
   2300.0   0.53918
   2305.0   0.54084
   2310.0   0.54320
   2315.0   0.54570
   2320.0   0.54792
   2325.0   0.54921
   2330.0   0.54910
   2335.0   0.54764
   2340.0   0.54509
   2345.0   0.54148
   2350.0   0.53762
   2355.0   0.53367
   2360.0   0.52957
   2365.0   0.52518
   2370.0   0.52053
   2375.0   0.51547
   2380.0   0.51003
   2385.0   0.50439
   2390.0   0.49888
   2395.0   0.49379
   2400.0   0.48881
   2405.0   0.48392
   2410.0   0.47938
   2415.0   0.47507
   2420.0   0.47073
   2425.0   0.46637
   2430.0   0.46224
   2435.0   0.45807
   2440.0   0.45389
   2445.0   0.44957
   2450.0   0.44551
   2455.0   0.44165
   2460.0   0.43784
   2465.0   0.43411
   2470.0   0.43050
   2475.0   0.42668
   2480.0   0.42280
   2485.0   0.41903
   2490.0   0.41558
   2495.0   0.41202
   2500.0   0.40884
   2505.0   0.40596
   2510.0   0.40322
   2515.0   0.40046
   2520.0   0.39832
   2525.0   0.39654
   2530.0   0.39487
   2535.0   0.39362
   2540.0   0.39270
   2545.0   0.39207
   2550.0   0.39049
   2555.0   0.38987
   2560.0   0.38905
   2565.0   0.38811
   2570.0   0.38675
   2575.0   0.38592
   2580.0   0.38460
   2585.0   0.38339
   2590.0   0.38177
   2595.0   0.37974
   2600.0   0.37798
   2605.0   0.37520
   2610.0   0.37175
   2615.0   0.36810
   2620.0   0.36445
   2625.0   0.35985
   2630.0   0.35540
   2635.0   0.35061
   2640.0   0.34504
   2645.0   0.33895
   2650.0   0.33233
   2655.0   0.32485
   2660.0   0.31578
   2665.0   0.30502
   2670.0   0.29297
   2675.0   0.27912
   2680.0   0.26366
   2685.0   0.24691
   2690.0   0.22945
   2695.0   0.21080
   2700.0   0.19272
   2705.0   0.17506
   2710.0   0.15884
   2715.0   0.14333
   2720.0   0.12811
   2725.0   0.11323
   2730.0   0.09953
   2735.0   0.08693
   2740.0   0.07538
   2745.0   0.06565
   2750.0   0.05836
   2755.0   0.05300
   2760.0   0.04901
   2765.0   0.04860
   2770.0   0.04727
   2775.0   0.04048
   2780.0   0.03735
   2785.0   0.03414
   2790.0   0.02913
   2795.0   0.02742
   2800.0   0.02986
   2805.0   0.02963
   2810.0   0.02783
   2815.0   0.02777
   2820.0   0.02812
   2825.0   0.02777
   2830.0   0.02734
   2835.0   0.02764
   2840.0   0.02751
   2845.0   0.02646
   2850.0   0.02803
   2855.0   0.02770
   2860.0   0.02979
   2865.0   0.02887
   2870.0   0.02890
   2875.0   0.02728
   2880.0   0.02863
   2885.0   0.02747
   2890.0   0.02882
   2895.0   0.02756
   2900.0   0.02823
   2905.0   0.02685
   2910.0   0.02712
   2915.0   0.02544
   2920.0   0.02738
   2925.0   0.02708
   2930.0   0.02668
   2935.0   0.02635
   2940.0   0.02806
   2945.0   0.02649
   2950.0   0.02700
   2955.0   0.02762
   2960.0   0.02698
   2965.0   0.02650
   2970.0   0.02686
   2975.0   0.02801
   2980.0   0.02776
   2985.0   0.02847
   2990.0   0.02942
   2995.0   0.03060
   3000.0   0.03046
   3005.0   0.03079
   3010.0   0.03209
   3015.0   0.03148
   3020.0   0.03139
   3025.0   0.03142
   3030.0   0.03140
   3035.0   0.03117
   3040.0   0.03244
   3045.0   0.03227
   3050.0   0.03237
   3055.0   0.03344
   3060.0   0.03319
   3065.0   0.03274
   3070.0   0.03304
   3075.0   0.03310
   3080.0   0.03329
   3085.0   0.03357
   3090.0   0.03361
   3095.0   0.03466
   3100.0   0.03508
   3105.0   0.03501
   3110.0   0.03480
   3115.0   0.03566
   3120.0   0.03612
   3125.0   0.03713
   3130.0   0.03740
   3135.0   0.04007
   3140.0   0.04031
   3145.0   0.04049
   3150.0   0.04145
   3155.0   0.04360
   3160.0   0.04363
   3165.0   0.04560
   3170.0   0.04708
   3175.0   0.04715
   3180.0   0.04771
   3185.0   0.04866
   3190.0   0.04845
   3195.0   0.04938
   3200.0   0.05164
   3205.0   0.05222
   3210.0   0.05263
   3215.0   0.05489
   3220.0   0.05595
   3225.0   0.05665
   3230.0   0.05861
   3235.0   0.05927
   3240.0   0.05938
   3245.0   0.05987
   3250.0   0.06099
   3255.0   0.06178
   3260.0   0.06366
   3265.0   0.06504
   3270.0   0.06602
   3275.0   0.06667
   3280.0   0.06712
   3285.0   0.06798
   3290.0   0.06852
   3295.0   0.06920
   3300.0   0.07032
   3305.0   0.07131
   3310.0   0.07245
   3315.0   0.07416
   3320.0   0.07572
   3325.0   0.07619
   3330.0   0.07762
   3335.0   0.07912
   3340.0   0.08094
   3345.0   0.08361
   3350.0   0.08658
   3355.0   0.08857
   3360.0   0.09074
   3365.0   0.09129
   3370.0   0.09289
   3375.0   0.09360
   3380.0   0.09561
   3385.0   0.09761
   3390.0   0.09970
   3395.0   0.10106
   3400.0   0.10288
   3405.0   0.10394
   3410.0   0.10401
   3415.0   0.10585
   3420.0   0.10851
   3425.0   0.10966
   3430.0   0.11101
   3435.0   0.11414
   3440.0   0.11653
   3445.0   0.11699
   3450.0   0.11972
   3455.0   0.12339
   3460.0   0.12540
   3465.0   0.12763
   3470.0   0.13046
   3475.0   0.13267
   3480.0   0.13461
   3485.0   0.13684
   3490.0   0.13896
   3495.0   0.14097
   3500.0   0.14364
   3505.0   0.14369
   3510.0   0.14517
   3515.0   0.14852
   3520.0   0.15270
   3525.0   0.15440
   3530.0   0.15931
   3535.0   0.16493
   3540.0   0.16612
   3545.0   0.16783
   3550.0   0.17307
   3555.0   0.17520
   3560.0   0.17615
   3565.0   0.17884
   3570.0   0.17921
   3575.0   0.17978
   3580.0   0.18341
   3585.0   0.18371
   3590.0   0.18710
   3595.0   0.19120
   3600.0   0.19329



 S1SP01      .ASC                        

 SP-CMP-001                                                              
 PALAGONITE FROM ARMENIA  <80 UM                                         
 RATIOS ADJUSTED USING NBS HALON CALIBRATION TABLE                       
 7 PT BOXCAR                                                             

 Source Ang: 30.00   Detect Ang:  0.00  Volt: 0.222
 Date: 03-DEC-91   Time: 15:18:56
