   661
    300.0   0.03542
    305.0   0.03506
    310.0   0.03461
    315.0   0.03378
    320.0   0.03254
    325.0   0.03194
    330.0   0.03168
    335.0   0.03146
    340.0   0.03172
    345.0   0.03197
    350.0   0.03237
    355.0   0.03294
    360.0   0.03383
    365.0   0.03498
    370.0   0.03658
    375.0   0.03837
    380.0   0.04047
    385.0   0.04276
    390.0   0.04533
    395.0   0.04799
    400.0   0.05066
    405.0   0.05344
    410.0   0.05652
    415.0   0.05999
    420.0   0.06407
    425.0   0.06900
    430.0   0.07457
    435.0   0.08060
    440.0   0.08672
    445.0   0.09244
    450.0   0.09748
    455.0   0.10166
    460.0   0.10501
    465.0   0.10770
    470.0   0.11049
    475.0   0.11397
    480.0   0.11861
    485.0   0.12467
    490.0   0.13247
    495.0   0.14151
    500.0   0.15162
    505.0   0.16282
    510.0   0.17520
    515.0   0.18839
    520.0   0.20254
    525.0   0.21742
    530.0   0.23277
    535.0   0.24841
    540.0   0.26439
    545.0   0.28026
    550.0   0.29578
    555.0   0.31076
    560.0   0.32489
    565.0   0.33800
    570.0   0.35025
    575.0   0.36164
    580.0   0.37227
    585.0   0.38219
    590.0   0.39141
    595.0   0.39985
    600.0   0.40773
    605.0   0.41521
    610.0   0.42212
    615.0   0.42861
    620.0   0.43506
    625.0   0.44140
    630.0   0.44737
    635.0   0.45355
    640.0   0.45982
    645.0   0.46576
    650.0   0.47168
    655.0   0.47785
    660.0   0.48375
    665.0   0.48943
    670.0   0.49532
    675.0   0.50103
    680.0   0.50650
    685.0   0.51185
    690.0   0.51718
    695.0   0.52228
    700.0   0.52623
    705.0   0.53001
    710.0   0.53363
    715.0   0.53700
    720.0   0.54018
    725.0   0.54438
    730.0   0.54861
    735.0   0.55245
    740.0   0.55622
    745.0   0.55971
    750.0   0.56395
    755.0   0.56727
    760.0   0.57050
    765.0   0.57362
    770.0   0.57646
    775.0   0.57793
    780.0   0.57969
    785.0   0.58149
    790.0   0.58307
    795.0   0.58435
    800.0   0.58518
    805.0   0.58603
    810.0   0.58653
    815.0   0.58669
    820.0   0.58693
    825.0   0.58731
    830.0   0.58754
    835.0   0.58758
    840.0   0.58740
    845.0   0.58724
    850.0   0.58692
    855.0   0.58644
    860.0   0.58610
    865.0   0.58563
    870.0   0.58509
    875.0   0.58462
    880.0   0.58394
    885.0   0.58373
    890.0   0.58361
    895.0   0.58373
    900.0   0.58384
    905.0   0.58417
    910.0   0.58415
    915.0   0.58459
    920.0   0.58449
    925.0   0.58495
    930.0   0.58558
    935.0   0.58617
    940.0   0.58657
    945.0   0.58738
    950.0   0.58774
    955.0   0.58833
    960.0   0.58903
    965.0   0.58988
    970.0   0.59085
    975.0   0.59212
    980.0   0.59351
    985.0   0.59473
    990.0   0.59603
    995.0   0.59739
   1000.0   0.59877
   1005.0   0.60007
   1010.0   0.60160
   1015.0   0.60331
   1020.0   0.60510
   1025.0   0.60712
   1030.0   0.60897
   1035.0   0.61090
   1040.0   0.61294
   1045.0   0.61502
   1050.0   0.61708
   1055.0   0.61904
   1060.0   0.62112
   1065.0   0.62290
   1070.0   0.62492
   1075.0   0.62692
   1080.0   0.62910
   1085.0   0.63129
   1090.0   0.63386
   1095.0   0.63608
   1100.0   0.63804
   1105.0   0.64021
   1110.0   0.64234
   1115.0   0.64434
   1120.0   0.64647
   1125.0   0.64850
   1130.0   0.65024
   1135.0   0.65190
   1140.0   0.65330
   1145.0   0.65472
   1150.0   0.65625
   1155.0   0.65796
   1160.0   0.65955
   1165.0   0.66115
   1170.0   0.66260
   1175.0   0.66403
   1180.0   0.66537
   1185.0   0.66683
   1190.0   0.66844
   1195.0   0.66981
   1200.0   0.67150
   1205.0   0.67314
   1210.0   0.67462
   1215.0   0.67579
   1220.0   0.67698
   1225.0   0.67776
   1230.0   0.67814
   1235.0   0.67873
   1240.0   0.67946
   1245.0   0.68011
   1250.0   0.68082
   1255.0   0.68169
   1260.0   0.68240
   1265.0   0.68301
   1270.0   0.68386
   1275.0   0.68462
   1280.0   0.68541
   1285.0   0.68596
   1290.0   0.68650
   1295.0   0.68683
   1300.0   0.68737
   1305.0   0.68787
   1310.0   0.68855
   1315.0   0.68921
   1320.0   0.68980
   1325.0   0.69006
   1330.0   0.69026
   1335.0   0.69006
   1340.0   0.68986
   1345.0   0.68961
   1350.0   0.68908
   1355.0   0.68829
   1360.0   0.68739
   1365.0   0.68591
   1370.0   0.68366
   1375.0   0.68157
   1380.0   0.67889
   1385.0   0.67563
   1390.0   0.67236
   1395.0   0.66863
   1400.0   0.66447
   1405.0   0.66022
   1410.0   0.65660
   1415.0   0.65359
   1420.0   0.65213
   1425.0   0.65185
   1430.0   0.65299
   1435.0   0.65484
   1440.0   0.65712
   1445.0   0.65932
   1450.0   0.66110
   1455.0   0.66260
   1460.0   0.66390
   1465.0   0.66519
   1470.0   0.66685
   1475.0   0.66849
   1480.0   0.67039
   1485.0   0.67219
   1490.0   0.67404
   1495.0   0.67548
   1500.0   0.67734
   1505.0   0.67911
   1510.0   0.68084
   1515.0   0.68248
   1520.0   0.68394
   1525.0   0.68506
   1530.0   0.68586
   1535.0   0.68675
   1540.0   0.68741
   1545.0   0.68817
   1550.0   0.68902
   1555.0   0.68990
   1560.0   0.69049
   1565.0   0.69089
   1570.0   0.69153
   1575.0   0.69194
   1580.0   0.69242
   1585.0   0.69317
   1590.0   0.69398
   1595.0   0.69443
   1600.0   0.69501
   1605.0   0.69530
   1610.0   0.69555
   1615.0   0.69555
   1620.0   0.69606
   1625.0   0.69629
   1630.0   0.69668
   1635.0   0.69689
   1640.0   0.69712
   1645.0   0.69714
   1650.0   0.69756
   1655.0   0.69797
   1660.0   0.69871
   1665.0   0.69962
   1670.0   0.70022
   1675.0   0.70035
   1680.0   0.70037
   1685.0   0.70017
   1690.0   0.70035
   1695.0   0.70026
   1700.0   0.70033
   1705.0   0.70032
   1710.0   0.70022
   1715.0   0.69959
   1720.0   0.69925
   1725.0   0.69880
   1730.0   0.69849
   1735.0   0.69819
   1740.0   0.69792
   1745.0   0.69734
   1750.0   0.69653
   1755.0   0.69575
   1760.0   0.69503
   1765.0   0.69443
   1770.0   0.69422
   1775.0   0.69408
   1780.0   0.69400
   1785.0   0.69379
   1790.0   0.69360
   1795.0   0.69323
   1800.0   0.69335
   1805.0   0.69324
   1810.0   0.69336
   1815.0   0.69344
   1820.0   0.69357
   1825.0   0.69326
   1830.0   0.69337
   1835.0   0.69333
   1840.0   0.69317
   1845.0   0.69283
   1850.0   0.69259
   1855.0   0.69113
   1860.0   0.68856
   1865.0   0.68597
   1870.0   0.68169
   1875.0   0.67502
   1880.0   0.66939
   1885.0   0.65708
   1890.0   0.64122
   1895.0   0.62100
   1900.0   0.60216
   1905.0   0.58167
   1910.0   0.56590
   1915.0   0.55494
   1920.0   0.55032
   1925.0   0.55159
   1930.0   0.55291
   1935.0   0.55582
   1940.0   0.55920
   1945.0   0.56291
   1950.0   0.56698
   1955.0   0.57090
   1960.0   0.57475
   1965.0   0.57872
   1970.0   0.58280
   1975.0   0.58694
   1980.0   0.59150
   1985.0   0.59621
   1990.0   0.60102
   1995.0   0.60597
   2000.0   0.61074
   2005.0   0.61529
   2010.0   0.61983
   2015.0   0.62394
   2020.0   0.62758
   2025.0   0.63123
   2030.0   0.63465
   2035.0   0.63758
   2040.0   0.64033
   2045.0   0.64295
   2050.0   0.64488
   2055.0   0.64646
   2060.0   0.64799
   2065.0   0.64935
   2070.0   0.65069
   2075.0   0.65190
   2080.0   0.65295
   2085.0   0.65380
   2090.0   0.65479
   2095.0   0.65544
   2100.0   0.65620
   2105.0   0.65697
   2110.0   0.65773
   2115.0   0.65835
   2120.0   0.65881
   2125.0   0.65907
   2130.0   0.65900
   2135.0   0.65854
   2140.0   0.65779
   2145.0   0.65693
   2150.0   0.65580
   2155.0   0.65449
   2160.0   0.65268
   2165.0   0.65047
   2170.0   0.64811
   2175.0   0.64574
   2180.0   0.64315
   2185.0   0.64064
   2190.0   0.63785
   2195.0   0.63504
   2200.0   0.63190
   2205.0   0.62991
   2210.0   0.62887
   2215.0   0.62874
   2220.0   0.62886
   2225.0   0.62939
   2230.0   0.62901
   2235.0   0.62824
   2240.0   0.62725
   2245.0   0.62648
   2250.0   0.62594
   2255.0   0.62605
   2260.0   0.62614
   2265.0   0.62611
   2270.0   0.62568
   2275.0   0.62477
   2280.0   0.62325
   2285.0   0.62144
   2290.0   0.61966
   2295.0   0.61796
   2300.0   0.61646
   2305.0   0.61528
   2310.0   0.61472
   2315.0   0.61439
   2320.0   0.61428
   2325.0   0.61406
   2330.0   0.61333
   2335.0   0.61175
   2340.0   0.60967
   2345.0   0.60710
   2350.0   0.60454
   2355.0   0.60191
   2360.0   0.59930
   2365.0   0.59634
   2370.0   0.59317
   2375.0   0.58962
   2380.0   0.58607
   2385.0   0.58247
   2390.0   0.57927
   2395.0   0.57622
   2400.0   0.57319
   2405.0   0.57004
   2410.0   0.56688
   2415.0   0.56334
   2420.0   0.55943
   2425.0   0.55553
   2430.0   0.55173
   2435.0   0.54781
   2440.0   0.54401
   2445.0   0.54047
   2450.0   0.53682
   2455.0   0.53313
   2460.0   0.52953
   2465.0   0.52631
   2470.0   0.52299
   2475.0   0.51981
   2480.0   0.51677
   2485.0   0.51390
   2490.0   0.51126
   2495.0   0.50871
   2500.0   0.50658
   2505.0   0.50438
   2510.0   0.50270
   2515.0   0.50059
   2520.0   0.49890
   2525.0   0.49738
   2530.0   0.49635
   2535.0   0.49517
   2540.0   0.49447
   2545.0   0.49433
   2550.0   0.49297
   2555.0   0.49230
   2560.0   0.49150
   2565.0   0.49069
   2570.0   0.48895
   2575.0   0.48826
   2580.0   0.48753
   2585.0   0.48626
   2590.0   0.48511
   2595.0   0.48382
   2600.0   0.48253
   2605.0   0.48003
   2610.0   0.47772
   2615.0   0.47441
   2620.0   0.47133
   2625.0   0.46769
   2630.0   0.46342
   2635.0   0.45817
   2640.0   0.45206
   2645.0   0.44476
   2650.0   0.43537
   2655.0   0.42475
   2660.0   0.41202
   2665.0   0.39852
   2670.0   0.38025
   2675.0   0.35692
   2680.0   0.32894
   2685.0   0.29699
   2690.0   0.25996
   2695.0   0.22025
   2700.0   0.17863
   2705.0   0.14646
   2710.0   0.12753
   2715.0   0.11503
   2720.0   0.10441
   2725.0   0.09387
   2730.0   0.08424
   2735.0   0.07411
   2740.0   0.06461
   2745.0   0.05558
   2750.0   0.04572
   2755.0   0.04274
   2760.0   0.03883
   2765.0   0.03919
   2770.0   0.03978
   2775.0   0.03851
   2780.0   0.03740
   2785.0   0.03449
   2790.0   0.03472
   2795.0   0.03266
   2800.0   0.03198
   2805.0   0.03021
   2810.0   0.03030
   2815.0   0.03078
   2820.0   0.03413
   2825.0   0.03230
   2830.0   0.02847
   2835.0   0.02823
   2840.0   0.02671
   2845.0   0.02664
   2850.0   0.02636
   2855.0   0.02537
   2860.0   0.02409
   2865.0   0.02191
   2870.0   0.02095
   2875.0   0.02044
   2880.0   0.01937
   2885.0   0.01866
   2890.0   0.02012
   2895.0   0.02006
   2900.0   0.02085
   2905.0   0.02229
   2910.0   0.02283
   2915.0   0.02131
   2920.0   0.02274
   2925.0   0.02177
   2930.0   0.02181
   2935.0   0.02181
   2940.0   0.02259
   2945.0   0.02060
   2950.0   0.02097
   2955.0   0.02201
   2960.0   0.02218
   2965.0   0.02303
   2970.0   0.02364
   2975.0   0.02432
   2980.0   0.02347
   2985.0   0.02393
   2990.0   0.02472
   2995.0   0.02631
   3000.0   0.02747
   3005.0   0.02757
   3010.0   0.02783
   3015.0   0.02829
   3020.0   0.02909
   3025.0   0.02960
   3030.0   0.03059
   3035.0   0.03051
   3040.0   0.03122
   3045.0   0.03139
   3050.0   0.03148
   3055.0   0.03224
   3060.0   0.03321
   3065.0   0.03281
   3070.0   0.03308
   3075.0   0.03355
   3080.0   0.03407
   3085.0   0.03454
   3090.0   0.03590
   3095.0   0.03645
   3100.0   0.03707
   3105.0   0.03755
   3110.0   0.03866
   3115.0   0.03934
   3120.0   0.04024
   3125.0   0.04171
   3130.0   0.04274
   3135.0   0.04435
   3140.0   0.04619
   3145.0   0.04810
   3150.0   0.04982
   3155.0   0.05164
   3160.0   0.05267
   3165.0   0.05346
   3170.0   0.05484
   3175.0   0.05575
   3180.0   0.05752
   3185.0   0.05876
   3190.0   0.06084
   3195.0   0.06230
   3200.0   0.06395
   3205.0   0.06556
   3210.0   0.06752
   3215.0   0.06927
   3220.0   0.07106
   3225.0   0.07318
   3230.0   0.07529
   3235.0   0.07751
   3240.0   0.07895
   3245.0   0.08087
   3250.0   0.08262
   3255.0   0.08365
   3260.0   0.08548
   3265.0   0.08786
   3270.0   0.09032
   3275.0   0.09195
   3280.0   0.09452
   3285.0   0.09652
   3290.0   0.09826
   3295.0   0.10050
   3300.0   0.10303
   3305.0   0.10571
   3310.0   0.10791
   3315.0   0.11049
   3320.0   0.11196
   3325.0   0.11417
   3330.0   0.11505
   3335.0   0.11720
   3340.0   0.11946
   3345.0   0.12159
   3350.0   0.12414
   3355.0   0.12735
   3360.0   0.12855
   3365.0   0.13034
   3370.0   0.13248
   3375.0   0.13384
   3380.0   0.13458
   3385.0   0.13787
   3390.0   0.13981
   3395.0   0.14198
   3400.0   0.14396
   3405.0   0.14548
   3410.0   0.14566
   3415.0   0.14611
   3420.0   0.14683
   3425.0   0.14859
   3430.0   0.15166
   3435.0   0.15589
   3440.0   0.16044
   3445.0   0.16425
   3450.0   0.16833
   3455.0   0.17239
   3460.0   0.17467
   3465.0   0.17810
   3470.0   0.18162
   3475.0   0.18479
   3480.0   0.18735
   3485.0   0.19000
   3490.0   0.19126
   3495.0   0.19121
   3500.0   0.19057
   3505.0   0.19036
   3510.0   0.18915
   3515.0   0.19432
   3520.0   0.20103
   3525.0   0.20503
   3530.0   0.21052
   3535.0   0.21601
   3540.0   0.22336
   3545.0   0.22769
   3550.0   0.23041
   3555.0   0.23284
   3560.0   0.23441
   3565.0   0.23753
   3570.0   0.23926
   3575.0   0.23853
   3580.0   0.23944
   3585.0   0.24417
   3590.0   0.24606
   3595.0   0.25081
   3600.0   0.24988



 S1SP03      .ASC                        

 SP-CMP-003-A                                                            
 HAWAIIAN PALAGONITE POWDER  <10 UM FRACTION                             
 RATIOS ADJUSTED USING NBS HALON CALIBRATION TABLE                       
 SMOOTHED 7 PT BOXCAR                                                    

 Source Ang: 30.00   Detect Ang:  0.00  Volt: 0.222
 Date: 02-DEC-91   Time: 12:29:49
