   621
    300.0   0.14657
    305.0   0.14937
    310.0   0.15342
    315.0   0.16143
    320.0   0.17701
    325.0   0.18675
    330.0   0.19528
    335.0   0.20644
    340.0   0.21895
    345.0   0.23171
    350.0   0.24396
    355.0   0.25975
    360.0   0.27517
    365.0   0.28949
    370.0   0.30409
    375.0   0.31751
    380.0   0.33297
    385.0   0.34591
    390.0   0.35892
    395.0   0.36838
    400.0   0.38578
    405.0   0.39154
    410.0   0.40391
    415.0   0.41369
    420.0   0.42028
    425.0   0.41788
    430.0   0.42665
    435.0   0.44385
    440.0   0.45365
    445.0   0.45799
    450.0   0.46301
    455.0   0.46751
    460.0   0.47351
    465.0   0.47756
    470.0   0.48012
    475.0   0.48826
    480.0   0.49312
    485.0   0.50067
    490.0   0.50962
    495.0   0.51447
    500.0   0.51827
    505.0   0.49000
    510.0   0.52831
    515.0   0.54146
    520.0   0.54707
    525.0   0.55172
    530.0   0.55400
    535.0   0.55482
    540.0   0.55074
    545.0   0.54451
    550.0   0.54267
    555.0   0.55127
    560.0   0.56017
    565.0   0.56697
    570.0   0.57136
    575.0   0.57394
    580.0   0.57877
    585.0   0.58132
    590.0   0.58504
    595.0   0.58810
    600.0   0.59116
    605.0   0.59273
    610.0   0.59434
    615.0   0.59538
    620.0   0.59739
    625.0   0.59964
    630.0   0.60198
    635.0   0.60419
    640.0   0.60590
    645.0   0.60782
    650.0   0.60969
    655.0   0.61162
    660.0   0.61348
    665.0   0.61484
    670.0   0.61636
    675.0   0.61715
    680.0   0.61782
    685.0   0.61789
    690.0   0.61753
    695.0   0.61631
    700.0   0.61378
    705.0   0.61001
    710.0   0.60469
    715.0   0.59800
    720.0   0.58928
    725.0   0.57831
    730.0   0.56544
    735.0   0.55069
    740.0   0.53434
    745.0   0.51592
    750.0   0.49635
    755.0   0.47546
    760.0   0.45383
    765.0   0.43112
    770.0   0.40865
    775.0   0.38554
    780.0   0.36259
    785.0   0.33991
    790.0   0.31858
    795.0   0.29832
    800.0   0.27946
    805.0   0.26177
    810.0   0.24567
    815.0   0.23023
    820.0   0.21643
    825.0   0.20334
    830.0   0.19187
    835.0   0.18177
    840.0   0.17322
    845.0   0.16557
    850.0   0.15825
    855.0   0.15164
    860.0   0.14581
    865.0   0.14051
    870.0   0.13637
    875.0   0.13280
    880.0   0.13010
    885.0   0.12750
    890.0   0.12551
    895.0   0.12371
    900.0   0.12251
    905.0   0.12179
    910.0   0.12153
    915.0   0.12144
    920.0   0.12159
    925.0   0.12242
    930.0   0.12369
    935.0   0.12564
    940.0   0.12822
    945.0   0.13137
    950.0   0.13502
    955.0   0.13903
    960.0   0.14407
    965.0   0.14993
    970.0   0.15690
    975.0   0.16472
    980.0   0.17365
    985.0   0.18391
    990.0   0.19499
    995.0   0.20741
   1000.0   0.22057
   1005.0   0.23510
   1010.0   0.25054
   1015.0   0.26759
   1020.0   0.28554
   1025.0   0.30480
   1030.0   0.32392
   1035.0   0.34430
   1040.0   0.36462
   1045.0   0.38543
   1050.0   0.40559
   1055.0   0.42556
   1060.0   0.44492
   1065.0   0.46347
   1070.0   0.48071
   1075.0   0.49562
   1080.0   0.51338
   1085.0   0.53127
   1090.0   0.55057
   1095.0   0.56554
   1100.0   0.57848
   1105.0   0.58969
   1110.0   0.59939
   1115.0   0.60853
   1120.0   0.61657
   1125.0   0.62372
   1130.0   0.62942
   1135.0   0.63461
   1140.0   0.63923
   1145.0   0.64366
   1150.0   0.64726
   1155.0   0.65056
   1160.0   0.65353
   1165.0   0.65657
   1170.0   0.65982
   1175.0   0.66281
   1180.0   0.66542
   1185.0   0.66685
   1190.0   0.66808
   1195.0   0.66882
   1200.0   0.66976
   1205.0   0.67057
   1210.0   0.67163
   1215.0   0.67247
   1220.0   0.67312
   1225.0   0.67366
   1230.0   0.67441
   1235.0   0.67540
   1240.0   0.67566
   1245.0   0.67578
   1250.0   0.67578
   1255.0   0.67555
   1260.0   0.67524
   1265.0   0.67469
   1270.0   0.67421
   1275.0   0.67310
   1280.0   0.67170
   1285.0   0.67011
   1290.0   0.66793
   1295.0   0.66578
   1300.0   0.66355
   1305.0   0.66098
   1310.0   0.65812
   1315.0   0.65569
   1320.0   0.65235
   1325.0   0.64868
   1330.0   0.64488
   1335.0   0.64034
   1340.0   0.63503
   1345.0   0.62888
   1350.0   0.62193
   1355.0   0.61494
   1360.0   0.60837
   1365.0   0.60213
   1370.0   0.59575
   1375.0   0.58888
   1380.0   0.57965
   1385.0   0.56999
   1390.0   0.56088
   1395.0   0.55359
   1400.0   0.54783
   1405.0   0.54373
   1410.0   0.53998
   1415.0   0.53527
   1420.0   0.52936
   1425.0   0.52267
   1430.0   0.51634
   1435.0   0.50967
   1440.0   0.50287
   1445.0   0.49611
   1450.0   0.48958
   1455.0   0.48241
   1460.0   0.47505
   1465.0   0.46759
   1470.0   0.45995
   1475.0   0.45235
   1480.0   0.44519
   1485.0   0.43813
   1490.0   0.43110
   1495.0   0.42387
   1500.0   0.41660
   1505.0   0.40932
   1510.0   0.40225
   1515.0   0.39511
   1520.0   0.38835
   1525.0   0.38148
   1530.0   0.37480
   1535.0   0.36804
   1540.0   0.36158
   1545.0   0.35507
   1550.0   0.34879
   1555.0   0.34234
   1560.0   0.33592
   1565.0   0.32961
   1570.0   0.32368
   1575.0   0.31785
   1580.0   0.31245
   1585.0   0.30714
   1590.0   0.30205
   1595.0   0.29699
   1600.0   0.29184
   1605.0   0.28678
   1610.0   0.28199
   1615.0   0.27757
   1620.0   0.27284
   1625.0   0.26855
   1630.0   0.26394
   1635.0   0.25952
   1640.0   0.25498
   1645.0   0.25072
   1650.0   0.24669
   1655.0   0.24305
   1660.0   0.23949
   1665.0   0.23586
   1670.0   0.23236
   1675.0   0.22888
   1680.0   0.22530
   1685.0   0.22194
   1690.0   0.21880
   1695.0   0.21597
   1700.0   0.21306
   1705.0   0.21051
   1710.0   0.20791
   1715.0   0.20531
   1720.0   0.20287
   1725.0   0.20042
   1730.0   0.19770
   1735.0   0.19514
   1740.0   0.19294
   1745.0   0.19083
   1750.0   0.18890
   1755.0   0.18741
   1760.0   0.18588
   1765.0   0.18412
   1770.0   0.18244
   1775.0   0.18080
   1780.0   0.17946
   1785.0   0.17816
   1790.0   0.17725
   1795.0   0.17613
   1800.0   0.17531
   1805.0   0.17449
   1810.0   0.17381
   1815.0   0.17304
   1820.0   0.17251
   1825.0   0.17176
   1830.0   0.17086
   1835.0   0.17027
   1840.0   0.16970
   1845.0   0.16936
   1850.0   0.16925
   1855.0   0.16949
   1860.0   0.17000
   1865.0   0.17050
   1870.0   0.17100
   1875.0   0.17145
   1880.0   0.17200
   1885.0   0.17241
   1890.0   0.17291
   1895.0   0.17325
   1900.0   0.17373
   1905.0   0.17435
   1910.0   0.17529
   1915.0   0.17634
   1920.0   0.17774
   1925.0   0.17913
   1930.0   0.18066
   1935.0   0.18217
   1940.0   0.18404
   1945.0   0.18579
   1950.0   0.18766
   1955.0   0.18939
   1960.0   0.19139
   1965.0   0.19360
   1970.0   0.19588
   1975.0   0.19817
   1980.0   0.20064
   1985.0   0.20321
   1990.0   0.20589
   1995.0   0.20871
   2000.0   0.21172
   2005.0   0.21486
   2010.0   0.21804
   2015.0   0.22140
   2020.0   0.22487
   2025.0   0.22853
   2030.0   0.23222
   2035.0   0.23580
   2040.0   0.23946
   2045.0   0.24316
   2050.0   0.24711
   2055.0   0.25121
   2060.0   0.25569
   2065.0   0.26041
   2070.0   0.26518
   2075.0   0.27027
   2080.0   0.27562
   2085.0   0.28083
   2090.0   0.28612
   2095.0   0.29128
   2100.0   0.29660
   2105.0   0.30224
   2110.0   0.30753
   2115.0   0.31285
   2120.0   0.31850
   2125.0   0.32423
   2130.0   0.33001
   2135.0   0.33579
   2140.0   0.34189
   2145.0   0.34830
   2150.0   0.35446
   2155.0   0.36052
   2160.0   0.36654
   2165.0   0.37255
   2170.0   0.37833
   2175.0   0.38386
   2180.0   0.38943
   2185.0   0.39514
   2190.0   0.40084
   2195.0   0.40657
   2200.0   0.41221
   2205.0   0.41807
   2210.0   0.42370
   2215.0   0.42921
   2220.0   0.43497
   2225.0   0.44087
   2230.0   0.44676
   2235.0   0.45269
   2240.0   0.45836
   2245.0   0.46407
   2250.0   0.46971
   2255.0   0.47527
   2260.0   0.48036
   2265.0   0.48488
   2270.0   0.48890
   2275.0   0.49240
   2280.0   0.49564
   2285.0   0.49913
   2290.0   0.50209
   2295.0   0.50436
   2300.0   0.50612
   2305.0   0.50829
   2310.0   0.51162
   2315.0   0.51623
   2320.0   0.52122
   2325.0   0.52678
   2330.0   0.53309
   2335.0   0.54038
   2340.0   0.54799
   2345.0   0.55496
   2350.0   0.56045
   2355.0   0.56489
   2360.0   0.56863
   2365.0   0.57174
   2370.0   0.57423
   2375.0   0.57598
   2380.0   0.57724
   2385.0   0.57888
   2390.0   0.58096
   2395.0   0.58336
   2400.0   0.58636
   2405.0   0.58960
   2410.0   0.59242
   2415.0   0.59486
   2420.0   0.59679
   2425.0   0.59823
   2430.0   0.59943
   2435.0   0.60013
   2440.0   0.60059
   2445.0   0.60098
   2450.0   0.60168
   2455.0   0.60228
   2460.0   0.60312
   2465.0   0.60363
   2470.0   0.60362
   2475.0   0.60385
   2480.0   0.60423
   2485.0   0.60467
   2490.0   0.60477
   2495.0   0.60472
   2500.0   0.60449
   2505.0   0.60407
   2510.0   0.60408
   2515.0   0.60427
   2520.0   0.60441
   2525.0   0.60440
   2530.0   0.60471
   2535.0   0.60488
   2540.0   0.60431
   2545.0   0.60433
   2550.0   0.60409
   2555.0   0.60396
   2560.0   0.60301
   2565.0   0.60234
   2570.0   0.60158
   2575.0   0.60112
   2580.0   0.60038
   2585.0   0.60013
   2590.0   0.59961
   2595.0   0.59889
   2600.0   0.59892
   2605.0   0.59839
   2610.0   0.59804
   2615.0   0.59772
   2620.0   0.59561
   2625.0   0.59388
   2630.0   0.59226
   2635.0   0.58962
   2640.0   0.58680
   2645.0   0.58232
   2650.0   0.57860
   2655.0   0.57294
   2660.0   0.56521
   2665.0   0.55640
   2670.0   0.54335
   2675.0   0.52506
   2680.0   0.49995
   2685.0   0.46995
   2690.0   0.43651
   2695.0   0.40008
   2700.0   0.36186
   2705.0   0.32813
   2710.0   0.29536
   2715.0   0.26678
   2720.0   0.24763
   2725.0   0.23251
   2730.0   0.22240
   2735.0   0.21694
   2740.0   0.21538
   2745.0   0.21512
   2750.0   0.21251
   2755.0   0.21308
   2760.0   0.21125
   2765.0   0.20820
   2770.0   0.19867
   2775.0   0.19900
   2780.0   0.20025
   2785.0   0.20347
   2790.0   0.20441
   2795.0   0.20733
   2800.0   0.20601
   2805.0   0.20923
   2810.0   0.20827
   2815.0   0.21707
   2820.0   0.21921
   2825.0   0.21661
   2830.0   0.21044
   2835.0   0.20997
   2840.0   0.20936
   2845.0   0.20782
   2850.0   0.20718
   2855.0   0.20556
   2860.0   0.20545
   2865.0   0.20100
   2870.0   0.20362
   2875.0   0.20494
   2880.0   0.20281
   2885.0   0.19990
   2890.0   0.20008
   2895.0   0.19773
   2900.0   0.19848
   2905.0   0.19679
   2910.0   0.19601
   2915.0   0.19227
   2920.0   0.19063
   2925.0   0.19081
   2930.0   0.19063
   2935.0   0.19095
   2940.0   0.19028
   2945.0   0.18778
   2950.0   0.18767
   2955.0   0.18782
   2960.0   0.18745
   2965.0   0.18810
   2970.0   0.18889
   2975.0   0.18922
   2980.0   0.18895
   2985.0   0.19038
   2990.0   0.19246
   2995.0   0.19477
   3000.0   0.19643
   3005.0   0.19852
   3010.0   0.19953
   3015.0   0.20192
   3020.0   0.20348
   3025.0   0.20693
   3030.0   0.20927
   3035.0   0.21080
   3040.0   0.21098
   3045.0   0.21251
   3050.0   0.21331
   3055.0   0.21565
   3060.0   0.21500
   3065.0   0.21597
   3070.0   0.21616
   3075.0   0.21679
   3080.0   0.21735
   3085.0   0.21783
   3090.0   0.21905
   3095.0   0.22172
   3100.0   0.22302
   3105.0   0.22370
   3110.0   0.22539
   3115.0   0.22682
   3120.0   0.22822
   3125.0   0.23037
   3130.0   0.23224
   3135.0   0.23441
   3140.0   0.23594
   3145.0   0.23543
   3150.0   0.23712
   3155.0   0.23700
   3160.0   0.23846
   3165.0   0.23952
   3170.0   0.24152
   3175.0   0.24400
   3180.0   0.24446
   3185.0   0.24543
   3190.0   0.24720
   3195.0   0.24720
   3200.0   0.25008
   3205.0   0.25118
   3210.0   0.25356
   3215.0   0.25400
   3220.0   0.25693
   3225.0   0.25663
   3230.0   0.25629
   3235.0   0.25805
   3240.0   0.26119
   3245.0   0.26226
   3250.0   0.26410
   3255.0   0.26462
   3260.0   0.26806
   3265.0   0.26926
   3270.0   0.26975
   3275.0   0.26925
   3280.0   0.27162
   3285.0   0.27356
   3290.0   0.27384
   3295.0   0.27226
   3300.0   0.27325
   3305.0   0.27550
   3310.0   0.27698
   3315.0   0.27745
   3320.0   0.27838
   3325.0   0.28123
   3330.0   0.28470
   3335.0   0.28508
   3340.0   0.28635
   3345.0   0.28923
   3350.0   0.29459
   3355.0   0.29671
   3360.0   0.30219
   3365.0   0.30659
   3370.0   0.30845
   3375.0   0.31197
   3380.0   0.31502
   3385.0   0.31683
   3390.0   0.32047
   3395.0   0.32265
   3400.0   0.32386



 S2PE25      .ASC                        

 PE-CMP-025                                                              
 ENSTATITE NEAR BAMBLE, NORWAY  75-125 UM FOR FULL SPECTRUM              
                                                                         
 RATIOS ADJUSTED USING NBS HALON CALIBRATION TABLE                       
 SSMOOTHED 1X S=0 E=5                                                    

 Source Ang: 30.00   Detect Ang:  0.00  Volt: 0.777
 Date:  5-JUN-87   Time: 19:40:31
