   617
    320.0   0.72731
    325.0   0.73279
    330.0   0.73788
    335.0   0.73598
    340.0   0.74387
    345.0   0.74952
    350.0   0.75873
    355.0   0.76048
    360.0   0.76519
    365.0   0.77201
    370.0   0.77560
    375.0   0.78154
    380.0   0.78594
    385.0   0.79037
    390.0   0.79594
    395.0   0.79866
    400.0   0.80381
    405.0   0.80640
    410.0   0.81116
    415.0   0.81396
    420.0   0.81408
    425.0   0.81836
    430.0   0.82042
    435.0   0.82652
    440.0   0.82972
    445.0   0.83146
    450.0   0.83435
    455.0   0.83535
    460.0   0.83579
    465.0   0.83723
    470.0   0.83881
    475.0   0.83837
    480.0   0.84008
    485.0   0.84028
    490.0   0.84140
    495.0   0.84163
    500.0   0.84320
    505.0   0.84329
    510.0   0.84417
    515.0   0.84429
    520.0   0.84438
    525.0   0.84471
    530.0   0.84507
    535.0   0.84436
    540.0   0.84412
    545.0   0.84497
    550.0   0.84500
    555.0   0.84541
    560.0   0.84566
    565.0   0.84541
    570.0   0.84579
    575.0   0.84620
    580.0   0.84758
    585.0   0.84717
    590.0   0.84712
    595.0   0.84693
    600.0   0.84755
    605.0   0.84808
    610.0   0.84717
    615.0   0.84741
    620.0   0.84699
    625.0   0.84640
    630.0   0.84675
    635.0   0.84799
    640.0   0.84730
    645.0   0.84677
    650.0   0.84653
    655.0   0.84680
    660.0   0.84640
    665.0   0.84768
    670.0   0.84787
    675.0   0.84869
    680.0   0.84774
    685.0   0.84815
    690.0   0.84888
    695.0   0.84901
    700.0   0.84974
    705.0   0.84925
    710.0   0.84953
    715.0   0.84868
    720.0   0.84891
    725.0   0.84759
    730.0   0.84700
    735.0   0.84685
    740.0   0.84602
    745.0   0.84574
    750.0   0.84516
    755.0   0.84599
    760.0   0.84628
    765.0   0.84487
    770.0   0.84568
    775.0   0.84642
    780.0   0.84854
    785.0   0.84810
    790.0   0.84783
    795.0   0.84843
    800.0   0.84912
    805.0   0.84701
    810.0   0.84951
    815.0   0.84620
    820.0   0.84991
    825.0   0.84879
    830.0   0.84883
    835.0   0.85002
    840.0   0.85097
    845.0   0.85053
    850.0   0.84995
    855.0   0.84963
    860.0   0.84952
    865.0   0.85033
    870.0   0.85242
    875.0   0.85242
    880.0   0.85365
    885.0   0.85273
    890.0   0.85284
    895.0   0.85188
    900.0   0.85143
    905.0   0.85075
    910.0   0.84998
    915.0   0.84975
    920.0   0.85016
    925.0   0.85013
    930.0   0.85043
    935.0   0.85098
    940.0   0.85159
    945.0   0.85235
    950.0   0.85223
    955.0   0.85228
    960.0   0.85190
    965.0   0.85182
    970.0   0.85179
    975.0   0.85174
    980.0   0.85185
    985.0   0.85131
    990.0   0.85063
    995.0   0.85019
   1000.0   0.85038
   1005.0   0.85050
   1010.0   0.85012
   1015.0   0.84976
   1020.0   0.84988
   1025.0   0.85018
   1030.0   0.85074
   1035.0   0.85049
   1040.0   0.85033
   1045.0   0.84965
   1050.0   0.84995
   1055.0   0.85003
   1060.0   0.85013
   1065.0   0.84965
   1070.0   0.84993
   1075.0   0.85002
   1080.0   0.85007
   1085.0   0.85032
   1090.0   0.85096
   1095.0   0.85225
   1100.0   0.85261
   1105.0   0.85297
   1110.0   0.85234
   1115.0   0.85180
   1120.0   0.85071
   1125.0   0.85047
   1130.0   0.84990
   1135.0   0.85026
   1140.0   0.84960
   1145.0   0.85015
   1150.0   0.84975
   1155.0   0.85029
   1160.0   0.85043
   1165.0   0.85121
   1170.0   0.85194
   1175.0   0.85295
   1180.0   0.85350
   1185.0   0.85342
   1190.0   0.85276
   1195.0   0.85121
   1200.0   0.85002
   1205.0   0.84931
   1210.0   0.84983
   1215.0   0.85017
   1220.0   0.85021
   1225.0   0.85021
   1230.0   0.84983
   1235.0   0.84994
   1240.0   0.85027
   1245.0   0.85079
   1250.0   0.85107
   1255.0   0.85140
   1260.0   0.85208
   1265.0   0.85271
   1270.0   0.85317
   1275.0   0.85345
   1280.0   0.85332
   1285.0   0.85291
   1290.0   0.85274
   1295.0   0.85210
   1300.0   0.85182
   1305.0   0.85170
   1310.0   0.85280
   1315.0   0.85360
   1320.0   0.85417
   1325.0   0.85404
   1330.0   0.85383
   1335.0   0.85414
   1340.0   0.85361
   1345.0   0.85203
   1350.0   0.84691
   1355.0   0.84067
   1360.0   0.83664
   1365.0   0.83613
   1370.0   0.83947
   1375.0   0.83882
   1380.0   0.83847
   1385.0   0.83755
   1390.0   0.83876
   1395.0   0.83935
   1400.0   0.83940
   1405.0   0.84179
   1410.0   0.84407
   1415.0   0.84636
   1420.0   0.84737
   1425.0   0.84816
   1430.0   0.84879
   1435.0   0.84988
   1440.0   0.85106
   1445.0   0.85146
   1450.0   0.85168
   1455.0   0.85219
   1460.0   0.85267
   1465.0   0.85261
   1470.0   0.85267
   1475.0   0.85275
   1480.0   0.85322
   1485.0   0.85373
   1490.0   0.85498
   1495.0   0.85549
   1500.0   0.85562
   1505.0   0.85576
   1510.0   0.85614
   1515.0   0.85720
   1520.0   0.85660
   1525.0   0.85662
   1530.0   0.85608
   1535.0   0.85648
   1540.0   0.85621
   1545.0   0.85543
   1550.0   0.85532
   1555.0   0.85541
   1560.0   0.85553
   1565.0   0.85520
   1570.0   0.85615
   1575.0   0.85803
   1580.0   0.86040
   1585.0   0.86169
   1590.0   0.86244
   1595.0   0.86285
   1600.0   0.86280
   1605.0   0.86244
   1610.0   0.86288
   1615.0   0.86299
   1620.0   0.86314
   1625.0   0.86224
   1630.0   0.86234
   1635.0   0.86206
   1640.0   0.86216
   1645.0   0.86127
   1650.0   0.86132
   1655.0   0.86132
   1660.0   0.86100
   1665.0   0.86106
   1670.0   0.86102
   1675.0   0.86145
   1680.0   0.86079
   1685.0   0.86024
   1690.0   0.86027
   1695.0   0.86014
   1700.0   0.85883
   1705.0   0.85712
   1710.0   0.85580
   1715.0   0.85467
   1720.0   0.85352
   1725.0   0.85216
   1730.0   0.85090
   1735.0   0.85039
   1740.0   0.84951
   1745.0   0.84908
   1750.0   0.84758
   1755.0   0.84685
   1760.0   0.84678
   1765.0   0.84878
   1770.0   0.85154
   1775.0   0.85436
   1780.0   0.85565
   1785.0   0.85589
   1790.0   0.85479
   1795.0   0.85236
   1800.0   0.84911
   1805.0   0.84538
   1810.0   0.84290
   1815.0   0.84009
   1820.0   0.83796
   1825.0   0.83400
   1830.0   0.82807
   1835.0   0.82035
   1840.0   0.81344
   1845.0   0.80910
   1850.0   0.80713
   1855.0   0.80448
   1860.0   0.79858
   1865.0   0.78572
   1870.0   0.77056
   1875.0   0.77355
   1880.0   0.77862
   1885.0   0.79029
   1890.0   0.80463
   1895.0   0.81769
   1900.0   0.82630
   1905.0   0.83011
   1910.0   0.83268
   1915.0   0.83553
   1920.0   0.83756
   1925.0   0.83966
   1930.0   0.84181
   1935.0   0.84270
   1940.0   0.84258
   1945.0   0.84120
   1950.0   0.83786
   1955.0   0.83356
   1960.0   0.82844
   1965.0   0.82323
   1970.0   0.81874
   1975.0   0.81469
   1980.0   0.80921
   1985.0   0.80057
   1990.0   0.79161
   1995.0   0.78654
   2000.0   0.78782
   2005.0   0.79449
   2010.0   0.80674
   2015.0   0.82115
   2020.0   0.83353
   2025.0   0.84176
   2030.0   0.84749
   2035.0   0.85196
   2040.0   0.85545
   2045.0   0.85766
   2050.0   0.85884
   2055.0   0.85919
   2060.0   0.85938
   2065.0   0.85949
   2070.0   0.85953
   2075.0   0.85894
   2080.0   0.85790
   2085.0   0.85699
   2090.0   0.85518
   2095.0   0.85260
   2100.0   0.84994
   2105.0   0.84666
   2110.0   0.84260
   2115.0   0.83850
   2120.0   0.83401
   2125.0   0.82930
   2130.0   0.82377
   2135.0   0.81532
   2140.0   0.80462
   2145.0   0.79341
   2150.0   0.78289
   2155.0   0.77559
   2160.0   0.77375
   2165.0   0.77714
   2170.0   0.78335
   2175.0   0.79048
   2180.0   0.79653
   2185.0   0.80049
   2190.0   0.80199
   2195.0   0.80144
   2200.0   0.79939
   2205.0   0.79601
   2210.0   0.79104
   2215.0   0.78430
   2220.0   0.77605
   2225.0   0.76643
   2230.0   0.75544
   2235.0   0.74340
   2240.0   0.73026
   2245.0   0.71565
   2250.0   0.69931
   2255.0   0.68121
   2260.0   0.66198
   2265.0   0.64030
   2270.0   0.61691
   2275.0   0.59188
   2280.0   0.56629
   2285.0   0.54065
   2290.0   0.51831
   2295.0   0.49958
   2300.0   0.48482
   2305.0   0.47322
   2310.0   0.46285
   2315.0   0.45068
   2320.0   0.43533
   2325.0   0.41667
   2330.0   0.39741
   2335.0   0.38125
   2340.0   0.37397
   2345.0   0.38129
   2350.0   0.40634
   2355.0   0.44881
   2360.0   0.50414
   2365.0   0.56358
   2370.0   0.61864
   2375.0   0.66416
   2380.0   0.69653
   2385.0   0.71534
   2390.0   0.72344
   2395.0   0.72591
   2400.0   0.72578
   2405.0   0.72305
   2410.0   0.71836
   2415.0   0.71194
   2420.0   0.70150
   2425.0   0.68527
   2430.0   0.66470
   2435.0   0.64228
   2440.0   0.61846
   2445.0   0.59297
   2450.0   0.56601
   2455.0   0.53675
   2460.0   0.50432
   2465.0   0.46899
   2470.0   0.43375
   2475.0   0.40007
   2480.0   0.37051
   2485.0   0.34663
   2490.0   0.32928
   2495.0   0.31676
   2500.0   0.30751
   2505.0   0.29930
   2510.0   0.28932
   2515.0   0.27575
   2520.0   0.25757
   2525.0   0.23736
   2530.0   0.21901
   2535.0   0.20858
   2540.0   0.21494
   2545.0   0.24355
   2550.0   0.28457
   2555.0   0.34467
   2560.0   0.41068
   2565.0   0.47198
   2570.0   0.52013
   2575.0   0.56242
   2580.0   0.59351
   2585.0   0.62111
   2590.0   0.64637
   2595.0   0.66916
   2600.0   0.69671
   2605.0   0.71521
   2610.0   0.73365
   2615.0   0.74516
   2620.0   0.75788
   2625.0   0.76818
   2630.0   0.77739
   2635.0   0.78107
   2640.0   0.78592
   2645.0   0.78835
   2650.0   0.78400
   2655.0   0.78501
   2660.0   0.79018
   2665.0   0.79392
   2670.0   0.79650
   2675.0   0.80019
   2680.0   0.79338
   2685.0   0.77648
   2690.0   0.75536
   2695.0   0.72767
   2700.0   0.69540
   2705.0   0.66236
   2710.0   0.62765
   2715.0   0.60212
   2720.0   0.57385
   2725.0   0.54805
   2730.0   0.53911
   2735.0   0.53199
   2740.0   0.51640
   2745.0   0.54033
   2750.0   0.52850
   2755.0   0.51797
   2760.0   0.49494
   2765.0   0.46626
   2770.0   0.41507
   2775.0   0.38072
   2780.0   0.33199
   2785.0   0.30871
   2790.0   0.30525
   2795.0   0.30363
   2800.0   0.34260
   2805.0   0.38698
   2810.0   0.42984
   2815.0   0.46672
   2820.0   0.50031
   2825.0   0.52880
   2830.0   0.55943
   2835.0   0.57924
   2840.0   0.60078
   2845.0   0.61975
   2850.0   0.62512
   2855.0   0.63408
   2860.0   0.64491
   2865.0   0.65126
   2870.0   0.65580
   2875.0   0.66277
   2880.0   0.66372
   2885.0   0.66690
   2890.0   0.67242
   2895.0   0.67800
   2900.0   0.67811
   2905.0   0.67825
   2910.0   0.67690
   2915.0   0.67299
   2920.0   0.66892
   2925.0   0.66746
   2930.0   0.66416
   2935.0   0.66262
   2940.0   0.65822
   2945.0   0.65488
   2950.0   0.65345
   2955.0   0.65495
   2960.0   0.65435
   2965.0   0.65226
   2970.0   0.65118
   2975.0   0.64939
   2980.0   0.64826
   2985.0   0.64350
   2990.0   0.63477
   2995.0   0.62078
   3000.0   0.60876
   3005.0   0.59251
   3010.0   0.57777
   3015.0   0.55905
   3020.0   0.54185
   3025.0   0.52195
   3030.0   0.50505
   3035.0   0.49066
   3040.0   0.47647
   3045.0   0.45927
   3050.0   0.44503
   3055.0   0.43028
   3060.0   0.41699
   3065.0   0.40122
   3070.0   0.38394
   3075.0   0.36480
   3080.0   0.34691
   3085.0   0.32748
   3090.0   0.30763
   3095.0   0.28567
   3100.0   0.26971
   3105.0   0.25639
   3110.0   0.25268
   3115.0   0.25574
   3120.0   0.25752
   3125.0   0.26159
   3130.0   0.26616
   3135.0   0.26678
   3140.0   0.26541
   3145.0   0.26294
   3150.0   0.26214
   3155.0   0.26940
   3160.0   0.27806
   3165.0   0.29201
   3170.0   0.30866
   3175.0   0.32351
   3180.0   0.33548
   3185.0   0.34162
   3190.0   0.34179
   3195.0   0.34036
   3200.0   0.33278
   3205.0   0.32413
   3210.0   0.31444
   3215.0   0.30268
   3220.0   0.29288
   3225.0   0.28106
   3230.0   0.26864
   3235.0   0.25910
   3240.0   0.24827
   3245.0   0.23867
   3250.0   0.23156
   3255.0   0.22085
   3260.0   0.21301
   3265.0   0.20522
   3270.0   0.19555
   3275.0   0.18556
   3280.0   0.17685
   3285.0   0.16342
   3290.0   0.15144
   3295.0   0.13728
   3300.0   0.12423
   3305.0   0.11412
   3310.0   0.10415
   3315.0   0.08984
   3320.0   0.07555
   3325.0   0.06184
   3330.0   0.04962
   3335.0   0.03926
   3340.0   0.02972
   3345.0   0.01920
   3350.0   0.01394
   3355.0   0.01225
   3360.0   0.01263
   3365.0   0.01255
   3370.0   0.01034
   3375.0   0.00772
   3380.0   0.01132
   3385.0   0.01412
   3390.0   0.01771
   3395.0   0.01961
   3400.0   0.02307



 S3PC13      .ASC                        

 PC-SJG-013                                                              
 SUE GAFFEY CALCITE  FULL SPECTRUM AT 5 NM RESOLUTION                    
 RATIOS ADJUSTED USING NBS HALON CALIBRATION TABLE                       
 SSMOOTHED S=0 E=3                                                       

 Source Ang: 30.00   Detect Ang:  0.00  Volt: 0.777
 Date: 05-JUN-87   Time: 16:35:04
