  2955
    300.0   0.03342
    305.0   0.03252
    310.0   0.03167
    315.0   0.03246
    320.0   0.03291
    325.0   0.03575
    330.0   0.03727
    335.0   0.04088
    340.0   0.04552
    345.0   0.05087
    350.0   0.05598
    355.0   0.06202
    360.0   0.06706
    365.0   0.07192
    370.0   0.07737
    375.0   0.08158
    380.0   0.09041
    385.0   0.10288
    390.0   0.11568
    395.0   0.13025
    400.0   0.14365
    405.0   0.15831
    410.0   0.17238
    415.0   0.18281
    420.0   0.18921
    425.0   0.19554
    430.0   0.19972
    435.0   0.20226
    440.0   0.20465
    445.0   0.20425
    450.0   0.21512
    455.0   0.24187
    460.0   0.26830
    465.0   0.28454
    470.0   0.29523
    475.0   0.30244
    480.0   0.31253
    485.0   0.32343
    490.0   0.33302
    495.0   0.34398
    500.0   0.35585
    505.0   0.36873
    510.0   0.38259
    515.0   0.39730
    520.0   0.41360
    525.0   0.42929
    530.0   0.44520
    535.0   0.46102
    540.0   0.47744
    545.0   0.49268
    550.0   0.50700
    555.0   0.52153
    560.0   0.53332
    565.0   0.54355
    570.0   0.55216
    575.0   0.55777
    580.0   0.56368
    585.0   0.56795
    590.0   0.57146
    595.0   0.57396
    600.0   0.57519
    605.0   0.57676
    610.0   0.57813
    615.0   0.57931
    620.0   0.58029
    625.0   0.58174
    630.0   0.58316
    635.0   0.58491
    640.0   0.58696
    645.0   0.58930
    650.0   0.59207
    655.0   0.59503
    660.0   0.59835
    665.0   0.60214
    670.0   0.60605
    675.0   0.61026
    680.0   0.61460
    685.0   0.61908
    690.0   0.62369
    695.0   0.62841
    700.0   0.63319
    705.0   0.63810
    710.0   0.64283
    715.0   0.64757
    720.0   0.65210
    725.0   0.65650
    730.0   0.66074
    735.0   0.66459
    740.0   0.66825
    745.0   0.67149
    750.0   0.67422
    755.0   0.67658
    760.0   0.67839
    765.0   0.67964
    770.0   0.68058
    775.0   0.68099
    780.0   0.68109
    785.0   0.68074
    790.0   0.67999
    795.0   0.67885
    800.0   0.67744
    805.0   0.67575
    810.0   0.67393
    815.0   0.67180
    820.0   0.66955
    825.0   0.66709
    830.0   0.66440
    835.0   0.66154
    840.0   0.65878
    845.0   0.65596
    850.0   0.65319
    855.0   0.65044
    860.0   0.64770
    865.0   0.64520
    870.0   0.64293
    875.0   0.64087
    880.0   0.63911
    885.0   0.63753
    890.0   0.63606
    895.0   0.63478
    900.0   0.63370
    905.0   0.63283
    910.0   0.63201
    915.0   0.63141
    920.0   0.63101
    925.0   0.63087
    930.0   0.63072
    935.0   0.63079
    940.0   0.63110
    945.0   0.63162
    950.0   0.63227
    955.0   0.63319
    960.0   0.63426
    965.0   0.63537
    970.0   0.63663
    975.0   0.63822
    980.0   0.64002
    985.0   0.64198
    990.0   0.64421
    995.0   0.64666
   1000.0   0.64914
   1005.0   0.65177
   1010.0   0.65469
   1015.0   0.65772
   1020.0   0.66078
   1025.0   0.66398
   1030.0   0.66718
   1035.0   0.67029
   1040.0   0.67349
   1045.0   0.67678
   1050.0   0.68010
   1055.0   0.68341
   1060.0   0.68676
   1065.0   0.69022
   1070.0   0.69364
   1075.0   0.69716
   1080.0   0.70089
   1085.0   0.70467
   1090.0   0.70839
   1095.0   0.71214
   1100.0   0.71578
   1105.0   0.71909
   1110.0   0.72224
   1115.0   0.72525
   1120.0   0.72802
   1125.0   0.73053
   1130.0   0.73288
   1135.0   0.73508
   1140.0   0.73708
   1145.0   0.73916
   1150.0   0.74142
   1155.0   0.74376
   1160.0   0.74625
   1165.0   0.74883
   1170.0   0.75121
   1175.0   0.75346
   1180.0   0.75570
   1185.0   0.75785
   1190.0   0.75975
   1195.0   0.76164
   1200.0   0.76336
   1205.0   0.76493
   1210.0   0.76629
   1215.0   0.76777
   1220.0   0.76929
   1225.0   0.77074
   1230.0   0.77196
   1235.0   0.77315
   1240.0   0.77410
   1245.0   0.77497
   1250.0   0.77581
   1255.0   0.77659
   1260.0   0.77729
   1265.0   0.77786
   1270.0   0.77832
   1275.0   0.77883
   1280.0   0.77920
   1285.0   0.77952
   1290.0   0.77971
   1295.0   0.77969
   1300.0   0.77966
   1301.2   0.77954
   1301.9   0.77928
   1302.5   0.77906
   1303.2   0.77890
   1303.9   0.77878
   1304.5   0.77859
   1305.2   0.77843
   1305.8   0.77833
   1306.5   0.77822
   1307.1   0.77814
   1307.8   0.77811
   1308.5   0.77806
   1309.1   0.77797
   1309.8   0.77789
   1310.4   0.77787
   1311.1   0.77781
   1311.8   0.77769
   1312.4   0.77756
   1313.1   0.77742
   1313.8   0.77726
   1314.4   0.77711
   1315.1   0.77692
   1315.8   0.77669
   1316.4   0.77651
   1317.1   0.77634
   1317.8   0.77611
   1318.4   0.77586
   1319.1   0.77563
   1319.8   0.77547
   1320.5   0.77532
   1321.1   0.77514
   1321.8   0.77500
   1322.5   0.77489
   1323.2   0.77481
   1323.8   0.77473
   1324.5   0.77466
   1325.2   0.77456
   1325.9   0.77443
   1326.5   0.77432
   1327.2   0.77430
   1327.9   0.77426
   1328.6   0.77413
   1329.3   0.77398
   1329.9   0.77392
   1330.6   0.77395
   1331.3   0.77396
   1332.0   0.77392
   1332.7   0.77393
   1333.4   0.77390
   1334.1   0.77376
   1334.7   0.77362
   1335.4   0.77350
   1336.1   0.77336
   1336.8   0.77313
   1337.5   0.77294
   1338.2   0.77283
   1338.9   0.77265
   1339.6   0.77241
   1340.3   0.77226
   1341.0   0.77215
   1341.6   0.77202
   1342.3   0.77182
   1343.0   0.77169
   1343.7   0.77156
   1344.4   0.77134
   1345.1   0.77109
   1345.8   0.77092
   1346.5   0.77080
   1347.2   0.77065
   1347.9   0.77045
   1348.6   0.77030
   1349.3   0.77018
   1350.0   0.77002
   1350.7   0.76988
   1351.4   0.76974
   1352.1   0.76958
   1352.9   0.76938
   1353.6   0.76921
   1354.3   0.76907
   1355.0   0.76893
   1355.7   0.76871
   1356.4   0.76848
   1357.1   0.76826
   1357.8   0.76805
   1358.5   0.76777
   1359.2   0.76746
   1360.0   0.76712
   1360.7   0.76677
   1361.4   0.76643
   1362.1   0.76600
   1362.8   0.76555
   1363.5   0.76500
   1364.2   0.76434
   1365.0   0.76370
   1365.7   0.76302
   1366.4   0.76235
   1367.1   0.76166
   1367.8   0.76093
   1368.6   0.76024
   1369.3   0.75957
   1370.0   0.75889
   1370.7   0.75825
   1371.5   0.75758
   1372.2   0.75687
   1372.9   0.75610
   1373.6   0.75523
   1374.4   0.75425
   1375.1   0.75315
   1375.8   0.75191
   1376.6   0.75054
   1377.3   0.74909
   1378.0   0.74765
   1378.8   0.74621
   1379.5   0.74470
   1380.2   0.74320
   1381.0   0.74172
   1381.7   0.74022
   1382.4   0.73872
   1383.2   0.73725
   1383.9   0.73577
   1384.7   0.73418
   1385.4   0.73253
   1386.1   0.73090
   1386.9   0.72925
   1387.6   0.72755
   1388.4   0.72584
   1389.1   0.72407
   1389.8   0.72223
   1390.6   0.72041
   1391.3   0.71867
   1392.1   0.71684
   1392.8   0.71488
   1393.6   0.71288
   1394.3   0.71085
   1395.1   0.70880
   1395.8   0.70678
   1396.6   0.70482
   1397.3   0.70282
   1398.1   0.70073
   1398.8   0.69875
   1399.6   0.69689
   1400.4   0.69494
   1401.1   0.69293
   1401.9   0.69091
   1402.6   0.68891
   1403.4   0.68697
   1404.2   0.68503
   1404.9   0.68308
   1405.7   0.68111
   1406.4   0.67906
   1407.2   0.67711
   1408.0   0.67526
   1408.7   0.67346
   1409.5   0.67166
   1410.3   0.66986
   1411.0   0.66809
   1411.8   0.66646
   1412.6   0.66506
   1413.3   0.66407
   1414.1   0.66359
   1414.9   0.66258
   1415.7   0.66312
   1416.4   0.66423
   1417.2   0.66618
   1418.0   0.66766
   1418.8   0.66933
   1419.5   0.67108
   1420.3   0.67264
   1421.1   0.67392
   1421.9   0.67490
   1422.6   0.67565
   1423.4   0.67622
   1424.2   0.67657
   1425.0   0.67682
   1425.8   0.67690
   1426.6   0.67684
   1427.3   0.67676
   1428.1   0.67665
   1428.9   0.67652
   1429.7   0.67639
   1430.5   0.67623
   1431.3   0.67616
   1432.1   0.67619
   1432.9   0.67646
   1433.7   0.67700
   1434.5   0.67783
   1435.3   0.67900
   1436.0   0.68050
   1436.8   0.68237
   1437.6   0.68470
   1438.4   0.68745
   1439.2   0.69054
   1440.0   0.69389
   1440.8   0.69748
   1441.6   0.70123
   1442.4   0.70503
   1443.2   0.70887
   1444.0   0.71261
   1444.9   0.71621
   1445.7   0.71959
   1446.5   0.72270
   1447.3   0.72559
   1448.1   0.72821
   1448.9   0.73057
   1449.7   0.73265
   1450.5   0.73441
   1451.3   0.73594
   1452.1   0.73726
   1453.0   0.73841
   1453.8   0.73946
   1454.6   0.74033
   1455.4   0.74098
   1456.2   0.74144
   1457.0   0.74180
   1457.9   0.74213
   1458.7   0.74243
   1459.5   0.74268
   1460.3   0.74288
   1461.1   0.74300
   1462.0   0.74310
   1462.8   0.74322
   1463.6   0.74343
   1464.4   0.74369
   1465.3   0.74392
   1466.1   0.74416
   1466.9   0.74448
   1467.8   0.74485
   1468.6   0.74527
   1469.4   0.74577
   1470.3   0.74629
   1471.1   0.74679
   1471.9   0.74732
   1472.8   0.74795
   1473.6   0.74862
   1474.4   0.74922
   1475.3   0.74980
   1476.1   0.75033
   1477.0   0.75084
   1477.8   0.75141
   1478.6   0.75201
   1479.5   0.75258
   1480.3   0.75304
   1481.2   0.75348
   1482.0   0.75402
   1482.9   0.75459
   1483.7   0.75515
   1484.6   0.75569
   1485.4   0.75618
   1486.3   0.75658
   1487.1   0.75695
   1488.0   0.75736
   1488.8   0.75776
   1489.7   0.75815
   1490.6   0.75849
   1491.4   0.75881
   1492.3   0.75916
   1493.1   0.75946
   1494.0   0.75975
   1494.8   0.76002
   1495.7   0.76027
   1496.6   0.76054
   1497.4   0.76071
   1498.3   0.76090
   1499.2   0.76116
   1500.0   0.76137
   1500.9   0.76159
   1501.8   0.76180
   1502.6   0.76209
   1503.5   0.76240
   1504.4   0.76261
   1505.3   0.76283
   1506.1   0.76310
   1507.0   0.76335
   1507.9   0.76360
   1508.8   0.76381
   1509.6   0.76399
   1510.5   0.76416
   1511.4   0.76426
   1512.3   0.76437
   1513.2   0.76452
   1514.1   0.76461
   1514.9   0.76465
   1515.8   0.76465
   1516.7   0.76470
   1517.6   0.76478
   1518.5   0.76483
   1519.4   0.76494
   1520.3   0.76514
   1521.2   0.76528
   1522.1   0.76535
   1523.0   0.76540
   1523.8   0.76545
   1524.7   0.76551
   1525.6   0.76562
   1526.5   0.76572
   1527.4   0.76579
   1528.3   0.76578
   1529.2   0.76578
   1530.1   0.76588
   1531.0   0.76603
   1532.0   0.76621
   1532.9   0.76639
   1533.8   0.76651
   1534.7   0.76658
   1535.6   0.76662
   1536.5   0.76666
   1537.4   0.76672
   1538.3   0.76676
   1539.2   0.76681
   1540.1   0.76687
   1541.1   0.76690
   1542.0   0.76691
   1542.9   0.76698
   1543.8   0.76712
   1544.7   0.76723
   1545.7   0.76730
   1546.6   0.76737
   1547.5   0.76737
   1548.4   0.76733
   1549.4   0.76733
   1550.3   0.76733
   1551.2   0.76737
   1552.1   0.76735
   1553.1   0.76732
   1554.0   0.76735
   1554.9   0.76737
   1555.9   0.76740
   1556.8   0.76742
   1557.7   0.76745
   1558.7   0.76752
   1559.6   0.76758
   1560.5   0.76762
   1561.5   0.76770
   1562.4   0.76777
   1563.4   0.76780
   1564.3   0.76786
   1565.3   0.76795
   1566.2   0.76798
   1567.2   0.76797
   1568.1   0.76793
   1569.0   0.76785
   1570.0   0.76774
   1570.9   0.76767
   1571.9   0.76766
   1572.9   0.76766
   1573.8   0.76764
   1574.8   0.76766
   1575.7   0.76771
   1576.7   0.76777
   1577.6   0.76790
   1578.6   0.76809
   1579.6   0.76819
   1580.5   0.76818
   1581.5   0.76818
   1582.5   0.76823
   1583.4   0.76826
   1584.4   0.76826
   1585.4   0.76824
   1586.3   0.76819
   1587.3   0.76815
   1588.3   0.76812
   1589.3   0.76814
   1590.2   0.76816
   1591.2   0.76814
   1592.2   0.76813
   1593.2   0.76813
   1594.1   0.76815
   1595.1   0.76815
   1596.1   0.76809
   1597.1   0.76801
   1598.1   0.76794
   1599.1   0.76789
   1600.0   0.76788
   1601.0   0.76786
   1602.0   0.76787
   1603.0   0.76789
   1604.0   0.76793
   1605.0   0.76799
   1606.0   0.76803
   1607.0   0.76806
   1608.0   0.76809
   1609.0   0.76811
   1610.0   0.76811
   1611.0   0.76807
   1612.0   0.76804
   1613.0   0.76800
   1614.0   0.76799
   1615.0   0.76803
   1616.0   0.76807
   1617.0   0.76809
   1618.0   0.76808
   1619.0   0.76810
   1620.0   0.76814
   1621.1   0.76813
   1622.1   0.76812
   1623.1   0.76809
   1624.1   0.76807
   1625.1   0.76808
   1626.1   0.76808
   1627.2   0.76811
   1628.2   0.76811
   1629.2   0.76808
   1630.2   0.76806
   1631.3   0.76805
   1632.3   0.76806
   1633.3   0.76803
   1634.3   0.76797
   1635.4   0.76794
   1636.4   0.76788
   1637.4   0.76780
   1638.5   0.76778
   1639.5   0.76776
   1640.5   0.76776
   1641.6   0.76780
   1642.6   0.76787
   1643.7   0.76793
   1644.7   0.76799
   1645.8   0.76806
   1646.8   0.76814
   1647.8   0.76819
   1648.9   0.76827
   1649.9   0.76838
   1651.0   0.76841
   1652.1   0.76843
   1653.1   0.76844
   1654.2   0.76841
   1655.2   0.76839
   1656.3   0.76839
   1657.3   0.76840
   1658.4   0.76836
   1659.5   0.76827
   1660.5   0.76818
   1661.6   0.76812
   1662.6   0.76810
   1663.7   0.76811
   1664.8   0.76815
   1665.9   0.76821
   1666.9   0.76827
   1668.0   0.76836
   1669.1   0.76846
   1670.1   0.76858
   1671.2   0.76868
   1672.3   0.76876
   1673.4   0.76882
   1674.5   0.76886
   1675.5   0.76890
   1676.6   0.76894
   1677.7   0.76893
   1678.8   0.76893
   1679.9   0.76897
   1681.0   0.76903
   1682.1   0.76909
   1683.2   0.76916
   1684.3   0.76923
   1685.3   0.76929
   1686.4   0.76932
   1687.5   0.76935
   1688.6   0.76941
   1689.7   0.76944
   1690.8   0.76942
   1692.0   0.76940
   1693.1   0.76940
   1694.2   0.76940
   1695.3   0.76942
   1696.4   0.76947
   1697.5   0.76958
   1698.6   0.76969
   1699.7   0.76975
   1700.8   0.76979
   1701.9   0.76981
   1703.1   0.76977
   1704.2   0.76973
   1705.3   0.76968
   1706.4   0.76960
   1707.6   0.76944
   1708.7   0.76924
   1709.8   0.76905
   1710.9   0.76892
   1712.1   0.76883
   1713.2   0.76872
   1714.3   0.76858
   1715.5   0.76844
   1716.6   0.76832
   1717.7   0.76824
   1718.9   0.76813
   1720.0   0.76802
   1721.2   0.76790
   1722.3   0.76777
   1723.4   0.76772
   1724.6   0.76768
   1725.7   0.76761
   1726.9   0.76753
   1728.0   0.76743
   1729.2   0.76736
   1730.4   0.76729
   1731.5   0.76720
   1732.7   0.76712
   1733.8   0.76701
   1735.0   0.76695
   1736.1   0.76686
   1737.3   0.76674
   1738.5   0.76664
   1739.6   0.76656
   1740.8   0.76650
   1742.0   0.76646
   1743.2   0.76643
   1744.3   0.76635
   1745.5   0.76619
   1746.7   0.76605
   1747.9   0.76597
   1749.0   0.76590
   1750.2   0.76581
   1751.4   0.76572
   1752.6   0.76556
   1753.8   0.76534
   1755.0   0.76517
   1756.1   0.76502
   1757.3   0.76486
   1758.5   0.76469
   1759.7   0.76452
   1760.9   0.76434
   1762.1   0.76414
   1763.3   0.76401
   1764.5   0.76393
   1765.7   0.76382
   1766.9   0.76370
   1768.1   0.76355
   1769.3   0.76336
   1770.5   0.76312
   1771.7   0.76287
   1773.0   0.76263
   1774.2   0.76240
   1775.4   0.76216
   1776.6   0.76190
   1777.8   0.76162
   1779.0   0.76138
   1780.3   0.76115
   1781.5   0.76100
   1782.7   0.76086
   1783.9   0.76071
   1785.2   0.76055
   1786.4   0.76040
   1787.6   0.76024
   1788.9   0.76010
   1790.1   0.75998
   1791.3   0.75983
   1792.6   0.75960
   1793.8   0.75937
   1795.1   0.75920
   1796.3   0.75900
   1797.6   0.75879
   1798.8   0.75859
   1800.0   0.75839
   1801.3   0.75823
   1802.6   0.75812
   1803.8   0.75808
   1805.1   0.75803
   1806.3   0.75789
   1807.6   0.75772
   1808.8   0.75752
   1810.1   0.75738
   1811.4   0.75723
   1812.6   0.75708
   1813.9   0.75689
   1815.2   0.75666
   1816.4   0.75639
   1817.7   0.75618
   1819.0   0.75604
   1820.3   0.75591
   1821.6   0.75575
   1822.8   0.75564
   1824.1   0.75553
   1825.4   0.75539
   1826.7   0.75520
   1828.0   0.75502
   1829.3   0.75487
   1830.6   0.75471
   1831.8   0.75452
   1833.1   0.75430
   1834.4   0.75401
   1835.7   0.75368
   1837.0   0.75338
   1838.3   0.75312
   1839.7   0.75285
   1841.0   0.75254
   1842.3   0.75216
   1843.6   0.75180
   1844.9   0.75148
   1846.2   0.75110
   1847.5   0.75068
   1848.8   0.75025
   1850.2   0.74978
   1851.5   0.74928
   1852.8   0.74871
   1854.1   0.74810
   1855.5   0.74743
   1856.8   0.74668
   1858.1   0.74585
   1859.4   0.74494
   1860.8   0.74389
   1862.1   0.74273
   1863.5   0.74140
   1864.8   0.73991
   1866.1   0.73824
   1867.5   0.73632
   1868.8   0.73410
   1870.2   0.73164
   1871.5   0.72888
   1872.9   0.72582
   1874.2   0.72246
   1875.6   0.71881
   1876.9   0.71476
   1878.3   0.71031
   1879.7   0.70544
   1881.0   0.70022
   1882.4   0.69450
   1883.8   0.68827
   1885.1   0.68155
   1886.5   0.67421
   1887.9   0.66623
   1889.3   0.65754
   1890.6   0.64920
   1892.0   0.63900
   1893.4   0.62815
   1894.8   0.61614
   1896.2   0.60486
   1897.6   0.59369
   1899.0   0.58171
   1900.3   0.57117
   1901.7   0.56017
   1903.1   0.55228
   1904.5   0.54643
   1905.9   0.54252
   1907.3   0.54038
   1908.7   0.53996
   1910.1   0.54227
   1911.6   0.54430
   1913.0   0.54839
   1914.4   0.55184
   1915.8   0.55589
   1917.2   0.56045
   1918.6   0.56531
   1920.0   0.57031
   1921.5   0.57538
   1922.9   0.58043
   1924.3   0.58536
   1925.8   0.59014
   1927.2   0.59482
   1928.6   0.59933
   1930.1   0.60358
   1931.5   0.60762
   1932.9   0.61143
   1934.4   0.61505
   1935.8   0.61851
   1937.3   0.62179
   1938.7   0.62490
   1940.2   0.62782
   1941.6   0.63064
   1943.1   0.63337
   1944.5   0.63594
   1946.0   0.63840
   1947.5   0.64079
   1948.9   0.64306
   1950.4   0.64523
   1951.9   0.64732
   1953.3   0.64934
   1954.8   0.65118
   1956.3   0.65292
   1957.8   0.65467
   1959.2   0.65632
   1960.7   0.65784
   1962.2   0.65926
   1963.7   0.66064
   1965.2   0.66200
   1966.7   0.66333
   1968.2   0.66468
   1969.7   0.66597
   1971.2   0.66713
   1972.7   0.66829
   1974.2   0.66946
   1975.7   0.67057
   1977.2   0.67165
   1978.7   0.67273
   1980.2   0.67383
   1981.7   0.67490
   1983.2   0.67600
   1984.7   0.67713
   1986.3   0.67822
   1987.8   0.67929
   1989.3   0.68040
   1990.8   0.68153
   1992.4   0.68261
   1993.9   0.68368
   1995.4   0.68475
   1997.0   0.68581
   1998.5   0.68686
   2000.1   0.68793
   2001.6   0.68907
   2003.1   0.69023
   2004.7   0.69137
   2006.2   0.69255
   2007.8   0.69373
   2009.4   0.69490
   2010.9   0.69609
   2012.5   0.69729
   2014.0   0.69846
   2015.6   0.69953
   2017.2   0.70061
   2018.7   0.70171
   2020.3   0.70276
   2021.9   0.70378
   2023.5   0.70479
   2025.1   0.70581
   2026.6   0.70681
   2028.2   0.70781
   2029.8   0.70883
   2031.4   0.70979
   2033.0   0.71069
   2034.6   0.71161
   2036.2   0.71252
   2037.8   0.71339
   2039.4   0.71417
   2041.0   0.71487
   2042.6   0.71552
   2044.2   0.71614
   2045.8   0.71674
   2047.4   0.71731
   2049.1   0.71785
   2050.7   0.71832
   2052.3   0.71878
   2053.9   0.71923
   2055.6   0.71964
   2057.2   0.72001
   2058.8   0.72034
   2060.5   0.72062
   2062.1   0.72084
   2063.7   0.72101
   2065.4   0.72116
   2067.0   0.72128
   2068.7   0.72132
   2070.3   0.72139
   2072.0   0.72147
   2073.7   0.72149
   2075.3   0.72147
   2077.0   0.72145
   2078.6   0.72140
   2080.3   0.72132
   2082.0   0.72123
   2083.7   0.72116
   2085.3   0.72103
   2087.0   0.72087
   2088.7   0.72075
   2090.4   0.72064
   2092.1   0.72051
   2093.8   0.72040
   2095.4   0.72032
   2097.1   0.72019
   2098.8   0.72003
   2100.5   0.71989
   2102.2   0.71972
   2104.0   0.71950
   2105.7   0.71928
   2107.4   0.71905
   2109.1   0.71879
   2110.8   0.71855
   2112.5   0.71838
   2114.2   0.71821
   2116.0   0.71803
   2117.7   0.71782
   2119.4   0.71766
   2121.2   0.71752
   2122.9   0.71734
   2124.6   0.71716
   2126.4   0.71697
   2128.1   0.71670
   2129.9   0.71641
   2131.6   0.71608
   2133.4   0.71577
   2135.1   0.71538
   2136.9   0.71485
   2138.7   0.71422
   2140.4   0.71342
   2142.2   0.71242
   2144.0   0.71125
   2145.8   0.70989
   2147.5   0.70839
   2149.3   0.70663
   2151.1   0.70464
   2152.9   0.70249
   2154.7   0.70023
   2156.5   0.69793
   2158.3   0.69562
   2160.1   0.69334
   2161.9   0.69108
   2163.7   0.68878
   2165.5   0.68655
   2167.3   0.68440
   2169.1   0.68233
   2170.9   0.68029
   2172.7   0.67823
   2174.6   0.67612
   2176.4   0.67397
   2178.2   0.67179
   2180.0   0.66955
   2181.9   0.66738
   2183.7   0.66525
   2185.6   0.66315
   2187.4   0.66106
   2189.2   0.65907
   2191.1   0.65717
   2193.0   0.65525
   2194.8   0.65326
   2196.7   0.65122
   2198.5   0.64895
   2200.4   0.64642
   2202.3   0.64384
   2204.1   0.64158
   2206.0   0.63887
   2207.9   0.63580
   2209.8   0.63462
   2211.7   0.63484
   2213.6   0.63668
   2215.4   0.63767
   2217.3   0.63878
   2219.2   0.63939
   2221.1   0.63921
   2223.0   0.63761
   2225.0   0.63657
   2226.9   0.63520
   2228.8   0.63376
   2230.7   0.63246
   2232.6   0.63146
   2234.5   0.63102
   2236.5   0.63022
   2238.4   0.63104
   2240.3   0.63257
   2242.3   0.63549
   2244.2   0.63788
   2246.2   0.64045
   2248.1   0.64295
   2250.1   0.64517
   2252.0   0.64807
   2254.0   0.64923
   2255.9   0.64942
   2257.9   0.64842
   2259.9   0.64613
   2261.8   0.64255
   2263.8   0.63774
   2265.8   0.63183
   2267.8   0.62499
   2269.8   0.61676
   2271.8   0.60904
   2273.7   0.60115
   2275.7   0.59346
   2277.7   0.58518
   2279.7   0.57844
   2281.7   0.57126
   2283.8   0.56691
   2285.8   0.56305
   2287.8   0.56429
   2289.8   0.56613
   2291.8   0.57011
   2293.9   0.57590
   2295.9   0.58400
   2297.9   0.59186
   2300.0   0.59888
   2302.0   0.60682
   2304.1   0.61382
   2306.1   0.62000
   2308.2   0.62520
   2310.2   0.62927
   2312.3   0.63231
   2314.3   0.63449
   2316.4   0.63509
   2318.5   0.63602
   2320.6   0.63642
   2322.6   0.63635
   2324.7   0.63589
   2326.8   0.63515
   2328.9   0.63418
   2331.0   0.63302
   2333.1   0.63162
   2335.2   0.63004
   2337.3   0.62829
   2339.4   0.62634
   2341.5   0.62423
   2343.6   0.62196
   2345.8   0.61954
   2347.9   0.61700
   2350.0   0.61433
   2352.1   0.61160
   2354.3   0.60887
   2356.4   0.60612
   2358.6   0.60341
   2360.7   0.60071
   2362.9   0.59801
   2365.0   0.59533
   2367.2   0.59262
   2369.3   0.58986
   2371.5   0.58703
   2373.7   0.58408
   2375.9   0.58107
   2378.0   0.57801
   2380.2   0.57487
   2382.4   0.57166
   2384.6   0.56837
   2386.8   0.56509
   2389.0   0.56183
   2391.2   0.55868
   2393.4   0.55568
   2395.6   0.55289
   2397.8   0.55034
   2400.1   0.54811
   2402.3   0.54624
   2404.5   0.54476
   2406.7   0.54369
   2409.0   0.54295
   2411.2   0.54242
   2413.5   0.54208
   2415.7   0.54182
   2418.0   0.54157
   2420.2   0.54127
   2422.5   0.54086
   2424.8   0.54030
   2427.0   0.53957
   2429.3   0.53873
   2431.6   0.53789
   2433.9   0.53700
   2436.2   0.53611
   2438.4   0.53526
   2440.7   0.53443
   2443.0   0.53366
   2445.3   0.53291
   2447.7   0.53210
   2450.0   0.53124
   2452.3   0.53036
   2454.6   0.52943
   2456.9   0.52833
   2459.3   0.52708
   2461.6   0.52572
   2463.9   0.52425
   2466.3   0.52268
   2468.6   0.52102
   2471.0   0.51918
   2473.3   0.51715
   2475.7   0.51494
   2478.1   0.51263
   2480.4   0.51022
   2482.8   0.50771
   2485.2   0.50515
   2487.6   0.50259
   2490.0   0.50012
   2492.4   0.49780
   2494.8   0.49572
   2497.2   0.49385
   2499.6   0.49219
   2502.0   0.49076
   2504.4   0.48955
   2506.8   0.48851
   2509.3   0.48758
   2511.7   0.48670
   2514.1   0.48585
   2516.6   0.48502
   2519.0   0.48420
   2521.5   0.48331
   2523.9   0.48231
   2526.4   0.48121
   2528.8   0.48008
   2531.3   0.47891
   2533.8   0.47770
   2536.3   0.47646
   2538.8   0.47516
   2541.2   0.47387
   2543.7   0.47263
   2546.2   0.47145
   2548.7   0.47030
   2551.2   0.46909
   2553.8   0.46777
   2556.3   0.46641
   2558.8   0.46508
   2561.3   0.46369
   2563.9   0.46214
   2566.4   0.46049
   2568.9   0.45876
   2571.5   0.45694
   2574.0   0.45507
   2576.6   0.45321
   2579.2   0.45132
   2581.7   0.44939
   2584.3   0.44738
   2586.9   0.44531
   2589.5   0.44331
   2592.1   0.44136
   2594.7   0.43932
   2597.3   0.43725
   2599.9   0.43516
   2602.5   0.43299
   2605.1   0.43071
   2607.7   0.42836
   2610.3   0.42596
   2613.0   0.42338
   2615.6   0.42065
   2618.3   0.41780
   2620.9   0.41477
   2623.6   0.41155
   2626.2   0.40819
   2628.9   0.40473
   2631.5   0.40105
   2634.2   0.39721
   2636.9   0.39315
   2639.6   0.38876
   2642.3   0.38408
   2645.0   0.37915
   2647.7   0.37388
   2650.4   0.36818
   2653.1   0.36192
   2655.8   0.35503
   2658.5   0.34848
   2661.3   0.33994
   2664.0   0.33183
   2666.7   0.32055
   2669.5   0.30770
   2672.2   0.29370
   2675.0   0.27876
   2677.8   0.26457
   2680.5   0.24970
   2683.3   0.23617
   2686.1   0.21678
   2688.9   0.19294
   2691.7   0.16673
   2694.5   0.14099
   2697.3   0.11391
   2700.1   0.09216
   2700.1   0.08415
   2701.5   0.07734
   2702.9   0.07395
   2704.3   0.06958
   2705.7   0.06629
   2707.1   0.06398
   2708.5   0.06341
   2710.0   0.06220
   2711.4   0.06128
   2712.8   0.06052
   2714.2   0.05965
   2715.6   0.05863
   2717.1   0.05751
   2718.5   0.05615
   2719.9   0.05445
   2721.3   0.05258
   2722.8   0.05071
   2724.2   0.04885
   2725.6   0.04696
   2727.1   0.04519
   2728.5   0.04369
   2729.9   0.04233
   2731.4   0.04112
   2732.8   0.04009
   2734.2   0.03919
   2735.7   0.03836
   2737.1   0.03756
   2738.6   0.03690
   2740.0   0.03647
   2741.5   0.03606
   2742.9   0.03546
   2744.4   0.03488
   2745.8   0.03447
   2747.3   0.03417
   2748.7   0.03387
   2750.2   0.03338
   2751.7   0.03288
   2753.1   0.03253
   2754.6   0.03202
   2756.1   0.03189
   2757.5   0.03138
   2759.0   0.03086
   2760.5   0.03062
   2761.9   0.03062
   2763.4   0.03080
   2764.9   0.03118
   2766.3   0.03122
   2767.8   0.03125
   2769.3   0.03158
   2770.8   0.03183
   2772.3   0.03182
   2773.7   0.03184
   2775.2   0.03183
   2776.7   0.03151
   2778.2   0.03105
   2779.7   0.03073
   2781.2   0.03046
   2782.7   0.02994
   2784.2   0.02936
   2785.7   0.02894
   2787.2   0.02859
   2788.7   0.02821
   2790.2   0.02802
   2791.7   0.02795
   2793.2   0.02790
   2794.7   0.02801
   2796.2   0.02830
   2797.7   0.02867
   2799.2   0.02917
   2800.7   0.02961
   2802.2   0.03008
   2803.8   0.03072
   2805.3   0.03155
   2806.8   0.03243
   2808.3   0.03327
   2809.8   0.03439
   2811.4   0.03572
   2812.9   0.03693
   2814.4   0.03836
   2815.9   0.04006
   2817.5   0.04180
   2819.0   0.04339
   2820.5   0.04507
   2822.1   0.04683
   2823.6   0.04846
   2825.1   0.04993
   2826.7   0.05148
   2828.2   0.05307
   2829.8   0.05448
   2831.3   0.05561
   2832.9   0.05660
   2834.4   0.05741
   2836.0   0.05803
   2837.5   0.05857
   2839.1   0.05920
   2840.6   0.05962
   2842.2   0.05993
   2843.7   0.06024
   2845.3   0.06064
   2846.9   0.06111
   2848.4   0.06152
   2850.0   0.06181
   2851.6   0.06200
   2853.1   0.06223
   2854.7   0.06262
   2856.3   0.06291
   2857.8   0.06317
   2859.4   0.06341
   2861.0   0.06360
   2862.6   0.06385
   2864.2   0.06430
   2865.7   0.06480
   2867.3   0.06523
   2868.9   0.06567
   2870.5   0.06614
   2872.1   0.06657
   2873.7   0.06703
   2875.3   0.06759
   2876.9   0.06819
   2878.5   0.06871
   2880.1   0.06916
   2881.7   0.06964
   2883.3   0.07017
   2884.9   0.07063
   2886.5   0.07112
   2888.1   0.07159
   2889.7   0.07200
   2891.3   0.07245
   2892.9   0.07290
   2894.5   0.07334
   2896.2   0.07380
   2897.8   0.07419
   2899.4   0.07455
   2901.0   0.07487
   2902.7   0.07512
   2904.3   0.07538
   2905.9   0.07557
   2907.5   0.07571
   2909.2   0.07581
   2910.8   0.07594
   2912.4   0.07604
   2914.1   0.07608
   2915.7   0.07621
   2917.4   0.07639
   2919.0   0.07660
   2920.6   0.07683
   2922.3   0.07706
   2923.9   0.07735
   2925.6   0.07760
   2927.2   0.07786
   2928.9   0.07819
   2930.5   0.07850
   2932.2   0.07870
   2933.9   0.07880
   2935.5   0.07885
   2937.2   0.07900
   2938.9   0.07916
   2940.5   0.07935
   2942.2   0.07956
   2943.9   0.07971
   2945.5   0.07985
   2947.2   0.08009
   2948.9   0.08042
   2950.6   0.08081
   2952.2   0.08115
   2953.9   0.08139
   2955.6   0.08158
   2957.3   0.08183
   2959.0   0.08214
   2960.7   0.08241
   2962.4   0.08262
   2964.1   0.08279
   2965.8   0.08282
   2967.4   0.08296
   2969.1   0.08328
   2970.9   0.08349
   2972.6   0.08355
   2974.3   0.08369
   2976.0   0.08396
   2977.7   0.08430
   2979.4   0.08467
   2981.1   0.08506
   2982.8   0.08536
   2984.5   0.08550
   2986.3   0.08575
   2988.0   0.08609
   2989.7   0.08641
   2991.4   0.08663
   2993.1   0.08677
   2994.9   0.08693
   2996.6   0.08716
   2998.3   0.08753
   3000.1   0.08794
   3001.8   0.08832
   3003.6   0.08868
   3005.3   0.08899
   3007.0   0.08940
   3008.8   0.08983
   3010.5   0.09028
   3012.3   0.09072
   3014.0   0.09097
   3015.8   0.09122
   3017.5   0.09158
   3019.3   0.09199
   3021.1   0.09239
   3022.8   0.09276
   3024.6   0.09320
   3026.3   0.09361
   3028.1   0.09394
   3029.9   0.09425
   3031.7   0.09464
   3033.4   0.09503
   3035.2   0.09533
   3037.0   0.09562
   3038.8   0.09590
   3040.5   0.09605
   3042.3   0.09613
   3044.1   0.09633
   3045.9   0.09667
   3047.7   0.09693
   3049.5   0.09710
   3051.3   0.09735
   3053.1   0.09758
   3054.9   0.09778
   3056.7   0.09800
   3058.5   0.09831
   3060.3   0.09862
   3062.1   0.09883
   3063.9   0.09897
   3065.7   0.09906
   3067.5   0.09911
   3069.4   0.09924
   3071.2   0.09944
   3073.0   0.09966
   3074.8   0.09980
   3076.6   0.09984
   3078.5   0.09985
   3080.3   0.09993
   3082.1   0.10004
   3084.0   0.10016
   3085.8   0.10025
   3087.6   0.10023
   3089.5   0.10024
   3091.3   0.10034
   3093.2   0.10048
   3095.0   0.10070
   3096.9   0.10096
   3098.7   0.10116
   3100.6   0.10139
   3102.4   0.10157
   3104.3   0.10183
   3106.1   0.10210
   3108.0   0.10234
   3109.9   0.10261
   3111.7   0.10292
   3113.6   0.10329
   3115.5   0.10369
   3117.3   0.10406
   3119.2   0.10441
   3121.1   0.10469
   3123.0   0.10499
   3124.9   0.10541
   3126.7   0.10586
   3128.6   0.10626
   3130.5   0.10658
   3132.4   0.10694
   3134.3   0.10734
   3136.2   0.10782
   3138.1   0.10837
   3140.0   0.10889
   3141.9   0.10925
   3143.8   0.10962
   3145.7   0.11012
   3147.6   0.11066
   3149.5   0.11121
   3151.4   0.11176
   3153.4   0.11229
   3155.3   0.11287
   3157.2   0.11355
   3159.1   0.11433
   3161.1   0.11508
   3163.0   0.11571
   3164.9   0.11644
   3166.9   0.11721
   3168.8   0.11797
   3170.7   0.11873
   3172.7   0.11947
   3174.6   0.12018
   3176.6   0.12087
   3178.5   0.12165
   3180.5   0.12247
   3182.4   0.12321
   3184.4   0.12390
   3186.3   0.12463
   3188.3   0.12540
   3190.2   0.12614
   3192.2   0.12682
   3194.2   0.12755
   3196.1   0.12831
   3198.1   0.12910
   3200.1   0.12996
   3202.1   0.13090
   3204.0   0.13183
   3206.0   0.13270
   3208.0   0.13356
   3210.0   0.13447
   3212.0   0.13538
   3214.0   0.13626
   3216.0   0.13711
   3218.0   0.13788
   3220.0   0.13858
   3222.0   0.13927
   3224.0   0.13999
   3226.0   0.14079
   3228.0   0.14170
   3230.0   0.14265
   3232.0   0.14357
   3234.0   0.14450
   3236.0   0.14551
   3238.1   0.14652
   3240.1   0.14747
   3242.1   0.14843
   3244.1   0.14946
   3246.2   0.15048
   3248.2   0.15145
   3250.2   0.15236
   3252.3   0.15321
   3254.3   0.15402
   3256.4   0.15491
   3258.4   0.15591
   3260.5   0.15691
   3262.5   0.15780
   3264.6   0.15856
   3266.6   0.15927
   3268.7   0.16011
   3270.7   0.16110
   3272.8   0.16208
   3274.9   0.16301
   3276.9   0.16396
   3279.0   0.16493
   3281.1   0.16592
   3283.2   0.16693
   3285.3   0.16796
   3287.3   0.16892
   3289.4   0.16979
   3291.5   0.17064
   3293.6   0.17148
   3295.7   0.17229
   3297.8   0.17314
   3299.9   0.17405
   3302.0   0.17497
   3304.1   0.17594
   3306.2   0.17682
   3308.3   0.17767
   3310.4   0.17862
   3312.5   0.17959
   3314.7   0.18050
   3316.8   0.18140
   3318.9   0.18233
   3321.0   0.18328
   3323.2   0.18415
   3325.3   0.18506
   3327.4   0.18602
   3329.6   0.18691
   3331.7   0.18781
   3333.8   0.18874
   3336.0   0.18970
   3338.1   0.19058
   3340.3   0.19144
   3342.4   0.19238
   3344.6   0.19331
   3346.8   0.19419
   3348.9   0.19510
   3351.1   0.19597
   3353.3   0.19680
   3355.4   0.19760
   3357.6   0.19845
   3359.8   0.19924
   3362.0   0.20001
   3364.1   0.20082
   3366.3   0.20170
   3368.5   0.20256
   3370.7   0.20340
   3372.9   0.20427
   3375.1   0.20516
   3377.3   0.20598
   3379.5   0.20676
   3381.7   0.20753
   3383.9   0.20835
   3386.1   0.20914
   3388.3   0.20997
   3390.5   0.21085
   3392.8   0.21172
   3395.0   0.21256
   3397.2   0.21345
   3399.4   0.21438
   3401.7   0.21531
   3403.9   0.21616
   3406.1   0.21699
   3408.4   0.21786
   3410.6   0.21883
   3412.9   0.21984
   3415.1   0.22086
   3417.4   0.22184
   3419.6   0.22277
   3421.9   0.22372
   3424.1   0.22475
   3426.4   0.22579
   3428.7   0.22679
   3430.9   0.22776
   3433.2   0.22872
   3435.5   0.22972
   3437.8   0.23074
   3440.0   0.23183
   3442.3   0.23292
   3444.6   0.23398
   3446.9   0.23504
   3449.2   0.23608
   3451.5   0.23709
   3453.8   0.23802
   3456.1   0.23890
   3458.4   0.23978
   3460.7   0.24069
   3463.0   0.24162
   3465.3   0.24252
   3467.6   0.24336
   3470.0   0.24414
   3472.3   0.24490
   3474.6   0.24571
   3477.0   0.24656
   3479.3   0.24740
   3481.6   0.24821
   3484.0   0.24900
   3486.3   0.24982
   3488.7   0.25069
   3491.0   0.25160
   3493.4   0.25249
   3495.7   0.25341
   3498.1   0.25435
   3500.4   0.25528
   3502.8   0.25626
   3505.2   0.25724
   3507.5   0.25823
   3509.9   0.25924
   3512.3   0.26032
   3514.7   0.26146
   3517.1   0.26252
   3519.4   0.26344
   3521.8   0.26437
   3524.2   0.26533
   3526.6   0.26632
   3529.0   0.26731
   3531.4   0.26828
   3533.8   0.26929
   3536.2   0.27023
   3538.7   0.27115
   3541.1   0.27216
   3543.5   0.27316
   3545.9   0.27406
   3548.3   0.27494
   3550.8   0.27579
   3553.2   0.27658
   3555.6   0.27726
   3558.1   0.27802
   3560.5   0.27886
   3563.0   0.27965
   3565.4   0.28046
   3567.9   0.28131
   3570.3   0.28217
   3572.8   0.28303
   3575.3   0.28393
   3577.7   0.28482
   3580.2   0.28552
   3582.7   0.28617
   3585.2   0.28689
   3587.6   0.28758
   3590.1   0.28822
   3592.6   0.28876
   3595.1   0.28931
   3597.6   0.28986
   3600.1   0.29042
   3602.6   0.29107
   3605.1   0.29178
   3607.6   0.29245
   3610.1   0.29307
   3612.6   0.29373
   3615.2   0.29447
   3617.7   0.29516
   3620.2   0.29576
   3622.7   0.29638
   3625.3   0.29706
   3627.8   0.29774
   3630.3   0.29845
   3632.9   0.29919
   3635.4   0.29990
   3638.0   0.30060
   3640.5   0.30128
   3643.1   0.30205
   3645.7   0.30286
   3648.2   0.30361
   3650.8   0.30432
   3653.4   0.30501
   3655.9   0.30575
   3658.5   0.30653
   3661.1   0.30734
   3663.7   0.30817
   3666.3   0.30894
   3668.9   0.30967
   3671.5   0.31042
   3674.1   0.31120
   3676.7   0.31199
   3679.3   0.31277
   3681.9   0.31355
   3684.5   0.31431
   3687.2   0.31506
   3689.8   0.31583
   3692.4   0.31663
   3695.0   0.31747
   3697.7   0.31830
   3700.3   0.31909
   3703.0   0.31982
   3705.6   0.32053
   3708.3   0.32130
   3710.9   0.32211
   3713.6   0.32292
   3716.2   0.32366
   3718.9   0.32434
   3721.6   0.32501
   3724.2   0.32572
   3726.9   0.32646
   3729.6   0.32720
   3732.3   0.32789
   3735.0   0.32852
   3737.7   0.32913
   3740.4   0.32980
   3743.1   0.33048
   3745.8   0.33115
   3748.5   0.33180
   3751.2   0.33246
   3753.9   0.33311
   3756.6   0.33377
   3759.3   0.33443
   3762.1   0.33507
   3764.8   0.33569
   3767.5   0.33637
   3770.3   0.33705
   3773.0   0.33765
   3775.8   0.33822
   3778.5   0.33883
   3781.3   0.33947
   3784.0   0.34007
   3786.8   0.34071
   3789.6   0.34141
   3792.3   0.34203
   3795.1   0.34261
   3797.9   0.34318
   3800.7   0.34375
   3803.5   0.34431
   3806.3   0.34482
   3809.1   0.34541
   3811.9   0.34599
   3814.7   0.34649
   3817.5   0.34693
   3820.3   0.34740
   3823.1   0.34795
   3825.9   0.34849
   3828.8   0.34892
   3831.6   0.34937
   3834.4   0.34984
   3837.3   0.35031
   3840.1   0.35075
   3842.9   0.35118
   3845.8   0.35162
   3848.7   0.35206
   3851.5   0.35250
   3854.4   0.35297
   3857.2   0.35342
   3860.1   0.35382
   3863.0   0.35420
   3865.9   0.35462
   3868.8   0.35506
   3871.6   0.35540
   3874.5   0.35570
   3877.4   0.35603
   3880.3   0.35638
   3883.2   0.35669
   3886.2   0.35696
   3889.1   0.35719
   3892.0   0.35739
   3894.9   0.35764
   3897.8   0.35797
   3900.8   0.35832
   3903.7   0.35863
   3906.7   0.35891
   3909.6   0.35918
   3912.6   0.35948
   3915.5   0.35979
   3918.5   0.36010
   3921.4   0.36041
   3924.4   0.36072
   3927.4   0.36090
   3930.4   0.36105
   3933.3   0.36119
   3936.3   0.36134
   3939.3   0.36148
   3942.3   0.36163
   3945.3   0.36180
   3948.3   0.36192
   3951.3   0.36200
   3954.3   0.36216
   3957.4   0.36236
   3960.4   0.36255
   3963.4   0.36278
   3966.4   0.36299
   3969.5   0.36323
   3972.5   0.36344
   3975.6   0.36358
   3978.6   0.36373
   3981.7   0.36387
   3984.7   0.36396
   3987.8   0.36407
   3990.9   0.36417
   3993.9   0.36424
   3997.0   0.36427
   4000.1   0.36430
   4003.2   0.36446
   4006.3   0.36462
   4009.4   0.36475
   4012.5   0.36489
   4015.6   0.36499
   4018.7   0.36505
   4021.8   0.36515
   4024.9   0.36526
   4028.1   0.36534
   4031.2   0.36535
   4034.3   0.36532
   4037.5   0.36529
   4040.6   0.36530
   4043.8   0.36530
   4046.9   0.36526
   4050.1   0.36519
   4053.3   0.36514
   4056.4   0.36509
   4059.6   0.36505
   4062.8   0.36501
   4066.0   0.36502
   4069.2   0.36501
   4072.4   0.36497
   4075.6   0.36498
   4078.8   0.36499
   4082.0   0.36492
   4085.2   0.36484
   4088.4   0.36475
   4091.7   0.36462
   4094.9   0.36446
   4098.1   0.36431
   4101.4   0.36422
   4104.6   0.36411
   4107.9   0.36398
   4111.1   0.36389
   4114.4   0.36381
   4117.7   0.36372
   4120.9   0.36366
   4124.2   0.36361
   4127.5   0.36356
   4130.8   0.36346
   4134.1   0.36336
   4137.4   0.36329
   4140.7   0.36321
   4144.0   0.36312
   4147.3   0.36303
   4150.6   0.36295
   4154.0   0.36285
   4157.3   0.36273
   4160.6   0.36264
   4164.0   0.36256
   4167.3   0.36243
   4170.7   0.36232
   4174.0   0.36223
   4177.4   0.36213
   4180.8   0.36200
   4184.1   0.36182
   4187.5   0.36164
   4190.9   0.36148
   4194.3   0.36128
   4197.7   0.36109
   4201.1   0.36090
   4204.5   0.36066
   4207.9   0.36041
   4211.3   0.36020
   4214.7   0.36000
   4218.2   0.35976
   4221.6   0.35955
   4225.0   0.35940
   4228.5   0.35931
   4231.9   0.35922
   4235.4   0.35915
   4238.9   0.35912
   4242.3   0.35909
   4245.8   0.35901
   4249.3   0.35888
   4252.8   0.35874
   4256.3   0.35858
   4259.8   0.35838
   4263.3   0.35814
   4266.8   0.35788
   4270.3   0.35762
   4273.8   0.35740
   4277.3   0.35730
   4280.9   0.35726
   4284.4   0.35717
   4288.0   0.35703
   4291.5   0.35689
   4295.1   0.35683
   4298.6   0.35683
   4302.2   0.35676
   4305.8   0.35667
   4309.3   0.35653
   4312.9   0.35632
   4316.5   0.35610
   4320.1   0.35595
   4323.7   0.35583
   4327.3   0.35569
   4330.9   0.35551
   4334.6   0.35530
   4338.2   0.35507
   4341.8   0.35488
   4345.5   0.35477
   4349.1   0.35465
   4352.8   0.35451
   4356.4   0.35434
   4360.1   0.35411
   4363.8   0.35391
   4367.4   0.35382
   4371.1   0.35373
   4374.8   0.35360
   4378.5   0.35346
   4382.2   0.35331
   4385.9   0.35315
   4389.6   0.35302
   4393.3   0.35297
   4397.1   0.35287
   4400.8   0.35264
   4404.5   0.35242
   4408.3   0.35225
   4412.0   0.35208
   4415.8   0.35192
   4419.6   0.35180
   4423.3   0.35169
   4427.1   0.35153
   4430.9   0.35137
   4434.7   0.35129
   4438.5   0.35121
   4442.3   0.35106
   4446.1   0.35089
   4449.9   0.35074
   4453.7   0.35057
   4457.6   0.35037
   4461.4   0.35012
   4465.2   0.34992
   4469.1   0.34974
   4472.9   0.34953
   4476.8   0.34935
   4480.7   0.34919
   4484.5   0.34902
   4488.4   0.34888
   4492.3   0.34869
   4496.2   0.34854
   4500.1   0.34836
   4504.0   0.34810
   4507.9   0.34785
   4511.9   0.34763
   4515.8   0.34743
   4519.7   0.34724
   4523.7   0.34700
   4527.6   0.34680
   4531.6   0.34664
   4535.6   0.34646
   4539.5   0.34636
   4543.5   0.34628
   4547.5   0.34617
   4551.5   0.34607
   4555.5   0.34596
   4559.5   0.34583
   4563.5   0.34568
   4567.5   0.34553
   4571.5   0.34541
   4575.6   0.34528
   4579.6   0.34512
   4583.7   0.34496
   4587.7   0.34481
   4591.8   0.34467
   4595.9   0.34452
   4599.9   0.34439
   4604.0   0.34423
   4608.1   0.34409
   4612.2   0.34397
   4616.3   0.34383
   4620.4   0.34367
   4624.6   0.34349
   4628.7   0.34329
   4632.8   0.34312
   4637.0   0.34298
   4641.1   0.34284
   4645.3   0.34266
   4649.4   0.34244
   4653.6   0.34226
   4657.8   0.34212
   4662.0   0.34197
   4666.2   0.34183
   4670.4   0.34173
   4674.6   0.34158
   4678.8   0.34138
   4683.0   0.34122
   4687.3   0.34110
   4691.5   0.34098
   4695.8   0.34085
   4700.0   0.34073
   4704.3   0.34067
   4708.6   0.34064
   4712.8   0.34060
   4717.1   0.34053
   4721.4   0.34046
   4725.7   0.34041
   4730.0   0.34035
   4734.4   0.34026
   4738.7   0.34012
   4743.0   0.33995
   4747.4   0.33968
   4751.7   0.33943
   4756.1   0.33922
   4760.5   0.33901
   4764.8   0.33875
   4769.2   0.33846
   4773.6   0.33819
   4778.0   0.33795
   4782.4   0.33769
   4786.8   0.33748
   4791.3   0.33726
   4795.7   0.33698
   4800.1   0.33668
   4804.6   0.33639
   4809.0   0.33607
   4813.5   0.33573
   4818.0   0.33536
   4822.5   0.33498
   4826.9   0.33457
   4831.4   0.33417
   4835.9   0.33377
   4840.5   0.33334
   4845.0   0.33288
   4849.5   0.33243
   4854.1   0.33195
   4858.6   0.33146
   4863.2   0.33092
   4867.7   0.33036
   4872.3   0.32979
   4876.9   0.32919
   4881.5   0.32861
   4886.1   0.32803
   4890.7   0.32740
   4895.3   0.32677
   4899.9   0.32608
   4904.6   0.32539
   4909.2   0.32472
   4913.9   0.32405
   4918.5   0.32336
   4923.2   0.32267
   4927.9   0.32197
   4932.6   0.32126
   4937.3   0.32057
   4942.0   0.31992
   4946.7   0.31925
   4951.4   0.31847
   4956.2   0.31760
   4960.9   0.31667
   4965.6   0.31568
   4970.4   0.31464
   4975.2   0.31360
   4980.0   0.31252
   4984.7   0.31131
   4989.5   0.31004
   4994.3   0.30880
   4999.2   0.30762
   5004.0   0.30641
   5008.8   0.30517
   5013.7   0.30389
   5018.5   0.30254
   5023.4   0.30113
   5028.3   0.29973
   5033.1   0.29831
   5038.0   0.29684
   5042.9   0.29532
   5047.8   0.29380
   5052.8   0.29229
   5057.7   0.29076
   5062.6   0.28920
   5067.6   0.28766
   5072.5   0.28617
   5077.5   0.28472
   5082.5   0.28330
   5087.5   0.28185
   5092.5   0.28038
   5097.5   0.27890
   5102.5   0.27745
   5107.5   0.27607
   5112.6   0.27466
   5117.6   0.27322
   5122.7   0.27181
   5127.7   0.27047
   5132.8   0.26923
   5137.9   0.26803
   5143.0   0.26685
   5148.1   0.26568
   5153.2   0.26455
   5158.3   0.26349
   5163.5   0.26250
   5168.6   0.26150
   5173.8   0.26045
   5179.0   0.25942
   5184.1   0.25846
   5189.3   0.25758
   5194.5   0.25673
   5199.7   0.25588
   5205.0   0.25502
   5210.2   0.25417
   5215.4   0.25333
   5220.7   0.25253
   5225.9   0.25176
   5231.2   0.25098
   5236.5   0.25016
   5241.8   0.24935
   5247.1   0.24855
   5252.4   0.24777
   5257.7   0.24699
   5263.1   0.24623
   5268.4   0.24544
   5273.8   0.24458
   5279.2   0.24369
   5284.5   0.24280
   5289.9   0.24189
   5295.3   0.24095
   5300.8   0.23998
   5306.2   0.23902
   5311.6   0.23807
   5317.1   0.23711
   5322.5   0.23614
   5328.0   0.23512
   5333.5   0.23412
   5339.0   0.23315
   5344.5   0.23220
   5350.0   0.23123
   5355.5   0.23024
   5361.0   0.22927
   5366.6   0.22837
   5372.2   0.22751
   5377.7   0.22671
   5383.3   0.22594
   5388.9   0.22516
   5394.5   0.22439
   5400.1   0.22367
   5405.8   0.22300
   5411.4   0.22234
   5417.1   0.22168
   5422.7   0.22104
   5428.4   0.22041
   5434.1   0.21975
   5439.8   0.21912
   5445.5   0.21856
   5451.2   0.21802
   5457.0   0.21747
   5462.7   0.21693
   5468.5   0.21644
   5474.3   0.21599
   5480.1   0.21564
   5485.9   0.21539
   5491.7   0.21520
   5497.5   0.21504
   5503.3   0.21497
   5509.2   0.21502
   5515.0   0.21512
   5520.9   0.21529
   5526.8   0.21554
   5532.7   0.21579
   5538.6   0.21606
   5544.5   0.21636
   5550.5   0.21666
   5556.4   0.21692
   5562.4   0.21718
   5568.4   0.21744
   5574.3   0.21767
   5580.3   0.21787
   5586.4   0.21806
   5592.4   0.21822
   5598.4   0.21834
   5604.5   0.21846
   5610.5   0.21859
   5616.6   0.21869
   5622.7   0.21872
   5628.8   0.21877
   5634.9   0.21875
   5641.1   0.21867
   5647.2   0.21856
   5653.4   0.21841
   5659.5   0.21821
   5665.7   0.21794
   5671.9   0.21766
   5678.1   0.21734
   5684.4   0.21691
   5690.6   0.21646
   5696.9   0.21606
   5703.1   0.21570
   5709.4   0.21531
   5715.7   0.21484
   5722.0   0.21436
   5728.3   0.21387
   5734.7   0.21336
   5741.0   0.21281
   5747.4   0.21225
   5753.8   0.21161
   5760.1   0.21083
   5766.6   0.21003
   5773.0   0.20923
   5779.4   0.20838
   5785.9   0.20741
   5792.3   0.20634
   5798.8   0.20527
   5805.3   0.20417
   5811.8   0.20303
   5818.3   0.20190
   5824.9   0.20070
   5831.4   0.19938
   5838.0   0.19799
   5844.6   0.19660
   5851.2   0.19517
   5857.8   0.19365
   5864.4   0.19200
   5871.0   0.19020
   5877.7   0.18834
   5884.4   0.18640
   5891.1   0.18435
   5897.8   0.18215
   5904.5   0.17974
   5911.2   0.17718
   5918.0   0.17448
   5924.7   0.17162
   5931.5   0.16866
   5938.3   0.16548
   5945.1   0.16212
   5951.9   0.15863
   5958.8   0.15497
   5965.6   0.15115
   5972.5   0.14719
   5979.4   0.14312
   5986.3   0.13893
   5993.2   0.13465
   6000.2   0.13028
   6007.1   0.12590
   6014.1   0.12151
   6021.1   0.11721
   6028.1   0.11300
   6035.1   0.10889
   6042.1   0.10491
   6049.2   0.10113
   6056.2   0.09749
   6063.3   0.09404
   6070.4   0.09074
   6077.5   0.08758
   6084.7   0.08457
   6091.8   0.08175
   6099.0   0.07907
   6106.2   0.07658
   6113.4   0.07431
   6120.6   0.07232
   6127.8   0.07066
   6135.1   0.06937
   6142.3   0.06854
   6149.6   0.06824
   6156.9   0.06851
   6164.3   0.06860
   6171.6   0.07014
   6178.9   0.07231
   6186.3   0.07591
   6193.7   0.07922
   6201.1   0.08312
   6208.5   0.08757
   6216.0   0.09246
   6223.5   0.09772
   6230.9   0.10326
   6238.4   0.10906
   6245.9   0.11507
   6253.5   0.12115
   6261.0   0.12725
   6268.6   0.13332
   6276.2   0.13929
   6283.8   0.14509
   6291.4   0.15067
   6299.1   0.15600
   6306.7   0.16111
   6314.4   0.16594
   6322.1   0.17060
   6329.8   0.17502
   6337.6   0.17910
   6345.3   0.18291
   6353.1   0.18651
   6360.9   0.18988
   6368.7   0.19302
   6376.5   0.19586
   6384.4   0.19848
   6392.3   0.20098
   6400.2   0.20332
   6408.1   0.20547
   6416.0   0.20744
   6424.0   0.20918
   6431.9   0.21077
   6439.9   0.21222
   6447.9   0.21361
   6456.0   0.21488
   6464.0   0.21585
   6472.1   0.21675
   6480.2   0.21761
   6488.3   0.21828
   6496.4   0.21887
   6504.6   0.21940
   6512.7   0.21981
   6520.9   0.22013
   6529.1   0.22037
   6537.4   0.22052
   6545.6   0.22057
   6553.9   0.22060
   6562.2   0.22062
   6570.5   0.22059
   6578.9   0.22050
   6587.2   0.22033
   6595.6   0.22009
   6604.0   0.21981
   6612.4   0.21956
   6620.9   0.21930
   6629.3   0.21886
   6637.8   0.21838
   6646.3   0.21787
   6654.9   0.21732
   6663.4   0.21679
   6672.0   0.21621
   6680.6   0.21559
   6689.2   0.21487
   6697.8   0.21408
   6706.5   0.21332
   6715.2   0.21258
   6723.9   0.21180
   6732.6   0.21102
   6741.4   0.21020
   6750.2   0.20934
   6759.0   0.20845
   6767.8   0.20759
   6776.6   0.20666
   6785.5   0.20569
   6794.4   0.20470
   6803.3   0.20371
   6812.3   0.20268
   6821.2   0.20161
   6830.2   0.20057
   6839.2   0.19958
   6848.3   0.19851
   6857.3   0.19744
   6866.4   0.19634
   6875.5   0.19518
   6884.6   0.19397
   6893.8   0.19276
   6903.0   0.19157
   6912.2   0.19036
   6921.4   0.18910
   6930.7   0.18784
   6939.9   0.18660
   6949.2   0.18540
   6958.6   0.18422
   6967.9   0.18307
   6977.3   0.18191
   6986.7   0.18076
   6996.1   0.17963
   7005.6   0.17854
   7015.1   0.17748
   7024.6   0.17647
   7034.1   0.17548
   7043.7   0.17449
   7053.2   0.17350
   7062.9   0.17253
   7072.5   0.17154
   7082.2   0.17051
   7091.8   0.16948
   7101.6   0.16850
   7111.3   0.16750
   7121.1   0.16647
   7130.9   0.16545
   7140.7   0.16444
   7150.5   0.16342
   7160.4   0.16237
   7170.3   0.16136
   7180.2   0.16037
   7190.2   0.15935
   7200.2   0.15827
   7210.2   0.15720
   7220.2   0.15613
   7230.3   0.15503
   7240.4   0.15391
   7250.5   0.15281
   7260.7   0.15169
   7270.9   0.15052
   7281.1   0.14928
   7291.3   0.14809
   7301.6   0.14693
   7311.9   0.14575
   7322.2   0.14461
   7332.6   0.14348
   7343.0   0.14230
   7353.4   0.14110
   7363.8   0.13992
   7374.3   0.13874
   7384.8   0.13752
   7395.3   0.13626
   7405.9   0.13503
   7416.5   0.13378
   7427.1   0.13252
   7437.8   0.13131
   7448.5   0.13009
   7459.2   0.12885
   7469.9   0.12756
   7480.7   0.12625
   7491.5   0.12490
   7502.4   0.12352
   7513.2   0.12213
   7524.1   0.12072
   7535.1   0.11925
   7546.0   0.11774
   7557.0   0.11619
   7568.1   0.11466
   7579.1   0.11311
   7590.2   0.11152
   7601.4   0.10990
   7612.5   0.10826
   7623.7   0.10662
   7635.0   0.10497
   7646.2   0.10331
   7657.5   0.10165
   7668.8   0.09998
   7680.2   0.09831
   7691.6   0.09661
   7703.0   0.09493
   7714.5   0.09317
   7726.0   0.09136
   7737.5   0.08960
   7749.1   0.08785
   7760.7   0.08604
   7772.3   0.08422
   7784.0   0.08236
   7795.7   0.08049
   7807.4   0.07860
   7819.2   0.07676
   7831.0   0.07491
   7842.9   0.07296
   7854.7   0.07098
   7866.7   0.06906
   7878.6   0.06713
   7890.6   0.06523
   7902.6   0.06333
   7914.7   0.06140
   7926.8   0.05945
   7939.0   0.05755
   7951.1   0.05568
   7963.3   0.05383
   7975.6   0.05197
   7987.9   0.05008
   8000.2   0.04818
   8012.6   0.04637
   8025.0   0.04463
   8037.4   0.04297
   8049.9   0.04134
   8062.4   0.03975
   8075.0   0.03823
   8087.6   0.03682
   8100.2   0.03547
   8112.9   0.03420
   8125.6   0.03296
   8138.4   0.03176
   8151.2   0.03061
   8164.0   0.02949
   8176.9   0.02847
   8189.8   0.02752
   8202.7   0.02660
   8215.7   0.02578
   8228.8   0.02501
   8241.9   0.02434
   8255.0   0.02374
   8268.2   0.02317
   8281.4   0.02269
   8294.6   0.02230
   8307.9   0.02196
   8321.2   0.02165
   8334.6   0.02143
   8348.0   0.02136
   8361.5   0.02139
   8375.0   0.02154
   8388.6   0.02180
   8402.2   0.02216
   8415.8   0.02260
   8429.5   0.02316
   8443.2   0.02383
   8457.0   0.02451
   8470.8   0.02519
   8484.7   0.02597
   8498.6   0.02675
   8512.5   0.02753
   8526.5   0.02833
   8540.6   0.02912
   8554.7   0.02984
   8568.8   0.03055
   8583.0   0.03131
   8597.2   0.03205
   8611.5   0.03265
   8625.8   0.03324
   8640.2   0.03385
   8654.6   0.03439
   8669.1   0.03481
   8683.6   0.03517
   8698.2   0.03551
   8712.8   0.03580
   8727.5   0.03601
   8742.2   0.03613
   8757.0   0.03612
   8771.8   0.03599
   8786.7   0.03579
   8801.6   0.03562
   8816.6   0.03544
   8831.6   0.03516
   8846.6   0.03483
   8861.8   0.03449
   8876.9   0.03419
   8892.2   0.03394
   8907.4   0.03366
   8922.8   0.03342
   8938.2   0.03323
   8953.6   0.03310
   8969.1   0.03298
   8984.6   0.03290
   9000.2   0.03285
   9015.9   0.03279
   9031.6   0.03273
   9047.4   0.03277
   9063.2   0.03290
   9079.0   0.03298
   9095.0   0.03304
   9111.0   0.03320
   9127.0   0.03343
   9143.1   0.03365
   9159.2   0.03390
   9175.5   0.03418
   9191.7   0.03440
   9208.1   0.03453
   9224.4   0.03465
   9240.9   0.03482
   9257.4   0.03492
   9273.9   0.03495
   9290.6   0.03506
   9307.2   0.03521
   9324.0   0.03534
   9340.8   0.03549
   9357.6   0.03568
   9374.6   0.03588
   9391.5   0.03606
   9408.6   0.03618
   9425.7   0.03630
   9442.9   0.03635
   9460.1   0.03631
   9477.4   0.03629
   9494.8   0.03623
   9512.2   0.03607
   9529.7   0.03588
   9547.2   0.03567
   9564.8   0.03549
   9582.5   0.03523
   9600.3   0.03488
   9618.1   0.03459
   9635.9   0.03423
   9653.9   0.03386
   9671.9   0.03351
   9690.0   0.03318
   9708.1   0.03283
   9726.3   0.03237
   9744.6   0.03199
   9763.0   0.03170
   9781.4   0.03137
   9799.9   0.03107
   9818.4   0.03091
   9837.1   0.03079
   9855.8   0.03060
   9874.5   0.03039
   9893.4   0.03030
   9912.3   0.03021
   9931.3   0.03005
   9950.4   0.02989
   9969.5   0.02969
   9988.7   0.02941
  10008.0   0.02909
  10027.3   0.02883
  10046.8   0.02863
  10066.3   0.02844
  10085.9   0.02827
  10105.5   0.02819
  10125.3   0.02813
  10145.1   0.02808
  10165.0   0.02807
  10184.9   0.02806
  10205.0   0.02807
  10225.1   0.02806
  10245.3   0.02808
  10265.6   0.02809
  10286.0   0.02808
  10306.4   0.02807
  10327.0   0.02805
  10347.6   0.02801
  10368.3   0.02798
  10389.0   0.02799
  10409.9   0.02801
  10430.9   0.02801
  10451.9   0.02799
  10473.0   0.02807
  10494.2   0.02822
  10515.5   0.02837
  10536.9   0.02855
  10558.3   0.02875
  10579.9   0.02893
  10601.5   0.02909
  10623.2   0.02924
  10645.0   0.02946
  10666.9   0.02959
  10688.9   0.02965
  10711.0   0.02976
  10733.2   0.02993
  10755.5   0.03004
  10777.8   0.03012
  10800.3   0.03017
  10822.8   0.03026
  10845.5   0.03033
  10868.2   0.03036
  10891.0   0.03044
  10914.0   0.03052
  10937.0   0.03062
  10960.1   0.03082
  10983.3   0.03111
  11006.7   0.03149
  11030.1   0.03191
  11053.6   0.03235
  11077.2   0.03281
  11100.9   0.03324
  11124.8   0.03357
  11148.7   0.03376
  11172.7   0.03386
  11196.8   0.03383
  11221.1   0.03366
  11245.4   0.03342
  11269.9   0.03305
  11294.4   0.03269
  11319.1   0.03232
  11343.8   0.03198
  11368.7   0.03176
  11393.7   0.03159
  11418.8   0.03149
  11444.0   0.03153
  11469.3   0.03165
  11494.8   0.03184
  11520.3   0.03201
  11546.0   0.03226
  11571.7   0.03258
  11597.6   0.03291
  11623.6   0.03317
  11649.7   0.03345
  11676.0   0.03375
  11702.3   0.03397
  11728.8   0.03413
  11755.4   0.03434
  11782.1   0.03449
  11809.0   0.03459
  11835.9   0.03466
  11863.0   0.03472
  11890.2   0.03467
  11917.6   0.03443
  11945.0   0.03410
  11972.6   0.03377
  12000.3   0.03338
  12028.2   0.03302
  12056.1   0.03262
  12084.2   0.03218
  12112.5   0.03177
  12140.8   0.03151
  12169.3   0.03140
  12198.0   0.03148
  12226.7   0.03161
  12255.6   0.03176
  12284.7   0.03196
  12313.9   0.03226
  12343.2   0.03262
  12372.6   0.03295
  12402.2   0.03316
  12432.0   0.03331
  12461.9   0.03337
  12491.9   0.03341
  12522.1   0.03347
  12552.4   0.03343
  12582.9   0.03328
  12613.5   0.03313
  12644.2   0.03308
  12675.1   0.03319
  12706.2   0.03337
  12737.4   0.03358
  12768.8   0.03380
  12800.3   0.03400
  12832.0   0.03427
  12863.9   0.03463
  12895.9   0.03499
  12928.0   0.03529
  12960.3   0.03550
  12992.8   0.03564
  13025.5   0.03574
  13058.3   0.03587
  13091.3   0.03591
  13124.4   0.03585
  13157.7   0.03575
  13191.2   0.03563
  13224.8   0.03552
  13258.7   0.03541
  13292.7   0.03533
  13326.8   0.03528
  13361.2   0.03519
  13395.7   0.03522
  13430.4   0.03534
  13465.3   0.03545
  13500.4   0.03549
  13535.6   0.03545
  13571.0   0.03538
  13606.7   0.03526
  13642.5   0.03507
  13678.5   0.03490
  13714.6   0.03470
  13751.0   0.03445
  13787.6   0.03404
  13824.4   0.03357
  13861.3   0.03302
  13898.5   0.03233
  13935.8   0.03156
  13973.4   0.03087
  14011.2   0.03018
  14049.1   0.02942
  14087.3   0.02858
  14125.7   0.02773
  14164.3   0.02690
  14203.1   0.02614
  14242.1   0.02547
  14281.4   0.02489
  14320.8   0.02431
  14360.5   0.02365
  14400.4   0.02296
  14440.5   0.02238
  14480.8   0.02192
  14521.4   0.02154
  14562.2   0.02130
  14603.2   0.02117
  14644.4   0.02107
  14685.9   0.02097
  14727.7   0.02100
  14769.6   0.02116
  14811.8   0.02130
  14854.3   0.02144
  14896.9   0.02158
  14939.9   0.02168
  14983.0   0.02180
  15026.5   0.02182
  15070.2   0.02178
  15114.1   0.02176
  15158.3   0.02169
  15202.7   0.02165
  15247.5   0.02158
  15292.4   0.02147
  15337.7   0.02138
  15383.2   0.02122
  15429.0   0.02103
  15475.0   0.02085
  15521.4   0.02063
  15568.0   0.02039
  15614.9   0.02014
  15662.0   0.01990
  15709.5   0.01974
  15757.2   0.01953
  15805.3   0.01929
  15853.6   0.01910
  15902.3   0.01888
  15951.2   0.01864
  16000.4   0.01845
  16050.0   0.01837
  16099.8   0.01838
  16150.0   0.01841
  16200.4   0.01841
  16251.2   0.01845
  16302.3   0.01862
  16353.7   0.01889
  16405.5   0.01908
  16457.6   0.01928
  16510.0   0.01955
  16562.7   0.01986
  16615.8   0.02010
  16669.2   0.02030
  16723.0   0.02040
  16777.1   0.02045
  16831.6   0.02059
  16886.4   0.02096
  16941.6   0.02132
  16997.2   0.02164
  17053.1   0.02196
  17109.4   0.02242
  17166.0   0.02316
  17223.0   0.02421
  17280.4   0.02532
  17338.2   0.02633
  17396.4   0.02716
  17455.0   0.02799
  17514.0   0.02881
  17573.3   0.02965
  17633.1   0.03054
  17693.3   0.03132
  17753.9   0.03201
  17814.9   0.03261
  17876.3   0.03326
  17938.2   0.03400
  18000.5   0.03479
  18063.2   0.03547
  18126.3   0.03596
  18189.9   0.03632
  18254.0   0.03659
  18318.5   0.03681
  18383.5   0.03711
  18448.9   0.03750
  18514.8   0.03778
  18581.1   0.03774
  18648.0   0.03763
  18715.3   0.03792
  18783.1   0.03793
  18851.4   0.03794
  18920.2   0.03757
  18989.5   0.03732
  19059.3   0.03691
  19129.6   0.03655
  19200.5   0.03630
  19271.9   0.03609
  19343.8   0.03599
  19416.2   0.03597
  19489.2   0.03589
  19562.8   0.03574
  19636.9   0.03567
  19711.5   0.03534
  19786.8   0.03540
  19862.6   0.03564
  19939.0   0.03548
  20016.0   0.03498
  20093.5   0.03458
  20171.7   0.03427
  20250.5   0.03410
  20329.9   0.03396
  20410.0   0.03365
  20490.7   0.03332
  20572.0   0.03322
  20653.9   0.03319
  20736.5   0.03314
  20819.8   0.03324
  20903.8   0.03341
  20988.4   0.03362
  21073.7   0.03398
  21159.7   0.03422
  21246.5   0.03423
  21333.9   0.03422
  21422.0   0.03431
  21510.9   0.03443
  21600.6   0.03453
  21690.9   0.03472
  21782.1   0.03498
  21874.0   0.03517
  21966.7   0.03531
  22060.1   0.03555
  22154.4   0.03574
  22249.5   0.03594
  22345.4   0.03635
  22442.1   0.03663
  22539.7   0.03670
  22638.1   0.03688
  22737.4   0.03678
  22837.6   0.03675
  22938.7   0.03674
  23040.6   0.03656
  23143.5   0.03610
  23247.2   0.03541
  23352.0   0.03508
  23457.6   0.03426
  23564.3   0.03394
  23671.8   0.03399
  23780.4   0.03477
  23890.0   0.03457
  24000.6   0.03499
  24112.3   0.03527
  24224.9   0.03561
  24338.7   0.03579
  24453.5   0.03579
  24569.4   0.03505
  24686.4   0.03605
  24804.5   0.03311
  24923.7   0.03406
  25044.1   0.04219
  25165.7   0.04790
  25288.5   0.04546
  25412.4   0.04023
  25537.6   0.03684
  25664.0   0.03407
  25791.7   0.03215
  25920.7   0.03297



 S502F544    .ASC                        

 JB-JLB-544                                                              
 scaled to RELAB at 1350 nm                                              
 altered nontronite from Cheney                                          
 from Monika Cogoini #CH-NT-1                                            
 smoothed 5, 0.5                                                         

 Source Ang: 30.00   Detect Ang: 30.00  Volt: 1.222
 Date: 10-MAY-02   Time: 20:31:33
