  2955
    300.0   0.03314
    305.0   0.03232
    310.0   0.03152
    315.0   0.03225
    320.0   0.03270
    325.0   0.03434
    330.0   0.03692
    335.0   0.04052
    340.0   0.04518
    345.0   0.05059
    350.0   0.05581
    355.0   0.06195
    360.0   0.06715
    365.0   0.07221
    370.0   0.07784
    375.0   0.08221
    380.0   0.09144
    385.0   0.10279
    390.0   0.11795
    395.0   0.13331
    400.0   0.14744
    405.0   0.16290
    410.0   0.17770
    415.0   0.18866
    420.0   0.19714
    425.0   0.20218
    430.0   0.20670
    435.0   0.20954
    440.0   0.21229
    445.0   0.21202
    450.0   0.22289
    455.0   0.24982
    460.0   0.27634
    465.0   0.29262
    470.0   0.30323
    475.0   0.31050
    480.0   0.32060
    485.0   0.33150
    490.0   0.34110
    495.0   0.35206
    500.0   0.36394
    505.0   0.37681
    510.0   0.39062
    515.0   0.40534
    520.0   0.42167
    525.0   0.43739
    530.0   0.45331
    535.0   0.46919
    540.0   0.48564
    545.0   0.50103
    550.0   0.51543
    555.0   0.53006
    560.0   0.54200
    565.0   0.55238
    570.0   0.56109
    575.0   0.56695
    580.0   0.57306
    585.0   0.57751
    590.0   0.58105
    595.0   0.58384
    600.0   0.58610
    605.0   0.58770
    610.0   0.58952
    615.0   0.59117
    620.0   0.59267
    625.0   0.59461
    630.0   0.59663
    635.0   0.59876
    640.0   0.60105
    645.0   0.60356
    650.0   0.60631
    655.0   0.60925
    660.0   0.61249
    665.0   0.61600
    670.0   0.61973
    675.0   0.62368
    680.0   0.62774
    685.0   0.63202
    690.0   0.63649
    695.0   0.64104
    700.0   0.64575
    705.0   0.65039
    710.0   0.65517
    715.0   0.65981
    720.0   0.66431
    725.0   0.66872
    730.0   0.67292
    735.0   0.67671
    740.0   0.68037
    745.0   0.68348
    750.0   0.68626
    755.0   0.68849
    760.0   0.69032
    765.0   0.69159
    770.0   0.69254
    775.0   0.69301
    780.0   0.69312
    785.0   0.69271
    790.0   0.69197
    795.0   0.69097
    800.0   0.68954
    805.0   0.68796
    810.0   0.68621
    815.0   0.68418
    820.0   0.68200
    825.0   0.67981
    830.0   0.67750
    835.0   0.67511
    840.0   0.67276
    845.0   0.67053
    850.0   0.66820
    855.0   0.66600
    860.0   0.66381
    865.0   0.66187
    870.0   0.65999
    875.0   0.65834
    880.0   0.65695
    885.0   0.65552
    890.0   0.65423
    895.0   0.65307
    900.0   0.65196
    905.0   0.65108
    910.0   0.65032
    915.0   0.64968
    920.0   0.64918
    925.0   0.64879
    930.0   0.64863
    935.0   0.64854
    940.0   0.64864
    945.0   0.64903
    950.0   0.64971
    955.0   0.65048
    960.0   0.65149
    965.0   0.65276
    970.0   0.65425
    975.0   0.65580
    980.0   0.65765
    985.0   0.65972
    990.0   0.66193
    995.0   0.66422
   1000.0   0.66658
   1005.0   0.66893
   1010.0   0.67135
   1015.0   0.67387
   1020.0   0.67657
   1025.0   0.67935
   1030.0   0.68234
   1035.0   0.68532
   1040.0   0.68835
   1045.0   0.69142
   1050.0   0.69470
   1055.0   0.69793
   1060.0   0.70116
   1065.0   0.70442
   1070.0   0.70765
   1075.0   0.71082
   1080.0   0.71405
   1085.0   0.71735
   1090.0   0.72074
   1095.0   0.72404
   1100.0   0.72726
   1105.0   0.73046
   1110.0   0.73358
   1115.0   0.73662
   1120.0   0.73947
   1125.0   0.74226
   1130.0   0.74473
   1135.0   0.74700
   1140.0   0.74904
   1145.0   0.75113
   1150.0   0.75307
   1155.0   0.75502
   1160.0   0.75695
   1165.0   0.75891
   1170.0   0.76071
   1175.0   0.76259
   1180.0   0.76431
   1185.0   0.76610
   1190.0   0.76748
   1195.0   0.76900
   1200.0   0.77042
   1205.0   0.77184
   1210.0   0.77306
   1215.0   0.77430
   1220.0   0.77551
   1225.0   0.77680
   1230.0   0.77786
   1235.0   0.77902
   1240.0   0.77994
   1245.0   0.78070
   1250.0   0.78126
   1255.0   0.78185
   1260.0   0.78234
   1265.0   0.78278
   1270.0   0.78314
   1275.0   0.78364
   1280.0   0.78404
   1285.0   0.78440
   1290.0   0.78469
   1295.0   0.78496
   1300.0   0.78521
   1301.2   0.78544
   1301.9   0.78555
   1302.5   0.78561
   1303.2   0.78549
   1303.9   0.78543
   1304.5   0.78533
   1305.2   0.78517
   1305.8   0.78499
   1306.5   0.78486
   1307.1   0.78474
   1307.8   0.78460
   1308.5   0.78449
   1309.1   0.78438
   1309.8   0.78421
   1310.4   0.78409
   1311.1   0.78414
   1311.8   0.78417
   1312.4   0.78406
   1313.1   0.78396
   1313.8   0.78386
   1314.4   0.78369
   1315.1   0.78353
   1315.8   0.78343
   1316.4   0.78332
   1317.1   0.78317
   1317.8   0.78302
   1318.4   0.78285
   1319.1   0.78260
   1319.8   0.78231
   1320.5   0.78215
   1321.1   0.78207
   1321.8   0.78197
   1322.5   0.78182
   1323.2   0.78170
   1323.8   0.78164
   1324.5   0.78165
   1325.2   0.78162
   1325.9   0.78158
   1326.5   0.78151
   1327.2   0.78146
   1327.9   0.78143
   1328.6   0.78144
   1329.3   0.78137
   1329.9   0.78123
   1330.6   0.78110
   1331.3   0.78108
   1332.0   0.78109
   1332.7   0.78102
   1333.4   0.78090
   1334.1   0.78074
   1334.7   0.78059
   1335.4   0.78050
   1336.1   0.78050
   1336.8   0.78039
   1337.5   0.78017
   1338.2   0.77997
   1338.9   0.77984
   1339.6   0.77973
   1340.3   0.77960
   1341.0   0.77943
   1341.6   0.77923
   1342.3   0.77891
   1343.0   0.77873
   1343.7   0.77866
   1344.4   0.77860
   1345.1   0.77853
   1345.8   0.77843
   1346.5   0.77839
   1347.2   0.77832
   1347.9   0.77818
   1348.6   0.77811
   1349.3   0.77807
   1350.0   0.77797
   1350.7   0.77781
   1351.4   0.77762
   1352.1   0.77747
   1352.9   0.77729
   1353.6   0.77710
   1354.3   0.77698
   1355.0   0.77683
   1355.7   0.77659
   1356.4   0.77639
   1357.1   0.77622
   1357.8   0.77600
   1358.5   0.77570
   1359.2   0.77541
   1360.0   0.77511
   1360.7   0.77480
   1361.4   0.77453
   1362.1   0.77419
   1362.8   0.77377
   1363.5   0.77328
   1364.2   0.77282
   1365.0   0.77243
   1365.7   0.77200
   1366.4   0.77158
   1367.1   0.77111
   1367.8   0.77058
   1368.6   0.77008
   1369.3   0.76953
   1370.0   0.76892
   1370.7   0.76827
   1371.5   0.76755
   1372.2   0.76684
   1372.9   0.76612
   1373.6   0.76530
   1374.4   0.76438
   1375.1   0.76335
   1375.8   0.76224
   1376.6   0.76104
   1377.3   0.75976
   1378.0   0.75845
   1378.8   0.75710
   1379.5   0.75568
   1380.2   0.75426
   1381.0   0.75282
   1381.7   0.75135
   1382.4   0.74983
   1383.2   0.74834
   1383.9   0.74686
   1384.7   0.74528
   1385.4   0.74360
   1386.1   0.74186
   1386.9   0.74012
   1387.6   0.73838
   1388.4   0.73665
   1389.1   0.73501
   1389.8   0.73334
   1390.6   0.73163
   1391.3   0.72994
   1392.1   0.72822
   1392.8   0.72647
   1393.6   0.72472
   1394.3   0.72290
   1395.1   0.72099
   1395.8   0.71902
   1396.6   0.71704
   1397.3   0.71507
   1398.1   0.71308
   1398.8   0.71116
   1399.6   0.70930
   1400.4   0.70733
   1401.1   0.70535
   1401.9   0.70339
   1402.6   0.70147
   1403.4   0.69961
   1404.2   0.69773
   1404.9   0.69583
   1405.7   0.69391
   1406.4   0.69192
   1407.2   0.68999
   1408.0   0.68814
   1408.7   0.68630
   1409.5   0.68445
   1410.3   0.68265
   1411.0   0.68090
   1411.8   0.67931
   1412.6   0.67797
   1413.3   0.67709
   1414.1   0.67675
   1414.9   0.67588
   1415.7   0.67663
   1416.4   0.67780
   1417.2   0.67960
   1418.0   0.68107
   1418.8   0.68268
   1419.5   0.68432
   1420.3   0.68575
   1421.1   0.68689
   1421.9   0.68779
   1422.6   0.68853
   1423.4   0.68914
   1424.2   0.68957
   1425.0   0.68989
   1425.8   0.69011
   1426.6   0.69016
   1427.3   0.69019
   1428.1   0.69019
   1428.9   0.69012
   1429.7   0.69004
   1430.5   0.69000
   1431.3   0.68998
   1432.1   0.68997
   1432.9   0.69020
   1433.7   0.69078
   1434.5   0.69157
   1435.3   0.69259
   1436.0   0.69396
   1436.8   0.69572
   1437.6   0.69786
   1438.4   0.70044
   1439.2   0.70342
   1440.0   0.70660
   1440.8   0.70996
   1441.6   0.71347
   1442.4   0.71709
   1443.2   0.72066
   1444.0   0.72416
   1444.9   0.72754
   1445.7   0.73068
   1446.5   0.73360
   1447.3   0.73629
   1448.1   0.73873
   1448.9   0.74097
   1449.7   0.74298
   1450.5   0.74474
   1451.3   0.74617
   1452.1   0.74735
   1453.0   0.74840
   1453.8   0.74935
   1454.6   0.75016
   1455.4   0.75082
   1456.2   0.75126
   1457.0   0.75155
   1457.9   0.75183
   1458.7   0.75211
   1459.5   0.75239
   1460.3   0.75265
   1461.1   0.75280
   1462.0   0.75288
   1462.8   0.75300
   1463.6   0.75317
   1464.4   0.75344
   1465.3   0.75371
   1466.1   0.75396
   1466.9   0.75428
   1467.8   0.75457
   1468.6   0.75493
   1469.4   0.75541
   1470.3   0.75588
   1471.1   0.75638
   1471.9   0.75695
   1472.8   0.75758
   1473.6   0.75830
   1474.4   0.75898
   1475.3   0.75967
   1476.1   0.76029
   1477.0   0.76082
   1477.8   0.76143
   1478.6   0.76211
   1479.5   0.76270
   1480.3   0.76316
   1481.2   0.76354
   1482.0   0.76395
   1482.9   0.76443
   1483.7   0.76495
   1484.6   0.76546
   1485.4   0.76591
   1486.3   0.76634
   1487.1   0.76676
   1488.0   0.76726
   1488.8   0.76778
   1489.7   0.76825
   1490.6   0.76860
   1491.4   0.76891
   1492.3   0.76923
   1493.1   0.76953
   1494.0   0.76982
   1494.8   0.77011
   1495.7   0.77033
   1496.6   0.77052
   1497.4   0.77070
   1498.3   0.77096
   1499.2   0.77131
   1500.0   0.77167
   1500.9   0.77203
   1501.8   0.77233
   1502.6   0.77256
   1503.5   0.77285
   1504.4   0.77316
   1505.3   0.77340
   1506.1   0.77358
   1507.0   0.77369
   1507.9   0.77380
   1508.8   0.77385
   1509.6   0.77387
   1510.5   0.77395
   1511.4   0.77401
   1512.3   0.77407
   1513.2   0.77419
   1514.1   0.77433
   1514.9   0.77449
   1515.8   0.77461
   1516.7   0.77476
   1517.6   0.77493
   1518.5   0.77507
   1519.4   0.77526
   1520.3   0.77548
   1521.2   0.77561
   1522.1   0.77568
   1523.0   0.77574
   1523.8   0.77578
   1524.7   0.77586
   1525.6   0.77602
   1526.5   0.77618
   1527.4   0.77629
   1528.3   0.77631
   1529.2   0.77642
   1530.1   0.77662
   1531.0   0.77678
   1532.0   0.77699
   1532.9   0.77716
   1533.8   0.77725
   1534.7   0.77733
   1535.6   0.77737
   1536.5   0.77745
   1537.4   0.77751
   1538.3   0.77751
   1539.2   0.77756
   1540.1   0.77764
   1541.1   0.77770
   1542.0   0.77780
   1542.9   0.77789
   1543.8   0.77799
   1544.7   0.77809
   1545.7   0.77813
   1546.6   0.77818
   1547.5   0.77822
   1548.4   0.77824
   1549.4   0.77825
   1550.3   0.77820
   1551.2   0.77818
   1552.1   0.77822
   1553.1   0.77825
   1554.0   0.77831
   1554.9   0.77837
   1555.9   0.77840
   1556.8   0.77841
   1557.7   0.77844
   1558.7   0.77860
   1559.6   0.77879
   1560.5   0.77890
   1561.5   0.77899
   1562.4   0.77906
   1563.4   0.77914
   1564.3   0.77922
   1565.3   0.77935
   1566.2   0.77944
   1567.2   0.77942
   1568.1   0.77935
   1569.0   0.77931
   1570.0   0.77928
   1570.9   0.77931
   1571.9   0.77934
   1572.9   0.77939
   1573.8   0.77940
   1574.8   0.77942
   1575.7   0.77950
   1576.7   0.77959
   1577.6   0.77963
   1578.6   0.77971
   1579.6   0.77976
   1580.5   0.77978
   1581.5   0.77981
   1582.5   0.77983
   1583.4   0.77984
   1584.4   0.77981
   1585.4   0.77980
   1586.3   0.77983
   1587.3   0.77986
   1588.3   0.77984
   1589.3   0.77983
   1590.2   0.77983
   1591.2   0.77985
   1592.2   0.77989
   1593.2   0.77993
   1594.1   0.77999
   1595.1   0.78007
   1596.1   0.78009
   1597.1   0.78010
   1598.1   0.78014
   1599.1   0.78016
   1600.0   0.78014
   1601.0   0.78017
   1602.0   0.78022
   1603.0   0.78022
   1604.0   0.78021
   1605.0   0.78020
   1606.0   0.78017
   1607.0   0.78013
   1608.0   0.78011
   1609.0   0.78014
   1610.0   0.78012
   1611.0   0.78006
   1612.0   0.78006
   1613.0   0.78011
   1614.0   0.78020
   1615.0   0.78032
   1616.0   0.78042
   1617.0   0.78048
   1618.0   0.78051
   1619.0   0.78056
   1620.0   0.78065
   1621.1   0.78067
   1622.1   0.78064
   1623.1   0.78061
   1624.1   0.78060
   1625.1   0.78064
   1626.1   0.78068
   1627.2   0.78069
   1628.2   0.78068
   1629.2   0.78065
   1630.2   0.78065
   1631.3   0.78062
   1632.3   0.78059
   1633.3   0.78055
   1634.3   0.78054
   1635.4   0.78055
   1636.4   0.78062
   1637.4   0.78069
   1638.5   0.78072
   1639.5   0.78073
   1640.5   0.78076
   1641.6   0.78084
   1642.6   0.78086
   1643.7   0.78078
   1644.7   0.78078
   1645.8   0.78083
   1646.8   0.78088
   1647.8   0.78094
   1648.9   0.78101
   1649.9   0.78104
   1651.0   0.78104
   1652.1   0.78113
   1653.1   0.78130
   1654.2   0.78137
   1655.2   0.78139
   1656.3   0.78139
   1657.3   0.78137
   1658.4   0.78134
   1659.5   0.78137
   1660.5   0.78141
   1661.6   0.78141
   1662.6   0.78146
   1663.7   0.78153
   1664.8   0.78162
   1665.9   0.78174
   1666.9   0.78186
   1668.0   0.78196
   1669.1   0.78203
   1670.1   0.78213
   1671.2   0.78225
   1672.3   0.78226
   1673.4   0.78222
   1674.5   0.78213
   1675.5   0.78207
   1676.6   0.78206
   1677.7   0.78208
   1678.8   0.78212
   1679.9   0.78217
   1681.0   0.78219
   1682.1   0.78224
   1683.2   0.78235
   1684.3   0.78250
   1685.3   0.78265
   1686.4   0.78277
   1687.5   0.78288
   1688.6   0.78294
   1689.7   0.78294
   1690.8   0.78297
   1692.0   0.78303
   1693.1   0.78308
   1694.2   0.78308
   1695.3   0.78305
   1696.4   0.78306
   1697.5   0.78312
   1698.6   0.78322
   1699.7   0.78332
   1700.8   0.78334
   1701.9   0.78331
   1703.1   0.78327
   1704.2   0.78326
   1705.3   0.78329
   1706.4   0.78328
   1707.6   0.78315
   1708.7   0.78300
   1709.8   0.78289
   1710.9   0.78281
   1712.1   0.78273
   1713.2   0.78264
   1714.3   0.78249
   1715.5   0.78234
   1716.6   0.78225
   1717.7   0.78222
   1718.9   0.78216
   1720.0   0.78206
   1721.2   0.78197
   1722.3   0.78188
   1723.4   0.78182
   1724.6   0.78176
   1725.7   0.78167
   1726.9   0.78155
   1728.0   0.78142
   1729.2   0.78130
   1730.4   0.78119
   1731.5   0.78112
   1732.7   0.78108
   1733.8   0.78107
   1735.0   0.78106
   1736.1   0.78103
   1737.3   0.78097
   1738.5   0.78095
   1739.6   0.78095
   1740.8   0.78100
   1742.0   0.78102
   1743.2   0.78102
   1744.3   0.78096
   1745.5   0.78086
   1746.7   0.78079
   1747.9   0.78070
   1749.0   0.78060
   1750.2   0.78050
   1751.4   0.78036
   1752.6   0.78019
   1753.8   0.78002
   1755.0   0.77984
   1756.1   0.77969
   1757.3   0.77954
   1758.5   0.77944
   1759.7   0.77930
   1760.9   0.77912
   1762.1   0.77894
   1763.3   0.77879
   1764.5   0.77866
   1765.7   0.77861
   1766.9   0.77856
   1768.1   0.77840
   1769.3   0.77822
   1770.5   0.77806
   1771.7   0.77792
   1773.0   0.77780
   1774.2   0.77763
   1775.4   0.77742
   1776.6   0.77716
   1777.8   0.77686
   1779.0   0.77665
   1780.3   0.77648
   1781.5   0.77633
   1782.7   0.77616
   1783.9   0.77597
   1785.2   0.77579
   1786.4   0.77564
   1787.6   0.77548
   1788.9   0.77539
   1790.1   0.77528
   1791.3   0.77513
   1792.6   0.77492
   1793.8   0.77468
   1795.1   0.77447
   1796.3   0.77430
   1797.6   0.77417
   1798.8   0.77402
   1800.0   0.77384
   1801.3   0.77371
   1802.6   0.77363
   1803.8   0.77355
   1805.1   0.77349
   1806.3   0.77339
   1807.6   0.77326
   1808.8   0.77310
   1810.1   0.77295
   1811.4   0.77285
   1812.6   0.77277
   1813.9   0.77265
   1815.2   0.77251
   1816.4   0.77239
   1817.7   0.77230
   1819.0   0.77220
   1820.3   0.77213
   1821.6   0.77209
   1822.8   0.77202
   1824.1   0.77191
   1825.4   0.77177
   1826.7   0.77160
   1828.0   0.77144
   1829.3   0.77128
   1830.6   0.77112
   1831.8   0.77093
   1833.1   0.77069
   1834.4   0.77044
   1835.7   0.77015
   1837.0   0.76985
   1838.3   0.76959
   1839.7   0.76936
   1841.0   0.76908
   1842.3   0.76875
   1843.6   0.76841
   1844.9   0.76802
   1846.2   0.76763
   1847.5   0.76727
   1848.8   0.76692
   1850.2   0.76654
   1851.5   0.76606
   1852.8   0.76556
   1854.1   0.76502
   1855.5   0.76439
   1856.8   0.76375
   1858.1   0.76300
   1859.4   0.76211
   1860.8   0.76105
   1862.1   0.75987
   1863.5   0.75857
   1864.8   0.75714
   1866.1   0.75550
   1867.5   0.75363
   1868.8   0.75150
   1870.2   0.74911
   1871.5   0.74650
   1872.9   0.74362
   1874.2   0.74041
   1875.6   0.73686
   1876.9   0.73290
   1878.3   0.72858
   1879.7   0.72382
   1881.0   0.71859
   1882.4   0.71289
   1883.8   0.70666
   1885.1   0.69990
   1886.5   0.69256
   1887.9   0.68452
   1889.3   0.67673
   1890.6   0.66731
   1892.0   0.65713
   1893.4   0.64624
   1894.8   0.63415
   1896.2   0.62279
   1897.6   0.61157
   1899.0   0.59955
   1900.3   0.58763
   1901.7   0.57807
   1903.1   0.57032
   1904.5   0.56456
   1905.9   0.56074
   1907.3   0.55876
   1908.7   0.55852
   1910.1   0.56105
   1911.6   0.56318
   1913.0   0.56730
   1914.4   0.57086
   1915.8   0.57505
   1917.2   0.57971
   1918.6   0.58457
   1920.0   0.58947
   1921.5   0.59449
   1922.9   0.59948
   1924.3   0.60431
   1925.8   0.60904
   1927.2   0.61366
   1928.6   0.61807
   1930.1   0.62220
   1931.5   0.62616
   1932.9   0.62995
   1934.4   0.63349
   1935.8   0.63685
   1937.3   0.64008
   1938.7   0.64315
   1940.2   0.64601
   1941.6   0.64873
   1943.1   0.65132
   1944.5   0.65378
   1946.0   0.65617
   1947.5   0.65849
   1948.9   0.66067
   1950.4   0.66275
   1951.9   0.66472
   1953.3   0.66666
   1954.8   0.66852
   1956.3   0.67027
   1957.8   0.67193
   1959.2   0.67345
   1960.7   0.67491
   1962.2   0.67639
   1963.7   0.67784
   1965.2   0.67919
   1966.7   0.68043
   1968.2   0.68163
   1969.7   0.68289
   1971.2   0.68414
   1972.7   0.68539
   1974.2   0.68661
   1975.7   0.68773
   1977.2   0.68877
   1978.7   0.68985
   1980.2   0.69101
   1981.7   0.69215
   1983.2   0.69326
   1984.7   0.69434
   1986.3   0.69541
   1987.8   0.69652
   1989.3   0.69766
   1990.8   0.69888
   1992.4   0.70006
   1993.9   0.70118
   1995.4   0.70234
   1997.0   0.70351
   1998.5   0.70466
   2000.1   0.70584
   2001.6   0.70703
   2003.1   0.70822
   2004.7   0.70936
   2006.2   0.71055
   2007.8   0.71180
   2009.4   0.71302
   2010.9   0.71424
   2012.5   0.71545
   2014.0   0.71664
   2015.6   0.71779
   2017.2   0.71893
   2018.7   0.72012
   2020.3   0.72126
   2021.9   0.72234
   2023.5   0.72341
   2025.1   0.72446
   2026.6   0.72553
   2028.2   0.72658
   2029.8   0.72757
   2031.4   0.72853
   2033.0   0.72942
   2034.6   0.73032
   2036.2   0.73120
   2037.8   0.73201
   2039.4   0.73276
   2041.0   0.73345
   2042.6   0.73413
   2044.2   0.73479
   2045.8   0.73542
   2047.4   0.73604
   2049.1   0.73659
   2050.7   0.73708
   2052.3   0.73759
   2053.9   0.73810
   2055.6   0.73852
   2057.2   0.73887
   2058.8   0.73922
   2060.5   0.73953
   2062.1   0.73978
   2063.7   0.74002
   2065.4   0.74026
   2067.0   0.74042
   2068.7   0.74051
   2070.3   0.74063
   2072.0   0.74075
   2073.7   0.74083
   2075.3   0.74086
   2077.0   0.74087
   2078.6   0.74085
   2080.3   0.74076
   2082.0   0.74072
   2083.7   0.74072
   2085.3   0.74067
   2087.0   0.74058
   2088.7   0.74048
   2090.4   0.74037
   2092.1   0.74025
   2093.8   0.74014
   2095.4   0.74010
   2097.1   0.74002
   2098.8   0.73989
   2100.5   0.73975
   2102.2   0.73957
   2104.0   0.73938
   2105.7   0.73923
   2107.4   0.73916
   2109.1   0.73908
   2110.8   0.73889
   2112.5   0.73868
   2114.2   0.73851
   2116.0   0.73837
   2117.7   0.73829
   2119.4   0.73825
   2121.2   0.73814
   2122.9   0.73792
   2124.6   0.73770
   2126.4   0.73751
   2128.1   0.73730
   2129.9   0.73703
   2131.6   0.73676
   2133.4   0.73643
   2135.1   0.73597
   2136.9   0.73543
   2138.7   0.73480
   2140.4   0.73403
   2142.2   0.73314
   2144.0   0.73207
   2145.8   0.73079
   2147.5   0.72929
   2149.3   0.72759
   2151.1   0.72570
   2152.9   0.72365
   2154.7   0.72152
   2156.5   0.71935
   2158.3   0.71713
   2160.1   0.71490
   2161.9   0.71272
   2163.7   0.71064
   2165.5   0.70858
   2167.3   0.70660
   2169.1   0.70468
   2170.9   0.70274
   2172.7   0.70077
   2174.6   0.69875
   2176.4   0.69672
   2178.2   0.69463
   2180.0   0.69242
   2181.9   0.69032
   2183.7   0.68830
   2185.6   0.68633
   2187.4   0.68438
   2189.2   0.68249
   2191.1   0.68068
   2193.0   0.67884
   2194.8   0.67699
   2196.7   0.67507
   2198.5   0.67281
   2200.4   0.67026
   2202.3   0.66769
   2204.1   0.66549
   2206.0   0.66284
   2207.9   0.65982
   2209.8   0.65871
   2211.7   0.66036
   2213.6   0.66100
   2215.4   0.66214
   2217.3   0.66333
   2219.2   0.66398
   2221.1   0.66388
   2223.0   0.66229
   2225.0   0.66120
   2226.9   0.65979
   2228.8   0.65829
   2230.7   0.65693
   2232.6   0.65591
   2234.5   0.65450
   2236.5   0.65448
   2238.4   0.65522
   2240.3   0.65674
   2242.3   0.65960
   2244.2   0.66194
   2246.2   0.66443
   2248.1   0.66685
   2250.1   0.66906
   2252.0   0.67186
   2254.0   0.67313
   2255.9   0.67335
   2257.9   0.67241
   2259.9   0.67160
   2261.8   0.66691
   2263.8   0.66235
   2265.8   0.65662
   2267.8   0.64997
   2269.8   0.64195
   2271.8   0.63446
   2273.7   0.62685
   2275.7   0.61939
   2277.7   0.61137
   2279.7   0.60483
   2281.7   0.59781
   2283.8   0.59366
   2285.8   0.59131
   2287.8   0.59095
   2289.8   0.59269
   2291.8   0.59647
   2293.9   0.60205
   2295.9   0.60977
   2297.9   0.61721
   2300.0   0.62400
   2302.0   0.63080
   2304.1   0.63836
   2306.1   0.64424
   2308.2   0.64922
   2310.2   0.65326
   2312.3   0.65631
   2314.3   0.65845
   2316.4   0.65896
   2318.5   0.65985
   2320.6   0.66017
   2322.6   0.66008
   2324.7   0.65963
   2326.8   0.65891
   2328.9   0.65799
   2331.0   0.65685
   2333.1   0.65553
   2335.2   0.65399
   2337.3   0.65226
   2339.4   0.65039
   2341.5   0.64840
   2343.6   0.64621
   2345.8   0.64379
   2347.9   0.64127
   2350.0   0.63864
   2352.1   0.63594
   2354.3   0.63325
   2356.4   0.63059
   2358.6   0.62791
   2360.7   0.62519
   2362.9   0.62246
   2365.0   0.61976
   2367.2   0.61700
   2369.3   0.61422
   2371.5   0.61138
   2373.7   0.60844
   2375.9   0.60542
   2378.0   0.60233
   2380.2   0.59921
   2382.4   0.59608
   2384.6   0.59295
   2386.8   0.58984
   2389.0   0.58674
   2391.2   0.58369
   2393.4   0.58076
   2395.6   0.57806
   2397.8   0.57560
   2400.1   0.57342
   2402.3   0.57161
   2404.5   0.57018
   2406.7   0.56911
   2409.0   0.56833
   2411.2   0.56779
   2413.5   0.56744
   2415.7   0.56718
   2418.0   0.56694
   2420.2   0.56658
   2422.5   0.56609
   2424.8   0.56548
   2427.0   0.56470
   2429.3   0.56382
   2431.6   0.56293
   2433.9   0.56199
   2436.2   0.56101
   2438.4   0.56011
   2440.7   0.55930
   2443.0   0.55847
   2445.3   0.55761
   2447.7   0.55677
   2450.0   0.55590
   2452.3   0.55493
   2454.6   0.55392
   2456.9   0.55280
   2459.3   0.55149
   2461.6   0.55001
   2463.9   0.54845
   2466.3   0.54682
   2468.6   0.54506
   2471.0   0.54312
   2473.3   0.54107
   2475.7   0.53886
   2478.1   0.53653
   2480.4   0.53412
   2482.8   0.53164
   2485.2   0.52912
   2487.6   0.52657
   2490.0   0.52407
   2492.4   0.52176
   2494.8   0.51970
   2497.2   0.51782
   2499.6   0.51618
   2502.0   0.51477
   2504.4   0.51357
   2506.8   0.51252
   2509.3   0.51161
   2511.7   0.51076
   2514.1   0.50990
   2516.6   0.50902
   2519.0   0.50811
   2521.5   0.50713
   2523.9   0.50609
   2526.4   0.50497
   2528.8   0.50378
   2531.3   0.50257
   2533.8   0.50134
   2536.3   0.50004
   2538.8   0.49876
   2541.2   0.49751
   2543.7   0.49628
   2546.2   0.49506
   2548.7   0.49389
   2551.2   0.49275
   2553.8   0.49148
   2556.3   0.49022
   2558.8   0.48900
   2561.3   0.48764
   2563.9   0.48617
   2566.4   0.48465
   2568.9   0.48307
   2571.5   0.48138
   2574.0   0.47962
   2576.6   0.47783
   2579.2   0.47596
   2581.7   0.47402
   2584.3   0.47211
   2586.9   0.47015
   2589.5   0.46815
   2592.1   0.46621
   2594.7   0.46427
   2597.3   0.46228
   2599.9   0.46025
   2602.5   0.45815
   2605.1   0.45597
   2607.7   0.45368
   2610.3   0.45134
   2613.0   0.44884
   2615.6   0.44618
   2618.3   0.44334
   2620.9   0.44032
   2623.6   0.43716
   2626.2   0.43387
   2628.9   0.43047
   2631.5   0.42692
   2634.2   0.42317
   2636.9   0.41915
   2639.6   0.41484
   2642.3   0.41024
   2645.0   0.40531
   2647.7   0.40002
   2650.4   0.39434
   2653.1   0.38817
   2655.8   0.38136
   2658.5   0.37370
   2661.3   0.36655
   2664.0   0.35855
   2666.7   0.34810
   2669.5   0.33500
   2672.2   0.32109
   2675.0   0.30726
   2677.8   0.29353
   2680.5   0.27865
   2683.3   0.26404
   2686.1   0.24390
   2688.9   0.21967
   2691.7   0.19075
   2694.5   0.16106
   2697.3   0.13043
   2700.1   0.10579
   2700.1   0.09793
   2701.5   0.09018
   2702.9   0.08579
   2704.3   0.08077
   2705.7   0.07688
   2707.1   0.07420
   2708.5   0.07273
   2710.0   0.07226
   2711.4   0.07115
   2712.8   0.07022
   2714.2   0.06995
   2715.6   0.06828
   2717.1   0.06697
   2718.5   0.06544
   2719.9   0.06359
   2721.3   0.06160
   2722.8   0.05954
   2724.2   0.05742
   2725.6   0.05531
   2727.1   0.05344
   2728.5   0.05182
   2729.9   0.05028
   2731.4   0.04878
   2732.8   0.04741
   2734.2   0.04620
   2735.7   0.04523
   2737.1   0.04450
   2738.6   0.04397
   2740.0   0.04335
   2741.5   0.04263
   2742.9   0.04188
   2744.4   0.04115
   2745.8   0.04050
   2747.3   0.03984
   2748.7   0.03908
   2750.2   0.03823
   2751.7   0.03738
   2753.1   0.03661
   2754.6   0.03601
   2756.1   0.03566
   2757.5   0.03546
   2759.0   0.03531
   2760.5   0.03531
   2761.9   0.03543
   2763.4   0.03563
   2764.9   0.03592
   2766.3   0.03635
   2767.8   0.03683
   2769.3   0.03715
   2770.8   0.03728
   2772.3   0.03726
   2773.7   0.03712
   2775.2   0.03701
   2776.7   0.03690
   2778.2   0.03662
   2779.7   0.03621
   2781.2   0.03566
   2782.7   0.03511
   2784.2   0.03471
   2785.7   0.03445
   2787.2   0.03422
   2788.7   0.03393
   2790.2   0.03364
   2791.7   0.03334
   2793.2   0.03312
   2794.7   0.03315
   2796.2   0.03332
   2797.7   0.03360
   2799.2   0.03394
   2800.7   0.03434
   2802.2   0.03489
   2803.8   0.03572
   2805.3   0.03679
   2806.8   0.03798
   2808.3   0.03928
   2809.8   0.04075
   2811.4   0.04216
   2812.9   0.04368
   2814.4   0.04554
   2815.9   0.04752
   2817.5   0.04944
   2819.0   0.05144
   2820.5   0.05351
   2822.1   0.05542
   2823.6   0.05719
   2825.1   0.05911
   2826.7   0.06105
   2828.2   0.06262
   2829.8   0.06389
   2831.3   0.06505
   2832.9   0.06612
   2834.4   0.06713
   2836.0   0.06787
   2837.5   0.06862
   2839.1   0.06917
   2840.6   0.06953
   2842.2   0.06993
   2843.7   0.07042
   2845.3   0.07086
   2846.9   0.07121
   2848.4   0.07147
   2850.0   0.07174
   2851.6   0.07201
   2853.1   0.07236
   2854.7   0.07275
   2856.3   0.07315
   2857.8   0.07353
   2859.4   0.07389
   2861.0   0.07419
   2862.6   0.07446
   2864.2   0.07482
   2865.7   0.07529
   2867.3   0.07571
   2868.9   0.07614
   2870.5   0.07658
   2872.1   0.07708
   2873.7   0.07761
   2875.3   0.07817
   2876.9   0.07881
   2878.5   0.07943
   2880.1   0.07995
   2881.7   0.08051
   2883.3   0.08105
   2884.9   0.08152
   2886.5   0.08194
   2888.1   0.08238
   2889.7   0.08281
   2891.3   0.08317
   2892.9   0.08340
   2894.5   0.08357
   2896.2   0.08382
   2897.8   0.08410
   2899.4   0.08437
   2901.0   0.08466
   2902.7   0.08492
   2904.3   0.08516
   2905.9   0.08540
   2907.5   0.08566
   2909.2   0.08590
   2910.8   0.08601
   2912.4   0.08613
   2914.1   0.08634
   2915.7   0.08657
   2917.4   0.08682
   2919.0   0.08701
   2920.6   0.08708
   2922.3   0.08724
   2923.9   0.08754
   2925.6   0.08780
   2927.2   0.08797
   2928.9   0.08811
   2930.5   0.08820
   2932.2   0.08834
   2933.9   0.08858
   2935.5   0.08896
   2937.2   0.08933
   2938.9   0.08962
   2940.5   0.08988
   2942.2   0.09012
   2943.9   0.09032
   2945.5   0.09055
   2947.2   0.09082
   2948.9   0.09114
   2950.6   0.09138
   2952.2   0.09154
   2953.9   0.09175
   2955.6   0.09202
   2957.3   0.09233
   2959.0   0.09266
   2960.7   0.09286
   2962.4   0.09289
   2964.1   0.09289
   2965.8   0.09305
   2967.4   0.09331
   2969.1   0.09348
   2970.9   0.09375
   2972.6   0.09404
   2974.3   0.09427
   2976.0   0.09458
   2977.7   0.09495
   2979.4   0.09530
   2981.1   0.09560
   2982.8   0.09588
   2984.5   0.09624
   2986.3   0.09647
   2988.0   0.09661
   2989.7   0.09689
   2991.4   0.09721
   2993.1   0.09758
   2994.9   0.09786
   2996.6   0.09811
   2998.3   0.09837
   3000.1   0.09862
   3001.8   0.09888
   3003.6   0.09913
   3005.3   0.09933
   3007.0   0.09957
   3008.8   0.09984
   3010.5   0.10017
   3012.3   0.10066
   3014.0   0.10117
   3015.8   0.10162
   3017.5   0.10207
   3019.3   0.10257
   3021.1   0.10311
   3022.8   0.10357
   3024.6   0.10397
   3026.3   0.10442
   3028.1   0.10478
   3029.9   0.10501
   3031.7   0.10529
   3033.4   0.10567
   3035.2   0.10610
   3037.0   0.10640
   3038.8   0.10667
   3040.5   0.10701
   3042.3   0.10733
   3044.1   0.10764
   3045.9   0.10798
   3047.7   0.10835
   3049.5   0.10864
   3051.3   0.10882
   3053.1   0.10907
   3054.9   0.10933
   3056.7   0.10948
   3058.5   0.10962
   3060.3   0.10970
   3062.1   0.10978
   3063.9   0.10984
   3065.7   0.10989
   3067.5   0.11004
   3069.4   0.11021
   3071.2   0.11035
   3073.0   0.11052
   3074.8   0.11066
   3076.6   0.11079
   3078.5   0.11088
   3080.3   0.11093
   3082.1   0.11103
   3084.0   0.11118
   3085.8   0.11129
   3087.6   0.11137
   3089.5   0.11149
   3091.3   0.11166
   3093.2   0.11181
   3095.0   0.11203
   3096.9   0.11231
   3098.7   0.11253
   3100.6   0.11276
   3102.4   0.11304
   3104.3   0.11338
   3106.1   0.11368
   3108.0   0.11394
   3109.9   0.11427
   3111.7   0.11460
   3113.6   0.11496
   3115.5   0.11539
   3117.3   0.11577
   3119.2   0.11604
   3121.1   0.11634
   3123.0   0.11676
   3124.9   0.11720
   3126.7   0.11761
   3128.6   0.11802
   3130.5   0.11845
   3132.4   0.11889
   3134.3   0.11938
   3136.2   0.12002
   3138.1   0.12063
   3140.0   0.12121
   3141.9   0.12181
   3143.8   0.12246
   3145.7   0.12317
   3147.6   0.12383
   3149.5   0.12448
   3151.4   0.12518
   3153.4   0.12584
   3155.3   0.12651
   3157.2   0.12715
   3159.1   0.12779
   3161.1   0.12845
   3163.0   0.12916
   3164.9   0.12993
   3166.9   0.13068
   3168.8   0.13144
   3170.7   0.13219
   3172.7   0.13289
   3174.6   0.13365
   3176.6   0.13448
   3178.5   0.13522
   3180.5   0.13594
   3182.4   0.13668
   3184.4   0.13746
   3186.3   0.13822
   3188.3   0.13902
   3190.2   0.13993
   3192.2   0.14081
   3194.2   0.14160
   3196.1   0.14250
   3198.1   0.14343
   3200.1   0.14435
   3202.1   0.14525
   3204.0   0.14610
   3206.0   0.14694
   3208.0   0.14783
   3210.0   0.14876
   3212.0   0.14977
   3214.0   0.15073
   3216.0   0.15157
   3218.0   0.15238
   3220.0   0.15319
   3222.0   0.15403
   3224.0   0.15490
   3226.0   0.15580
   3228.0   0.15676
   3230.0   0.15763
   3232.0   0.15842
   3234.0   0.15930
   3236.0   0.16025
   3238.1   0.16124
   3240.1   0.16228
   3242.1   0.16334
   3244.1   0.16430
   3246.2   0.16518
   3248.2   0.16611
   3250.2   0.16707
   3252.3   0.16803
   3254.3   0.16897
   3256.4   0.16990
   3258.4   0.17085
   3260.5   0.17183
   3262.5   0.17288
   3264.6   0.17392
   3266.6   0.17486
   3268.7   0.17579
   3270.7   0.17673
   3272.8   0.17772
   3274.9   0.17870
   3276.9   0.17960
   3279.0   0.18043
   3281.1   0.18120
   3283.2   0.18204
   3285.3   0.18307
   3287.3   0.18417
   3289.4   0.18518
   3291.5   0.18610
   3293.6   0.18706
   3295.7   0.18804
   3297.8   0.18902
   3299.9   0.19005
   3302.0   0.19103
   3304.1   0.19190
   3306.2   0.19274
   3308.3   0.19364
   3310.4   0.19462
   3312.5   0.19557
   3314.7   0.19648
   3316.8   0.19735
   3318.9   0.19823
   3321.0   0.19919
   3323.2   0.20019
   3325.3   0.20124
   3327.4   0.20230
   3329.6   0.20329
   3331.7   0.20423
   3333.8   0.20517
   3336.0   0.20616
   3338.1   0.20712
   3340.3   0.20795
   3342.4   0.20875
   3344.6   0.20954
   3346.8   0.21030
   3348.9   0.21103
   3351.1   0.21176
   3353.3   0.21252
   3355.4   0.21330
   3357.6   0.21409
   3359.8   0.21487
   3362.0   0.21561
   3364.1   0.21636
   3366.3   0.21714
   3368.5   0.21791
   3370.7   0.21864
   3372.9   0.21934
   3375.1   0.22005
   3377.3   0.22081
   3379.5   0.22163
   3381.7   0.22246
   3383.9   0.22328
   3386.1   0.22407
   3388.3   0.22490
   3390.5   0.22577
   3392.8   0.22662
   3395.0   0.22744
   3397.2   0.22821
   3399.4   0.22886
   3401.7   0.22945
   3403.9   0.23008
   3406.1   0.23074
   3408.4   0.23146
   3410.6   0.23223
   3412.9   0.23307
   3415.1   0.23392
   3417.4   0.23482
   3419.6   0.23595
   3421.9   0.23725
   3424.1   0.23854
   3426.4   0.23978
   3428.7   0.24097
   3430.9   0.24215
   3433.2   0.24333
   3435.5   0.24450
   3437.8   0.24563
   3440.0   0.24670
   3442.3   0.24776
   3444.6   0.24884
   3446.9   0.24994
   3449.2   0.25107
   3451.5   0.25219
   3453.8   0.25330
   3456.1   0.25440
   3458.4   0.25543
   3460.7   0.25643
   3463.0   0.25736
   3465.3   0.25820
   3467.6   0.25893
   3470.0   0.25966
   3472.3   0.26036
   3474.6   0.26107
   3477.0   0.26176
   3479.3   0.26247
   3481.6   0.26317
   3484.0   0.26386
   3486.3   0.26460
   3488.7   0.26541
   3491.0   0.26616
   3493.4   0.26692
   3495.7   0.26769
   3498.1   0.26856
   3500.4   0.26951
   3502.8   0.27046
   3505.2   0.27141
   3507.5   0.27245
   3509.9   0.27356
   3512.3   0.27475
   3514.7   0.27589
   3517.1   0.27697
   3519.4   0.27802
   3521.8   0.27903
   3524.2   0.28004
   3526.6   0.28108
   3529.0   0.28211
   3531.4   0.28312
   3533.8   0.28416
   3536.2   0.28530
   3538.7   0.28642
   3541.1   0.28747
   3543.5   0.28851
   3545.9   0.28954
   3548.3   0.29051
   3550.8   0.29144
   3553.2   0.29235
   3555.6   0.29322
   3558.1   0.29407
   3560.5   0.29489
   3563.0   0.29569
   3565.4   0.29648
   3567.9   0.29728
   3570.3   0.29809
   3572.8   0.29884
   3575.3   0.29954
   3577.7   0.30023
   3580.2   0.30096
   3582.7   0.30173
   3585.2   0.30245
   3587.6   0.30313
   3590.1   0.30380
   3592.6   0.30443
   3595.1   0.30508
   3597.6   0.30575
   3600.1   0.30640
   3602.6   0.30699
   3605.1   0.30759
   3607.6   0.30821
   3610.1   0.30883
   3612.6   0.30944
   3615.2   0.31007
   3617.7   0.31072
   3620.2   0.31138
   3622.7   0.31202
   3625.3   0.31264
   3627.8   0.31329
   3630.3   0.31401
   3632.9   0.31474
   3635.4   0.31546
   3638.0   0.31623
   3640.5   0.31703
   3643.1   0.31782
   3645.7   0.31860
   3648.2   0.31943
   3650.8   0.32025
   3653.4   0.32103
   3655.9   0.32181
   3658.5   0.32261
   3661.1   0.32337
   3663.7   0.32412
   3666.3   0.32487
   3668.9   0.32566
   3671.5   0.32644
   3674.1   0.32721
   3676.7   0.32795
   3679.3   0.32865
   3681.9   0.32938
   3684.5   0.33017
   3687.2   0.33097
   3689.8   0.33175
   3692.4   0.33251
   3695.0   0.33318
   3697.7   0.33388
   3700.3   0.33463
   3703.0   0.33547
   3705.6   0.33630
   3708.3   0.33700
   3710.9   0.33769
   3713.6   0.33840
   3716.2   0.33913
   3718.9   0.33992
   3721.6   0.34069
   3724.2   0.34143
   3726.9   0.34214
   3729.6   0.34288
   3732.3   0.34366
   3735.0   0.34441
   3737.7   0.34514
   3740.4   0.34588
   3743.1   0.34659
   3745.8   0.34725
   3748.5   0.34789
   3751.2   0.34851
   3753.9   0.34908
   3756.6   0.34964
   3759.3   0.35020
   3762.1   0.35076
   3764.8   0.35131
   3767.5   0.35186
   3770.3   0.35248
   3773.0   0.35313
   3775.8   0.35378
   3778.5   0.35441
   3781.3   0.35505
   3784.0   0.35572
   3786.8   0.35634
   3789.6   0.35691
   3792.3   0.35744
   3795.1   0.35796
   3797.9   0.35847
   3800.7   0.35897
   3803.5   0.35948
   3806.3   0.36000
   3809.1   0.36047
   3811.9   0.36093
   3814.7   0.36150
   3817.5   0.36206
   3820.3   0.36253
   3823.1   0.36299
   3825.9   0.36346
   3828.8   0.36394
   3831.6   0.36441
   3834.4   0.36487
   3837.3   0.36533
   3840.1   0.36576
   3842.9   0.36621
   3845.8   0.36671
   3848.7   0.36719
   3851.5   0.36767
   3854.4   0.36808
   3857.2   0.36843
   3860.1   0.36886
   3863.0   0.36928
   3865.9   0.36963
   3868.8   0.36999
   3871.6   0.37038
   3874.5   0.37079
   3877.4   0.37116
   3880.3   0.37153
   3883.2   0.37192
   3886.2   0.37223
   3889.1   0.37254
   3892.0   0.37286
   3894.9   0.37316
   3897.8   0.37342
   3900.8   0.37367
   3903.7   0.37392
   3906.7   0.37422
   3909.6   0.37455
   3912.6   0.37485
   3915.5   0.37513
   3918.5   0.37540
   3921.4   0.37570
   3924.4   0.37604
   3927.4   0.37630
   3930.4   0.37655
   3933.3   0.37680
   3936.3   0.37701
   3939.3   0.37725
   3942.3   0.37750
   3945.3   0.37770
   3948.3   0.37786
   3951.3   0.37795
   3954.3   0.37807
   3957.4   0.37822
   3960.4   0.37836
   3963.4   0.37852
   3966.4   0.37866
   3969.5   0.37878
   3972.5   0.37896
   3975.6   0.37914
   3978.6   0.37932
   3981.7   0.37949
   3984.7   0.37959
   3987.8   0.37965
   3990.9   0.37973
   3993.9   0.37984
   3997.0   0.37996
   4000.1   0.38003
   4003.2   0.38009
   4006.3   0.38016
   4009.4   0.38026
   4012.5   0.38038
   4015.6   0.38050
   4018.7   0.38059
   4021.8   0.38065
   4024.9   0.38070
   4028.1   0.38074
   4031.2   0.38076
   4034.3   0.38078
   4037.5   0.38075
   4040.6   0.38076
   4043.8   0.38077
   4046.9   0.38071
   4050.1   0.38066
   4053.3   0.38064
   4056.4   0.38063
   4059.6   0.38062
   4062.8   0.38060
   4066.0   0.38056
   4069.2   0.38045
   4072.4   0.38034
   4075.6   0.38033
   4078.8   0.38033
   4082.0   0.38028
   4085.2   0.38020
   4088.4   0.38014
   4091.7   0.38010
   4094.9   0.38010
   4098.1   0.38012
   4101.4   0.38008
   4104.6   0.37994
   4107.9   0.37979
   4111.1   0.37968
   4114.4   0.37957
   4117.7   0.37946
   4120.9   0.37934
   4124.2   0.37919
   4127.5   0.37907
   4130.8   0.37903
   4134.1   0.37902
   4137.4   0.37897
   4140.7   0.37888
   4144.0   0.37881
   4147.3   0.37874
   4150.6   0.37871
   4154.0   0.37867
   4157.3   0.37853
   4160.6   0.37837
   4164.0   0.37823
   4167.3   0.37807
   4170.7   0.37794
   4174.0   0.37783
   4177.4   0.37770
   4180.8   0.37753
   4184.1   0.37742
   4187.5   0.37735
   4190.9   0.37727
   4194.3   0.37716
   4197.7   0.37705
   4201.1   0.37691
   4204.5   0.37674
   4207.9   0.37657
   4211.3   0.37641
   4214.7   0.37622
   4218.2   0.37605
   4221.6   0.37589
   4225.0   0.37576
   4228.5   0.37570
   4231.9   0.37570
   4235.4   0.37569
   4238.9   0.37565
   4242.3   0.37556
   4245.8   0.37544
   4249.3   0.37523
   4252.8   0.37497
   4256.3   0.37476
   4259.8   0.37458
   4263.3   0.37436
   4266.8   0.37413
   4270.3   0.37391
   4273.8   0.37374
   4277.3   0.37358
   4280.9   0.37348
   4284.4   0.37343
   4288.0   0.37332
   4291.5   0.37312
   4295.1   0.37286
   4298.6   0.37263
   4302.2   0.37245
   4305.8   0.37224
   4309.3   0.37203
   4312.9   0.37184
   4316.5   0.37162
   4320.1   0.37137
   4323.7   0.37114
   4327.3   0.37097
   4330.9   0.37081
   4334.6   0.37061
   4338.2   0.37039
   4341.8   0.37022
   4345.5   0.37007
   4349.1   0.36991
   4352.8   0.36975
   4356.4   0.36960
   4360.1   0.36944
   4363.8   0.36925
   4367.4   0.36906
   4371.1   0.36887
   4374.8   0.36867
   4378.5   0.36847
   4382.2   0.36829
   4385.9   0.36813
   4389.6   0.36793
   4393.3   0.36770
   4397.1   0.36751
   4400.8   0.36736
   4404.5   0.36722
   4408.3   0.36707
   4412.0   0.36692
   4415.8   0.36674
   4419.6   0.36655
   4423.3   0.36638
   4427.1   0.36629
   4430.9   0.36620
   4434.7   0.36606
   4438.5   0.36586
   4442.3   0.36565
   4446.1   0.36544
   4449.9   0.36525
   4453.7   0.36509
   4457.6   0.36490
   4461.4   0.36465
   4465.2   0.36438
   4469.1   0.36411
   4472.9   0.36389
   4476.8   0.36365
   4480.7   0.36346
   4484.5   0.36328
   4488.4   0.36307
   4492.3   0.36283
   4496.2   0.36259
   4500.1   0.36235
   4504.0   0.36215
   4507.9   0.36200
   4511.9   0.36186
   4515.8   0.36164
   4519.7   0.36135
   4523.7   0.36116
   4527.6   0.36104
   4531.6   0.36090
   4535.6   0.36076
   4539.5   0.36058
   4543.5   0.36036
   4547.5   0.36014
   4551.5   0.35996
   4555.5   0.35983
   4559.5   0.35967
   4563.5   0.35950
   4567.5   0.35939
   4571.5   0.35925
   4575.6   0.35909
   4579.6   0.35890
   4583.7   0.35874
   4587.7   0.35859
   4591.8   0.35845
   4595.9   0.35829
   4599.9   0.35810
   4604.0   0.35787
   4608.1   0.35766
   4612.2   0.35746
   4616.3   0.35729
   4620.4   0.35711
   4624.6   0.35695
   4628.7   0.35677
   4632.8   0.35656
   4637.0   0.35634
   4641.1   0.35614
   4645.3   0.35594
   4649.4   0.35572
   4653.6   0.35549
   4657.8   0.35527
   4662.0   0.35505
   4666.2   0.35484
   4670.4   0.35464
   4674.6   0.35444
   4678.8   0.35427
   4683.0   0.35413
   4687.3   0.35398
   4691.5   0.35383
   4695.8   0.35370
   4700.0   0.35357
   4704.3   0.35343
   4708.6   0.35331
   4712.8   0.35321
   4717.1   0.35306
   4721.4   0.35293
   4725.7   0.35286
   4730.0   0.35280
   4734.4   0.35270
   4738.7   0.35258
   4743.0   0.35245
   4747.4   0.35229
   4751.7   0.35213
   4756.1   0.35200
   4760.5   0.35186
   4764.8   0.35167
   4769.2   0.35143
   4773.6   0.35115
   4778.0   0.35087
   4782.4   0.35061
   4786.8   0.35037
   4791.3   0.35011
   4795.7   0.34983
   4800.1   0.34952
   4804.6   0.34918
   4809.0   0.34886
   4813.5   0.34856
   4818.0   0.34820
   4822.5   0.34781
   4826.9   0.34738
   4831.4   0.34694
   4835.9   0.34647
   4840.5   0.34596
   4845.0   0.34547
   4849.5   0.34498
   4854.1   0.34450
   4858.6   0.34403
   4863.2   0.34355
   4867.7   0.34307
   4872.3   0.34258
   4876.9   0.34206
   4881.5   0.34155
   4886.1   0.34103
   4890.7   0.34048
   4895.3   0.33988
   4899.9   0.33927
   4904.6   0.33865
   4909.2   0.33802
   4913.9   0.33734
   4918.5   0.33667
   4923.2   0.33597
   4927.9   0.33525
   4932.6   0.33451
   4937.3   0.33377
   4942.0   0.33301
   4946.7   0.33221
   4951.4   0.33140
   4956.2   0.33058
   4960.9   0.32965
   4965.6   0.32866
   4970.4   0.32766
   4975.2   0.32661
   4980.0   0.32551
   4984.7   0.32437
   4989.5   0.32323
   4994.3   0.32200
   4999.2   0.32074
   5004.0   0.31951
   5008.8   0.31826
   5013.7   0.31695
   5018.5   0.31562
   5023.4   0.31428
   5028.3   0.31289
   5033.1   0.31145
   5038.0   0.31002
   5042.9   0.30859
   5047.8   0.30712
   5052.8   0.30565
   5057.7   0.30417
   5062.6   0.30268
   5067.6   0.30121
   5072.5   0.29975
   5077.5   0.29830
   5082.5   0.29680
   5087.5   0.29529
   5092.5   0.29379
   5097.5   0.29231
   5102.5   0.29084
   5107.5   0.28939
   5112.6   0.28796
   5117.6   0.28650
   5122.7   0.28507
   5127.7   0.28368
   5132.8   0.28233
   5137.9   0.28102
   5143.0   0.27977
   5148.1   0.27856
   5153.2   0.27737
   5158.3   0.27619
   5163.5   0.27508
   5168.6   0.27403
   5173.8   0.27302
   5179.0   0.27206
   5184.1   0.27113
   5189.3   0.27022
   5194.5   0.26931
   5199.7   0.26845
   5205.0   0.26762
   5210.2   0.26683
   5215.4   0.26606
   5220.7   0.26530
   5225.9   0.26456
   5231.2   0.26385
   5236.5   0.26312
   5241.8   0.26238
   5247.1   0.26162
   5252.4   0.26085
   5257.7   0.26004
   5263.1   0.25919
   5268.4   0.25833
   5273.8   0.25748
   5279.2   0.25659
   5284.5   0.25570
   5289.9   0.25484
   5295.3   0.25395
   5300.8   0.25301
   5306.2   0.25208
   5311.6   0.25115
   5317.1   0.25022
   5322.5   0.24924
   5328.0   0.24822
   5333.5   0.24718
   5339.0   0.24615
   5344.5   0.24517
   5350.0   0.24422
   5355.5   0.24328
   5361.0   0.24233
   5366.6   0.24139
   5372.2   0.24050
   5377.7   0.23966
   5383.3   0.23885
   5388.9   0.23803
   5394.5   0.23719
   5400.1   0.23634
   5405.8   0.23555
   5411.4   0.23481
   5417.1   0.23407
   5422.7   0.23332
   5428.4   0.23255
   5434.1   0.23183
   5439.8   0.23116
   5445.5   0.23051
   5451.2   0.22991
   5457.0   0.22929
   5462.7   0.22871
   5468.5   0.22821
   5474.3   0.22780
   5480.1   0.22747
   5485.9   0.22715
   5491.7   0.22687
   5497.5   0.22668
   5503.3   0.22658
   5509.2   0.22657
   5515.0   0.22661
   5520.9   0.22670
   5526.8   0.22682
   5532.7   0.22701
   5538.6   0.22727
   5544.5   0.22756
   5550.5   0.22783
   5556.4   0.22806
   5562.4   0.22830
   5568.4   0.22854
   5574.3   0.22875
   5580.3   0.22893
   5586.4   0.22908
   5592.4   0.22920
   5598.4   0.22931
   5604.5   0.22941
   5610.5   0.22948
   5616.6   0.22945
   5622.7   0.22938
   5628.8   0.22929
   5634.9   0.22915
   5641.1   0.22900
   5647.2   0.22881
   5653.4   0.22857
   5659.5   0.22832
   5665.7   0.22807
   5671.9   0.22778
   5678.1   0.22747
   5684.4   0.22712
   5690.6   0.22681
   5696.9   0.22644
   5703.1   0.22606
   5709.4   0.22565
   5715.7   0.22515
   5722.0   0.22462
   5728.3   0.22410
   5734.7   0.22351
   5741.0   0.22285
   5747.4   0.22215
   5753.8   0.22139
   5760.1   0.22056
   5766.6   0.21967
   5773.0   0.21876
   5779.4   0.21779
   5785.9   0.21674
   5792.3   0.21565
   5798.8   0.21453
   5805.3   0.21334
   5811.8   0.21208
   5818.3   0.21080
   5824.9   0.20947
   5831.4   0.20808
   5838.0   0.20658
   5844.6   0.20500
   5851.2   0.20335
   5857.8   0.20161
   5864.4   0.19980
   5871.0   0.19788
   5877.7   0.19578
   5884.4   0.19356
   5891.1   0.19126
   5897.8   0.18889
   5904.5   0.18638
   5911.2   0.18372
   5918.0   0.18091
   5924.7   0.17790
   5931.5   0.17474
   5938.3   0.17143
   5945.1   0.16789
   5951.9   0.16415
   5958.8   0.16023
   5965.6   0.15618
   5972.5   0.15202
   5979.4   0.14779
   5986.3   0.14347
   5993.2   0.13908
   6000.2   0.13464
   6007.1   0.13024
   6014.1   0.12587
   6021.1   0.12160
   6028.1   0.11741
   6035.1   0.11333
   6042.1   0.10936
   6049.2   0.10555
   6056.2   0.10189
   6063.3   0.09844
   6070.4   0.09520
   6077.5   0.09208
   6084.7   0.08908
   6091.8   0.08626
   6099.0   0.08360
   6106.2   0.08110
   6113.4   0.07886
   6120.6   0.07694
   6127.8   0.07530
   6135.1   0.07403
   6142.3   0.07327
   6149.6   0.07306
   6156.9   0.07343
   6164.3   0.07353
   6171.6   0.07526
   6178.9   0.07760
   6186.3   0.08137
   6193.7   0.08486
   6201.1   0.08892
   6208.5   0.09347
   6216.0   0.09849
   6223.5   0.10388
   6230.9   0.10954
   6238.4   0.11542
   6245.9   0.12148
   6253.5   0.12762
   6261.0   0.13380
   6268.6   0.13993
   6276.2   0.14595
   6283.8   0.15179
   6291.4   0.15739
   6299.1   0.16270
   6306.7   0.16774
   6314.4   0.17250
   6322.1   0.17701
   6329.8   0.18127
   6337.6   0.18522
   6345.3   0.18888
   6353.1   0.19229
   6360.9   0.19543
   6368.7   0.19836
   6376.5   0.20106
   6384.4   0.20355
   6392.3   0.20585
   6400.2   0.20799
   6408.1   0.20996
   6416.0   0.21177
   6424.0   0.21340
   6431.9   0.21488
   6439.9   0.21619
   6447.9   0.21739
   6456.0   0.21850
   6464.0   0.21944
   6472.1   0.22024
   6480.2   0.22095
   6488.3   0.22152
   6496.4   0.22202
   6504.6   0.22244
   6512.7   0.22279
   6520.9   0.22307
   6529.1   0.22328
   6537.4   0.22338
   6545.6   0.22340
   6553.9   0.22337
   6562.2   0.22329
   6570.5   0.22316
   6578.9   0.22297
   6587.2   0.22273
   6595.6   0.22243
   6604.0   0.22207
   6612.4   0.22171
   6620.9   0.22132
   6629.3   0.22089
   6637.8   0.22046
   6646.3   0.21994
   6654.9   0.21937
   6663.4   0.21880
   6672.0   0.21818
   6680.6   0.21754
   6689.2   0.21690
   6697.8   0.21619
   6706.5   0.21540
   6715.2   0.21455
   6723.9   0.21372
   6732.6   0.21287
   6741.4   0.21198
   6750.2   0.21107
   6759.0   0.21010
   6767.8   0.20906
   6776.6   0.20797
   6785.5   0.20689
   6794.4   0.20583
   6803.3   0.20475
   6812.3   0.20364
   6821.2   0.20251
   6830.2   0.20135
   6839.2   0.20028
   6848.3   0.19920
   6857.3   0.19811
   6866.4   0.19703
   6875.5   0.19590
   6884.6   0.19471
   6893.8   0.19348
   6903.0   0.19226
   6912.2   0.19103
   6921.4   0.18970
   6930.7   0.18838
   6939.9   0.18712
   6949.2   0.18586
   6958.6   0.18463
   6967.9   0.18346
   6977.3   0.18231
   6986.7   0.18113
   6996.1   0.18002
   7005.6   0.17894
   7015.1   0.17784
   7024.6   0.17674
   7034.1   0.17569
   7043.7   0.17462
   7053.2   0.17353
   7062.9   0.17244
   7072.5   0.17140
   7082.2   0.17033
   7091.8   0.16926
   7101.6   0.16823
   7111.3   0.16716
   7121.1   0.16606
   7130.9   0.16498
   7140.7   0.16390
   7150.5   0.16282
   7160.4   0.16175
   7170.3   0.16071
   7180.2   0.15966
   7190.2   0.15857
   7200.2   0.15748
   7210.2   0.15637
   7220.2   0.15521
   7230.3   0.15405
   7240.4   0.15289
   7250.5   0.15169
   7260.7   0.15044
   7270.9   0.14920
   7281.1   0.14797
   7291.3   0.14671
   7301.6   0.14546
   7311.9   0.14423
   7322.2   0.14301
   7332.6   0.14177
   7343.0   0.14052
   7353.4   0.13926
   7363.8   0.13799
   7374.3   0.13671
   7384.8   0.13540
   7395.3   0.13413
   7405.9   0.13285
   7416.5   0.13153
   7427.1   0.13023
   7437.8   0.12896
   7448.5   0.12768
   7459.2   0.12637
   7469.9   0.12505
   7480.7   0.12369
   7491.5   0.12226
   7502.4   0.12079
   7513.2   0.11935
   7524.1   0.11787
   7535.1   0.11632
   7546.0   0.11475
   7557.0   0.11313
   7568.1   0.11147
   7579.1   0.10982
   7590.2   0.10820
   7601.4   0.10656
   7612.5   0.10490
   7623.7   0.10325
   7635.0   0.10157
   7646.2   0.09987
   7657.5   0.09821
   7668.8   0.09656
   7680.2   0.09488
   7691.6   0.09317
   7703.0   0.09147
   7714.5   0.08969
   7726.0   0.08786
   7737.5   0.08603
   7749.1   0.08419
   7760.7   0.08234
   7772.3   0.08045
   7784.0   0.07853
   7795.7   0.07658
   7807.4   0.07459
   7819.2   0.07264
   7831.0   0.07070
   7842.9   0.06878
   7854.7   0.06685
   7866.7   0.06488
   7878.6   0.06287
   7890.6   0.06086
   7902.6   0.05888
   7914.7   0.05693
   7926.8   0.05496
   7939.0   0.05300
   7951.1   0.05103
   7963.3   0.04906
   7975.6   0.04711
   7987.9   0.04518
   8000.2   0.04327
   8012.6   0.04138
   8025.0   0.03951
   8037.4   0.03766
   8049.9   0.03586
   8062.4   0.03409
   8075.0   0.03238
   8087.6   0.03075
   8100.2   0.02918
   8112.9   0.02770
   8125.6   0.02627
   8138.4   0.02492
   8151.2   0.02369
   8164.0   0.02255
   8176.9   0.02146
   8189.8   0.02040
   8202.7   0.01942
   8215.7   0.01855
   8228.8   0.01775
   8241.9   0.01705
   8255.0   0.01641
   8268.2   0.01582
   8281.4   0.01529
   8294.6   0.01494
   8307.9   0.01474
   8321.2   0.01466
   8334.6   0.01470
   8348.0   0.01488
   8361.5   0.01521
   8375.0   0.01574
   8388.6   0.01642
   8402.2   0.01728
   8415.8   0.01823
   8429.5   0.01930
   8443.2   0.02053
   8457.0   0.02189
   8470.8   0.02332
   8484.7   0.02482
   8498.6   0.02638
   8512.5   0.02801
   8526.5   0.02962
   8540.6   0.03126
   8554.7   0.03290
   8568.8   0.03447
   8583.0   0.03597
   8597.2   0.03747
   8611.5   0.03892
   8625.8   0.04025
   8640.2   0.04147
   8654.6   0.04263
   8669.1   0.04362
   8683.6   0.04447
   8698.2   0.04523
   8712.8   0.04585
   8727.5   0.04635
   8742.2   0.04672
   8757.0   0.04693
   8771.8   0.04699
   8786.7   0.04691
   8801.6   0.04679
   8816.6   0.04661
   8831.6   0.04633
   8846.6   0.04598
   8861.8   0.04560
   8876.9   0.04520
   8892.2   0.04483
   8907.4   0.04445
   8922.8   0.04408
   8938.2   0.04377
   8953.6   0.04354
   8969.1   0.04341
   8984.6   0.04336
   9000.2   0.04336
   9015.9   0.04338
   9031.6   0.04341
   9047.4   0.04354
   9063.2   0.04376
   9079.0   0.04399
   9095.0   0.04420
   9111.0   0.04445
   9127.0   0.04468
   9143.1   0.04489
   9159.2   0.04514
   9175.5   0.04541
   9191.7   0.04566
   9208.1   0.04591
   9224.4   0.04620
   9240.9   0.04648
   9257.4   0.04671
   9273.9   0.04702
   9290.6   0.04737
   9307.2   0.04768
   9324.0   0.04796
   9340.8   0.04829
   9357.6   0.04858
   9374.6   0.04881
   9391.5   0.04894
   9408.6   0.04902
   9425.7   0.04896
   9442.9   0.04883
   9460.1   0.04874
   9477.4   0.04868
   9494.8   0.04851
   9512.2   0.04827
   9529.7   0.04798
   9547.2   0.04773
   9564.8   0.04745
   9582.5   0.04719
   9600.3   0.04689
   9618.1   0.04643
   9635.9   0.04593
   9653.9   0.04547
   9671.9   0.04495
   9690.0   0.04440
   9708.1   0.04387
   9726.3   0.04339
   9744.6   0.04288
   9763.0   0.04235
   9781.4   0.04188
   9799.9   0.04145
   9818.4   0.04106
   9837.1   0.04072
   9855.8   0.04039
   9874.5   0.04012
   9893.4   0.03989
   9912.3   0.03964
   9931.3   0.03937
   9950.4   0.03908
   9969.5   0.03875
   9988.7   0.03840
  10008.0   0.03810
  10027.3   0.03781
  10046.8   0.03743
  10066.3   0.03701
  10085.9   0.03668
  10105.5   0.03640
  10125.3   0.03615
  10145.1   0.03589
  10165.0   0.03562
  10184.9   0.03541
  10205.0   0.03522
  10225.1   0.03504
  10245.3   0.03486
  10265.6   0.03466
  10286.0   0.03448
  10306.4   0.03437
  10327.0   0.03433
  10347.6   0.03429
  10368.3   0.03420
  10389.0   0.03415
  10409.9   0.03417
  10430.9   0.03420
  10451.9   0.03417
  10473.0   0.03416
  10494.2   0.03415
  10515.5   0.03418
  10536.9   0.03424
  10558.3   0.03428
  10579.9   0.03427
  10601.5   0.03425
  10623.2   0.03424
  10645.0   0.03426
  10666.9   0.03428
  10688.9   0.03429
  10711.0   0.03426
  10733.2   0.03425
  10755.5   0.03427
  10777.8   0.03433
  10800.3   0.03442
  10822.8   0.03454
  10845.5   0.03473
  10868.2   0.03493
  10891.0   0.03512
  10914.0   0.03539
  10937.0   0.03568
  10960.1   0.03599
  10983.3   0.03633
  11006.7   0.03668
  11030.1   0.03699
  11053.6   0.03724
  11077.2   0.03748
  11100.9   0.03771
  11124.8   0.03781
  11148.7   0.03780
  11172.7   0.03770
  11196.8   0.03747
  11221.1   0.03711
  11245.4   0.03681
  11269.9   0.03653
  11294.4   0.03621
  11319.1   0.03580
  11343.8   0.03533
  11368.7   0.03491
  11393.7   0.03462
  11418.8   0.03447
  11444.0   0.03445
  11469.3   0.03448
  11494.8   0.03455
  11520.3   0.03469
  11546.0   0.03490
  11571.7   0.03529
  11597.6   0.03572
  11623.6   0.03606
  11649.7   0.03634
  11676.0   0.03658
  11702.3   0.03676
  11728.8   0.03686
  11755.4   0.03694
  11782.1   0.03696
  11809.0   0.03686
  11835.9   0.03667
  11863.0   0.03645
  11890.2   0.03616
  11917.6   0.03586
  11945.0   0.03551
  11972.6   0.03503
  12000.3   0.03451
  12028.2   0.03405
  12056.1   0.03362
  12084.2   0.03331
  12112.5   0.03307
  12140.8   0.03289
  12169.3   0.03273
  12198.0   0.03272
  12226.7   0.03295
  12255.6   0.03324
  12284.7   0.03346
  12313.9   0.03371
  12343.2   0.03396
  12372.6   0.03419
  12402.2   0.03438
  12432.0   0.03451
  12461.9   0.03447
  12491.9   0.03435
  12522.1   0.03421
  12552.4   0.03409
  12582.9   0.03400
  12613.5   0.03396
  12644.2   0.03400
  12675.1   0.03409
  12706.2   0.03419
  12737.4   0.03429
  12768.8   0.03442
  12800.3   0.03464
  12832.0   0.03488
  12863.9   0.03506
  12895.9   0.03522
  12928.0   0.03527
  12960.3   0.03523
  12992.8   0.03525
  13025.5   0.03534
  13058.3   0.03540
  13091.3   0.03536
  13124.4   0.03528
  13157.7   0.03511
  13191.2   0.03483
  13224.8   0.03461
  13258.7   0.03451
  13292.7   0.03439
  13326.8   0.03427
  13361.2   0.03415
  13395.7   0.03403
  13430.4   0.03398
  13465.3   0.03396
  13500.4   0.03392
  13535.6   0.03385
  13571.0   0.03371
  13606.7   0.03354
  13642.5   0.03328
  13678.5   0.03291
  13714.6   0.03249
  13751.0   0.03210
  13787.6   0.03169
  13824.4   0.03125
  13861.3   0.03072
  13898.5   0.03009
  13935.8   0.02941
  13973.4   0.02872
  14011.2   0.02810
  14049.1   0.02737
  14087.3   0.02648
  14125.7   0.02563
  14164.3   0.02483
  14203.1   0.02405
  14242.1   0.02336
  14281.4   0.02274
  14320.8   0.02219
  14360.5   0.02161
  14400.4   0.02114
  14440.5   0.02088
  14480.8   0.02062
  14521.4   0.02032
  14562.2   0.02010
  14603.2   0.01998
  14644.4   0.01994
  14685.9   0.01990
  14727.7   0.01997
  14769.6   0.02012
  14811.8   0.02019
  14854.3   0.02025
  14896.9   0.02042
  14939.9   0.02055
  14983.0   0.02058
  15026.5   0.02051
  15070.2   0.02040
  15114.1   0.02031
  15158.3   0.02017
  15202.7   0.02002
  15247.5   0.01986
  15292.4   0.01956
  15337.7   0.01917
  15383.2   0.01882
  15429.0   0.01851
  15475.0   0.01823
  15521.4   0.01790
  15568.0   0.01762
  15614.9   0.01734
  15662.0   0.01699
  15709.5   0.01675
  15757.2   0.01663
  15805.3   0.01663
  15853.6   0.01668
  15902.3   0.01662
  15951.2   0.01651
  16000.4   0.01645
  16050.0   0.01650
  16099.8   0.01666
  16150.0   0.01685
  16200.4   0.01711
  16251.2   0.01739
  16302.3   0.01762
  16353.7   0.01799
  16405.5   0.01858
  16457.6   0.01926
  16510.0   0.01991
  16562.7   0.02053
  16615.8   0.02121
  16669.2   0.02186
  16723.0   0.02250
  16777.1   0.02328
  16831.6   0.02411
  16886.4   0.02483
  16941.6   0.02561
  16997.2   0.02657
  17053.1   0.02768
  17109.4   0.02893
  17166.0   0.03030
  17223.0   0.03172
  17280.4   0.03320
  17338.2   0.03486
  17396.4   0.03649
  17455.0   0.03796
  17514.0   0.03949
  17573.3   0.04103
  17633.1   0.04240
  17693.3   0.04372
  17753.9   0.04506
  17814.9   0.04635
  17876.3   0.04760
  17938.2   0.04885
  18000.5   0.05005
  18063.2   0.05114
  18126.3   0.05223
  18189.9   0.05330
  18254.0   0.05416
  18318.5   0.05484
  18383.5   0.05536
  18448.9   0.05555
  18514.8   0.05572
  18581.1   0.05589
  18648.0   0.05586
  18715.3   0.05566
  18783.1   0.05539
  18851.4   0.05524
  18920.2   0.05501
  18989.5   0.05467
  19059.3   0.05426
  19129.6   0.05374
  19200.5   0.05314
  19271.9   0.05261
  19343.8   0.05218
  19416.2   0.05183
  19489.2   0.05151
  19562.8   0.05118
  19636.9   0.05086
  19711.5   0.05079
  19786.8   0.05090
  19862.6   0.05114
  19939.0   0.05122
  20016.0   0.05126
  20093.5   0.05130
  20171.7   0.05103
  20250.5   0.05054
  20329.9   0.05012
  20410.0   0.04970
  20490.7   0.04911
  20572.0   0.04857
  20653.9   0.04797
  20736.5   0.04819
  20819.8   0.04780
  20903.8   0.04764
  20988.4   0.04791
  21073.7   0.04853
  21159.7   0.04896
  21246.5   0.04979
  21333.9   0.05001
  21422.0   0.05023
  21510.9   0.05062
  21600.6   0.05093
  21690.9   0.05078
  21782.1   0.05119
  21874.0   0.05111
  21966.7   0.05078
  22060.1   0.05087
  22154.4   0.05076
  22249.5   0.05069
  22345.4   0.05054
  22442.1   0.05087
  22539.7   0.05105
  22638.1   0.05101
  22737.4   0.05103
  22837.6   0.05133
  22938.7   0.05178
  23040.6   0.05217
  23143.5   0.05249
  23247.2   0.05273
  23352.0   0.05272
  23457.6   0.05268
  23564.3   0.05257
  23671.8   0.05198
  23780.4   0.05162
  23890.0   0.05138
  24000.6   0.05042
  24112.3   0.04975
  24224.9   0.04931
  24338.7   0.04860
  24453.5   0.04680
  24569.4   0.04556
  24686.4   0.04551
  24804.5   0.04441
  24923.7   0.04518
  25044.1   0.04265
  25165.7   0.03925
  25288.5   0.04955
  25412.4   0.05841
  25537.6   0.05175
  25664.0   0.04053
  25791.7   0.03387
  25920.7   0.03960



 S502F547    .ASC                        

 JB-JLB-547                                                              
 scaled to RELAB at 1300 nm                                              
 nontronite                                                              
 from Monika Cogoini #SNTd-1                                             
 smoothed 5, 0.5                                                         

 Source Ang: 30.00   Detect Ang: 30.00  Volt: 1.222
 Date: 10-MAY-02   Time: 20:41:23
