  2892
    300.0   0.18023
    305.0   0.19152
    310.0   0.20174
    315.0   0.22014
    320.0   0.23899
    325.0   0.25430
    330.0   0.26993
    335.0   0.28406
    340.0   0.29695
    345.0   0.30795
    350.0   0.31985
    355.0   0.33162
    360.0   0.34278
    365.0   0.35447
    370.0   0.36656
    375.0   0.37859
    380.0   0.39061
    385.0   0.40213
    390.0   0.41436
    395.0   0.42261
    400.0   0.43086
    405.0   0.43987
    410.0   0.44818
    415.0   0.45601
    420.0   0.46391
    425.0   0.47184
    430.0   0.47970
    435.0   0.48721
    440.0   0.49429
    445.0   0.50159
    450.0   0.50780
    455.0   0.51348
    460.0   0.51954
    465.0   0.52525
    470.0   0.53065
    475.0   0.53592
    480.0   0.54115
    485.0   0.54647
    490.0   0.55179
    495.0   0.55701
    500.0   0.56223
    505.0   0.56740
    510.0   0.57250
    515.0   0.57750
    520.0   0.58235
    525.0   0.58720
    530.0   0.59195
    535.0   0.59651
    540.0   0.60091
    545.0   0.60505
    550.0   0.60898
    555.0   0.61271
    560.0   0.61625
    565.0   0.61965
    570.0   0.62282
    575.0   0.62582
    580.0   0.62831
    585.0   0.63070
    590.0   0.63286
    595.0   0.63481
    600.0   0.63666
    605.0   0.63838
    610.0   0.63999
    615.0   0.64153
    620.0   0.64294
    625.0   0.64468
    630.0   0.64630
    635.0   0.64804
    640.0   0.64990
    645.0   0.65170
    650.0   0.65359
    655.0   0.65556
    660.0   0.65762
    665.0   0.65973
    670.0   0.66182
    675.0   0.66388
    680.0   0.66575
    685.0   0.66758
    690.0   0.66946
    695.0   0.67126
    700.0   0.67299
    705.0   0.67462
    710.0   0.67632
    715.0   0.67787
    720.0   0.67940
    725.0   0.68098
    730.0   0.68254
    735.0   0.68394
    740.0   0.68537
    745.0   0.68673
    750.0   0.68805
    755.0   0.68921
    760.0   0.69041
    765.0   0.69145
    770.0   0.69253
    775.0   0.69355
    780.0   0.69476
    785.0   0.69580
    790.0   0.69672
    795.0   0.69755
    800.0   0.69826
    805.0   0.69892
    810.0   0.69959
    815.0   0.70016
    820.0   0.70069
    825.0   0.70101
    830.0   0.70127
    835.0   0.70151
    840.0   0.70181
    845.0   0.70214
    850.0   0.70241
    855.0   0.70272
    860.0   0.70293
    865.0   0.70331
    870.0   0.70372
    875.0   0.70415
    880.0   0.70467
    885.0   0.70514
    890.0   0.70554
    895.0   0.70597
    900.0   0.70643
    905.0   0.70692
    910.0   0.70719
    915.0   0.70751
    920.0   0.70791
    925.0   0.70814
    930.0   0.70832
    935.0   0.70855
    940.0   0.70872
    945.0   0.70892
    950.0   0.70930
    955.0   0.70977
    960.0   0.71020
    965.0   0.71077
    970.0   0.71147
    975.0   0.71225
    980.0   0.71313
    985.0   0.71411
    990.0   0.71509
    995.0   0.71607
   1000.0   0.71697
   1005.0   0.71775
   1010.0   0.71850
   1015.0   0.71930
   1020.0   0.72007
   1025.0   0.72086
   1030.0   0.72182
   1035.0   0.72269
   1040.0   0.72358
   1045.0   0.72438
   1050.0   0.72529
   1055.0   0.72606
   1060.0   0.72686
   1065.0   0.72763
   1070.0   0.72849
   1075.0   0.72920
   1080.0   0.72997
   1085.0   0.73062
   1090.0   0.73129
   1095.0   0.73197
   1100.0   0.73264
   1105.0   0.73325
   1110.0   0.73398
   1115.0   0.73461
   1120.0   0.73510
   1125.0   0.73566
   1130.0   0.73622
   1135.0   0.73677
   1140.0   0.73733
   1145.0   0.73803
   1150.0   0.73873
   1155.0   0.73937
   1160.0   0.74010
   1165.0   0.74093
   1170.0   0.74157
   1175.0   0.74237
   1180.0   0.74311
   1185.0   0.74383
   1190.0   0.74431
   1195.0   0.74498
   1200.0   0.74563
   1205.0   0.74616
   1210.0   0.74675
   1215.0   0.74729
   1220.0   0.74777
   1225.0   0.74844
   1230.0   0.74909
   1235.0   0.74981
   1240.0   0.75045
   1245.0   0.75114
   1250.0   0.75185
   1255.0   0.75251
   1260.0   0.75333
   1265.0   0.75402
   1270.0   0.75461
   1275.0   0.75515
   1280.0   0.75579
   1285.0   0.75623
   1290.0   0.75656
   1295.0   0.75665
   1300.0   0.75674
   1305.0   0.75672
   1310.0   0.75663
   1315.0   0.75655
   1320.0   0.75659
   1325.0   0.75643
   1330.0   0.75623
   1335.0   0.75599
   1340.0   0.75586
   1345.0   0.75574
   1350.0   0.75567
   1350.7   0.75569
   1351.4   0.75563
   1352.1   0.75542
   1352.9   0.75530
   1353.6   0.75525
   1354.3   0.75526
   1355.0   0.75529
   1355.7   0.75526
   1356.4   0.75520
   1357.1   0.75506
   1357.8   0.75492
   1358.5   0.75482
   1359.2   0.75475
   1360.0   0.75465
   1360.7   0.75455
   1361.4   0.75445
   1362.1   0.75430
   1362.8   0.75417
   1363.5   0.75407
   1364.2   0.75393
   1365.0   0.75377
   1365.7   0.75358
   1366.4   0.75345
   1367.1   0.75332
   1367.8   0.75310
   1368.6   0.75285
   1369.3   0.75257
   1370.0   0.75225
   1370.7   0.75198
   1371.5   0.75168
   1372.2   0.75133
   1372.9   0.75091
   1373.6   0.75036
   1374.4   0.74976
   1375.1   0.74914
   1375.8   0.74847
   1376.6   0.74771
   1377.3   0.74690
   1378.0   0.74606
   1378.8   0.74521
   1379.5   0.74436
   1380.2   0.74352
   1381.0   0.74274
   1381.7   0.74197
   1382.4   0.74120
   1383.2   0.74048
   1383.9   0.73975
   1384.7   0.73899
   1385.4   0.73821
   1386.1   0.73741
   1386.9   0.73664
   1387.6   0.73582
   1388.4   0.73497
   1389.1   0.73409
   1389.8   0.73305
   1390.6   0.73196
   1391.3   0.73087
   1392.1   0.72962
   1392.8   0.72824
   1393.6   0.72677
   1394.3   0.72522
   1395.1   0.72363
   1395.8   0.72197
   1396.6   0.72030
   1397.3   0.71854
   1398.1   0.71670
   1398.8   0.71493
   1399.6   0.71326
   1400.4   0.71152
   1401.1   0.70976
   1401.9   0.70797
   1402.6   0.70630
   1403.4   0.70475
   1404.2   0.70330
   1404.9   0.70198
   1405.7   0.70075
   1406.4   0.69959
   1407.2   0.69867
   1408.0   0.69802
   1408.7   0.69755
   1409.5   0.69720
   1410.3   0.69702
   1411.0   0.69700
   1411.8   0.69718
   1412.6   0.69755
   1413.3   0.69813
   1414.1   0.69889
   1414.9   0.69975
   1415.7   0.70085
   1416.4   0.70215
   1417.2   0.70357
   1418.0   0.70512
   1418.8   0.70680
   1419.5   0.70858
   1420.3   0.71036
   1421.1   0.71217
   1421.9   0.71406
   1422.6   0.71595
   1423.4   0.71780
   1424.2   0.71962
   1425.0   0.72141
   1425.8   0.72317
   1426.6   0.72492
   1427.3   0.72666
   1428.1   0.72832
   1428.9   0.72989
   1429.7   0.73138
   1430.5   0.73278
   1431.3   0.73414
   1432.1   0.73547
   1432.9   0.73673
   1433.7   0.73787
   1434.5   0.73893
   1435.3   0.74002
   1436.0   0.74105
   1436.8   0.74201
   1437.6   0.74293
   1438.4   0.74384
   1439.2   0.74465
   1440.0   0.74530
   1440.8   0.74595
   1441.6   0.74660
   1442.4   0.74714
   1443.2   0.74762
   1444.0   0.74809
   1444.9   0.74852
   1445.7   0.74888
   1446.5   0.74925
   1447.3   0.74967
   1448.1   0.75006
   1448.9   0.75039
   1449.7   0.75071
   1450.5   0.75104
   1451.3   0.75137
   1452.1   0.75164
   1453.0   0.75190
   1453.8   0.75216
   1454.6   0.75240
   1455.4   0.75264
   1456.2   0.75288
   1457.0   0.75303
   1457.9   0.75311
   1458.7   0.75321
   1459.5   0.75333
   1460.3   0.75343
   1461.1   0.75350
   1462.0   0.75356
   1462.8   0.75358
   1463.6   0.75364
   1464.4   0.75378
   1465.3   0.75390
   1466.1   0.75392
   1466.9   0.75399
   1467.8   0.75414
   1468.6   0.75435
   1469.4   0.75457
   1470.3   0.75473
   1471.1   0.75482
   1471.9   0.75494
   1472.8   0.75511
   1473.6   0.75534
   1474.4   0.75551
   1475.3   0.75562
   1476.1   0.75567
   1477.0   0.75578
   1477.8   0.75603
   1478.6   0.75630
   1479.5   0.75653
   1480.3   0.75673
   1481.2   0.75692
   1482.0   0.75710
   1482.9   0.75729
   1483.7   0.75751
   1484.6   0.75765
   1485.4   0.75770
   1486.3   0.75774
   1487.1   0.75783
   1488.0   0.75790
   1488.8   0.75795
   1489.7   0.75812
   1490.6   0.75826
   1491.4   0.75830
   1492.3   0.75839
   1493.1   0.75850
   1494.0   0.75863
   1494.8   0.75870
   1495.7   0.75875
   1496.6   0.75880
   1497.4   0.75882
   1498.3   0.75889
   1499.2   0.75903
   1500.0   0.75914
   1500.9   0.75924
   1501.8   0.75934
   1502.6   0.75948
   1503.5   0.75965
   1504.4   0.75979
   1505.3   0.75985
   1506.1   0.75984
   1507.0   0.75986
   1507.9   0.75992
   1508.8   0.76003
   1509.6   0.76011
   1510.5   0.76013
   1511.4   0.76013
   1512.3   0.76017
   1513.2   0.76026
   1514.1   0.76042
   1514.9   0.76057
   1515.8   0.76061
   1516.7   0.76061
   1517.6   0.76062
   1518.5   0.76064
   1519.4   0.76072
   1520.3   0.76081
   1521.2   0.76081
   1522.1   0.76075
   1523.0   0.76074
   1523.8   0.76073
   1524.7   0.76071
   1525.6   0.76071
   1526.5   0.76073
   1527.4   0.76075
   1528.3   0.76073
   1529.2   0.76075
   1530.1   0.76082
   1531.0   0.76082
   1532.0   0.76084
   1532.9   0.76089
   1533.8   0.76098
   1534.7   0.76107
   1535.6   0.76113
   1536.5   0.76123
   1537.4   0.76129
   1538.3   0.76131
   1539.2   0.76134
   1540.1   0.76141
   1541.1   0.76144
   1542.0   0.76143
   1542.9   0.76144
   1543.8   0.76144
   1544.7   0.76143
   1545.7   0.76141
   1546.6   0.76140
   1547.5   0.76141
   1548.4   0.76139
   1549.4   0.76135
   1550.3   0.76134
   1551.2   0.76135
   1552.1   0.76138
   1553.1   0.76143
   1554.0   0.76153
   1554.9   0.76165
   1555.9   0.76173
   1556.8   0.76180
   1557.7   0.76187
   1558.7   0.76195
   1559.6   0.76205
   1560.5   0.76210
   1561.5   0.76213
   1562.4   0.76215
   1563.4   0.76216
   1564.3   0.76218
   1565.3   0.76223
   1566.2   0.76228
   1567.2   0.76231
   1568.1   0.76229
   1569.0   0.76227
   1570.0   0.76225
   1570.9   0.76223
   1571.9   0.76222
   1572.9   0.76226
   1573.8   0.76232
   1574.8   0.76241
   1575.7   0.76243
   1576.7   0.76246
   1577.6   0.76254
   1578.6   0.76264
   1579.6   0.76273
   1580.5   0.76278
   1581.5   0.76278
   1582.5   0.76278
   1583.4   0.76283
   1584.4   0.76287
   1585.4   0.76285
   1586.3   0.76281
   1587.3   0.76281
   1588.3   0.76284
   1589.3   0.76287
   1590.2   0.76292
   1591.2   0.76292
   1592.2   0.76286
   1593.2   0.76280
   1594.1   0.76284
   1595.1   0.76289
   1596.1   0.76285
   1597.1   0.76279
   1598.1   0.76280
   1599.1   0.76285
   1600.0   0.76286
   1601.0   0.76285
   1602.0   0.76294
   1603.0   0.76303
   1604.0   0.76310
   1605.0   0.76315
   1606.0   0.76317
   1607.0   0.76318
   1608.0   0.76317
   1609.0   0.76320
   1610.0   0.76326
   1611.0   0.76325
   1612.0   0.76321
   1613.0   0.76321
   1614.0   0.76328
   1615.0   0.76339
   1616.0   0.76344
   1617.0   0.76348
   1618.0   0.76353
   1619.0   0.76359
   1620.0   0.76366
   1621.1   0.76369
   1622.1   0.76365
   1623.1   0.76358
   1624.1   0.76351
   1625.1   0.76350
   1626.1   0.76351
   1627.2   0.76353
   1628.2   0.76351
   1629.2   0.76343
   1630.2   0.76338
   1631.3   0.76339
   1632.3   0.76341
   1633.3   0.76343
   1634.3   0.76344
   1635.4   0.76342
   1636.4   0.76337
   1637.4   0.76341
   1638.5   0.76348
   1639.5   0.76350
   1640.5   0.76354
   1641.6   0.76364
   1642.6   0.76372
   1643.7   0.76378
   1644.7   0.76385
   1645.8   0.76395
   1646.8   0.76399
   1647.8   0.76403
   1648.9   0.76416
   1649.9   0.76419
   1651.0   0.76417
   1652.1   0.76420
   1653.1   0.76424
   1654.2   0.76423
   1655.2   0.76422
   1656.3   0.76420
   1657.3   0.76420
   1658.4   0.76416
   1659.5   0.76417
   1660.5   0.76419
   1661.6   0.76417
   1662.6   0.76417
   1663.7   0.76422
   1664.8   0.76430
   1665.9   0.76441
   1666.9   0.76449
   1668.0   0.76458
   1669.1   0.76465
   1670.1   0.76472
   1671.2   0.76484
   1672.3   0.76491
   1673.4   0.76496
   1674.5   0.76499
   1675.5   0.76504
   1676.6   0.76509
   1677.7   0.76510
   1678.8   0.76515
   1679.9   0.76523
   1681.0   0.76528
   1682.1   0.76535
   1683.2   0.76545
   1684.3   0.76554
   1685.3   0.76558
   1686.4   0.76564
   1687.5   0.76574
   1688.6   0.76583
   1689.7   0.76588
   1690.8   0.76594
   1692.0   0.76600
   1693.1   0.76603
   1694.2   0.76610
   1695.3   0.76620
   1696.4   0.76626
   1697.5   0.76632
   1698.6   0.76641
   1699.7   0.76651
   1700.8   0.76660
   1701.9   0.76670
   1703.1   0.76673
   1704.2   0.76670
   1705.3   0.76672
   1706.4   0.76679
   1707.6   0.76676
   1708.7   0.76666
   1709.8   0.76653
   1710.9   0.76640
   1712.1   0.76630
   1713.2   0.76624
   1714.3   0.76618
   1715.5   0.76605
   1716.6   0.76592
   1717.7   0.76587
   1718.9   0.76585
   1720.0   0.76584
   1721.2   0.76579
   1722.3   0.76570
   1723.4   0.76565
   1724.6   0.76565
   1725.7   0.76564
   1726.9   0.76563
   1728.0   0.76562
   1729.2   0.76559
   1730.4   0.76560
   1731.5   0.76562
   1732.7   0.76560
   1733.8   0.76561
   1735.0   0.76566
   1736.1   0.76565
   1737.3   0.76561
   1738.5   0.76563
   1739.6   0.76566
   1740.8   0.76564
   1742.0   0.76565
   1743.2   0.76571
   1744.3   0.76572
   1745.5   0.76561
   1746.7   0.76559
   1747.9   0.76563
   1749.0   0.76562
   1750.2   0.76561
   1751.4   0.76560
   1752.6   0.76555
   1753.8   0.76545
   1755.0   0.76536
   1756.1   0.76531
   1757.3   0.76522
   1758.5   0.76510
   1759.7   0.76500
   1760.9   0.76489
   1762.1   0.76481
   1763.3   0.76473
   1764.5   0.76464
   1765.7   0.76460
   1766.9   0.76463
   1768.1   0.76460
   1769.3   0.76453
   1770.5   0.76446
   1771.7   0.76437
   1773.0   0.76426
   1774.2   0.76418
   1775.4   0.76414
   1776.6   0.76404
   1777.8   0.76391
   1779.0   0.76379
   1780.3   0.76368
   1781.5   0.76362
   1782.7   0.76357
   1783.9   0.76356
   1785.2   0.76358
   1786.4   0.76356
   1787.6   0.76352
   1788.9   0.76348
   1790.1   0.76344
   1791.3   0.76337
   1792.6   0.76328
   1793.8   0.76318
   1795.1   0.76307
   1796.3   0.76292
   1797.6   0.76283
   1798.8   0.76274
   1800.0   0.76263
   1801.3   0.76258
   1802.6   0.76256
   1803.8   0.76252
   1805.1   0.76247
   1806.3   0.76243
   1807.6   0.76240
   1808.8   0.76231
   1810.1   0.76224
   1811.4   0.76221
   1812.6   0.76218
   1813.9   0.76211
   1815.2   0.76204
   1816.4   0.76197
   1817.7   0.76189
   1819.0   0.76179
   1820.3   0.76174
   1821.6   0.76171
   1822.8   0.76172
   1824.1   0.76172
   1825.4   0.76169
   1826.7   0.76161
   1828.0   0.76150
   1829.3   0.76138
   1830.6   0.76131
   1831.8   0.76121
   1833.1   0.76109
   1834.4   0.76095
   1835.7   0.76079
   1837.0   0.76069
   1838.3   0.76062
   1839.7   0.76057
   1841.0   0.76054
   1842.3   0.76044
   1843.6   0.76037
   1844.9   0.76027
   1846.2   0.76009
   1847.5   0.75991
   1848.8   0.75976
   1850.2   0.75958
   1851.5   0.75939
   1852.8   0.75921
   1854.1   0.75904
   1855.5   0.75882
   1856.8   0.75861
   1858.1   0.75839
   1859.4   0.75817
   1860.8   0.75787
   1862.1   0.75753
   1863.5   0.75707
   1864.8   0.75653
   1866.1   0.75596
   1867.5   0.75538
   1868.8   0.75469
   1870.2   0.75393
   1871.5   0.75307
   1872.9   0.75209
   1874.2   0.75102
   1875.6   0.74991
   1876.9   0.74863
   1878.3   0.74712
   1879.7   0.74534
   1881.0   0.74341
   1882.4   0.74134
   1883.8   0.73903
   1885.1   0.73648
   1886.5   0.73372
   1887.9   0.73069
   1889.3   0.72742
   1890.6   0.72392
   1892.0   0.72024
   1893.4   0.71624
   1894.8   0.71193
   1896.2   0.70751
   1897.6   0.70304
   1899.0   0.69862
   1900.3   0.69441
   1901.7   0.69054
   1903.1   0.68717
   1904.5   0.68327
   1905.9   0.68118
   1907.3   0.67991
   1908.7   0.68069
   1910.1   0.68091
   1911.6   0.68176
   1913.0   0.68314
   1914.4   0.68488
   1915.8   0.68691
   1917.2   0.68920
   1918.6   0.69165
   1920.0   0.69411
   1921.5   0.69654
   1922.9   0.69898
   1924.3   0.70135
   1925.8   0.70365
   1927.2   0.70587
   1928.6   0.70796
   1930.1   0.70986
   1931.5   0.71161
   1932.9   0.71325
   1934.4   0.71473
   1935.8   0.71611
   1937.3   0.71742
   1938.7   0.71862
   1940.2   0.71972
   1941.6   0.72076
   1943.1   0.72176
   1944.5   0.72268
   1946.0   0.72363
   1947.5   0.72458
   1948.9   0.72546
   1950.4   0.72624
   1951.9   0.72696
   1953.3   0.72768
   1954.8   0.72844
   1956.3   0.72924
   1957.8   0.73001
   1959.2   0.73067
   1960.7   0.73131
   1962.2   0.73195
   1963.7   0.73263
   1965.2   0.73329
   1966.7   0.73388
   1968.2   0.73443
   1969.7   0.73497
   1971.2   0.73546
   1972.7   0.73596
   1974.2   0.73642
   1975.7   0.73685
   1977.2   0.73723
   1978.7   0.73763
   1980.2   0.73810
   1981.7   0.73852
   1983.2   0.73887
   1984.7   0.73920
   1986.3   0.73955
   1987.8   0.73990
   1989.3   0.74028
   1990.8   0.74071
   1992.4   0.74113
   1993.9   0.74152
   1995.4   0.74191
   1997.0   0.74229
   1998.5   0.74269
   2000.1   0.74306
   2001.6   0.74344
   2003.1   0.74383
   2004.7   0.74415
   2006.2   0.74445
   2007.8   0.74476
   2009.4   0.74504
   2010.9   0.74531
   2012.5   0.74556
   2014.0   0.74585
   2015.6   0.74614
   2017.2   0.74645
   2018.7   0.74679
   2020.3   0.74709
   2021.9   0.74735
   2023.5   0.74765
   2025.1   0.74795
   2026.6   0.74827
   2028.2   0.74853
   2029.8   0.74874
   2031.4   0.74889
   2033.0   0.74899
   2034.6   0.74916
   2036.2   0.74937
   2037.8   0.74952
   2039.4   0.74960
   2041.0   0.74967
   2042.6   0.74973
   2044.2   0.74976
   2045.8   0.74976
   2047.4   0.74980
   2049.1   0.74984
   2050.7   0.74981
   2052.3   0.74980
   2053.9   0.74981
   2055.6   0.74979
   2057.2   0.74971
   2058.8   0.74964
   2060.5   0.74958
   2062.1   0.74942
   2063.7   0.74916
   2065.4   0.74892
   2067.0   0.74867
   2068.7   0.74839
   2070.3   0.74810
   2072.0   0.74782
   2073.7   0.74752
   2075.3   0.74720
   2077.0   0.74689
   2078.6   0.74661
   2080.3   0.74627
   2082.0   0.74597
   2083.7   0.74568
   2085.3   0.74537
   2087.0   0.74512
   2088.7   0.74492
   2090.4   0.74472
   2092.1   0.74451
   2093.8   0.74430
   2095.4   0.74417
   2097.1   0.74405
   2098.8   0.74392
   2100.5   0.74385
   2102.2   0.74380
   2104.0   0.74375
   2105.7   0.74373
   2107.4   0.74379
   2109.1   0.74385
   2110.8   0.74389
   2112.5   0.74394
   2114.2   0.74397
   2116.0   0.74396
   2117.7   0.74389
   2119.4   0.74381
   2121.2   0.74372
   2122.9   0.74355
   2124.6   0.74337
   2126.4   0.74315
   2128.1   0.74287
   2129.9   0.74257
   2131.6   0.74225
   2133.4   0.74188
   2135.1   0.74139
   2136.9   0.74086
   2138.7   0.74032
   2140.4   0.73969
   2142.2   0.73901
   2144.0   0.73830
   2145.8   0.73752
   2147.5   0.73666
   2149.3   0.73572
   2151.1   0.73464
   2152.9   0.73335
   2154.7   0.73186
   2156.5   0.73019
   2158.3   0.72826
   2160.1   0.72595
   2161.9   0.72328
   2163.7   0.72025
   2165.5   0.71687
   2167.3   0.71313
   2169.1   0.70907
   2170.9   0.70473
   2172.7   0.70011
   2174.6   0.69526
   2176.4   0.69033
   2178.2   0.68529
   2180.0   0.68015
   2181.9   0.67510
   2183.7   0.67017
   2185.6   0.66536
   2187.4   0.66064
   2189.2   0.65611
   2191.1   0.65186
   2193.0   0.64785
   2194.8   0.64425
   2196.7   0.64109
   2198.5   0.63826
   2200.4   0.63588
   2202.3   0.63405
   2204.1   0.63290
   2206.0   0.63243
   2207.9   0.63259
   2209.8   0.63344
   2211.7   0.63489
   2213.6   0.63688
   2215.4   0.63937
   2217.3   0.64229
   2219.2   0.64545
   2221.1   0.64865
   2223.0   0.65187
   2225.0   0.65502
   2226.9   0.65803
   2228.8   0.66088
   2230.7   0.66360
   2232.6   0.66624
   2234.5   0.66880
   2236.5   0.67140
   2238.4   0.67410
   2240.3   0.67691
   2242.3   0.67985
   2244.2   0.68288
   2246.2   0.68598
   2248.1   0.68911
   2250.1   0.69221
   2252.0   0.69517
   2254.0   0.69796
   2255.9   0.70060
   2257.9   0.70301
   2259.9   0.70513
   2261.8   0.70702
   2263.8   0.70868
   2265.8   0.71006
   2267.8   0.71118
   2269.8   0.71211
   2271.8   0.71286
   2273.7   0.71333
   2275.7   0.71353
   2277.7   0.71359
   2279.7   0.71345
   2281.7   0.71313
   2283.8   0.71264
   2285.8   0.71205
   2287.8   0.71134
   2289.8   0.71050
   2291.8   0.70958
   2293.9   0.70857
   2295.9   0.70742
   2297.9   0.70621
   2300.0   0.70501
   2302.0   0.70373
   2304.1   0.70233
   2306.1   0.70085
   2308.2   0.69934
   2310.2   0.69780
   2312.3   0.69624
   2314.3   0.69466
   2316.4   0.69305
   2318.5   0.69133
   2320.6   0.68960
   2322.6   0.68792
   2324.7   0.68625
   2326.8   0.68454
   2328.9   0.68277
   2331.0   0.68096
   2333.1   0.67908
   2335.2   0.67718
   2337.3   0.67529
   2339.4   0.67342
   2341.5   0.67155
   2343.6   0.66964
   2345.8   0.66779
   2347.9   0.66605
   2350.0   0.66444
   2352.1   0.66295
   2354.3   0.66155
   2356.4   0.66022
   2358.6   0.65895
   2360.7   0.65779
   2362.9   0.65679
   2365.0   0.65586
   2367.2   0.65490
   2369.3   0.65395
   2371.5   0.65310
   2373.7   0.65232
   2375.9   0.65156
   2378.0   0.65080
   2380.2   0.64999
   2382.4   0.64911
   2384.6   0.64823
   2386.8   0.64741
   2389.0   0.64662
   2391.2   0.64578
   2393.4   0.64492
   2395.6   0.64409
   2397.8   0.64324
   2400.1   0.64240
   2402.3   0.64157
   2404.5   0.64075
   2406.7   0.63995
   2409.0   0.63912
   2411.2   0.63823
   2413.5   0.63727
   2415.7   0.63629
   2418.0   0.63529
   2420.2   0.63425
   2422.5   0.63322
   2424.8   0.63212
   2427.0   0.63095
   2429.3   0.62977
   2431.6   0.62868
   2433.9   0.62761
   2436.2   0.62653
   2438.4   0.62551
   2440.7   0.62457
   2443.0   0.62372
   2445.3   0.62297
   2447.7   0.62237
   2450.0   0.62189
   2452.3   0.62144
   2454.6   0.62106
   2456.9   0.62078
   2459.3   0.62059
   2461.6   0.62047
   2463.9   0.62040
   2466.3   0.62042
   2468.6   0.62046
   2471.0   0.62050
   2473.3   0.62060
   2475.7   0.62070
   2478.1   0.62079
   2480.4   0.62087
   2482.8   0.62089
   2485.2   0.62077
   2487.6   0.62051
   2490.0   0.62011
   2492.4   0.61961
   2494.8   0.61901
   2497.2   0.61830
   2499.6   0.61750
   2502.0   0.61663
   2504.4   0.61568
   2506.8   0.61475
   2509.3   0.61385
   2511.7   0.61294
   2514.1   0.61203
   2516.6   0.61108
   2519.0   0.61014
   2521.5   0.60920
   2523.9   0.60827
   2526.4   0.60738
   2528.8   0.60647
   2531.3   0.60558
   2533.8   0.60477
   2536.3   0.60399
   2538.8   0.60326
   2541.2   0.60260
   2543.7   0.60201
   2546.2   0.60145
   2548.7   0.60085
   2551.2   0.60023
   2553.8   0.59957
   2556.3   0.59889
   2558.8   0.59826
   2561.3   0.59761
   2563.9   0.59685
   2566.4   0.59604
   2568.9   0.59525
   2571.5   0.59448
   2574.0   0.59369
   2576.6   0.59289
   2579.2   0.59199
   2581.7   0.59097
   2584.3   0.58983
   2586.9   0.58861
   2589.5   0.58738
   2592.1   0.58604
   2594.7   0.58453
   2597.3   0.58291
   2599.9   0.58119
   2602.5   0.57941
   2605.1   0.57760
   2607.7   0.57574
   2610.3   0.57383
   2613.0   0.57178
   2615.6   0.56966
   2618.3   0.56749
   2620.9   0.56521
   2623.6   0.56283
   2626.2   0.56037
   2628.9   0.55782
   2631.5   0.55524
   2634.2   0.55261
   2636.9   0.54980
   2639.6   0.54686
   2642.3   0.54383
   2645.0   0.54069
   2647.7   0.53735
   2650.4   0.53372
   2653.1   0.52975
   2655.8   0.52535
   2658.5   0.52034
   2661.3   0.51457
   2664.0   0.50937
   2666.7   0.50179
   2669.5   0.49296
   2672.2   0.48439
   2675.0   0.47344
   2677.8   0.46053
   2680.5   0.44227
   2683.3   0.41710
   2686.1   0.38289
   2688.9   0.34120
   2691.7   0.29702
   2694.5   0.25660
   2697.3   0.22216
   2700.1   0.19664
   2700.1   0.18753
   2701.5   0.18095
   2702.9   0.17459
   2704.3   0.16935
   2705.7   0.16286
   2707.1   0.15851
   2708.5   0.15409
   2710.0   0.14985
   2711.4   0.14540
   2712.8   0.14161
   2714.2   0.13716
   2715.6   0.13244
   2717.1   0.12671
   2718.5   0.12155
   2719.9   0.11604
   2721.3   0.11026
   2722.8   0.10449
   2724.2   0.09884
   2725.6   0.09332
   2727.1   0.08798
   2728.5   0.08324
   2729.9   0.07901
   2731.4   0.07436
   2732.8   0.07091
   2734.2   0.06831
   2735.7   0.06536
   2737.1   0.06278
   2738.6   0.06077
   2740.0   0.05910
   2741.5   0.05743
   2742.9   0.05581
   2744.4   0.05422
   2745.8   0.05291
   2747.3   0.05189
   2748.7   0.05118
   2750.2   0.05087
   2751.7   0.05052
   2753.1   0.05021
   2754.6   0.05018
   2756.1   0.05051
   2757.5   0.05110
   2759.0   0.05181
   2760.5   0.05279
   2761.9   0.05383
   2763.4   0.05478
   2764.9   0.05594
   2766.3   0.05739
   2767.8   0.05909
   2769.3   0.06089
   2770.8   0.06277
   2772.3   0.06494
   2773.7   0.06725
   2775.2   0.06965
   2776.7   0.07220
   2778.2   0.07490
   2779.7   0.07779
   2781.2   0.08071
   2782.7   0.08380
   2784.2   0.08702
   2785.7   0.09021
   2787.2   0.09357
   2788.7   0.09708
   2790.2   0.10065
   2791.7   0.10432
   2793.2   0.10798
   2794.7   0.11148
   2796.2   0.11490
   2797.7   0.11835
   2799.2   0.12175
   2800.7   0.12482
   2802.2   0.12772
   2803.8   0.13069
   2805.3   0.13357
   2806.8   0.13628
   2808.3   0.13905
   2809.8   0.14179
   2811.4   0.14455
   2812.9   0.14720
   2814.4   0.14973
   2815.9   0.15212
   2817.5   0.15433
   2819.0   0.15657
   2820.5   0.15872
   2822.1   0.16071
   2823.6   0.16249
   2825.1   0.16413
   2826.7   0.16568
   2828.2   0.16712
   2829.8   0.16856
   2831.3   0.17002
   2832.9   0.17142
   2834.4   0.17282
   2836.0   0.17409
   2837.5   0.17529
   2839.1   0.17643
   2840.6   0.17767
   2842.2   0.17909
   2843.7   0.18046
   2845.3   0.18162
   2846.9   0.18264
   2848.4   0.18364
   2850.0   0.18462
   2851.6   0.18563
   2853.1   0.18658
   2854.7   0.18738
   2856.3   0.18807
   2857.8   0.18888
   2859.4   0.18984
   2861.0   0.19065
   2862.6   0.19129
   2864.2   0.19203
   2865.7   0.19270
   2867.3   0.19347
   2868.9   0.19429
   2870.5   0.19513
   2872.1   0.19597
   2873.7   0.19673
   2875.3   0.19751
   2876.9   0.19825
   2878.5   0.19890
   2880.1   0.19954
   2881.7   0.20006
   2883.3   0.20047
   2884.9   0.20100
   2886.5   0.20156
   2888.1   0.20207
   2889.7   0.20269
   2891.3   0.20348
   2892.9   0.20419
   2894.5   0.20476
   2896.2   0.20544
   2897.8   0.20637
   2899.4   0.20717
   2901.0   0.20777
   2902.7   0.20835
   2904.3   0.20899
   2905.9   0.20962
   2907.5   0.21028
   2909.2   0.21108
   2910.8   0.21190
   2912.4   0.21253
   2914.1   0.21325
   2915.7   0.21406
   2917.4   0.21478
   2919.0   0.21535
   2920.6   0.21604
   2922.3   0.21692
   2923.9   0.21771
   2925.6   0.21831
   2927.2   0.21891
   2928.9   0.21931
   2930.5   0.21975
   2932.2   0.22040
   2933.9   0.22114
   2935.5   0.22176
   2937.2   0.22222
   2938.9   0.22272
   2940.5   0.22340
   2942.2   0.22408
   2943.9   0.22476
   2945.5   0.22539
   2947.2   0.22606
   2948.9   0.22681
   2950.6   0.22750
   2952.2   0.22826
   2953.9   0.22904
   2955.6   0.22965
   2957.3   0.23023
   2959.0   0.23090
   2960.7   0.23169
   2962.4   0.23235
   2964.1   0.23285
   2965.8   0.23340
   2967.4   0.23401
   2969.1   0.23470
   2970.9   0.23543
   2972.6   0.23616
   2974.3   0.23692
   2976.0   0.23759
   2977.7   0.23828
   2979.4   0.23906
   2981.1   0.23976
   2982.8   0.24044
   2984.5   0.24115
   2986.3   0.24197
   2988.0   0.24283
   2989.7   0.24363
   2991.4   0.24437
   2993.1   0.24510
   2994.9   0.24584
   2996.6   0.24666
   2998.3   0.24746
   3000.1   0.24823
   3001.8   0.24901
   3003.6   0.24978
   3005.3   0.25063
   3007.0   0.25155
   3008.8   0.25243
   3010.5   0.25334
   3012.3   0.25419
   3014.0   0.25491
   3015.8   0.25551
   3017.5   0.25615
   3019.3   0.25685
   3021.1   0.25740
   3022.8   0.25781
   3024.6   0.25818
   3026.3   0.25851
   3028.1   0.25894
   3029.9   0.25955
   3031.7   0.26028
   3033.4   0.26089
   3035.2   0.26138
   3037.0   0.26184
   3038.8   0.26239
   3040.5   0.26306
   3042.3   0.26373
   3044.1   0.26422
   3045.9   0.26445
   3047.7   0.26458
   3049.5   0.26479
   3051.3   0.26502
   3053.1   0.26534
   3054.9   0.26564
   3056.7   0.26584
   3058.5   0.26610
   3060.3   0.26645
   3062.1   0.26690
   3063.9   0.26736
   3065.7   0.26775
   3067.5   0.26812
   3069.4   0.26841
   3071.2   0.26864
   3073.0   0.26891
   3074.8   0.26912
   3076.6   0.26932
   3078.5   0.26945
   3080.3   0.26956
   3082.1   0.26967
   3084.0   0.26973
   3085.8   0.26991
   3087.6   0.27027
   3089.5   0.27068
   3091.3   0.27104
   3093.2   0.27140
   3095.0   0.27193
   3096.9   0.27251
   3098.7   0.27305
   3100.6   0.27369
   3102.4   0.27432
   3104.3   0.27489
   3106.1   0.27548
   3108.0   0.27604
   3109.9   0.27659
   3111.7   0.27717
   3113.6   0.27776
   3115.5   0.27836
   3117.3   0.27903
   3119.2   0.27969
   3121.1   0.28039
   3123.0   0.28109
   3124.9   0.28183
   3126.7   0.28266
   3128.6   0.28341
   3130.5   0.28413
   3132.4   0.28491
   3134.3   0.28570
   3136.2   0.28664
   3138.1   0.28756
   3140.0   0.28837
   3141.9   0.28917
   3143.8   0.28990
   3145.7   0.29064
   3147.6   0.29145
   3149.5   0.29233
   3151.4   0.29328
   3153.4   0.29409
   3155.3   0.29486
   3157.2   0.29567
   3159.1   0.29657
   3161.1   0.29755
   3163.0   0.29853
   3164.9   0.29951
   3166.9   0.30050
   3168.8   0.30134
   3170.7   0.30225
   3172.7   0.30324
   3174.6   0.30426
   3176.6   0.30529
   3178.5   0.30631
   3180.5   0.30741
   3182.4   0.30849
   3184.4   0.30944
   3186.3   0.31040
   3188.3   0.31129
   3190.2   0.31216
   3192.2   0.31312
   3194.2   0.31411
   3196.1   0.31504
   3198.1   0.31586
   3200.1   0.31669
   3202.1   0.31761
   3204.0   0.31853
   3206.0   0.31948
   3208.0   0.32049
   3210.0   0.32144
   3212.0   0.32229
   3214.0   0.32323
   3216.0   0.32428
   3218.0   0.32531
   3220.0   0.32628
   3222.0   0.32723
   3224.0   0.32824
   3226.0   0.32924
   3228.0   0.33021
   3230.0   0.33116
   3232.0   0.33202
   3234.0   0.33285
   3236.0   0.33375
   3238.1   0.33469
   3240.1   0.33563
   3242.1   0.33653
   3244.1   0.33738
   3246.2   0.33825
   3248.2   0.33925
   3250.2   0.34034
   3252.3   0.34133
   3254.3   0.34227
   3256.4   0.34326
   3258.4   0.34427
   3260.5   0.34522
   3262.5   0.34621
   3264.6   0.34730
   3266.6   0.34833
   3268.7   0.34921
   3270.7   0.35010
   3272.8   0.35107
   3274.9   0.35202
   3276.9   0.35298
   3279.0   0.35398
   3281.1   0.35496
   3283.2   0.35587
   3285.3   0.35670
   3287.3   0.35761
   3289.4   0.35864
   3291.5   0.35968
   3293.6   0.36059
   3295.7   0.36147
   3297.8   0.36245
   3299.9   0.36350
   3302.0   0.36446
   3304.1   0.36541
   3306.2   0.36642
   3308.3   0.36740
   3310.4   0.36834
   3312.5   0.36935
   3314.7   0.37033
   3316.8   0.37121
   3318.9   0.37201
   3321.0   0.37291
   3323.2   0.37393
   3325.3   0.37484
   3327.4   0.37557
   3329.6   0.37625
   3331.7   0.37698
   3333.8   0.37778
   3336.0   0.37848
   3338.1   0.37905
   3340.3   0.37956
   3342.4   0.38004
   3344.6   0.38058
   3346.8   0.38122
   3348.9   0.38186
   3351.1   0.38250
   3353.3   0.38313
   3355.4   0.38383
   3357.6   0.38461
   3359.8   0.38545
   3362.0   0.38623
   3364.1   0.38706
   3366.3   0.38800
   3368.5   0.38896
   3370.7   0.38986
   3372.9   0.39062
   3375.1   0.39143
   3377.3   0.39240
   3379.5   0.39337
   3381.7   0.39436
   3383.9   0.39525
   3386.1   0.39609
   3388.3   0.39694
   3390.5   0.39781
   3392.8   0.39873
   3395.0   0.39961
   3397.2   0.40038
   3399.4   0.40110
   3401.7   0.40176
   3403.9   0.40249
   3406.1   0.40325
   3408.4   0.40406
   3410.6   0.40495
   3412.9   0.40593
   3415.1   0.40693
   3417.4   0.40791
   3419.6   0.40892
   3421.9   0.41007
   3424.1   0.41129
   3426.4   0.41247
   3428.7   0.41358
   3430.9   0.41465
   3433.2   0.41573
   3435.5   0.41681
   3437.8   0.41788
   3440.0   0.41894
   3442.3   0.41992
   3444.6   0.42072
   3446.9   0.42151
   3449.2   0.42234
   3451.5   0.42313
   3453.8   0.42389
   3456.1   0.42462
   3458.4   0.42521
   3460.7   0.42569
   3463.0   0.42616
   3465.3   0.42672
   3467.6   0.42715
   3470.0   0.42746
   3472.3   0.42777
   3474.6   0.42806
   3477.0   0.42832
   3479.3   0.42880
   3481.6   0.42944
   3484.0   0.43010
   3486.3   0.43081
   3488.7   0.43169
   3491.0   0.43264
   3493.4   0.43359
   3495.7   0.43465
   3498.1   0.43583
   3500.4   0.43698
   3502.8   0.43806
   3505.2   0.43918
   3507.5   0.44030
   3509.9   0.44141
   3512.3   0.44261
   3514.7   0.44387
   3517.1   0.44517
   3519.4   0.44646
   3521.8   0.44766
   3524.2   0.44892
   3526.6   0.45025
   3529.0   0.45157
   3531.4   0.45285
   3533.8   0.45419
   3536.2   0.45545
   3538.7   0.45660
   3541.1   0.45767
   3543.5   0.45880
   3545.9   0.45995
   3548.3   0.46103
   3550.8   0.46201
   3553.2   0.46301
   3555.6   0.46396
   3558.1   0.46490
   3560.5   0.46583
   3563.0   0.46681
   3565.4   0.46779
   3567.9   0.46871
   3570.3   0.46964
   3572.8   0.47060
   3575.3   0.47149
   3577.7   0.47229
   3580.2   0.47304
   3582.7   0.47380
   3585.2   0.47453
   3587.6   0.47530
   3590.1   0.47599
   3592.6   0.47661
   3595.1   0.47726
   3597.6   0.47796
   3600.1   0.47867
   3602.6   0.47941
   3605.1   0.48010
   3607.6   0.48071
   3610.1   0.48127
   3612.6   0.48188
   3615.2   0.48253
   3617.7   0.48305
   3620.2   0.48348
   3622.7   0.48396
   3625.3   0.48443
   3627.8   0.48486
   3630.3   0.48536
   3632.9   0.48584
   3635.4   0.48621
   3638.0   0.48646
   3640.5   0.48678
   3643.1   0.48725
   3645.7   0.48762
   3648.2   0.48786
   3650.8   0.48812
   3653.4   0.48834
   3655.9   0.48854
   3658.5   0.48882
   3661.1   0.48925
   3663.7   0.48976
   3666.3   0.49011
   3668.9   0.49041
   3671.5   0.49084
   3674.1   0.49131
   3676.7   0.49179
   3679.3   0.49228
   3681.9   0.49275
   3684.5   0.49313
   3687.2   0.49341
   3689.8   0.49376
   3692.4   0.49419
   3695.0   0.49468
   3697.7   0.49520
   3700.3   0.49572
   3703.0   0.49623
   3705.6   0.49679
   3708.3   0.49736
   3710.9   0.49796
   3713.6   0.49860
   3716.2   0.49923
   3718.9   0.49985
   3721.6   0.50044
   3724.2   0.50110
   3726.9   0.50175
   3729.6   0.50231
   3732.3   0.50287
   3735.0   0.50342
   3737.7   0.50404
   3740.4   0.50467
   3743.1   0.50526
   3745.8   0.50586
   3748.5   0.50644
   3751.2   0.50700
   3753.9   0.50764
   3756.6   0.50824
   3759.3   0.50876
   3762.1   0.50923
   3764.8   0.50969
   3767.5   0.51022
   3770.3   0.51071
   3773.0   0.51108
   3775.8   0.51141
   3778.5   0.51171
   3781.3   0.51204
   3784.0   0.51241
   3786.8   0.51269
   3789.6   0.51281
   3792.3   0.51283
   3795.1   0.51279
   3797.9   0.51272
   3800.7   0.51260
   3803.5   0.51246
   3806.3   0.51235
   3809.1   0.51221
   3811.9   0.51199
   3814.7   0.51176
   3817.5   0.51148
   3820.3   0.51120
   3823.1   0.51101
   3825.9   0.51092
   3828.8   0.51072
   3831.6   0.51040
   3834.4   0.51013
   3837.3   0.50995
   3840.1   0.50985
   3842.9   0.50981
   3845.8   0.50977
   3848.7   0.50965
   3851.5   0.50950
   3854.4   0.50947
   3857.2   0.50947
   3860.1   0.50935
   3863.0   0.50928
   3865.9   0.50927
   3868.8   0.50929
   3871.6   0.50936
   3874.5   0.50950
   3877.4   0.50969
   3880.3   0.50984
   3883.2   0.50996
   3886.2   0.51014
   3889.1   0.51031
   3892.0   0.51040
   3894.9   0.51047
   3897.8   0.51052
   3900.8   0.51051
   3903.7   0.51045
   3906.7   0.51033
   3909.6   0.51024
   3912.6   0.51012
   3915.5   0.50994
   3918.5   0.50981
   3921.4   0.50960
   3924.4   0.50929
   3927.4   0.50890
   3930.4   0.50831
   3933.3   0.50758
   3936.3   0.50673
   3939.3   0.50569
   3942.3   0.50456
   3945.3   0.50326
   3948.3   0.50184
   3951.3   0.50036
   3954.3   0.49894
   3957.4   0.49767
   3960.4   0.49647
   3963.4   0.49537
   3966.4   0.49449
   3969.5   0.49375
   3972.5   0.49320
   3975.6   0.49286
   3978.6   0.49275
   3981.7   0.49285
   3984.7   0.49316
   3987.8   0.49375
   3990.9   0.49464
   3993.9   0.49575
   3997.0   0.49699
   4000.1   0.49831
   4003.2   0.49982
   4006.3   0.50135
   4009.4   0.50281
   4012.5   0.50427
   4015.6   0.50574
   4018.7   0.50714
   4021.8   0.50846
   4024.9   0.50977
   4028.1   0.51103
   4031.2   0.51225
   4034.3   0.51350
   4037.5   0.51473
   4040.6   0.51592
   4043.8   0.51698
   4046.9   0.51792
   4050.1   0.51876
   4053.3   0.51958
   4056.4   0.52035
   4059.6   0.52094
   4062.8   0.52141
   4066.0   0.52186
   4069.2   0.52223
   4072.4   0.52257
   4075.6   0.52283
   4078.8   0.52311
   4082.0   0.52336
   4085.2   0.52355
   4088.4   0.52374
   4091.7   0.52392
   4094.9   0.52408
   4098.1   0.52420
   4101.4   0.52428
   4104.6   0.52440
   4107.9   0.52443
   4111.1   0.52440
   4114.4   0.52439
   4117.7   0.52436
   4120.9   0.52434
   4124.2   0.52430
   4127.5   0.52424
   4130.8   0.52420
   4134.1   0.52414
   4137.4   0.52415
   4140.7   0.52415
   4144.0   0.52411
   4147.3   0.52410
   4150.6   0.52404
   4154.0   0.52394
   4157.3   0.52390
   4160.6   0.52382
   4164.0   0.52375
   4167.3   0.52367
   4170.7   0.52355
   4174.0   0.52345
   4177.4   0.52334
   4180.8   0.52328
   4184.1   0.52328
   4187.5   0.52319
   4190.9   0.52309
   4194.3   0.52301
   4197.7   0.52286
   4201.1   0.52267
   4204.5   0.52255
   4207.9   0.52250
   4211.3   0.52234
   4214.7   0.52210
   4218.2   0.52199
   4221.6   0.52192
   4225.0   0.52181
   4228.5   0.52173
   4231.9   0.52174
   4235.4   0.52175
   4238.9   0.52175
   4242.3   0.52173
   4245.8   0.52158
   4249.3   0.52123
   4252.8   0.52084
   4256.3   0.52054
   4259.8   0.52030
   4263.3   0.52010
   4266.8   0.51990
   4270.3   0.51956
   4273.8   0.51921
   4277.3   0.51900
   4280.9   0.51887
   4284.4   0.51877
   4288.0   0.51866
   4291.5   0.51850
   4295.1   0.51831
   4298.6   0.51804
   4302.2   0.51785
   4305.8   0.51777
   4309.3   0.51769
   4312.9   0.51760
   4316.5   0.51752
   4320.1   0.51735
   4323.7   0.51713
   4327.3   0.51688
   4330.9   0.51668
   4334.6   0.51646
   4338.2   0.51618
   4341.8   0.51587
   4345.5   0.51557
   4349.1   0.51521
   4352.8   0.51485
   4356.4   0.51452
   4360.1   0.51417
   4363.8   0.51376
   4367.4   0.51332
   4371.1   0.51291
   4374.8   0.51252
   4378.5   0.51212
   4382.2   0.51178
   4385.9   0.51146
   4389.6   0.51111
   4393.3   0.51076
   4397.1   0.51040
   4400.8   0.51003
   4404.5   0.50964
   4408.3   0.50928
   4412.0   0.50895
   4415.8   0.50857
   4419.6   0.50812
   4423.3   0.50764
   4427.1   0.50716
   4430.9   0.50670
   4434.7   0.50624
   4438.5   0.50575
   4442.3   0.50520
   4446.1   0.50462
   4449.9   0.50403
   4453.7   0.50341
   4457.6   0.50280
   4461.4   0.50220
   4465.2   0.50164
   4469.1   0.50107
   4472.9   0.50055
   4476.8   0.50011
   4480.7   0.49971
   4484.5   0.49938
   4488.4   0.49917
   4492.3   0.49903
   4496.2   0.49894
   4500.1   0.49886
   4504.0   0.49881
   4507.9   0.49879
   4511.9   0.49878
   4515.8   0.49878
   4519.7   0.49877
   4523.7   0.49874
   4527.6   0.49872
   4531.6   0.49865
   4535.6   0.49851
   4539.5   0.49840
   4543.5   0.49827
   4547.5   0.49810
   4551.5   0.49794
   4555.5   0.49773
   4559.5   0.49747
   4563.5   0.49711
   4567.5   0.49671
   4571.5   0.49631
   4575.6   0.49597
   4579.6   0.49560
   4583.7   0.49515
   4587.7   0.49465
   4591.8   0.49415
   4595.9   0.49366
   4599.9   0.49321
   4604.0   0.49278
   4608.1   0.49230
   4612.2   0.49171
   4616.3   0.49115
   4620.4   0.49061
   4624.6   0.49005
   4628.7   0.48944
   4632.8   0.48879
   4637.0   0.48811
   4641.1   0.48747
   4645.3   0.48681
   4649.4   0.48610
   4653.6   0.48536
   4657.8   0.48457
   4662.0   0.48375
   4666.2   0.48295
   4670.4   0.48217
   4674.6   0.48139
   4678.8   0.48058
   4683.0   0.47983
   4687.3   0.47920
   4691.5   0.47867
   4695.8   0.47820
   4700.0   0.47781
   4704.3   0.47743
   4708.6   0.47709
   4712.8   0.47674
   4717.1   0.47642
   4721.4   0.47607
   4725.7   0.47563
   4730.0   0.47512
   4734.4   0.47458
   4738.7   0.47401
   4743.0   0.47344
   4747.4   0.47281
   4751.7   0.47215
   4756.1   0.47147
   4760.5   0.47075
   4764.8   0.47002
   4769.2   0.46925
   4773.6   0.46846
   4778.0   0.46766
   4782.4   0.46687
   4786.8   0.46606
   4791.3   0.46521
   4795.7   0.46429
   4800.1   0.46338
   4804.6   0.46252
   4809.0   0.46163
   4813.5   0.46070
   4818.0   0.45974
   4822.5   0.45874
   4826.9   0.45772
   4831.4   0.45673
   4835.9   0.45571
   4840.5   0.45460
   4845.0   0.45339
   4849.5   0.45219
   4854.1   0.45096
   4858.6   0.44964
   4863.2   0.44821
   4867.7   0.44663
   4872.3   0.44488
   4876.9   0.44304
   4881.5   0.44106
   4886.1   0.43886
   4890.7   0.43640
   4895.3   0.43370
   4899.9   0.43078
   4904.6   0.42766
   4909.2   0.42441
   4913.9   0.42106
   4918.5   0.41765
   4923.2   0.41422
   4927.9   0.41082
   4932.6   0.40747
   4937.3   0.40413
   4942.0   0.40084
   4946.7   0.39759
   4951.4   0.39431
   4956.2   0.39091
   4960.9   0.38738
   4965.6   0.38377
   4970.4   0.38004
   4975.2   0.37622
   4980.0   0.37246
   4984.7   0.36874
   4989.5   0.36509
   4994.3   0.36157
   4999.2   0.35826
   5004.0   0.35511
   5008.8   0.35207
   5013.7   0.34931
   5018.5   0.34679
   5023.4   0.34440
   5028.3   0.34213
   5033.1   0.33998
   5038.0   0.33797
   5042.9   0.33613
   5047.8   0.33444
   5052.8   0.33287
   5057.7   0.33138
   5062.6   0.32999
   5067.6   0.32876
   5072.5   0.32765
   5077.5   0.32669
   5082.5   0.32585
   5087.5   0.32513
   5092.5   0.32454
   5097.5   0.32404
   5102.5   0.32360
   5107.5   0.32316
   5112.6   0.32265
   5117.6   0.32214
   5122.7   0.32164
   5127.7   0.32107
   5132.8   0.32047
   5137.9   0.31988
   5143.0   0.31923
   5148.1   0.31852
   5153.2   0.31787
   5158.3   0.31726
   5163.5   0.31660
   5168.6   0.31588
   5173.8   0.31513
   5179.0   0.31429
   5184.1   0.31330
   5189.3   0.31228
   5194.5   0.31114
   5199.7   0.30983
   5205.0   0.30835
   5210.2   0.30667
   5215.4   0.30480
   5220.7   0.30266
   5225.9   0.30029
   5231.2   0.29770
   5236.5   0.29487
   5241.8   0.29188
   5247.1   0.28869
   5252.4   0.28532
   5257.7   0.28186
   5263.1   0.27836
   5268.4   0.27487
   5273.8   0.27141
   5279.2   0.26803
   5284.5   0.26473
   5289.9   0.26148
   5295.3   0.25833
   5300.8   0.25540
   5306.2   0.25260
   5311.6   0.24994
   5317.1   0.24745
   5322.5   0.24511
   5328.0   0.24293
   5333.5   0.24100
   5339.0   0.23932
   5344.5   0.23791
   5350.0   0.23678
   5355.5   0.23596
   5361.0   0.23544
   5366.6   0.23520
   5372.2   0.23527
   5377.7   0.23565
   5383.3   0.23629
   5388.9   0.23718
   5394.5   0.23824
   5400.1   0.23941
   5405.8   0.24068
   5411.4   0.24201
   5417.1   0.24338
   5422.7   0.24473
   5428.4   0.24596
   5434.1   0.24706
   5439.8   0.24807
   5445.5   0.24898
   5451.2   0.24978
   5457.0   0.25049
   5462.7   0.25118
   5468.5   0.25182
   5474.3   0.25241
   5480.1   0.25293
   5485.9   0.25342
   5491.7   0.25390
   5497.5   0.25432
   5503.3   0.25469
   5509.2   0.25495
   5515.0   0.25504
   5520.9   0.25493
   5526.8   0.25460
   5532.7   0.25415
   5538.6   0.25359
   5544.5   0.25292
   5550.5   0.25224
   5556.4   0.25156
   5562.4   0.25100
   5568.4   0.25067
   5574.3   0.25059
   5580.3   0.25076
   5586.4   0.25119
   5592.4   0.25185
   5598.4   0.25266
   5604.5   0.25354
   5610.5   0.25454
   5616.6   0.25555
   5622.7   0.25649
   5628.8   0.25740
   5634.9   0.25828
   5641.1   0.25909
   5647.2   0.25977
   5653.4   0.26035
   5659.5   0.26090
   5665.7   0.26133
   5671.9   0.26164
   5678.1   0.26184
   5684.4   0.26188
   5690.6   0.26185
   5696.9   0.26172
   5703.1   0.26151
   5709.4   0.26124
   5715.7   0.26084
   5722.0   0.26036
   5728.3   0.25977
   5734.7   0.25904
   5741.0   0.25830
   5747.4   0.25754
   5753.8   0.25673
   5760.1   0.25587
   5766.6   0.25496
   5773.0   0.25404
   5779.4   0.25314
   5785.9   0.25228
   5792.3   0.25143
   5798.8   0.25063
   5805.3   0.24986
   5811.8   0.24910
   5818.3   0.24840
   5824.9   0.24771
   5831.4   0.24703
   5838.0   0.24633
   5844.6   0.24566
   5851.2   0.24503
   5857.8   0.24435
   5864.4   0.24358
   5871.0   0.24276
   5877.7   0.24190
   5884.4   0.24102
   5891.1   0.24006
   5897.8   0.23901
   5904.5   0.23784
   5911.2   0.23653
   5918.0   0.23512
   5924.7   0.23360
   5931.5   0.23202
   5938.3   0.23037
   5945.1   0.22862
   5951.9   0.22681
   5958.8   0.22500
   5965.6   0.22317
   5972.5   0.22127
   5979.4   0.21926
   5986.3   0.21705
   5993.2   0.21461
   6000.2   0.21197
   6007.1   0.20922
   6014.1   0.20630
   6021.1   0.20312
   6028.1   0.19971
   6035.1   0.19616
   6042.1   0.19246
   6049.2   0.18871
   6056.2   0.18491
   6063.3   0.18105
   6070.4   0.17711
   6077.5   0.17318
   6084.7   0.16931
   6091.8   0.16554
   6099.0   0.16193
   6106.2   0.15857
   6113.4   0.15546
   6120.6   0.15275
   6127.8   0.15049
   6135.1   0.14867
   6142.3   0.14737
   6149.6   0.14668
   6156.9   0.14665
   6164.3   0.14732
   6171.6   0.14863
   6178.9   0.15062
   6186.3   0.15330
   6193.7   0.15666
   6201.1   0.16066
   6208.5   0.16517
   6216.0   0.17010
   6223.5   0.17538
   6230.9   0.18086
   6238.4   0.18646
   6245.9   0.19208
   6253.5   0.19759
   6261.0   0.20286
   6268.6   0.20789
   6276.2   0.21269
   6283.8   0.21723
   6291.4   0.22151
   6299.1   0.22549
   6306.7   0.22912
   6314.4   0.23246
   6322.1   0.23556
   6329.8   0.23845
   6337.6   0.24106
   6345.3   0.24341
   6353.1   0.24555
   6360.9   0.24739
   6368.7   0.24902
   6376.5   0.25048
   6384.4   0.25174
   6392.3   0.25276
   6400.2   0.25356
   6408.1   0.25416
   6416.0   0.25454
   6424.0   0.25467
   6431.9   0.25459
   6439.9   0.25421
   6447.9   0.25353
   6456.0   0.25260
   6464.0   0.25140
   6472.1   0.24995
   6480.2   0.24825
   6488.3   0.24629
   6496.4   0.24411
   6504.6   0.24178
   6512.7   0.23939
   6520.9   0.23699
   6529.1   0.23451
   6537.4   0.23204
   6545.6   0.22969
   6553.9   0.22754
   6562.2   0.22549
   6570.5   0.22358
   6578.9   0.22178
   6587.2   0.22010
   6595.6   0.21845
   6604.0   0.21692
   6612.4   0.21545
   6620.9   0.21391
   6629.3   0.21224
   6637.8   0.21056
   6646.3   0.20882
   6654.9   0.20702
   6663.4   0.20521
   6672.0   0.20342
   6680.6   0.20163
   6689.2   0.19986
   6697.8   0.19813
   6706.5   0.19646
   6715.2   0.19488
   6723.9   0.19337
   6732.6   0.19193
   6741.4   0.19055
   6750.2   0.18922
   6759.0   0.18792
   6767.8   0.18663
   6776.6   0.18534
   6785.5   0.18410
   6794.4   0.18289
   6803.3   0.18168
   6812.3   0.18044
   6821.2   0.17916
   6830.2   0.17788
   6839.2   0.17659
   6848.3   0.17528
   6857.3   0.17400
   6866.4   0.17272
   6875.5   0.17141
   6884.6   0.17007
   6893.8   0.16875
   6903.0   0.16744
   6912.2   0.16615
   6921.4   0.16490
   6930.7   0.16365
   6939.9   0.16237
   6949.2   0.16104
   6958.6   0.15976
   6967.9   0.15853
   6977.3   0.15732
   6986.7   0.15608
   6996.1   0.15487
   7005.6   0.15373
   7015.1   0.15263
   7024.6   0.15159
   7034.1   0.15066
   7043.7   0.14974
   7053.2   0.14884
   7062.9   0.14793
   7072.5   0.14708
   7082.2   0.14618
   7091.8   0.14513
   7101.6   0.14404
   7111.3   0.14292
   7121.1   0.14172
   7130.9   0.14041
   7140.7   0.13903
   7150.5   0.13765
   7160.4   0.13625
   7170.3   0.13486
   7180.2   0.13350
   7190.2   0.13213
   7200.2   0.13075
   7210.2   0.12935
   7220.2   0.12787
   7230.3   0.12641
   7240.4   0.12492
   7250.5   0.12340
   7260.7   0.12180
   7270.9   0.12017
   7281.1   0.11857
   7291.3   0.11695
   7301.6   0.11532
   7311.9   0.11373
   7322.2   0.11215
   7332.6   0.11059
   7343.0   0.10896
   7353.4   0.10732
   7363.8   0.10571
   7374.3   0.10410
   7384.8   0.10244
   7395.3   0.10076
   7405.9   0.09909
   7416.5   0.09735
   7427.1   0.09551
   7437.8   0.09373
   7448.5   0.09195
   7459.2   0.09010
   7469.9   0.08823
   7480.7   0.08637
   7491.5   0.08447
   7502.4   0.08255
   7513.2   0.08073
   7524.1   0.07898
   7535.1   0.07716
   7546.0   0.07534
   7557.0   0.07356
   7568.1   0.07175
   7579.1   0.06995
   7590.2   0.06827
   7601.4   0.06663
   7612.5   0.06495
   7623.7   0.06329
   7635.0   0.06173
   7646.2   0.06023
   7657.5   0.05880
   7668.8   0.05742
   7680.2   0.05608
   7691.6   0.05481
   7703.0   0.05361
   7714.5   0.05246
   7726.0   0.05138
   7737.5   0.05034
   7749.1   0.04936
   7760.7   0.04837
   7772.3   0.04745
   7784.0   0.04660
   7795.7   0.04573
   7807.4   0.04497
   7819.2   0.04432
   7831.0   0.04376
   7842.9   0.04337
   7854.7   0.04310
   7866.7   0.04306
   7878.6   0.04321
   7890.6   0.04353
   7902.6   0.04399
   7914.7   0.04457
   7926.8   0.04534
   7939.0   0.04629
   7951.1   0.04731
   7963.3   0.04844
   7975.6   0.04968
   7987.9   0.05103
   8000.2   0.05250
   8012.6   0.05412
   8025.0   0.05583
   8037.4   0.05761
   8049.9   0.05951
   8062.4   0.06160
   8075.0   0.06383
   8087.6   0.06617
   8100.2   0.06865
   8112.9   0.07122
   8125.6   0.07379
   8138.4   0.07640
   8151.2   0.07901
   8164.0   0.08155
   8176.9   0.08392
   8189.8   0.08615
   8202.7   0.08823
   8215.7   0.09005
   8228.8   0.09165
   8241.9   0.09312
   8255.0   0.09446
   8268.2   0.09568
   8281.4   0.09679
   8294.6   0.09784
   8307.9   0.09878
   8321.2   0.09961
   8334.6   0.10038
   8348.0   0.10099
   8361.5   0.10140
   8375.0   0.10164
   8388.6   0.10163
   8402.2   0.10138
   8415.8   0.10090
   8429.5   0.10023
   8443.2   0.09933
   8457.0   0.09821
   8470.8   0.09703
   8484.7   0.09581
   8498.6   0.09453
   8512.5   0.09322
   8526.5   0.09191
   8540.6   0.09062
   8554.7   0.08940
   8568.8   0.08840
   8583.0   0.08765
   8597.2   0.08708
   8611.5   0.08664
   8625.8   0.08629
   8640.2   0.08599
   8654.6   0.08570
   8669.1   0.08541
   8683.6   0.08511
   8698.2   0.08475
   8712.8   0.08426
   8727.5   0.08368
   8742.2   0.08298
   8757.0   0.08216
   8771.8   0.08125
   8786.7   0.08034
   8801.6   0.07940
   8816.6   0.07842
   8831.6   0.07742
   8846.6   0.07636
   8861.8   0.07527
   8876.9   0.07418
   8892.2   0.07312
   8907.4   0.07214
   8922.8   0.07122
   8938.2   0.07038
   8953.6   0.06970
   8969.1   0.06920
   8984.6   0.06889
   9000.2   0.06879
   9015.9   0.06898
   9031.6   0.06953
   9047.4   0.07042
   9063.2   0.07156
   9079.0   0.07294
   9095.0   0.07449
   9111.0   0.07614
   9127.0   0.07790
   9143.1   0.07973
   9159.2   0.08157
   9175.5   0.08328
   9191.7   0.08479
   9208.1   0.08617
   9224.4   0.08747
   9240.9   0.08862
   9257.4   0.08948
   9273.9   0.08997
   9290.6   0.09005
   9307.2   0.08974
   9324.0   0.08913
   9340.8   0.08821
   9357.6   0.08696
   9374.6   0.08534
   9391.5   0.08347
   9408.6   0.08147
   9425.7   0.07947
   9442.9   0.07759
   9460.1   0.07571
   9477.4   0.07381
   9494.8   0.07205
   9512.2   0.07045
   9529.7   0.06902
   9547.2   0.06765
   9564.8   0.06640
   9582.5   0.06517
   9600.3   0.06387
   9618.1   0.06275
   9635.9   0.06178
   9653.9   0.06084
   9671.9   0.05990
   9690.0   0.05902
   9708.1   0.05818
   9726.3   0.05739
   9744.6   0.05672
   9763.0   0.05613
   9781.4   0.05548
   9799.9   0.05480
   9818.4   0.05415
   9837.1   0.05357
   9855.8   0.05302
   9874.5   0.05251
   9893.4   0.05201
   9912.3   0.05153
   9931.3   0.05110
   9950.4   0.05072
   9969.5   0.05036
   9988.7   0.05005
  10008.0   0.04976
  10027.3   0.04948
  10046.8   0.04914
  10066.3   0.04880
  10085.9   0.04851
  10105.5   0.04824
  10125.3   0.04805
  10145.1   0.04793
  10165.0   0.04781
  10184.9   0.04771
  10205.0   0.04767
  10225.1   0.04768
  10245.3   0.04768
  10265.6   0.04769
  10286.0   0.04776
  10306.4   0.04780
  10327.0   0.04779
  10347.6   0.04779
  10368.3   0.04781
  10389.0   0.04782
  10409.9   0.04780
  10430.9   0.04780
  10451.9   0.04772
  10473.0   0.04755
  10494.2   0.04733
  10515.5   0.04718
  10536.9   0.04703
  10558.3   0.04677
  10579.9   0.04649
  10601.5   0.04617
  10623.2   0.04577
  10645.0   0.04543
  10666.9   0.04515
  10688.9   0.04483
  10711.0   0.04446
  10733.2   0.04412
  10755.5   0.04386
  10777.8   0.04363
  10800.3   0.04360
  10822.8   0.04374
  10845.5   0.04386
  10868.2   0.04405
  10891.0   0.04440
  10914.0   0.04484
  10937.0   0.04537
  10960.1   0.04604
  10983.3   0.04680
  11006.7   0.04754
  11030.1   0.04823
  11053.6   0.04889
  11077.2   0.04951
  11100.9   0.05006
  11124.8   0.05047
  11148.7   0.05067
  11172.7   0.05064
  11196.8   0.05051
  11221.1   0.05033
  11245.4   0.05009
  11269.9   0.04983
  11294.4   0.04962
  11319.1   0.04941
  11343.8   0.04933
  11368.7   0.04944
  11393.7   0.04980
  11418.8   0.05034
  11444.0   0.05101
  11469.3   0.05185
  11494.8   0.05280
  11520.3   0.05377
  11546.0   0.05481
  11571.7   0.05580
  11597.6   0.05670
  11623.6   0.05738
  11649.7   0.05779
  11676.0   0.05807
  11702.3   0.05830
  11728.8   0.05848
  11755.4   0.05866
  11782.1   0.05892
  11809.0   0.05931
  11835.9   0.05975
  11863.0   0.06033
  11890.2   0.06110
  11917.6   0.06196
  11945.0   0.06286
  11972.6   0.06381
  12000.3   0.06464
  12028.2   0.06524
  12056.1   0.06569
  12084.2   0.06602
  12112.5   0.06612
  12140.8   0.06596
  12169.3   0.06552
  12198.0   0.06469
  12226.7   0.06353
  12255.6   0.06208
  12284.7   0.06033
  12313.9   0.05827
  12343.2   0.05596
  12372.6   0.05369
  12402.2   0.05150
  12432.0   0.04949
  12461.9   0.04791
  12491.9   0.04681
  12522.1   0.04623
  12552.4   0.04616
  12582.9   0.04659
  12613.5   0.04744
  12644.2   0.04847
  12675.1   0.04954
  12706.2   0.05053
  12737.4   0.05146
  12768.8   0.05237
  12800.3   0.05334
  12832.0   0.05460
  12863.9   0.05528
  12895.9   0.05700
  12928.0   0.05980
  12960.3   0.06191
  12992.8   0.06415
  13025.5   0.06645
  13058.3   0.06867
  13091.3   0.07057
  13124.4   0.07191
  13157.7   0.07275
  13191.2   0.07321
  13224.8   0.07331
  13258.7   0.07318
  13292.7   0.07289
  13326.8   0.07230
  13361.2   0.07141
  13395.7   0.07037
  13430.4   0.06924
  13465.3   0.06800
  13500.4   0.06663
  13535.6   0.06518
  13571.0   0.06362
  13606.7   0.06200
  13642.5   0.06040
  13678.5   0.05892
  13714.6   0.05750
  13751.0   0.05613
  13787.6   0.05486
  13824.4   0.05363
  13861.3   0.05242
  13898.5   0.05129
  13935.8   0.05020
  13973.4   0.04907
  14011.2   0.04793
  14049.1   0.04676
  14087.3   0.04552
  14125.7   0.04418
  14164.3   0.04286
  14203.1   0.04165
  14242.1   0.04049
  14281.4   0.03945
  14320.8   0.03844
  14360.5   0.03740
  14400.4   0.03665
  14440.5   0.03622
  14480.8   0.03589
  14521.4   0.03558
  14562.2   0.03528
  14603.2   0.03502
  14644.4   0.03480
  14685.9   0.03467
  14727.7   0.03450
  14769.6   0.03405
  14811.8   0.03339
  14854.3   0.03277
  14896.9   0.03218
  14939.9   0.03149
  14983.0   0.03067
  15026.5   0.02976
  15070.2   0.02883
  15114.1   0.02797
  15158.3   0.02721
  15202.7   0.02647
  15247.5   0.02575
  15292.4   0.02512
  15337.7   0.02453
  15383.2   0.02404
  15429.0   0.02362
  15475.0   0.02326
  15521.4   0.02305
  15568.0   0.02307
  15614.9   0.02324
  15662.0   0.02348
  15709.5   0.02377
  15757.2   0.02419
  15805.3   0.02476
  15853.6   0.02547
  15902.3   0.02611
  15951.2   0.02656
  16000.4   0.02692
  16050.0   0.02742
  16099.8   0.02799
  16150.0   0.02857
  16200.4   0.02910
  16251.2   0.02950
  16302.3   0.02991
  16353.7   0.03049
  16405.5   0.03122
  16457.6   0.03205
  16510.0   0.03286
  16562.7   0.03367
  16615.8   0.03454
  16669.2   0.03554
  16723.0   0.03661
  16777.1   0.03765
  16831.6   0.03874
  16886.4   0.03996
  16941.6   0.04127
  16997.2   0.04262
  17053.1   0.04411
  17109.4   0.04569
  17166.0   0.04723
  17223.0   0.04886
  17280.4   0.05051
  17338.2   0.05208
  17396.4   0.05349
  17455.0   0.05477
  17514.0   0.05606
  17573.3   0.05723
  17633.1   0.05825
  17693.3   0.05925
  17753.9   0.06020
  17814.9   0.06101
  17876.3   0.06191
  17938.2   0.06291
  18000.5   0.06386
  18063.2   0.06463
  18126.3   0.06539
  18189.9   0.06612
  18254.0   0.06663
  18318.5   0.06699
  18383.5   0.06735
  18448.9   0.06734
  18514.8   0.06707
  18581.1   0.06682
  18648.0   0.06639
  18715.3   0.06571
  18783.1   0.06510
  18851.4   0.06452
  18920.2   0.06348
  18989.5   0.06214
  19059.3   0.06140
  19129.6   0.05974
  19200.5   0.05731
  19271.9   0.05544
  19343.8   0.05356
  19416.2   0.05146
  19489.2   0.04944
  19562.8   0.04792
  19636.9   0.04660
  19711.5   0.04538
  19786.8   0.04481
  19862.6   0.04492
  19939.0   0.04454
  20016.0   0.04547
  20093.5   0.04709
  20171.7   0.05108
  20250.5   0.05421
  20329.9   0.05751
  20410.0   0.06176
  20490.7   0.06541
  20572.0   0.06883
  20653.9   0.07186
  20736.5   0.07268
  20819.8   0.07408
  20903.8   0.07491
  20988.4   0.07502
  21073.7   0.07477
  21159.7   0.07479
  21246.5   0.07447
  21333.9   0.07369
  21422.0   0.07315
  21510.9   0.07232
  21600.6   0.07138
  21690.9   0.07065
  21782.1   0.06980
  21874.0   0.06872
  21966.7   0.06742
  22060.1   0.06664
  22154.4   0.06586
  22249.5   0.06534
  22345.4   0.06432
  22442.1   0.06341
  22539.7   0.06273
  22638.1   0.06197
  22737.4   0.06181
  22837.6   0.06147
  22938.7   0.06073
  23040.6   0.05989
  23143.5   0.05899
  23247.2   0.05753
  23352.0   0.05686
  23457.6   0.05565
  23564.3   0.05407
  23671.8   0.05238
  23780.4   0.05246
  23890.0   0.05135
  24000.6   0.05481
  24112.3   0.05918
  24224.9   0.06326
  24338.7   0.06347
  24453.5   0.06028
  24569.4   0.05961
  24686.4   0.05827
  24804.5   0.05663
  24923.7   0.05488
  25044.1   0.05431
  25165.7   0.04831
  25288.5   0.04878
  25412.4   0.05267
  25537.6   0.05319
  25664.0   0.05598
  25791.7   0.05527
  25920.7   0.05728



 S502F546    .ASC                        

 JB-JLB-546                                                              
 montmorillonite SWy-1                                                   
 from Monika Cogoini #NM-org                                             
 smoothed 5, 0.5                                                         

 Source Ang: 30.00   Detect Ang: 30.00  Volt: 1.222
 Date: 10-MAY-02   Time: 20:38:00
