  2892
    300.0   0.13515
    305.0   0.14383
    310.0   0.15384
    315.0   0.16444
    320.0   0.17891
    325.0   0.19254
    330.0   0.20396
    335.0   0.21593
    340.0   0.22706
    345.0   0.23766
    350.0   0.24829
    355.0   0.25931
    360.0   0.26957
    365.0   0.27984
    370.0   0.29384
    375.0   0.30673
    380.0   0.31944
    385.0   0.33365
    390.0   0.34553
    395.0   0.35499
    400.0   0.36430
    405.0   0.37427
    410.0   0.38351
    415.0   0.39226
    420.0   0.40117
    425.0   0.41010
    430.0   0.41894
    435.0   0.42748
    440.0   0.43567
    445.0   0.44358
    450.0   0.45120
    455.0   0.45855
    460.0   0.46569
    465.0   0.47237
    470.0   0.47863
    475.0   0.48469
    480.0   0.49054
    485.0   0.49637
    490.0   0.50217
    495.0   0.50796
    500.0   0.51392
    505.0   0.52002
    510.0   0.52612
    515.0   0.53217
    520.0   0.53812
    525.0   0.54410
    530.0   0.55001
    535.0   0.55574
    540.0   0.56117
    545.0   0.56624
    550.0   0.57094
    555.0   0.57541
    560.0   0.57965
    565.0   0.58366
    570.0   0.58738
    575.0   0.59084
    580.0   0.59370
    585.0   0.59652
    590.0   0.59892
    595.0   0.60105
    600.0   0.60298
    605.0   0.60470
    610.0   0.60620
    615.0   0.60761
    620.0   0.60887
    625.0   0.61050
    630.0   0.61198
    635.0   0.61366
    640.0   0.61559
    645.0   0.61767
    650.0   0.61995
    655.0   0.62243
    660.0   0.62512
    665.0   0.62794
    670.0   0.63075
    675.0   0.63360
    680.0   0.63646
    685.0   0.63918
    690.0   0.64190
    695.0   0.64453
    700.0   0.64704
    705.0   0.64943
    710.0   0.65171
    715.0   0.65399
    720.0   0.65613
    725.0   0.65808
    730.0   0.66005
    735.0   0.66173
    740.0   0.66347
    745.0   0.66518
    750.0   0.66681
    755.0   0.66832
    760.0   0.66971
    765.0   0.67091
    770.0   0.67227
    775.0   0.67349
    780.0   0.67481
    785.0   0.67593
    790.0   0.67695
    795.0   0.67790
    800.0   0.67888
    805.0   0.67980
    810.0   0.68079
    815.0   0.68155
    820.0   0.68223
    825.0   0.68282
    830.0   0.68333
    835.0   0.68379
    840.0   0.68426
    845.0   0.68468
    850.0   0.68496
    855.0   0.68537
    860.0   0.68573
    865.0   0.68617
    870.0   0.68672
    875.0   0.68734
    880.0   0.68804
    885.0   0.68880
    890.0   0.68950
    895.0   0.69030
    900.0   0.69097
    905.0   0.69176
    910.0   0.69253
    915.0   0.69328
    920.0   0.69411
    925.0   0.69496
    930.0   0.69550
    935.0   0.69608
    940.0   0.69671
    945.0   0.69729
    950.0   0.69784
    955.0   0.69854
    960.0   0.69933
    965.0   0.70013
    970.0   0.70088
    975.0   0.70179
    980.0   0.70276
    985.0   0.70373
    990.0   0.70486
    995.0   0.70614
   1000.0   0.70739
   1005.0   0.70860
   1010.0   0.70979
   1015.0   0.71078
   1020.0   0.71169
   1025.0   0.71262
   1030.0   0.71358
   1035.0   0.71436
   1040.0   0.71522
   1045.0   0.71603
   1050.0   0.71679
   1055.0   0.71746
   1060.0   0.71836
   1065.0   0.71933
   1070.0   0.72034
   1075.0   0.72131
   1080.0   0.72250
   1085.0   0.72351
   1090.0   0.72454
   1095.0   0.72553
   1100.0   0.72657
   1105.0   0.72743
   1110.0   0.72835
   1115.0   0.72915
   1120.0   0.72985
   1125.0   0.73040
   1130.0   0.73093
   1135.0   0.73141
   1140.0   0.73186
   1145.0   0.73237
   1150.0   0.73300
   1155.0   0.73359
   1160.0   0.73423
   1165.0   0.73489
   1170.0   0.73540
   1175.0   0.73592
   1180.0   0.73645
   1185.0   0.73701
   1190.0   0.73760
   1195.0   0.73833
   1200.0   0.73913
   1205.0   0.73992
   1210.0   0.74078
   1215.0   0.74166
   1220.0   0.74265
   1225.0   0.74364
   1230.0   0.74447
   1235.0   0.74524
   1240.0   0.74589
   1245.0   0.74640
   1250.0   0.74683
   1255.0   0.74733
   1260.0   0.74784
   1265.0   0.74824
   1270.0   0.74854
   1275.0   0.74898
   1280.0   0.74930
   1285.0   0.74956
   1290.0   0.74982
   1295.0   0.75009
   1300.0   0.75023
   1305.0   0.75045
   1310.0   0.75050
   1315.0   0.75060
   1320.0   0.75057
   1325.0   0.75044
   1330.0   0.75010
   1335.0   0.74972
   1340.0   0.74934
   1345.0   0.74900
   1350.0   0.74864
   1350.7   0.74833
   1351.4   0.74792
   1352.1   0.74753
   1352.9   0.74722
   1353.6   0.74719
   1354.3   0.74726
   1355.0   0.74723
   1355.7   0.74712
   1356.4   0.74701
   1357.1   0.74690
   1357.8   0.74688
   1358.5   0.74684
   1359.2   0.74680
   1360.0   0.74671
   1360.7   0.74659
   1361.4   0.74652
   1362.1   0.74643
   1362.8   0.74630
   1363.5   0.74609
   1364.2   0.74574
   1365.0   0.74543
   1365.7   0.74521
   1366.4   0.74506
   1367.1   0.74484
   1367.8   0.74461
   1368.6   0.74442
   1369.3   0.74416
   1370.0   0.74394
   1370.7   0.74379
   1371.5   0.74354
   1372.2   0.74312
   1372.9   0.74255
   1373.6   0.74194
   1374.4   0.74124
   1375.1   0.74046
   1375.8   0.73967
   1376.6   0.73883
   1377.3   0.73794
   1378.0   0.73704
   1378.8   0.73614
   1379.5   0.73525
   1380.2   0.73436
   1381.0   0.73347
   1381.7   0.73263
   1382.4   0.73176
   1383.2   0.73085
   1383.9   0.72993
   1384.7   0.72907
   1385.4   0.72818
   1386.1   0.72717
   1386.9   0.72612
   1387.6   0.72501
   1388.4   0.72380
   1389.1   0.72252
   1389.8   0.72123
   1390.6   0.71988
   1391.3   0.71841
   1392.1   0.71683
   1392.8   0.71519
   1393.6   0.71347
   1394.3   0.71170
   1395.1   0.70992
   1395.8   0.70808
   1396.6   0.70612
   1397.3   0.70410
   1398.1   0.70205
   1398.8   0.70001
   1399.6   0.69802
   1400.4   0.69605
   1401.1   0.69406
   1401.9   0.69199
   1402.6   0.69004
   1403.4   0.68827
   1404.2   0.68654
   1404.9   0.68483
   1405.7   0.68322
   1406.4   0.68174
   1407.2   0.68043
   1408.0   0.67932
   1408.7   0.67846
   1409.5   0.67779
   1410.3   0.67733
   1411.0   0.67704
   1411.8   0.67696
   1412.6   0.67715
   1413.3   0.67761
   1414.1   0.67829
   1414.9   0.67920
   1415.7   0.68036
   1416.4   0.68172
   1417.2   0.68323
   1418.0   0.68489
   1418.8   0.68675
   1419.5   0.68877
   1420.3   0.69083
   1421.1   0.69288
   1421.9   0.69499
   1422.6   0.69715
   1423.4   0.69927
   1424.2   0.70140
   1425.0   0.70362
   1425.8   0.70572
   1426.6   0.70767
   1427.3   0.70965
   1428.1   0.71164
   1428.9   0.71360
   1429.7   0.71551
   1430.5   0.71733
   1431.3   0.71904
   1432.1   0.72062
   1432.9   0.72221
   1433.7   0.72377
   1434.5   0.72522
   1435.3   0.72661
   1436.0   0.72787
   1436.8   0.72901
   1437.6   0.73009
   1438.4   0.73110
   1439.2   0.73204
   1440.0   0.73288
   1440.8   0.73371
   1441.6   0.73450
   1442.4   0.73519
   1443.2   0.73586
   1444.0   0.73647
   1444.9   0.73707
   1445.7   0.73767
   1446.5   0.73828
   1447.3   0.73894
   1448.1   0.73957
   1448.9   0.74008
   1449.7   0.74057
   1450.5   0.74105
   1451.3   0.74152
   1452.1   0.74197
   1453.0   0.74235
   1453.8   0.74271
   1454.6   0.74297
   1455.4   0.74321
   1456.2   0.74347
   1457.0   0.74368
   1457.9   0.74383
   1458.7   0.74392
   1459.5   0.74402
   1460.3   0.74414
   1461.1   0.74423
   1462.0   0.74433
   1462.8   0.74443
   1463.6   0.74456
   1464.4   0.74475
   1465.3   0.74492
   1466.1   0.74512
   1466.9   0.74533
   1467.8   0.74548
   1468.6   0.74565
   1469.4   0.74587
   1470.3   0.74609
   1471.1   0.74625
   1471.9   0.74639
   1472.8   0.74657
   1473.6   0.74677
   1474.4   0.74699
   1475.3   0.74725
   1476.1   0.74746
   1477.0   0.74764
   1477.8   0.74787
   1478.6   0.74812
   1479.5   0.74839
   1480.3   0.74865
   1481.2   0.74888
   1482.0   0.74908
   1482.9   0.74932
   1483.7   0.74956
   1484.6   0.74976
   1485.4   0.74993
   1486.3   0.75011
   1487.1   0.75028
   1488.0   0.75043
   1488.8   0.75060
   1489.7   0.75077
   1490.6   0.75084
   1491.4   0.75092
   1492.3   0.75106
   1493.1   0.75118
   1494.0   0.75130
   1494.8   0.75138
   1495.7   0.75152
   1496.6   0.75164
   1497.4   0.75172
   1498.3   0.75190
   1499.2   0.75213
   1500.0   0.75231
   1500.9   0.75245
   1501.8   0.75259
   1502.6   0.75280
   1503.5   0.75299
   1504.4   0.75312
   1505.3   0.75324
   1506.1   0.75332
   1507.0   0.75337
   1507.9   0.75342
   1508.8   0.75350
   1509.6   0.75357
   1510.5   0.75361
   1511.4   0.75364
   1512.3   0.75372
   1513.2   0.75383
   1514.1   0.75396
   1514.9   0.75407
   1515.8   0.75409
   1516.7   0.75419
   1517.6   0.75428
   1518.5   0.75429
   1519.4   0.75433
   1520.3   0.75438
   1521.2   0.75441
   1522.1   0.75440
   1523.0   0.75445
   1523.8   0.75454
   1524.7   0.75462
   1525.6   0.75470
   1526.5   0.75479
   1527.4   0.75484
   1528.3   0.75483
   1529.2   0.75491
   1530.1   0.75508
   1531.0   0.75518
   1532.0   0.75527
   1532.9   0.75534
   1533.8   0.75545
   1534.7   0.75558
   1535.6   0.75571
   1536.5   0.75587
   1537.4   0.75596
   1538.3   0.75595
   1539.2   0.75593
   1540.1   0.75596
   1541.1   0.75599
   1542.0   0.75601
   1542.9   0.75609
   1543.8   0.75616
   1544.7   0.75620
   1545.7   0.75620
   1546.6   0.75620
   1547.5   0.75621
   1548.4   0.75624
   1549.4   0.75630
   1550.3   0.75631
   1551.2   0.75628
   1552.1   0.75628
   1553.1   0.75632
   1554.0   0.75643
   1554.9   0.75659
   1555.9   0.75678
   1556.8   0.75688
   1557.7   0.75689
   1558.7   0.75696
   1559.6   0.75708
   1560.5   0.75718
   1561.5   0.75728
   1562.4   0.75734
   1563.4   0.75739
   1564.3   0.75744
   1565.3   0.75757
   1566.2   0.75773
   1567.2   0.75779
   1568.1   0.75780
   1569.0   0.75780
   1570.0   0.75778
   1570.9   0.75778
   1571.9   0.75784
   1572.9   0.75791
   1573.8   0.75788
   1574.8   0.75784
   1575.7   0.75785
   1576.7   0.75790
   1577.6   0.75798
   1578.6   0.75805
   1579.6   0.75810
   1580.5   0.75809
   1581.5   0.75805
   1582.5   0.75811
   1583.4   0.75823
   1584.4   0.75837
   1585.4   0.75846
   1586.3   0.75853
   1587.3   0.75857
   1588.3   0.75861
   1589.3   0.75867
   1590.2   0.75874
   1591.2   0.75878
   1592.2   0.75878
   1593.2   0.75875
   1594.1   0.75878
   1595.1   0.75887
   1596.1   0.75898
   1597.1   0.75903
   1598.1   0.75904
   1599.1   0.75907
   1600.0   0.75910
   1601.0   0.75913
   1602.0   0.75920
   1603.0   0.75922
   1604.0   0.75921
   1605.0   0.75925
   1606.0   0.75931
   1607.0   0.75936
   1608.0   0.75937
   1609.0   0.75935
   1610.0   0.75936
   1611.0   0.75934
   1612.0   0.75933
   1613.0   0.75931
   1614.0   0.75930
   1615.0   0.75931
   1616.0   0.75936
   1617.0   0.75942
   1618.0   0.75949
   1619.0   0.75958
   1620.0   0.75964
   1621.1   0.75967
   1622.1   0.75972
   1623.1   0.75972
   1624.1   0.75976
   1625.1   0.75981
   1626.1   0.75988
   1627.2   0.75996
   1628.2   0.75996
   1629.2   0.75992
   1630.2   0.75991
   1631.3   0.75994
   1632.3   0.75997
   1633.3   0.76000
   1634.3   0.75998
   1635.4   0.75995
   1636.4   0.75995
   1637.4   0.76002
   1638.5   0.76012
   1639.5   0.76022
   1640.5   0.76028
   1641.6   0.76034
   1642.6   0.76038
   1643.7   0.76043
   1644.7   0.76050
   1645.8   0.76056
   1646.8   0.76059
   1647.8   0.76062
   1648.9   0.76068
   1649.9   0.76074
   1651.0   0.76080
   1652.1   0.76088
   1653.1   0.76098
   1654.2   0.76106
   1655.2   0.76111
   1656.3   0.76116
   1657.3   0.76123
   1658.4   0.76127
   1659.5   0.76131
   1660.5   0.76134
   1661.6   0.76134
   1662.6   0.76137
   1663.7   0.76141
   1664.8   0.76148
   1665.9   0.76159
   1666.9   0.76169
   1668.0   0.76177
   1669.1   0.76184
   1670.1   0.76196
   1671.2   0.76212
   1672.3   0.76223
   1673.4   0.76233
   1674.5   0.76242
   1675.5   0.76247
   1676.6   0.76253
   1677.7   0.76259
   1678.8   0.76265
   1679.9   0.76267
   1681.0   0.76269
   1682.1   0.76275
   1683.2   0.76279
   1684.3   0.76281
   1685.3   0.76287
   1686.4   0.76293
   1687.5   0.76301
   1688.6   0.76313
   1689.7   0.76325
   1690.8   0.76331
   1692.0   0.76335
   1693.1   0.76342
   1694.2   0.76351
   1695.3   0.76360
   1696.4   0.76366
   1697.5   0.76370
   1698.6   0.76379
   1699.7   0.76386
   1700.8   0.76389
   1701.9   0.76390
   1703.1   0.76391
   1704.2   0.76391
   1705.3   0.76392
   1706.4   0.76394
   1707.6   0.76390
   1708.7   0.76380
   1709.8   0.76373
   1710.9   0.76368
   1712.1   0.76363
   1713.2   0.76358
   1714.3   0.76351
   1715.5   0.76337
   1716.6   0.76321
   1717.7   0.76313
   1718.9   0.76305
   1720.0   0.76294
   1721.2   0.76286
   1722.3   0.76276
   1723.4   0.76264
   1724.6   0.76259
   1725.7   0.76261
   1726.9   0.76265
   1728.0   0.76261
   1729.2   0.76254
   1730.4   0.76251
   1731.5   0.76249
   1732.7   0.76254
   1733.8   0.76260
   1735.0   0.76260
   1736.1   0.76249
   1737.3   0.76239
   1738.5   0.76237
   1739.6   0.76238
   1740.8   0.76237
   1742.0   0.76237
   1743.2   0.76232
   1744.3   0.76222
   1745.5   0.76210
   1746.7   0.76205
   1747.9   0.76199
   1749.0   0.76193
   1750.2   0.76188
   1751.4   0.76185
   1752.6   0.76177
   1753.8   0.76169
   1755.0   0.76167
   1756.1   0.76164
   1757.3   0.76162
   1758.5   0.76162
   1759.7   0.76159
   1760.9   0.76152
   1762.1   0.76147
   1763.3   0.76145
   1764.5   0.76143
   1765.7   0.76140
   1766.9   0.76139
   1768.1   0.76130
   1769.3   0.76123
   1770.5   0.76117
   1771.7   0.76108
   1773.0   0.76096
   1774.2   0.76084
   1775.4   0.76071
   1776.6   0.76060
   1777.8   0.76050
   1779.0   0.76043
   1780.3   0.76037
   1781.5   0.76034
   1782.7   0.76031
   1783.9   0.76032
   1785.2   0.76035
   1786.4   0.76035
   1787.6   0.76024
   1788.9   0.76017
   1790.1   0.76018
   1791.3   0.76012
   1792.6   0.75995
   1793.8   0.75983
   1795.1   0.75974
   1796.3   0.75964
   1797.6   0.75961
   1798.8   0.75964
   1800.0   0.75964
   1801.3   0.75958
   1802.6   0.75957
   1803.8   0.75962
   1805.1   0.75964
   1806.3   0.75961
   1807.6   0.75959
   1808.8   0.75952
   1810.1   0.75945
   1811.4   0.75933
   1812.6   0.75925
   1813.9   0.75919
   1815.2   0.75912
   1816.4   0.75905
   1817.7   0.75895
   1819.0   0.75880
   1820.3   0.75863
   1821.6   0.75849
   1822.8   0.75845
   1824.1   0.75844
   1825.4   0.75835
   1826.7   0.75822
   1828.0   0.75809
   1829.3   0.75798
   1830.6   0.75791
   1831.8   0.75783
   1833.1   0.75775
   1834.4   0.75759
   1835.7   0.75739
   1837.0   0.75725
   1838.3   0.75716
   1839.7   0.75706
   1841.0   0.75695
   1842.3   0.75684
   1843.6   0.75675
   1844.9   0.75666
   1846.2   0.75654
   1847.5   0.75640
   1848.8   0.75622
   1850.2   0.75604
   1851.5   0.75589
   1852.8   0.75577
   1854.1   0.75561
   1855.5   0.75544
   1856.8   0.75523
   1858.1   0.75499
   1859.4   0.75471
   1860.8   0.75437
   1862.1   0.75399
   1863.5   0.75354
   1864.8   0.75300
   1866.1   0.75241
   1867.5   0.75174
   1868.8   0.75097
   1870.2   0.75014
   1871.5   0.74927
   1872.9   0.74835
   1874.2   0.74734
   1875.6   0.74616
   1876.9   0.74480
   1878.3   0.74324
   1879.7   0.74145
   1881.0   0.73947
   1882.4   0.73722
   1883.8   0.73466
   1885.1   0.73177
   1886.5   0.72858
   1887.9   0.72511
   1889.3   0.72129
   1890.6   0.71712
   1892.0   0.71259
   1893.4   0.70769
   1894.8   0.70254
   1896.2   0.69720
   1897.6   0.69168
   1899.0   0.68606
   1900.3   0.68053
   1901.7   0.67527
   1903.1   0.67045
   1904.5   0.66525
   1905.9   0.66151
   1907.3   0.65855
   1908.7   0.65659
   1910.1   0.65550
   1911.6   0.65610
   1913.0   0.65623
   1914.4   0.65691
   1915.8   0.65809
   1917.2   0.65973
   1918.6   0.66166
   1920.0   0.66373
   1921.5   0.66596
   1922.9   0.66827
   1924.3   0.67056
   1925.8   0.67283
   1927.2   0.67504
   1928.6   0.67712
   1930.1   0.67900
   1931.5   0.68078
   1932.9   0.68245
   1934.4   0.68393
   1935.8   0.68532
   1937.3   0.68671
   1938.7   0.68805
   1940.2   0.68932
   1941.6   0.69058
   1943.1   0.69189
   1944.5   0.69315
   1946.0   0.69443
   1947.5   0.69579
   1948.9   0.69712
   1950.4   0.69842
   1951.9   0.69976
   1953.3   0.70120
   1954.8   0.70266
   1956.3   0.70407
   1957.8   0.70545
   1959.2   0.70673
   1960.7   0.70793
   1962.2   0.70905
   1963.7   0.71008
   1965.2   0.71097
   1966.7   0.71174
   1968.2   0.71242
   1969.7   0.71303
   1971.2   0.71359
   1972.7   0.71415
   1974.2   0.71471
   1975.7   0.71525
   1977.2   0.71576
   1978.7   0.71631
   1980.2   0.71688
   1981.7   0.71743
   1983.2   0.71800
   1984.7   0.71856
   1986.3   0.71913
   1987.8   0.71969
   1989.3   0.72027
   1990.8   0.72097
   1992.4   0.72167
   1993.9   0.72238
   1995.4   0.72310
   1997.0   0.72387
   1998.5   0.72466
   2000.1   0.72542
   2001.6   0.72621
   2003.1   0.72702
   2004.7   0.72774
   2006.2   0.72847
   2007.8   0.72919
   2009.4   0.72989
   2010.9   0.73055
   2012.5   0.73118
   2014.0   0.73180
   2015.6   0.73239
   2017.2   0.73301
   2018.7   0.73366
   2020.3   0.73430
   2021.9   0.73493
   2023.5   0.73556
   2025.1   0.73618
   2026.6   0.73679
   2028.2   0.73738
   2029.8   0.73796
   2031.4   0.73849
   2033.0   0.73895
   2034.6   0.73939
   2036.2   0.73980
   2037.8   0.74012
   2039.4   0.74043
   2041.0   0.74073
   2042.6   0.74100
   2044.2   0.74121
   2045.8   0.74139
   2047.4   0.74157
   2049.1   0.74170
   2050.7   0.74181
   2052.3   0.74192
   2053.9   0.74204
   2055.6   0.74210
   2057.2   0.74212
   2058.8   0.74212
   2060.5   0.74205
   2062.1   0.74192
   2063.7   0.74175
   2065.4   0.74157
   2067.0   0.74135
   2068.7   0.74106
   2070.3   0.74072
   2072.0   0.74035
   2073.7   0.73997
   2075.3   0.73961
   2077.0   0.73925
   2078.6   0.73888
   2080.3   0.73846
   2082.0   0.73807
   2083.7   0.73775
   2085.3   0.73744
   2087.0   0.73714
   2088.7   0.73686
   2090.4   0.73661
   2092.1   0.73637
   2093.8   0.73616
   2095.4   0.73603
   2097.1   0.73591
   2098.8   0.73579
   2100.5   0.73572
   2102.2   0.73567
   2104.0   0.73567
   2105.7   0.73572
   2107.4   0.73578
   2109.1   0.73581
   2110.8   0.73581
   2112.5   0.73581
   2114.2   0.73579
   2116.0   0.73576
   2117.7   0.73573
   2119.4   0.73564
   2121.2   0.73551
   2122.9   0.73532
   2124.6   0.73512
   2126.4   0.73491
   2128.1   0.73465
   2129.9   0.73431
   2131.6   0.73388
   2133.4   0.73339
   2135.1   0.73283
   2136.9   0.73220
   2138.7   0.73155
   2140.4   0.73087
   2142.2   0.73009
   2144.0   0.72924
   2145.8   0.72835
   2147.5   0.72739
   2149.3   0.72631
   2151.1   0.72513
   2152.9   0.72382
   2154.7   0.72224
   2156.5   0.72039
   2158.3   0.71829
   2160.1   0.71583
   2161.9   0.71296
   2163.7   0.70968
   2165.5   0.70600
   2167.3   0.70188
   2169.1   0.69736
   2170.9   0.69250
   2172.7   0.68735
   2174.6   0.68198
   2176.4   0.67645
   2178.2   0.67078
   2180.0   0.66498
   2181.9   0.65914
   2183.7   0.65334
   2185.6   0.64764
   2187.4   0.64208
   2189.2   0.63671
   2191.1   0.63151
   2193.0   0.62655
   2194.8   0.62202
   2196.7   0.61795
   2198.5   0.61438
   2200.4   0.61135
   2202.3   0.60890
   2204.1   0.60718
   2206.0   0.60619
   2207.9   0.60487
   2209.8   0.60543
   2211.7   0.60790
   2213.6   0.60989
   2215.4   0.61243
   2217.3   0.61543
   2219.2   0.61883
   2221.1   0.62243
   2223.0   0.62609
   2225.0   0.62971
   2226.9   0.63322
   2228.8   0.63659
   2230.7   0.63988
   2232.6   0.64307
   2234.5   0.64625
   2236.5   0.64947
   2238.4   0.65280
   2240.3   0.65622
   2242.3   0.65974
   2244.2   0.66339
   2246.2   0.66710
   2248.1   0.67083
   2250.1   0.67456
   2252.0   0.67815
   2254.0   0.68149
   2255.9   0.68458
   2257.9   0.68747
   2259.9   0.69006
   2261.8   0.69229
   2263.8   0.69422
   2265.8   0.69584
   2267.8   0.69720
   2269.8   0.69836
   2271.8   0.69924
   2273.7   0.69977
   2275.7   0.69995
   2277.7   0.69997
   2279.7   0.69985
   2281.7   0.69952
   2283.8   0.69892
   2285.8   0.69812
   2287.8   0.69717
   2289.8   0.69608
   2291.8   0.69490
   2293.9   0.69362
   2295.9   0.69223
   2297.9   0.69068
   2300.0   0.68902
   2302.0   0.68734
   2304.1   0.68554
   2306.1   0.68359
   2308.2   0.68165
   2310.2   0.67982
   2312.3   0.67801
   2314.3   0.67618
   2316.4   0.67442
   2318.5   0.67271
   2320.6   0.67105
   2322.6   0.66942
   2324.7   0.66785
   2326.8   0.66619
   2328.9   0.66438
   2331.0   0.66246
   2333.1   0.66050
   2335.2   0.65847
   2337.3   0.65635
   2339.4   0.65420
   2341.5   0.65205
   2343.6   0.64991
   2345.8   0.64785
   2347.9   0.64589
   2350.0   0.64401
   2352.1   0.64217
   2354.3   0.64042
   2356.4   0.63876
   2358.6   0.63716
   2360.7   0.63568
   2362.9   0.63427
   2365.0   0.63289
   2367.2   0.63155
   2369.3   0.63028
   2371.5   0.62909
   2373.7   0.62795
   2375.9   0.62685
   2378.0   0.62574
   2380.2   0.62460
   2382.4   0.62340
   2384.6   0.62216
   2386.8   0.62093
   2389.0   0.61970
   2391.2   0.61845
   2393.4   0.61717
   2395.6   0.61592
   2397.8   0.61471
   2400.1   0.61355
   2402.3   0.61243
   2404.5   0.61132
   2406.7   0.61023
   2409.0   0.60907
   2411.2   0.60785
   2413.5   0.60661
   2415.7   0.60530
   2418.0   0.60392
   2420.2   0.60242
   2422.5   0.60088
   2424.8   0.59931
   2427.0   0.59771
   2429.3   0.59616
   2431.6   0.59470
   2433.9   0.59328
   2436.2   0.59194
   2438.4   0.59069
   2440.7   0.58961
   2443.0   0.58870
   2445.3   0.58790
   2447.7   0.58721
   2450.0   0.58666
   2452.3   0.58623
   2454.6   0.58593
   2456.9   0.58575
   2459.3   0.58564
   2461.6   0.58560
   2463.9   0.58566
   2466.3   0.58586
   2468.6   0.58615
   2471.0   0.58653
   2473.3   0.58698
   2475.7   0.58739
   2478.1   0.58778
   2480.4   0.58820
   2482.8   0.58856
   2485.2   0.58875
   2487.6   0.58874
   2490.0   0.58859
   2492.4   0.58823
   2494.8   0.58770
   2497.2   0.58712
   2499.6   0.58640
   2502.0   0.58557
   2504.4   0.58467
   2506.8   0.58379
   2509.3   0.58296
   2511.7   0.58209
   2514.1   0.58118
   2516.6   0.58023
   2519.0   0.57927
   2521.5   0.57831
   2523.9   0.57730
   2526.4   0.57629
   2528.8   0.57528
   2531.3   0.57425
   2533.8   0.57328
   2536.3   0.57241
   2538.8   0.57161
   2541.2   0.57082
   2543.7   0.57003
   2546.2   0.56932
   2548.7   0.56861
   2551.2   0.56787
   2553.8   0.56703
   2556.3   0.56620
   2558.8   0.56542
   2561.3   0.56463
   2563.9   0.56379
   2566.4   0.56289
   2568.9   0.56200
   2571.5   0.56112
   2574.0   0.56019
   2576.6   0.55931
   2579.2   0.55840
   2581.7   0.55736
   2584.3   0.55614
   2586.9   0.55478
   2589.5   0.55345
   2592.1   0.55205
   2594.7   0.55054
   2597.3   0.54893
   2599.9   0.54719
   2602.5   0.54532
   2605.1   0.54341
   2607.7   0.54153
   2610.3   0.53959
   2613.0   0.53747
   2615.6   0.53522
   2618.3   0.53286
   2620.9   0.53044
   2623.6   0.52795
   2626.2   0.52537
   2628.9   0.52270
   2631.5   0.51993
   2634.2   0.51718
   2636.9   0.51430
   2639.6   0.51126
   2642.3   0.50812
   2645.0   0.50486
   2647.7   0.50136
   2650.4   0.49759
   2653.1   0.49348
   2655.8   0.48892
   2658.5   0.48383
   2661.3   0.47820
   2664.0   0.47182
   2666.7   0.46592
   2669.5   0.45772
   2672.2   0.44796
   2675.0   0.43858
   2677.8   0.42834
   2680.5   0.41217
   2683.3   0.39013
   2686.1   0.35877
   2688.9   0.31820
   2691.7   0.27449
   2694.5   0.23433
   2697.3   0.19909
   2700.1   0.17259
   2700.1   0.16349
   2701.5   0.15681
   2702.9   0.15363
   2704.3   0.14532
   2705.7   0.13955
   2707.1   0.13435
   2708.5   0.12970
   2710.0   0.12544
   2711.4   0.12109
   2712.8   0.11667
   2714.2   0.11260
   2715.6   0.10808
   2717.1   0.10328
   2718.5   0.09881
   2719.9   0.09419
   2721.3   0.08902
   2722.8   0.08379
   2724.2   0.07901
   2725.6   0.07436
   2727.1   0.07000
   2728.5   0.06572
   2729.9   0.06278
   2731.4   0.05918
   2732.8   0.05579
   2734.2   0.05310
   2735.7   0.05091
   2737.1   0.04850
   2738.6   0.04690
   2740.0   0.04531
   2741.5   0.04393
   2742.9   0.04232
   2744.4   0.04115
   2745.8   0.04034
   2747.3   0.03972
   2748.7   0.03917
   2750.2   0.03857
   2751.7   0.03814
   2753.1   0.03809
   2754.6   0.03807
   2756.1   0.03811
   2757.5   0.03817
   2759.0   0.03827
   2760.5   0.03860
   2761.9   0.03897
   2763.4   0.03964
   2764.9   0.04041
   2766.3   0.04103
   2767.8   0.04200
   2769.3   0.04321
   2770.8   0.04454
   2772.3   0.04603
   2773.7   0.04758
   2775.2   0.04932
   2776.7   0.05091
   2778.2   0.05258
   2779.7   0.05463
   2781.2   0.05670
   2782.7   0.05879
   2784.2   0.06096
   2785.7   0.06337
   2787.2   0.06596
   2788.7   0.06838
   2790.2   0.07079
   2791.7   0.07342
   2793.2   0.07568
   2794.7   0.07812
   2796.2   0.08071
   2797.7   0.08307
   2799.2   0.08548
   2800.7   0.08770
   2802.2   0.08995
   2803.8   0.09233
   2805.3   0.09482
   2806.8   0.09727
   2808.3   0.09969
   2809.8   0.10194
   2811.4   0.10403
   2812.9   0.10597
   2814.4   0.10781
   2815.9   0.10965
   2817.5   0.11158
   2819.0   0.11347
   2820.5   0.11521
   2822.1   0.11673
   2823.6   0.11835
   2825.1   0.12012
   2826.7   0.12173
   2828.2   0.12325
   2829.8   0.12498
   2831.3   0.12668
   2832.9   0.12810
   2834.4   0.12964
   2836.0   0.13101
   2837.5   0.13224
   2839.1   0.13350
   2840.6   0.13481
   2842.2   0.13598
   2843.7   0.13682
   2845.3   0.13768
   2846.9   0.13867
   2848.4   0.13956
   2850.0   0.14040
   2851.6   0.14110
   2853.1   0.14164
   2854.7   0.14219
   2856.3   0.14294
   2857.8   0.14380
   2859.4   0.14439
   2861.0   0.14485
   2862.6   0.14542
   2864.2   0.14595
   2865.7   0.14649
   2867.3   0.14720
   2868.9   0.14794
   2870.5   0.14841
   2872.1   0.14880
   2873.7   0.14945
   2875.3   0.15026
   2876.9   0.15092
   2878.5   0.15143
   2880.1   0.15189
   2881.7   0.15235
   2883.3   0.15279
   2884.9   0.15329
   2886.5   0.15378
   2888.1   0.15419
   2889.7   0.15449
   2891.3   0.15493
   2892.9   0.15556
   2894.5   0.15623
   2896.2   0.15682
   2897.8   0.15744
   2899.4   0.15803
   2901.0   0.15852
   2902.7   0.15899
   2904.3   0.15948
   2905.9   0.15987
   2907.5   0.16026
   2909.2   0.16072
   2910.8   0.16112
   2912.4   0.16156
   2914.1   0.16216
   2915.7   0.16274
   2917.4   0.16320
   2919.0   0.16356
   2920.6   0.16406
   2922.3   0.16460
   2923.9   0.16511
   2925.6   0.16572
   2927.2   0.16626
   2928.9   0.16659
   2930.5   0.16692
   2932.2   0.16733
   2933.9   0.16784
   2935.5   0.16828
   2937.2   0.16866
   2938.9   0.16906
   2940.5   0.16939
   2942.2   0.16965
   2943.9   0.16997
   2945.5   0.17048
   2947.2   0.17113
   2948.9   0.17170
   2950.6   0.17221
   2952.2   0.17278
   2953.9   0.17335
   2955.6   0.17406
   2957.3   0.17493
   2959.0   0.17587
   2960.7   0.17663
   2962.4   0.17721
   2964.1   0.17788
   2965.8   0.17852
   2967.4   0.17909
   2969.1   0.17978
   2970.9   0.18040
   2972.6   0.18093
   2974.3   0.18159
   2976.0   0.18234
   2977.7   0.18313
   2979.4   0.18385
   2981.1   0.18465
   2982.8   0.18559
   2984.5   0.18636
   2986.3   0.18710
   2988.0   0.18804
   2989.7   0.18895
   2991.4   0.18970
   2993.1   0.19054
   2994.9   0.19146
   2996.6   0.19235
   2998.3   0.19316
   3000.1   0.19407
   3001.8   0.19508
   3003.6   0.19593
   3005.3   0.19674
   3007.0   0.19762
   3008.8   0.19849
   3010.5   0.19942
   3012.3   0.20031
   3014.0   0.20116
   3015.8   0.20205
   3017.5   0.20293
   3019.3   0.20382
   3021.1   0.20471
   3022.8   0.20565
   3024.6   0.20655
   3026.3   0.20739
   3028.1   0.20834
   3029.9   0.20932
   3031.7   0.21027
   3033.4   0.21114
   3035.2   0.21195
   3037.0   0.21278
   3038.8   0.21376
   3040.5   0.21480
   3042.3   0.21566
   3044.1   0.21644
   3045.9   0.21722
   3047.7   0.21787
   3049.5   0.21852
   3051.3   0.21930
   3053.1   0.22005
   3054.9   0.22054
   3056.7   0.22092
   3058.5   0.22151
   3060.3   0.22208
   3062.1   0.22248
   3063.9   0.22292
   3065.7   0.22343
   3067.5   0.22381
   3069.4   0.22406
   3071.2   0.22439
   3073.0   0.22479
   3074.8   0.22502
   3076.6   0.22534
   3078.5   0.22579
   3080.3   0.22621
   3082.1   0.22660
   3084.0   0.22706
   3085.8   0.22758
   3087.6   0.22808
   3089.5   0.22857
   3091.3   0.22916
   3093.2   0.22965
   3095.0   0.23020
   3096.9   0.23098
   3098.7   0.23181
   3100.6   0.23262
   3102.4   0.23353
   3104.3   0.23452
   3106.1   0.23546
   3108.0   0.23637
   3109.9   0.23743
   3111.7   0.23856
   3113.6   0.23959
   3115.5   0.24054
   3117.3   0.24152
   3119.2   0.24242
   3121.1   0.24342
   3123.0   0.24460
   3124.9   0.24578
   3126.7   0.24693
   3128.6   0.24801
   3130.5   0.24911
   3132.4   0.25032
   3134.3   0.25160
   3136.2   0.25298
   3138.1   0.25425
   3140.0   0.25542
   3141.9   0.25664
   3143.8   0.25800
   3145.7   0.25938
   3147.6   0.26072
   3149.5   0.26209
   3151.4   0.26345
   3153.4   0.26475
   3155.3   0.26608
   3157.2   0.26750
   3159.1   0.26898
   3161.1   0.27042
   3163.0   0.27183
   3164.9   0.27324
   3166.9   0.27467
   3168.8   0.27614
   3170.7   0.27764
   3172.7   0.27905
   3174.6   0.28039
   3176.6   0.28175
   3178.5   0.28308
   3180.5   0.28447
   3182.4   0.28586
   3184.4   0.28713
   3186.3   0.28834
   3188.3   0.28958
   3190.2   0.29088
   3192.2   0.29217
   3194.2   0.29342
   3196.1   0.29476
   3198.1   0.29612
   3200.1   0.29753
   3202.1   0.29894
   3204.0   0.30030
   3206.0   0.30164
   3208.0   0.30298
   3210.0   0.30435
   3212.0   0.30575
   3214.0   0.30698
   3216.0   0.30813
   3218.0   0.30934
   3220.0   0.31061
   3222.0   0.31185
   3224.0   0.31313
   3226.0   0.31445
   3228.0   0.31567
   3230.0   0.31692
   3232.0   0.31826
   3234.0   0.31954
   3236.0   0.32067
   3238.1   0.32175
   3240.1   0.32291
   3242.1   0.32402
   3244.1   0.32510
   3246.2   0.32627
   3248.2   0.32736
   3250.2   0.32846
   3252.3   0.32965
   3254.3   0.33082
   3256.4   0.33201
   3258.4   0.33323
   3260.5   0.33448
   3262.5   0.33571
   3264.6   0.33689
   3266.6   0.33802
   3268.7   0.33902
   3270.7   0.34012
   3272.8   0.34136
   3274.9   0.34251
   3276.9   0.34358
   3279.0   0.34466
   3281.1   0.34572
   3283.2   0.34679
   3285.3   0.34789
   3287.3   0.34901
   3289.4   0.35011
   3291.5   0.35120
   3293.6   0.35233
   3295.7   0.35344
   3297.8   0.35446
   3299.9   0.35552
   3302.0   0.35665
   3304.1   0.35774
   3306.2   0.35890
   3308.3   0.35997
   3310.4   0.36100
   3312.5   0.36210
   3314.7   0.36319
   3316.8   0.36429
   3318.9   0.36534
   3321.0   0.36632
   3323.2   0.36740
   3325.3   0.36843
   3327.4   0.36934
   3329.6   0.37021
   3331.7   0.37104
   3333.8   0.37184
   3336.0   0.37256
   3338.1   0.37325
   3340.3   0.37398
   3342.4   0.37468
   3344.6   0.37543
   3346.8   0.37639
   3348.9   0.37731
   3351.1   0.37811
   3353.3   0.37894
   3355.4   0.37987
   3357.6   0.38094
   3359.8   0.38194
   3362.0   0.38281
   3364.1   0.38363
   3366.3   0.38441
   3368.5   0.38525
   3370.7   0.38611
   3372.9   0.38700
   3375.1   0.38788
   3377.3   0.38868
   3379.5   0.38955
   3381.7   0.39051
   3383.9   0.39146
   3386.1   0.39237
   3388.3   0.39329
   3390.5   0.39418
   3392.8   0.39495
   3395.0   0.39578
   3397.2   0.39663
   3399.4   0.39736
   3401.7   0.39798
   3403.9   0.39861
   3406.1   0.39928
   3408.4   0.40000
   3410.6   0.40081
   3412.9   0.40174
   3415.1   0.40271
   3417.4   0.40381
   3419.6   0.40504
   3421.9   0.40639
   3424.1   0.40783
   3426.4   0.40922
   3428.7   0.41053
   3430.9   0.41186
   3433.2   0.41312
   3435.5   0.41427
   3437.8   0.41524
   3440.0   0.41620
   3442.3   0.41712
   3444.6   0.41794
   3446.9   0.41884
   3449.2   0.41980
   3451.5   0.42074
   3453.8   0.42177
   3456.1   0.42273
   3458.4   0.42362
   3460.7   0.42444
   3463.0   0.42514
   3465.3   0.42568
   3467.6   0.42612
   3470.0   0.42660
   3472.3   0.42708
   3474.6   0.42746
   3477.0   0.42787
   3479.3   0.42831
   3481.6   0.42882
   3484.0   0.42956
   3486.3   0.43044
   3488.7   0.43128
   3491.0   0.43206
   3493.4   0.43279
   3495.7   0.43365
   3498.1   0.43462
   3500.4   0.43565
   3502.8   0.43671
   3505.2   0.43779
   3507.5   0.43895
   3509.9   0.44007
   3512.3   0.44121
   3514.7   0.44250
   3517.1   0.44382
   3519.4   0.44505
   3521.8   0.44631
   3524.2   0.44760
   3526.6   0.44876
   3529.0   0.44993
   3531.4   0.45126
   3533.8   0.45258
   3536.2   0.45374
   3538.7   0.45479
   3541.1   0.45592
   3543.5   0.45705
   3545.9   0.45806
   3548.3   0.45905
   3550.8   0.45992
   3553.2   0.46076
   3555.6   0.46162
   3558.1   0.46253
   3560.5   0.46342
   3563.0   0.46423
   3565.4   0.46510
   3567.9   0.46606
   3570.3   0.46709
   3572.8   0.46817
   3575.3   0.46910
   3577.7   0.46989
   3580.2   0.47067
   3582.7   0.47152
   3585.2   0.47245
   3587.6   0.47332
   3590.1   0.47408
   3592.6   0.47472
   3595.1   0.47529
   3597.6   0.47593
   3600.1   0.47655
   3602.6   0.47712
   3605.1   0.47766
   3607.6   0.47812
   3610.1   0.47859
   3612.6   0.47906
   3615.2   0.47953
   3617.7   0.48002
   3620.2   0.48051
   3622.7   0.48106
   3625.3   0.48157
   3627.8   0.48200
   3630.3   0.48238
   3632.9   0.48263
   3635.4   0.48286
   3638.0   0.48318
   3640.5   0.48348
   3643.1   0.48376
   3645.7   0.48403
   3648.2   0.48428
   3650.8   0.48445
   3653.4   0.48463
   3655.9   0.48497
   3658.5   0.48531
   3661.1   0.48548
   3663.7   0.48568
   3666.3   0.48592
   3668.9   0.48616
   3671.5   0.48645
   3674.1   0.48684
   3676.7   0.48728
   3679.3   0.48764
   3681.9   0.48798
   3684.5   0.48840
   3687.2   0.48884
   3689.8   0.48931
   3692.4   0.48977
   3695.0   0.49027
   3697.7   0.49073
   3700.3   0.49115
   3703.0   0.49163
   3705.6   0.49217
   3708.3   0.49275
   3710.9   0.49334
   3713.6   0.49390
   3716.2   0.49448
   3718.9   0.49509
   3721.6   0.49576
   3724.2   0.49650
   3726.9   0.49720
   3729.6   0.49786
   3732.3   0.49850
   3735.0   0.49914
   3737.7   0.49978
   3740.4   0.50039
   3743.1   0.50099
   3745.8   0.50162
   3748.5   0.50219
   3751.2   0.50276
   3753.9   0.50332
   3756.6   0.50390
   3759.3   0.50453
   3762.1   0.50517
   3764.8   0.50580
   3767.5   0.50637
   3770.3   0.50691
   3773.0   0.50744
   3775.8   0.50797
   3778.5   0.50848
   3781.3   0.50892
   3784.0   0.50929
   3786.8   0.50954
   3789.6   0.50976
   3792.3   0.50999
   3795.1   0.51017
   3797.9   0.51028
   3800.7   0.51032
   3803.5   0.51039
   3806.3   0.51044
   3809.1   0.51044
   3811.9   0.51047
   3814.7   0.51047
   3817.5   0.51044
   3820.3   0.51039
   3823.1   0.51034
   3825.9   0.51032
   3828.8   0.51029
   3831.6   0.51027
   3834.4   0.51019
   3837.3   0.51010
   3840.1   0.51005
   3842.9   0.51002
   3845.8   0.51007
   3848.7   0.51015
   3851.5   0.51019
   3854.4   0.51021
   3857.2   0.51020
   3860.1   0.51027
   3863.0   0.51041
   3865.9   0.51056
   3868.8   0.51073
   3871.6   0.51086
   3874.5   0.51094
   3877.4   0.51102
   3880.3   0.51114
   3883.2   0.51128
   3886.2   0.51141
   3889.1   0.51159
   3892.0   0.51174
   3894.9   0.51178
   3897.8   0.51181
   3900.8   0.51188
   3903.7   0.51194
   3906.7   0.51193
   3909.6   0.51190
   3912.6   0.51186
   3915.5   0.51172
   3918.5   0.51154
   3921.4   0.51140
   3924.4   0.51122
   3927.4   0.51093
   3930.4   0.51053
   3933.3   0.51013
   3936.3   0.50967
   3939.3   0.50904
   3942.3   0.50832
   3945.3   0.50755
   3948.3   0.50665
   3951.3   0.50571
   3954.3   0.50485
   3957.4   0.50404
   3960.4   0.50320
   3963.4   0.50244
   3966.4   0.50187
   3969.5   0.50133
   3972.5   0.50087
   3975.6   0.50062
   3978.6   0.50057
   3981.7   0.50068
   3984.7   0.50099
   3987.8   0.50145
   3990.9   0.50200
   3993.9   0.50265
   3997.0   0.50347
   4000.1   0.50441
   4003.2   0.50541
   4006.3   0.50642
   4009.4   0.50734
   4012.5   0.50820
   4015.6   0.50911
   4018.7   0.51003
   4021.8   0.51094
   4024.9   0.51183
   4028.1   0.51270
   4031.2   0.51353
   4034.3   0.51435
   4037.5   0.51517
   4040.6   0.51593
   4043.8   0.51654
   4046.9   0.51708
   4050.1   0.51762
   4053.3   0.51812
   4056.4   0.51856
   4059.6   0.51898
   4062.8   0.51928
   4066.0   0.51948
   4069.2   0.51972
   4072.4   0.52004
   4075.6   0.52028
   4078.8   0.52040
   4082.0   0.52047
   4085.2   0.52048
   4088.4   0.52046
   4091.7   0.52047
   4094.9   0.52052
   4098.1   0.52051
   4101.4   0.52040
   4104.6   0.52033
   4107.9   0.52029
   4111.1   0.52025
   4114.4   0.52015
   4117.7   0.52001
   4120.9   0.51987
   4124.2   0.51970
   4127.5   0.51950
   4130.8   0.51931
   4134.1   0.51912
   4137.4   0.51891
   4140.7   0.51873
   4144.0   0.51863
   4147.3   0.51849
   4150.6   0.51830
   4154.0   0.51812
   4157.3   0.51802
   4160.6   0.51793
   4164.0   0.51785
   4167.3   0.51769
   4170.7   0.51746
   4174.0   0.51717
   4177.4   0.51686
   4180.8   0.51653
   4184.1   0.51619
   4187.5   0.51585
   4190.9   0.51553
   4194.3   0.51518
   4197.7   0.51485
   4201.1   0.51455
   4204.5   0.51430
   4207.9   0.51406
   4211.3   0.51379
   4214.7   0.51352
   4218.2   0.51321
   4221.6   0.51291
   4225.0   0.51266
   4228.5   0.51239
   4231.9   0.51212
   4235.4   0.51178
   4238.9   0.51148
   4242.3   0.51122
   4245.8   0.51086
   4249.3   0.51033
   4252.8   0.50975
   4256.3   0.50919
   4259.8   0.50866
   4263.3   0.50810
   4266.8   0.50753
   4270.3   0.50696
   4273.8   0.50636
   4277.3   0.50581
   4280.9   0.50534
   4284.4   0.50488
   4288.0   0.50438
   4291.5   0.50382
   4295.1   0.50324
   4298.6   0.50267
   4302.2   0.50213
   4305.8   0.50165
   4309.3   0.50122
   4312.9   0.50072
   4316.5   0.50016
   4320.1   0.49960
   4323.7   0.49905
   4327.3   0.49843
   4330.9   0.49774
   4334.6   0.49703
   4338.2   0.49629
   4341.8   0.49552
   4345.5   0.49479
   4349.1   0.49406
   4352.8   0.49334
   4356.4   0.49268
   4360.1   0.49208
   4363.8   0.49148
   4367.4   0.49079
   4371.1   0.49006
   4374.8   0.48938
   4378.5   0.48870
   4382.2   0.48797
   4385.9   0.48719
   4389.6   0.48634
   4393.3   0.48551
   4397.1   0.48469
   4400.8   0.48390
   4404.5   0.48310
   4408.3   0.48222
   4412.0   0.48140
   4415.8   0.48060
   4419.6   0.47985
   4423.3   0.47913
   4427.1   0.47834
   4430.9   0.47756
   4434.7   0.47684
   4438.5   0.47612
   4442.3   0.47539
   4446.1   0.47463
   4449.9   0.47390
   4453.7   0.47311
   4457.6   0.47231
   4461.4   0.47162
   4465.2   0.47101
   4469.1   0.47038
   4472.9   0.46980
   4476.8   0.46933
   4480.7   0.46890
   4484.5   0.46847
   4488.4   0.46807
   4492.3   0.46777
   4496.2   0.46754
   4500.1   0.46729
   4504.0   0.46709
   4507.9   0.46693
   4511.9   0.46673
   4515.8   0.46652
   4519.7   0.46641
   4523.7   0.46634
   4527.6   0.46622
   4531.6   0.46601
   4535.6   0.46582
   4539.5   0.46559
   4543.5   0.46534
   4547.5   0.46512
   4551.5   0.46496
   4555.5   0.46480
   4559.5   0.46464
   4563.5   0.46453
   4567.5   0.46448
   4571.5   0.46442
   4575.6   0.46437
   4579.6   0.46432
   4583.7   0.46427
   4587.7   0.46417
   4591.8   0.46405
   4595.9   0.46391
   4599.9   0.46370
   4604.0   0.46341
   4608.1   0.46310
   4612.2   0.46277
   4616.3   0.46245
   4620.4   0.46208
   4624.6   0.46167
   4628.7   0.46123
   4632.8   0.46071
   4637.0   0.46019
   4641.1   0.45971
   4645.3   0.45918
   4649.4   0.45857
   4653.6   0.45792
   4657.8   0.45726
   4662.0   0.45654
   4666.2   0.45575
   4670.4   0.45498
   4674.6   0.45421
   4678.8   0.45342
   4683.0   0.45265
   4687.3   0.45198
   4691.5   0.45133
   4695.8   0.45072
   4700.0   0.45020
   4704.3   0.44976
   4708.6   0.44935
   4712.8   0.44889
   4717.1   0.44844
   4721.4   0.44797
   4725.7   0.44746
   4730.0   0.44699
   4734.4   0.44654
   4738.7   0.44603
   4743.0   0.44551
   4747.4   0.44501
   4751.7   0.44462
   4756.1   0.44428
   4760.5   0.44399
   4764.8   0.44369
   4769.2   0.44331
   4773.6   0.44289
   4778.0   0.44252
   4782.4   0.44213
   4786.8   0.44171
   4791.3   0.44125
   4795.7   0.44074
   4800.1   0.44013
   4804.6   0.43949
   4809.0   0.43885
   4813.5   0.43814
   4818.0   0.43736
   4822.5   0.43658
   4826.9   0.43573
   4831.4   0.43482
   4835.9   0.43385
   4840.5   0.43289
   4845.0   0.43184
   4849.5   0.43073
   4854.1   0.42960
   4858.6   0.42839
   4863.2   0.42707
   4867.7   0.42563
   4872.3   0.42405
   4876.9   0.42234
   4881.5   0.42046
   4886.1   0.41837
   4890.7   0.41600
   4895.3   0.41334
   4899.9   0.41048
   4904.6   0.40746
   4909.2   0.40431
   4913.9   0.40102
   4918.5   0.39763
   4923.2   0.39424
   4927.9   0.39086
   4932.6   0.38758
   4937.3   0.38434
   4942.0   0.38111
   4946.7   0.37787
   4951.4   0.37457
   4956.2   0.37115
   4960.9   0.36761
   4965.6   0.36391
   4970.4   0.36017
   4975.2   0.35641
   4980.0   0.35265
   4984.7   0.34891
   4989.5   0.34522
   4994.3   0.34161
   4999.2   0.33824
   5004.0   0.33510
   5008.8   0.33218
   5013.7   0.32942
   5018.5   0.32681
   5023.4   0.32437
   5028.3   0.32215
   5033.1   0.32010
   5038.0   0.31820
   5042.9   0.31639
   5047.8   0.31463
   5052.8   0.31302
   5057.7   0.31153
   5062.6   0.31018
   5067.6   0.30899
   5072.5   0.30788
   5077.5   0.30687
   5082.5   0.30604
   5087.5   0.30536
   5092.5   0.30479
   5097.5   0.30426
   5102.5   0.30379
   5107.5   0.30333
   5112.6   0.30283
   5117.6   0.30229
   5122.7   0.30174
   5127.7   0.30115
   5132.8   0.30049
   5137.9   0.29982
   5143.0   0.29920
   5148.1   0.29858
   5153.2   0.29793
   5158.3   0.29730
   5163.5   0.29666
   5168.6   0.29600
   5173.8   0.29528
   5179.0   0.29455
   5184.1   0.29374
   5189.3   0.29281
   5194.5   0.29172
   5199.7   0.29055
   5205.0   0.28922
   5210.2   0.28766
   5215.4   0.28582
   5220.7   0.28370
   5225.9   0.28135
   5231.2   0.27877
   5236.5   0.27601
   5241.8   0.27307
   5247.1   0.26992
   5252.4   0.26663
   5257.7   0.26328
   5263.1   0.25996
   5268.4   0.25664
   5273.8   0.25335
   5279.2   0.25013
   5284.5   0.24695
   5289.9   0.24388
   5295.3   0.24089
   5300.8   0.23799
   5306.2   0.23526
   5311.6   0.23268
   5317.1   0.23029
   5322.5   0.22806
   5328.0   0.22594
   5333.5   0.22398
   5339.0   0.22227
   5344.5   0.22082
   5350.0   0.21965
   5355.5   0.21876
   5361.0   0.21815
   5366.6   0.21785
   5372.2   0.21787
   5377.7   0.21823
   5383.3   0.21892
   5388.9   0.21981
   5394.5   0.22087
   5400.1   0.22204
   5405.8   0.22332
   5411.4   0.22469
   5417.1   0.22601
   5422.7   0.22724
   5428.4   0.22837
   5434.1   0.22938
   5439.8   0.23032
   5445.5   0.23124
   5451.2   0.23214
   5457.0   0.23287
   5462.7   0.23348
   5468.5   0.23410
   5474.3   0.23474
   5480.1   0.23536
   5485.9   0.23593
   5491.7   0.23648
   5497.5   0.23696
   5503.3   0.23739
   5509.2   0.23785
   5515.0   0.23823
   5520.9   0.23850
   5526.8   0.23862
   5532.7   0.23865
   5538.6   0.23863
   5544.5   0.23854
   5550.5   0.23841
   5556.4   0.23832
   5562.4   0.23827
   5568.4   0.23831
   5574.3   0.23852
   5580.3   0.23889
   5586.4   0.23941
   5592.4   0.24005
   5598.4   0.24080
   5604.5   0.24161
   5610.5   0.24242
   5616.6   0.24323
   5622.7   0.24408
   5628.8   0.24496
   5634.9   0.24580
   5641.1   0.24661
   5647.2   0.24740
   5653.4   0.24818
   5659.5   0.24891
   5665.7   0.24954
   5671.9   0.25008
   5678.1   0.25047
   5684.4   0.25064
   5690.6   0.25071
   5696.9   0.25070
   5703.1   0.25057
   5709.4   0.25028
   5715.7   0.24990
   5722.0   0.24948
   5728.3   0.24902
   5734.7   0.24849
   5741.0   0.24790
   5747.4   0.24725
   5753.8   0.24655
   5760.1   0.24581
   5766.6   0.24504
   5773.0   0.24419
   5779.4   0.24334
   5785.9   0.24250
   5792.3   0.24167
   5798.8   0.24091
   5805.3   0.24023
   5811.8   0.23954
   5818.3   0.23892
   5824.9   0.23836
   5831.4   0.23786
   5838.0   0.23734
   5844.6   0.23682
   5851.2   0.23625
   5857.8   0.23562
   5864.4   0.23495
   5871.0   0.23422
   5877.7   0.23344
   5884.4   0.23252
   5891.1   0.23145
   5897.8   0.23033
   5904.5   0.22911
   5911.2   0.22781
   5918.0   0.22656
   5924.7   0.22529
   5931.5   0.22400
   5938.3   0.22270
   5945.1   0.22145
   5951.9   0.22038
   5958.8   0.21932
   5965.6   0.21822
   5972.5   0.21710
   5979.4   0.21581
   5986.3   0.21431
   5993.2   0.21259
   6000.2   0.21053
   6007.1   0.20806
   6014.1   0.20511
   6021.1   0.20177
   6028.1   0.19796
   6035.1   0.19373
   6042.1   0.18911
   6049.2   0.18411
   6056.2   0.17872
   6063.3   0.17316
   6070.4   0.16748
   6077.5   0.16169
   6084.7   0.15591
   6091.8   0.15037
   6099.0   0.14510
   6106.2   0.14027
   6113.4   0.13599
   6120.6   0.13129
   6127.8   0.12826
   6135.1   0.12723
   6142.3   0.12594
   6149.6   0.12549
   6156.9   0.12481
   6164.3   0.12717
   6171.6   0.12926
   6178.9   0.13207
   6186.3   0.13562
   6193.7   0.13994
   6201.1   0.14491
   6208.5   0.15036
   6216.0   0.15623
   6223.5   0.16245
   6230.9   0.16876
   6238.4   0.17511
   6245.9   0.18150
   6253.5   0.18779
   6261.0   0.19377
   6268.6   0.19936
   6276.2   0.20467
   6283.8   0.20966
   6291.4   0.21430
   6299.1   0.21868
   6306.7   0.22278
   6314.4   0.22651
   6322.1   0.22998
   6329.8   0.23323
   6337.6   0.23626
   6345.3   0.23903
   6353.1   0.24158
   6360.9   0.24390
   6368.7   0.24594
   6376.5   0.24766
   6384.4   0.24913
   6392.3   0.25039
   6400.2   0.25139
   6408.1   0.25218
   6416.0   0.25274
   6424.0   0.25303
   6431.9   0.25312
   6439.9   0.25296
   6447.9   0.25258
   6456.0   0.25202
   6464.0   0.25116
   6472.1   0.25010
   6480.2   0.24885
   6488.3   0.24739
   6496.4   0.24574
   6504.6   0.24387
   6512.7   0.24187
   6520.9   0.23984
   6529.1   0.23781
   6537.4   0.23584
   6545.6   0.23395
   6553.9   0.23216
   6562.2   0.23053
   6570.5   0.22906
   6578.9   0.22775
   6587.2   0.22658
   6595.6   0.22551
   6604.0   0.22451
   6612.4   0.22353
   6620.9   0.22255
   6629.3   0.22149
   6637.8   0.22034
   6646.3   0.21909
   6654.9   0.21779
   6663.4   0.21645
   6672.0   0.21506
   6680.6   0.21359
   6689.2   0.21212
   6697.8   0.21066
   6706.5   0.20929
   6715.2   0.20798
   6723.9   0.20676
   6732.6   0.20562
   6741.4   0.20455
   6750.2   0.20351
   6759.0   0.20255
   6767.8   0.20159
   6776.6   0.20059
   6785.5   0.19956
   6794.4   0.19854
   6803.3   0.19750
   6812.3   0.19644
   6821.2   0.19536
   6830.2   0.19430
   6839.2   0.19321
   6848.3   0.19213
   6857.3   0.19104
   6866.4   0.18994
   6875.5   0.18884
   6884.6   0.18772
   6893.8   0.18657
   6903.0   0.18540
   6912.2   0.18417
   6921.4   0.18293
   6930.7   0.18165
   6939.9   0.18034
   6949.2   0.17902
   6958.6   0.17766
   6967.9   0.17629
   6977.3   0.17491
   6986.7   0.17347
   6996.1   0.17210
   7005.6   0.17079
   7015.1   0.16956
   7024.6   0.16841
   7034.1   0.16728
   7043.7   0.16622
   7053.2   0.16519
   7062.9   0.16421
   7072.5   0.16332
   7082.2   0.16239
   7091.8   0.16142
   7101.6   0.16036
   7111.3   0.15925
   7121.1   0.15807
   7130.9   0.15681
   7140.7   0.15549
   7150.5   0.15410
   7160.4   0.15262
   7170.3   0.15109
   7180.2   0.14950
   7190.2   0.14785
   7200.2   0.14617
   7210.2   0.14445
   7220.2   0.14270
   7230.3   0.14097
   7240.4   0.13919
   7250.5   0.13733
   7260.7   0.13545
   7270.9   0.13360
   7281.1   0.13174
   7291.3   0.12986
   7301.6   0.12796
   7311.9   0.12598
   7322.2   0.12393
   7332.6   0.12198
   7343.0   0.12011
   7353.4   0.11817
   7363.8   0.11617
   7374.3   0.11416
   7384.8   0.11218
   7395.3   0.11023
   7405.9   0.10830
   7416.5   0.10635
   7427.1   0.10430
   7437.8   0.10218
   7448.5   0.10007
   7459.2   0.09799
   7469.9   0.09590
   7480.7   0.09382
   7491.5   0.09168
   7502.4   0.08952
   7513.2   0.08740
   7524.1   0.08527
   7535.1   0.08310
   7546.0   0.08093
   7557.0   0.07876
   7568.1   0.07664
   7579.1   0.07447
   7590.2   0.07229
   7601.4   0.07017
   7612.5   0.06814
   7623.7   0.06615
   7635.0   0.06425
   7646.2   0.06243
   7657.5   0.06063
   7668.8   0.05882
   7680.2   0.05710
   7691.6   0.05550
   7703.0   0.05396
   7714.5   0.05236
   7726.0   0.05076
   7737.5   0.04920
   7749.1   0.04770
   7760.7   0.04628
   7772.3   0.04492
   7784.0   0.04359
   7795.7   0.04235
   7807.4   0.04126
   7819.2   0.04034
   7831.0   0.03952
   7842.9   0.03885
   7854.7   0.03834
   7866.7   0.03799
   7878.6   0.03780
   7890.6   0.03779
   7902.6   0.03793
   7914.7   0.03818
   7926.8   0.03857
   7939.0   0.03913
   7951.1   0.03976
   7963.3   0.04049
   7975.6   0.04131
   7987.9   0.04222
   8000.2   0.04321
   8012.6   0.04435
   8025.0   0.04557
   8037.4   0.04687
   8049.9   0.04831
   8062.4   0.04991
   8075.0   0.05167
   8087.6   0.05356
   8100.2   0.05555
   8112.9   0.05761
   8125.6   0.05969
   8138.4   0.06183
   8151.2   0.06401
   8164.0   0.06613
   8176.9   0.06815
   8189.8   0.07003
   8202.7   0.07180
   8215.7   0.07348
   8228.8   0.07504
   8241.9   0.07652
   8255.0   0.07785
   8268.2   0.07907
   8281.4   0.08023
   8294.6   0.08135
   8307.9   0.08240
   8321.2   0.08336
   8334.6   0.08418
   8348.0   0.08489
   8361.5   0.08539
   8375.0   0.08572
   8388.6   0.08587
   8402.2   0.08580
   8415.8   0.08553
   8429.5   0.08509
   8443.2   0.08446
   8457.0   0.08367
   8470.8   0.08273
   8484.7   0.08172
   8498.6   0.08069
   8512.5   0.07966
   8526.5   0.07865
   8540.6   0.07773
   8554.7   0.07688
   8568.8   0.07620
   8583.0   0.07571
   8597.2   0.07545
   8611.5   0.07536
   8625.8   0.07533
   8640.2   0.07536
   8654.6   0.07546
   8669.1   0.07548
   8683.6   0.07542
   8698.2   0.07520
   8712.8   0.07488
   8727.5   0.07442
   8742.2   0.07388
   8757.0   0.07334
   8771.8   0.07273
   8786.7   0.07197
   8801.6   0.07118
   8816.6   0.07036
   8831.6   0.06958
   8846.6   0.06878
   8861.8   0.06790
   8876.9   0.06692
   8892.2   0.06592
   8907.4   0.06494
   8922.8   0.06405
   8938.2   0.06324
   8953.6   0.06259
   8969.1   0.06211
   8984.6   0.06183
   9000.2   0.06183
   9015.9   0.06210
   9031.6   0.06258
   9047.4   0.06332
   9063.2   0.06430
   9079.0   0.06553
   9095.0   0.06690
   9111.0   0.06841
   9127.0   0.07001
   9143.1   0.07163
   9159.2   0.07325
   9175.5   0.07483
   9191.7   0.07632
   9208.1   0.07772
   9224.4   0.07900
   9240.9   0.08012
   9257.4   0.08091
   9273.9   0.08140
   9290.6   0.08171
   9307.2   0.08176
   9324.0   0.08147
   9340.8   0.08084
   9357.6   0.07996
   9374.6   0.07882
   9391.5   0.07751
   9408.6   0.07619
   9425.7   0.07482
   9442.9   0.07326
   9460.1   0.07166
   9477.4   0.07025
   9494.8   0.06901
   9512.2   0.06783
   9529.7   0.06673
   9547.2   0.06568
   9564.8   0.06452
   9582.5   0.06335
   9600.3   0.06234
   9618.1   0.06142
   9635.9   0.06042
   9653.9   0.05937
   9671.9   0.05834
   9690.0   0.05736
   9708.1   0.05651
   9726.3   0.05577
   9744.6   0.05505
   9763.0   0.05436
   9781.4   0.05365
   9799.9   0.05295
   9818.4   0.05226
   9837.1   0.05156
   9855.8   0.05088
   9874.5   0.05013
   9893.4   0.04944
   9912.3   0.04888
   9931.3   0.04825
   9950.4   0.04769
   9969.5   0.04719
   9988.7   0.04679
  10008.0   0.04636
  10027.3   0.04585
  10046.8   0.04540
  10066.3   0.04492
  10085.9   0.04442
  10105.5   0.04395
  10125.3   0.04349
  10145.1   0.04309
  10165.0   0.04267
  10184.9   0.04236
  10205.0   0.04221
  10225.1   0.04206
  10245.3   0.04193
  10265.6   0.04183
  10286.0   0.04174
  10306.4   0.04164
  10327.0   0.04144
  10347.6   0.04123
  10368.3   0.04114
  10389.0   0.04105
  10409.9   0.04089
  10430.9   0.04067
  10451.9   0.04046
  10473.0   0.04036
  10494.2   0.04028
  10515.5   0.04028
  10536.9   0.04029
  10558.3   0.04015
  10579.9   0.03998
  10601.5   0.03984
  10623.2   0.03967
  10645.0   0.03951
  10666.9   0.03934
  10688.9   0.03914
  10711.0   0.03890
  10733.2   0.03866
  10755.5   0.03850
  10777.8   0.03833
  10800.3   0.03821
  10822.8   0.03826
  10845.5   0.03835
  10868.2   0.03846
  10891.0   0.03863
  10914.0   0.03891
  10937.0   0.03921
  10960.1   0.03951
  10983.3   0.03993
  11006.7   0.04049
  11030.1   0.04103
  11053.6   0.04149
  11077.2   0.04187
  11100.9   0.04222
  11124.8   0.04249
  11148.7   0.04274
  11172.7   0.04292
  11196.8   0.04296
  11221.1   0.04278
  11245.4   0.04262
  11269.9   0.04251
  11294.4   0.04246
  11319.1   0.04241
  11343.8   0.04248
  11368.7   0.04264
  11393.7   0.04289
  11418.8   0.04334
  11444.0   0.04396
  11469.3   0.04460
  11494.8   0.04533
  11520.3   0.04612
  11546.0   0.04692
  11571.7   0.04765
  11597.6   0.04827
  11623.6   0.04880
  11649.7   0.04917
  11676.0   0.04946
  11702.3   0.04980
  11728.8   0.05008
  11755.4   0.05028
  11782.1   0.05062
  11809.0   0.05117
  11835.9   0.05186
  11863.0   0.05260
  11890.2   0.05348
  11917.6   0.05447
  11945.0   0.05542
  11972.6   0.05640
  12000.3   0.05740
  12028.2   0.05825
  12056.1   0.05887
  12084.2   0.05934
  12112.5   0.05962
  12140.8   0.05966
  12169.3   0.05933
  12198.0   0.05871
  12226.7   0.05776
  12255.6   0.05653
  12284.7   0.05500
  12313.9   0.05320
  12343.2   0.05121
  12372.6   0.04917
  12402.2   0.04716
  12432.0   0.04538
  12461.9   0.04385
  12491.9   0.04276
  12522.1   0.04210
  12552.4   0.04190
  12582.9   0.04218
  12613.5   0.04280
  12644.2   0.04358
  12675.1   0.04441
  12706.2   0.04522
  12737.4   0.04606
  12768.8   0.04691
  12800.3   0.04798
  12832.0   0.04930
  12863.9   0.04988
  12895.9   0.05170
  12928.0   0.05452
  12960.3   0.05685
  12992.8   0.05932
  13025.5   0.06172
  13058.3   0.06403
  13091.3   0.06601
  13124.4   0.06760
  13157.7   0.06885
  13191.2   0.06982
  13224.8   0.07043
  13258.7   0.07064
  13292.7   0.07072
  13326.8   0.07069
  13361.2   0.07032
  13395.7   0.06971
  13430.4   0.06897
  13465.3   0.06801
  13500.4   0.06685
  13535.6   0.06552
  13571.0   0.06407
  13606.7   0.06254
  13642.5   0.06113
  13678.5   0.05976
  13714.6   0.05834
  13751.0   0.05695
  13787.6   0.05567
  13824.4   0.05445
  13861.3   0.05334
  13898.5   0.05239
  13935.8   0.05139
  13973.4   0.05018
  14011.2   0.04909
  14049.1   0.04815
  14087.3   0.04711
  14125.7   0.04601
  14164.3   0.04486
  14203.1   0.04361
  14242.1   0.04229
  14281.4   0.04109
  14320.8   0.04014
  14360.5   0.03929
  14400.4   0.03858
  14440.5   0.03804
  14480.8   0.03762
  14521.4   0.03733
  14562.2   0.03710
  14603.2   0.03694
  14644.4   0.03680
  14685.9   0.03660
  14727.7   0.03623
  14769.6   0.03567
  14811.8   0.03499
  14854.3   0.03421
  14896.9   0.03336
  14939.9   0.03259
  14983.0   0.03183
  15026.5   0.03088
  15070.2   0.02993
  15114.1   0.02904
  15158.3   0.02822
  15202.7   0.02737
  15247.5   0.02655
  15292.4   0.02578
  15337.7   0.02506
  15383.2   0.02440
  15429.0   0.02380
  15475.0   0.02328
  15521.4   0.02296
  15568.0   0.02271
  15614.9   0.02256
  15662.0   0.02256
  15709.5   0.02275
  15757.2   0.02305
  15805.3   0.02339
  15853.6   0.02391
  15902.3   0.02451
  15951.2   0.02495
  16000.4   0.02545
  16050.0   0.02595
  16099.8   0.02642
  16150.0   0.02691
  16200.4   0.02742
  16251.2   0.02793
  16302.3   0.02840
  16353.7   0.02894
  16405.5   0.02957
  16457.6   0.03026
  16510.0   0.03106
  16562.7   0.03176
  16615.8   0.03224
  16669.2   0.03273
  16723.0   0.03325
  16777.1   0.03386
  16831.6   0.03446
  16886.4   0.03519
  16941.6   0.03595
  16997.2   0.03672
  17053.1   0.03769
  17109.4   0.03888
  17166.0   0.04008
  17223.0   0.04137
  17280.4   0.04271
  17338.2   0.04400
  17396.4   0.04515
  17455.0   0.04624
  17514.0   0.04724
  17573.3   0.04820
  17633.1   0.04904
  17693.3   0.04983
  17753.9   0.05055
  17814.9   0.05100
  17876.3   0.05136
  17938.2   0.05185
  18000.5   0.05253
  18063.2   0.05338
  18126.3   0.05417
  18189.9   0.05473
  18254.0   0.05515
  18318.5   0.05594
  18383.5   0.05588
  18448.9   0.05652
  18514.8   0.05689
  18581.1   0.05689
  18648.0   0.05677
  18715.3   0.05639
  18783.1   0.05600
  18851.4   0.05551
  18920.2   0.05495
  18989.5   0.05430
  19059.3   0.05308
  19129.6   0.05164
  19200.5   0.05005
  19271.9   0.04831
  19343.8   0.04662
  19416.2   0.04501
  19489.2   0.04375
  19562.8   0.04245
  19636.9   0.04108
  19711.5   0.04006
  19786.8   0.03931
  19862.6   0.03893
  19939.0   0.03898
  20016.0   0.03968
  20093.5   0.03976
  20171.7   0.04134
  20250.5   0.04380
  20329.9   0.04710
  20410.0   0.04963
  20490.7   0.05224
  20572.0   0.05569
  20653.9   0.05727
  20736.5   0.05935
  20819.8   0.06106
  20903.8   0.06209
  20988.4   0.06262
  21073.7   0.06312
  21159.7   0.06346
  21246.5   0.06329
  21333.9   0.06258
  21422.0   0.06219
  21510.9   0.06067
  21600.6   0.05906
  21690.9   0.05650
  21782.1   0.05474
  21874.0   0.05375
  21966.7   0.04990
  22060.1   0.04993
  22154.4   0.04896
  22249.5   0.05218
  22345.4   0.05228
  22442.1   0.05187
  22539.7   0.05317
  22638.1   0.05303
  22737.4   0.05267
  22837.6   0.05199
  22938.7   0.05141
  23040.6   0.05102
  23143.5   0.05112
  23247.2   0.05036
  23352.0   0.04945
  23457.6   0.04913
  23564.3   0.04899
  23671.8   0.04754
  23780.4   0.04639
  23890.0   0.04599
  24000.6   0.04446
  24112.3   0.04350
  24224.9   0.04234
  24338.7   0.04703
  24453.5   0.04806
  24569.4   0.04626
  24686.4   0.04769
  24804.5   0.05392
  24923.7   0.06435
  25044.1   0.05762
  25165.7   0.05252
  25288.5   0.04982
  25412.4   0.04366
  25537.6   0.04302
  25664.0   0.04681
  25791.7   0.05141
  25920.7   0.05496



 S502F545    .ASC                        

 JB-JLB-545                                                              
 scaled to RELAB at 1350 nm                                              
 altered montmorillonite                                                 
 from Monika Cogoini #SNMd-5                                             
 smoothed 5, 0.5                                                         

 Source Ang: 30.00   Detect Ang: 30.00  Volt: 1.222
 Date: 10-MAY-02   Time: 20:34:56
