  2874
    300.0   0.03188
    305.0   0.03145
    310.0   0.03099
    315.0   0.03052
    320.0   0.03005
    325.0   0.02956
    330.0   0.02926
    335.0   0.02907
    340.0   0.02894
    345.0   0.02884
    350.0   0.02877
    355.0   0.02879
    360.0   0.02891
    365.0   0.02912
    370.0   0.02943
    375.0   0.02981
    380.0   0.03027
    385.0   0.03085
    390.0   0.03151
    395.0   0.03228
    400.0   0.03312
    405.0   0.03404
    410.0   0.03502
    415.0   0.03608
    420.0   0.03718
    425.0   0.03836
    430.0   0.03967
    435.0   0.04117
    440.0   0.04279
    445.0   0.04450
    450.0   0.04629
    455.0   0.04815
    460.0   0.05009
    465.0   0.05211
    470.0   0.05413
    475.0   0.05599
    480.0   0.05764
    485.0   0.05916
    490.0   0.06066
    495.0   0.06217
    500.0   0.06371
    505.0   0.06495
    510.0   0.06672
    515.0   0.06924
    520.0   0.07161
    525.0   0.07480
    530.0   0.08164
    535.0   0.08846
    540.0   0.09589
    545.0   0.10265
    550.0   0.11012
    555.0   0.11826
    560.0   0.12652
    565.0   0.13653
    570.0   0.14362
    575.0   0.14785
    580.0   0.14932
    585.0   0.14826
    590.0   0.14551
    595.0   0.14207
    600.0   0.13858
    605.0   0.13556
    610.0   0.13237
    615.0   0.12926
    620.0   0.12580
    625.0   0.12328
    630.0   0.12133
    635.0   0.11995
    640.0   0.11924
    645.0   0.11921
    650.0   0.11986
    655.0   0.12124
    660.0   0.12339
    665.0   0.12631
    670.0   0.12921
    675.0   0.13377
    680.0   0.13923
    685.0   0.14562
    690.0   0.15285
    695.0   0.16109
    700.0   0.17030
    705.0   0.18040
    710.0   0.19151
    715.0   0.20426
    720.0   0.21684
    725.0   0.23036
    730.0   0.24345
    735.0   0.25658
    740.0   0.27013
    745.0   0.28297
    750.0   0.29611
    755.0   0.30757
    760.0   0.31872
    765.0   0.32771
    770.0   0.33521
    775.0   0.34134
    780.0   0.34519
    785.0   0.34869
    790.0   0.35054
    795.0   0.35311
    800.0   0.35381
    805.0   0.35354
    810.0   0.35173
    815.0   0.34937
    820.0   0.34747
    825.0   0.34488
    830.0   0.34212
    835.0   0.33911
    840.0   0.33602
    845.0   0.33278
    850.0   0.32940
    855.0   0.32609
    860.0   0.32279
    865.0   0.31956
    870.0   0.31644
    875.0   0.31347
    880.0   0.31052
    885.0   0.30766
    890.0   0.30495
    895.0   0.30244
    900.0   0.29995
    905.0   0.29761
    910.0   0.29545
    915.0   0.29342
    920.0   0.29148
    925.0   0.28981
    930.0   0.28835
    935.0   0.28703
    940.0   0.28590
    945.0   0.28501
    950.0   0.28425
    955.0   0.28362
    960.0   0.28320
    965.0   0.28291
    970.0   0.28280
    975.0   0.28282
    980.0   0.28306
    985.0   0.28347
    990.0   0.28411
    995.0   0.28487
   1000.0   0.28580
   1005.0   0.28678
   1010.0   0.28793
   1015.0   0.28909
   1020.0   0.29045
   1025.0   0.29195
   1030.0   0.29359
   1035.0   0.29527
   1040.0   0.29717
   1045.0   0.29911
   1050.0   0.30118
   1055.0   0.30334
   1060.0   0.30571
   1065.0   0.30806
   1070.0   0.31048
   1075.0   0.31294
   1080.0   0.31544
   1085.0   0.31783
   1090.0   0.32033
   1095.0   0.32290
   1100.0   0.32547
   1105.0   0.32797
   1110.0   0.33046
   1115.0   0.33287
   1120.0   0.33510
   1125.0   0.33723
   1130.0   0.33940
   1135.0   0.34157
   1140.0   0.34368
   1145.0   0.34585
   1150.0   0.34808
   1155.0   0.35034
   1160.0   0.35256
   1165.0   0.35497
   1170.0   0.35758
   1175.0   0.36018
   1180.0   0.36274
   1185.0   0.36525
   1190.0   0.36787
   1195.0   0.37031
   1200.0   0.37279
   1205.0   0.37532
   1210.0   0.37786
   1215.0   0.38028
   1220.0   0.38275
   1225.0   0.38530
   1230.0   0.38797
   1235.0   0.39051
   1240.0   0.39322
   1245.0   0.39601
   1250.0   0.39883
   1255.0   0.40161
   1260.0   0.40442
   1265.0   0.40716
   1270.0   0.40983
   1275.0   0.41246
   1280.0   0.41501
   1285.0   0.41742
   1290.0   0.41968
   1295.0   0.42174
   1300.0   0.42370
   1305.0   0.42563
   1310.0   0.42761
   1315.0   0.42951
   1320.0   0.43141
   1325.0   0.43321
   1330.0   0.43486
   1335.0   0.43629
   1340.0   0.43814
   1345.0   0.43929
   1350.0   0.43972
   1350.7   0.44041
   1351.4   0.44087
   1352.1   0.44106
   1352.9   0.44118
   1353.6   0.44125
   1354.3   0.44130
   1355.0   0.44134
   1355.7   0.44140
   1356.4   0.44144
   1357.1   0.44149
   1357.8   0.44155
   1358.5   0.44163
   1359.2   0.44167
   1360.0   0.44169
   1360.7   0.44173
   1361.4   0.44176
   1362.1   0.44175
   1362.8   0.44173
   1363.5   0.44166
   1364.2   0.44153
   1365.0   0.44136
   1365.7   0.44116
   1366.4   0.44100
   1367.1   0.44083
   1367.8   0.44063
   1368.6   0.44038
   1369.3   0.44002
   1370.0   0.43968
   1370.7   0.43938
   1371.5   0.43905
   1372.2   0.43868
   1372.9   0.43822
   1373.6   0.43762
   1374.4   0.43690
   1375.1   0.43612
   1375.8   0.43532
   1376.6   0.43447
   1377.3   0.43353
   1378.0   0.43256
   1378.8   0.43157
   1379.5   0.43058
   1380.2   0.42965
   1381.0   0.42876
   1381.7   0.42789
   1382.4   0.42704
   1383.2   0.42618
   1383.9   0.42526
   1384.7   0.42427
   1385.4   0.42312
   1386.1   0.42186
   1386.9   0.42054
   1387.6   0.41911
   1388.4   0.41757
   1389.1   0.41593
   1389.8   0.41419
   1390.6   0.41237
   1391.3   0.41054
   1392.1   0.40864
   1392.8   0.40659
   1393.6   0.40438
   1394.3   0.40203
   1395.1   0.39960
   1395.8   0.39713
   1396.6   0.39461
   1397.3   0.39200
   1398.1   0.38930
   1398.8   0.38658
   1399.6   0.38389
   1400.4   0.38118
   1401.1   0.37849
   1401.9   0.37583
   1402.6   0.37321
   1403.4   0.37065
   1404.2   0.36813
   1404.9   0.36566
   1405.7   0.36327
   1406.4   0.36094
   1407.2   0.35878
   1408.0   0.35682
   1408.7   0.35496
   1409.5   0.35313
   1410.3   0.35137
   1411.0   0.34976
   1411.8   0.34831
   1412.6   0.34699
   1413.3   0.34590
   1414.1   0.34495
   1414.9   0.34410
   1415.7   0.34342
   1416.4   0.34291
   1417.2   0.34253
   1418.0   0.34228
   1418.8   0.34210
   1419.5   0.34189
   1420.3   0.34164
   1421.1   0.34135
   1421.9   0.34100
   1422.6   0.34053
   1423.4   0.33993
   1424.2   0.33913
   1425.0   0.33811
   1425.8   0.33690
   1426.6   0.33558
   1427.3   0.33413
   1428.1   0.33256
   1428.9   0.33096
   1429.7   0.32947
   1430.5   0.32811
   1431.3   0.32650
   1432.1   0.32555
   1432.9   0.32564
   1433.7   0.32559
   1434.5   0.32540
   1435.3   0.32631
   1436.0   0.32764
   1436.8   0.32948
   1437.6   0.33189
   1438.4   0.33475
   1439.2   0.33846
   1440.0   0.34196
   1440.8   0.34577
   1441.6   0.34988
   1442.4   0.35422
   1443.2   0.35868
   1444.0   0.36317
   1444.9   0.36767
   1445.7   0.37211
   1446.5   0.37645
   1447.3   0.38061
   1448.1   0.38450
   1448.9   0.38809
   1449.7   0.39183
   1450.5   0.39476
   1451.3   0.39705
   1452.1   0.39955
   1453.0   0.40190
   1453.8   0.40412
   1454.6   0.40624
   1455.4   0.40832
   1456.2   0.41037
   1457.0   0.41239
   1457.9   0.41433
   1458.7   0.41616
   1459.5   0.41784
   1460.3   0.41936
   1461.1   0.42071
   1462.0   0.42189
   1462.8   0.42295
   1463.6   0.42392
   1464.4   0.42481
   1465.3   0.42563
   1466.1   0.42646
   1466.9   0.42734
   1467.8   0.42823
   1468.6   0.42917
   1469.4   0.43019
   1470.3   0.43123
   1471.1   0.43227
   1471.9   0.43336
   1472.8   0.43449
   1473.6   0.43564
   1474.4   0.43678
   1475.3   0.43792
   1476.1   0.43903
   1477.0   0.44011
   1477.8   0.44119
   1478.6   0.44225
   1479.5   0.44323
   1480.3   0.44413
   1481.2   0.44501
   1482.0   0.44587
   1482.9   0.44672
   1483.7   0.44755
   1484.6   0.44832
   1485.4   0.44905
   1486.3   0.44978
   1487.1   0.45046
   1488.0   0.45114
   1488.8   0.45182
   1489.7   0.45246
   1490.6   0.45303
   1491.4   0.45352
   1492.3   0.45404
   1493.1   0.45457
   1494.0   0.45507
   1494.8   0.45558
   1495.7   0.45606
   1496.6   0.45648
   1497.4   0.45689
   1498.3   0.45735
   1499.2   0.45783
   1500.0   0.45828
   1500.9   0.45870
   1501.8   0.45907
   1502.6   0.45942
   1503.5   0.45980
   1504.4   0.46019
   1505.3   0.46054
   1506.1   0.46090
   1507.0   0.46128
   1507.9   0.46166
   1508.8   0.46200
   1509.6   0.46233
   1510.5   0.46265
   1511.4   0.46295
   1512.3   0.46326
   1513.2   0.46358
   1514.1   0.46387
   1514.9   0.46411
   1515.8   0.46429
   1516.7   0.46447
   1517.6   0.46472
   1518.5   0.46498
   1519.4   0.46523
   1520.3   0.46548
   1521.2   0.46571
   1522.1   0.46591
   1523.0   0.46613
   1523.8   0.46636
   1524.7   0.46657
   1525.6   0.46677
   1526.5   0.46698
   1527.4   0.46717
   1528.3   0.46733
   1529.2   0.46748
   1530.1   0.46766
   1531.0   0.46787
   1532.0   0.46806
   1532.9   0.46827
   1533.8   0.46849
   1534.7   0.46869
   1535.6   0.46888
   1536.5   0.46908
   1537.4   0.46924
   1538.3   0.46938
   1539.2   0.46950
   1540.1   0.46966
   1541.1   0.46983
   1542.0   0.46995
   1542.9   0.47003
   1543.8   0.47011
   1544.7   0.47019
   1545.7   0.47031
   1546.6   0.47043
   1547.5   0.47054
   1548.4   0.47065
   1549.4   0.47075
   1550.3   0.47084
   1551.2   0.47097
   1552.1   0.47111
   1553.1   0.47123
   1554.0   0.47132
   1554.9   0.47143
   1555.9   0.47155
   1556.8   0.47166
   1557.7   0.47174
   1558.7   0.47182
   1559.6   0.47193
   1560.5   0.47204
   1561.5   0.47216
   1562.4   0.47230
   1563.4   0.47243
   1564.3   0.47252
   1565.3   0.47262
   1566.2   0.47276
   1567.2   0.47288
   1568.1   0.47294
   1569.0   0.47299
   1570.0   0.47305
   1570.9   0.47311
   1571.9   0.47319
   1572.9   0.47330
   1573.8   0.47336
   1574.8   0.47338
   1575.7   0.47344
   1576.7   0.47358
   1577.6   0.47372
   1578.6   0.47385
   1579.6   0.47397
   1580.5   0.47404
   1581.5   0.47412
   1582.5   0.47425
   1583.4   0.47437
   1584.4   0.47444
   1585.4   0.47448
   1586.3   0.47451
   1587.3   0.47458
   1588.3   0.47464
   1589.3   0.47470
   1590.2   0.47475
   1591.2   0.47479
   1592.2   0.47487
   1593.2   0.47494
   1594.1   0.47500
   1595.1   0.47507
   1596.1   0.47515
   1597.1   0.47522
   1598.1   0.47526
   1599.1   0.47533
   1600.0   0.47541
   1601.0   0.47549
   1602.0   0.47557
   1603.0   0.47564
   1604.0   0.47568
   1605.0   0.47569
   1606.0   0.47570
   1607.0   0.47574
   1608.0   0.47574
   1609.0   0.47574
   1610.0   0.47577
   1611.0   0.47581
   1612.0   0.47588
   1613.0   0.47598
   1614.0   0.47608
   1615.0   0.47616
   1616.0   0.47626
   1617.0   0.47637
   1618.0   0.47643
   1619.0   0.47647
   1620.0   0.47652
   1621.1   0.47656
   1622.1   0.47656
   1623.1   0.47654
   1624.1   0.47657
   1625.1   0.47660
   1626.1   0.47661
   1627.2   0.47666
   1628.2   0.47670
   1629.2   0.47668
   1630.2   0.47666
   1631.3   0.47668
   1632.3   0.47673
   1633.3   0.47675
   1634.3   0.47675
   1635.4   0.47678
   1636.4   0.47682
   1637.4   0.47688
   1638.5   0.47694
   1639.5   0.47704
   1640.5   0.47712
   1641.6   0.47718
   1642.6   0.47725
   1643.7   0.47731
   1644.7   0.47739
   1645.8   0.47746
   1646.8   0.47749
   1647.8   0.47753
   1648.9   0.47756
   1649.9   0.47758
   1651.0   0.47761
   1652.1   0.47764
   1653.1   0.47769
   1654.2   0.47771
   1655.2   0.47769
   1656.3   0.47770
   1657.3   0.47776
   1658.4   0.47777
   1659.5   0.47777
   1660.5   0.47777
   1661.6   0.47778
   1662.6   0.47779
   1663.7   0.47783
   1664.8   0.47791
   1665.9   0.47798
   1666.9   0.47804
   1668.0   0.47810
   1669.1   0.47815
   1670.1   0.47824
   1671.2   0.47833
   1672.3   0.47836
   1673.4   0.47838
   1674.5   0.47837
   1675.5   0.47839
   1676.6   0.47844
   1677.7   0.47850
   1678.8   0.47854
   1679.9   0.47855
   1681.0   0.47852
   1682.1   0.47852
   1683.2   0.47853
   1684.3   0.47857
   1685.3   0.47859
   1686.4   0.47857
   1687.5   0.47854
   1688.6   0.47853
   1689.7   0.47854
   1690.8   0.47858
   1692.0   0.47862
   1693.1   0.47862
   1694.2   0.47861
   1695.3   0.47861
   1696.4   0.47864
   1697.5   0.47871
   1698.6   0.47879
   1699.7   0.47881
   1700.8   0.47877
   1701.9   0.47876
   1703.1   0.47879
   1704.2   0.47878
   1705.3   0.47873
   1706.4   0.47868
   1707.6   0.47862
   1708.7   0.47849
   1709.8   0.47834
   1710.9   0.47822
   1712.1   0.47809
   1713.2   0.47794
   1714.3   0.47778
   1715.5   0.47763
   1716.6   0.47747
   1717.7   0.47729
   1718.9   0.47714
   1720.0   0.47703
   1721.2   0.47693
   1722.3   0.47682
   1723.4   0.47668
   1724.6   0.47655
   1725.7   0.47646
   1726.9   0.47636
   1728.0   0.47625
   1729.2   0.47614
   1730.4   0.47607
   1731.5   0.47600
   1732.7   0.47591
   1733.8   0.47580
   1735.0   0.47569
   1736.1   0.47556
   1737.3   0.47543
   1738.5   0.47531
   1739.6   0.47517
   1740.8   0.47502
   1742.0   0.47485
   1743.2   0.47473
   1744.3   0.47463
   1745.5   0.47454
   1746.7   0.47443
   1747.9   0.47431
   1749.0   0.47415
   1750.2   0.47401
   1751.4   0.47383
   1752.6   0.47363
   1753.8   0.47343
   1755.0   0.47322
   1756.1   0.47301
   1757.3   0.47280
   1758.5   0.47260
   1759.7   0.47241
   1760.9   0.47223
   1762.1   0.47208
   1763.3   0.47193
   1764.5   0.47176
   1765.7   0.47157
   1766.9   0.47139
   1768.1   0.47117
   1769.3   0.47095
   1770.5   0.47073
   1771.7   0.47049
   1773.0   0.47019
   1774.2   0.46990
   1775.4   0.46961
   1776.6   0.46936
   1777.8   0.46911
   1779.0   0.46880
   1780.3   0.46845
   1781.5   0.46813
   1782.7   0.46782
   1783.9   0.46757
   1785.2   0.46737
   1786.4   0.46713
   1787.6   0.46682
   1788.9   0.46653
   1790.1   0.46629
   1791.3   0.46606
   1792.6   0.46580
   1793.8   0.46551
   1795.1   0.46519
   1796.3   0.46485
   1797.6   0.46455
   1798.8   0.46425
   1800.0   0.46393
   1801.3   0.46363
   1802.6   0.46337
   1803.8   0.46312
   1805.1   0.46286
   1806.3   0.46261
   1807.6   0.46237
   1808.8   0.46212
   1810.1   0.46191
   1811.4   0.46173
   1812.6   0.46155
   1813.9   0.46137
   1815.2   0.46117
   1816.4   0.46097
   1817.7   0.46075
   1819.0   0.46055
   1820.3   0.46036
   1821.6   0.46012
   1822.8   0.45986
   1824.1   0.45961
   1825.4   0.45932
   1826.7   0.45904
   1828.0   0.45878
   1829.3   0.45850
   1830.6   0.45816
   1831.8   0.45781
   1833.1   0.45748
   1834.4   0.45714
   1835.7   0.45678
   1837.0   0.45646
   1838.3   0.45608
   1839.7   0.45565
   1841.0   0.45522
   1842.3   0.45479
   1843.6   0.45433
   1844.9   0.45383
   1846.2   0.45324
   1847.5   0.45259
   1848.8   0.45188
   1850.2   0.45113
   1851.5   0.45033
   1852.8   0.44948
   1854.1   0.44856
   1855.5   0.44758
   1856.8   0.44652
   1858.1   0.44538
   1859.4   0.44411
   1860.8   0.44269
   1862.1   0.44116
   1863.5   0.43944
   1864.8   0.43756
   1866.1   0.43546
   1867.5   0.43309
   1868.8   0.43043
   1870.2   0.42750
   1871.5   0.42474
   1872.9   0.42121
   1874.2   0.41664
   1875.6   0.41286
   1876.9   0.40801
   1878.3   0.40265
   1879.7   0.39670
   1881.0   0.39011
   1882.4   0.38286
   1883.8   0.37497
   1885.1   0.36634
   1886.5   0.35685
   1887.9   0.34742
   1889.3   0.33561
   1890.6   0.32390
   1892.0   0.31158
   1893.4   0.29864
   1894.8   0.28633
   1896.2   0.27348
   1897.6   0.26044
   1899.0   0.24748
   1900.3   0.23754
   1901.7   0.22996
   1903.1   0.22447
   1904.5   0.22097
   1905.9   0.21977
   1907.3   0.21958
   1908.7   0.22129
   1910.1   0.22326
   1911.6   0.22676
   1913.0   0.23015
   1914.4   0.23408
   1915.8   0.23882
   1917.2   0.24339
   1918.6   0.24817
   1920.0   0.25306
   1921.5   0.25802
   1922.9   0.26299
   1924.3   0.26784
   1925.8   0.27255
   1927.2   0.27712
   1928.6   0.28150
   1930.1   0.28566
   1931.5   0.28963
   1932.9   0.29343
   1934.4   0.29705
   1935.8   0.30048
   1937.3   0.30372
   1938.7   0.30684
   1940.2   0.30985
   1941.6   0.31276
   1943.1   0.31557
   1944.5   0.31828
   1946.0   0.32087
   1947.5   0.32335
   1948.9   0.32574
   1950.4   0.32808
   1951.9   0.33033
   1953.3   0.33251
   1954.8   0.33457
   1956.3   0.33656
   1957.8   0.33848
   1959.2   0.34029
   1960.7   0.34205
   1962.2   0.34375
   1963.7   0.34538
   1965.2   0.34693
   1966.7   0.34838
   1968.2   0.34980
   1969.7   0.35120
   1971.2   0.35255
   1972.7   0.35387
   1974.2   0.35514
   1975.7   0.35637
   1977.2   0.35758
   1978.7   0.35883
   1980.2   0.36011
   1981.7   0.36134
   1983.2   0.36254
   1984.7   0.36376
   1986.3   0.36499
   1987.8   0.36624
   1989.3   0.36749
   1990.8   0.36875
   1992.4   0.37002
   1993.9   0.37132
   1995.4   0.37261
   1997.0   0.37389
   1998.5   0.37521
   2000.1   0.37653
   2001.6   0.37786
   2003.1   0.37919
   2004.7   0.38052
   2006.2   0.38183
   2007.8   0.38315
   2009.4   0.38446
   2010.9   0.38580
   2012.5   0.38709
   2014.0   0.38835
   2015.6   0.38964
   2017.2   0.39094
   2018.7   0.39221
   2020.3   0.39346
   2021.9   0.39467
   2023.5   0.39587
   2025.1   0.39704
   2026.6   0.39821
   2028.2   0.39934
   2029.8   0.40039
   2031.4   0.40141
   2033.0   0.40240
   2034.6   0.40335
   2036.2   0.40425
   2037.8   0.40510
   2039.4   0.40594
   2041.0   0.40671
   2042.6   0.40745
   2044.2   0.40819
   2045.8   0.40886
   2047.4   0.40946
   2049.1   0.41002
   2050.7   0.41057
   2052.3   0.41108
   2053.9   0.41154
   2055.6   0.41199
   2057.2   0.41240
   2058.8   0.41275
   2060.5   0.41308
   2062.1   0.41341
   2063.7   0.41368
   2065.4   0.41391
   2067.0   0.41413
   2068.7   0.41428
   2070.3   0.41438
   2072.0   0.41446
   2073.7   0.41449
   2075.3   0.41450
   2077.0   0.41447
   2078.6   0.41442
   2080.3   0.41430
   2082.0   0.41413
   2083.7   0.41397
   2085.3   0.41380
   2087.0   0.41361
   2088.7   0.41342
   2090.4   0.41319
   2092.1   0.41293
   2093.8   0.41266
   2095.4   0.41241
   2097.1   0.41215
   2098.8   0.41187
   2100.5   0.41155
   2102.2   0.41117
   2104.0   0.41077
   2105.7   0.41039
   2107.4   0.41005
   2109.1   0.40973
   2110.8   0.40942
   2112.5   0.40916
   2114.2   0.40892
   2116.0   0.40873
   2117.7   0.40862
   2119.4   0.40858
   2121.2   0.40857
   2122.9   0.40860
   2124.6   0.40870
   2126.4   0.40884
   2128.1   0.40901
   2129.9   0.40922
   2131.6   0.40945
   2133.4   0.40970
   2135.1   0.40998
   2136.9   0.41027
   2138.7   0.41052
   2140.4   0.41076
   2142.2   0.41099
   2144.0   0.41119
   2145.8   0.41131
   2147.5   0.41140
   2149.3   0.41144
   2151.1   0.41140
   2152.9   0.41127
   2154.7   0.41110
   2156.5   0.41083
   2158.3   0.41044
   2160.1   0.40994
   2161.9   0.40934
   2163.7   0.40863
   2165.5   0.40781
   2167.3   0.40687
   2169.1   0.40579
   2170.9   0.40455
   2172.7   0.40320
   2174.6   0.40176
   2176.4   0.40028
   2178.2   0.39875
   2180.0   0.39712
   2181.9   0.39544
   2183.7   0.39378
   2185.6   0.39220
   2187.4   0.39068
   2189.2   0.38922
   2191.1   0.38782
   2193.0   0.38642
   2194.8   0.38503
   2196.7   0.38369
   2198.5   0.38234
   2200.4   0.38093
   2202.3   0.37936
   2204.1   0.37757
   2206.0   0.37555
   2207.9   0.37326
   2209.8   0.37065
   2211.7   0.36765
   2213.6   0.36486
   2215.4   0.36102
   2217.3   0.35676
   2219.2   0.35164
   2221.1   0.34674
   2223.0   0.34161
   2225.0   0.33636
   2226.9   0.33114
   2228.8   0.32619
   2230.7   0.32084
   2232.6   0.31569
   2234.5   0.31210
   2236.5   0.30937
   2238.4   0.30841
   2240.3   0.30726
   2242.3   0.30685
   2244.2   0.30700
   2246.2   0.30795
   2248.1   0.30853
   2250.1   0.30915
   2252.0   0.30953
   2254.0   0.31041
   2255.9   0.31110
   2257.9   0.31098
   2259.9   0.30872
   2261.8   0.30480
   2263.8   0.29916
   2265.8   0.29118
   2267.8   0.28302
   2269.8   0.27356
   2271.8   0.26414
   2273.7   0.25514
   2275.7   0.24610
   2277.7   0.23665
   2279.7   0.22808
   2281.7   0.22020
   2283.8   0.21211
   2285.8   0.20507
   2287.8   0.19952
   2289.8   0.19616
   2291.8   0.19492
   2293.9   0.19551
   2295.9   0.19806
   2297.9   0.20285
   2300.0   0.20994
   2302.0   0.21852
   2304.1   0.22790
   2306.1   0.23664
   2308.2   0.24547
   2310.2   0.25489
   2312.3   0.26306
   2314.3   0.27008
   2316.4   0.27595
   2318.5   0.28076
   2320.6   0.28369
   2322.6   0.28675
   2324.7   0.28907
   2326.8   0.29077
   2328.9   0.29191
   2331.0   0.29203
   2333.1   0.29230
   2335.2   0.29215
   2337.3   0.29161
   2339.4   0.29072
   2341.5   0.28948
   2343.6   0.28787
   2345.8   0.28596
   2347.9   0.28376
   2350.0   0.28133
   2352.1   0.27874
   2354.3   0.27600
   2356.4   0.27316
   2358.6   0.27022
   2360.7   0.26721
   2362.9   0.26417
   2365.0   0.26113
   2367.2   0.25808
   2369.3   0.25500
   2371.5   0.25184
   2373.7   0.24860
   2375.9   0.24524
   2378.0   0.24177
   2380.2   0.23820
   2382.4   0.23454
   2384.6   0.23082
   2386.8   0.22710
   2389.0   0.22347
   2391.2   0.22004
   2393.4   0.21631
   2395.6   0.21345
   2397.8   0.21112
   2400.1   0.20940
   2402.3   0.20836
   2404.5   0.20798
   2406.7   0.20815
   2409.0   0.20931
   2411.2   0.21011
   2413.5   0.21116
   2415.7   0.21236
   2418.0   0.21362
   2420.2   0.21483
   2422.5   0.21596
   2424.8   0.21697
   2427.0   0.21782
   2429.3   0.21854
   2431.6   0.21918
   2433.9   0.21968
   2436.2   0.22002
   2438.4   0.22027
   2440.7   0.22041
   2443.0   0.22041
   2445.3   0.22026
   2447.7   0.22000
   2450.0   0.21956
   2452.3   0.21891
   2454.6   0.21813
   2456.9   0.21722
   2459.3   0.21616
   2461.6   0.21498
   2463.9   0.21372
   2466.3   0.21234
   2468.6   0.21082
   2471.0   0.20919
   2473.3   0.20746
   2475.7   0.20559
   2478.1   0.20357
   2480.4   0.20144
   2482.8   0.19925
   2485.2   0.19701
   2487.6   0.19484
   2490.0   0.19283
   2492.4   0.19102
   2494.8   0.18894
   2497.2   0.18812
   2499.6   0.18709
   2502.0   0.18634
   2504.4   0.18586
   2506.8   0.18557
   2509.3   0.18542
   2511.7   0.18532
   2514.1   0.18526
   2516.6   0.18524
   2519.0   0.18520
   2521.5   0.18512
   2523.9   0.18499
   2526.4   0.18479
   2528.8   0.18453
   2531.3   0.18419
   2533.8   0.18382
   2536.3   0.18341
   2538.8   0.18295
   2541.2   0.18251
   2543.7   0.18210
   2546.2   0.18167
   2548.7   0.18123
   2551.2   0.18082
   2553.8   0.18039
   2556.3   0.17997
   2558.8   0.17955
   2561.3   0.17909
   2563.9   0.17854
   2566.4   0.17790
   2568.9   0.17718
   2571.5   0.17637
   2574.0   0.17546
   2576.6   0.17454
   2579.2   0.17356
   2581.7   0.17252
   2584.3   0.17146
   2586.9   0.17037
   2589.5   0.16927
   2592.1   0.16818
   2594.7   0.16710
   2597.3   0.16598
   2599.9   0.16480
   2602.5   0.16359
   2605.1   0.16233
   2607.7   0.16101
   2610.3   0.15966
   2613.0   0.15824
   2615.6   0.15675
   2618.3   0.15522
   2620.9   0.15366
   2623.6   0.15206
   2626.2   0.15041
   2628.9   0.14872
   2631.5   0.14694
   2634.2   0.14508
   2636.9   0.14316
   2639.6   0.14115
   2642.3   0.13906
   2645.0   0.13687
   2647.7   0.13456
   2650.4   0.13211
   2653.1   0.12951
   2655.8   0.12679
   2658.5   0.12395
   2661.3   0.12092
   2664.0   0.11773
   2666.7   0.11439
   2669.5   0.11086
   2672.2   0.10709
   2675.0   0.10305
   2677.8   0.09869
   2680.5   0.09453
   2683.3   0.08950
   2686.1   0.08410
   2688.9   0.07842
   2691.7   0.07290
   2694.5   0.06751
   2697.3   0.06167
   2700.1   0.05770
   2702.9   0.05407
   2705.7   0.05011
   2708.5   0.04664
   2711.4   0.04360
   2714.2   0.04081
   2717.1   0.03781
   2719.9   0.03594
   2722.8   0.03392
   2725.6   0.03216
   2728.5   0.03060
   2731.4   0.02922
   2734.2   0.02798
   2737.1   0.02685
   2740.0   0.02595
   2742.9   0.02508
   2745.8   0.02427
   2748.7   0.02363
   2750.2   0.02303
   2751.7   0.02250
   2753.1   0.02210
   2754.6   0.02183
   2756.1   0.02164
   2757.5   0.02134
   2759.0   0.02113
   2760.5   0.02093
   2761.9   0.02067
   2763.4   0.02049
   2764.9   0.02039
   2766.3   0.02039
   2767.8   0.02035
   2769.3   0.02015
   2770.8   0.01999
   2772.3   0.01987
   2773.7   0.01973
   2775.2   0.01952
   2776.7   0.01924
   2778.2   0.01900
   2779.7   0.01869
   2781.2   0.01834
   2782.7   0.01825
   2784.2   0.01833
   2785.7   0.01840
   2787.2   0.01848
   2788.7   0.01871
   2790.2   0.01883
   2791.7   0.01884
   2793.2   0.01890
   2794.7   0.01910
   2796.2   0.01918
   2797.7   0.01901
   2799.2   0.01897
   2800.7   0.01896
   2802.2   0.01927
   2803.8   0.01984
   2805.3   0.02035
   2806.8   0.02066
   2808.3   0.02099
   2809.8   0.02129
   2811.4   0.02168
   2812.9   0.02190
   2814.4   0.02196
   2815.9   0.02203
   2817.5   0.02218
   2819.0   0.02230
   2820.5   0.02246
   2822.1   0.02275
   2823.6   0.02284
   2825.1   0.02305
   2826.7   0.02338
   2828.2   0.02374
   2829.8   0.02393
   2831.3   0.02404
   2832.9   0.02420
   2834.4   0.02441
   2836.0   0.02477
   2837.5   0.02504
   2839.1   0.02522
   2840.6   0.02541
   2842.2   0.02583
   2843.7   0.02638
   2845.3   0.02678
   2846.9   0.02722
   2848.4   0.02761
   2850.0   0.02787
   2851.6   0.02832
   2853.1   0.02872
   2854.7   0.02894
   2856.3   0.02900
   2857.8   0.02903
   2859.4   0.02908
   2861.0   0.02902
   2862.6   0.02907
   2864.2   0.02918
   2865.7   0.02915
   2867.3   0.02918
   2868.9   0.02933
   2870.5   0.02941
   2872.1   0.02958
   2873.7   0.02978
   2875.3   0.03004
   2876.9   0.03019
   2878.5   0.03019
   2880.1   0.03032
   2881.7   0.03044
   2883.3   0.03053
   2884.9   0.03069
   2886.5   0.03082
   2888.1   0.03099
   2889.7   0.03109
   2891.3   0.03125
   2892.9   0.03151
   2894.5   0.03171
   2896.2   0.03185
   2897.8   0.03192
   2899.4   0.03195
   2901.0   0.03202
   2902.7   0.03205
   2904.3   0.03206
   2905.9   0.03203
   2907.5   0.03193
   2909.2   0.03181
   2910.8   0.03170
   2912.4   0.03169
   2914.1   0.03176
   2915.7   0.03179
   2917.4   0.03182
   2919.0   0.03194
   2920.6   0.03212
   2922.3   0.03227
   2923.9   0.03246
   2925.6   0.03260
   2927.2   0.03274
   2928.9   0.03294
   2930.5   0.03311
   2932.2   0.03325
   2933.9   0.03327
   2935.5   0.03326
   2937.2   0.03336
   2938.9   0.03351
   2940.5   0.03368
   2942.2   0.03376
   2943.9   0.03372
   2945.5   0.03375
   2947.2   0.03380
   2948.9   0.03377
   2950.6   0.03370
   2952.2   0.03360
   2953.9   0.03345
   2955.6   0.03329
   2957.3   0.03329
   2959.0   0.03330
   2960.7   0.03320
   2962.4   0.03314
   2964.1   0.03331
   2965.8   0.03361
   2967.4   0.03381
   2969.1   0.03396
   2970.9   0.03415
   2972.6   0.03425
   2974.3   0.03445
   2976.0   0.03477
   2977.7   0.03494
   2979.4   0.03503
   2981.1   0.03502
   2982.8   0.03511
   2984.5   0.03528
   2986.3   0.03538
   2988.0   0.03543
   2989.7   0.03535
   2991.4   0.03526
   2993.1   0.03525
   2994.9   0.03524
   2996.6   0.03538
   2998.3   0.03548
   3000.1   0.03546
   3001.8   0.03541
   3003.6   0.03562
   3005.3   0.03576
   3007.0   0.03597
   3008.8   0.03610
   3010.5   0.03625
   3012.3   0.03620
   3014.0   0.03616
   3015.8   0.03615
   3017.5   0.03615
   3019.3   0.03612
   3021.1   0.03611
   3022.8   0.03609
   3024.6   0.03605
   3026.3   0.03614
   3028.1   0.03634
   3029.9   0.03652
   3031.7   0.03675
   3033.4   0.03710
   3035.2   0.03741
   3037.0   0.03759
   3038.8   0.03770
   3040.5   0.03776
   3042.3   0.03777
   3044.1   0.03776
   3045.9   0.03783
   3047.7   0.03787
   3049.5   0.03778
   3051.3   0.03770
   3053.1   0.03776
   3054.9   0.03783
   3056.7   0.03792
   3058.5   0.03796
   3060.3   0.03799
   3062.1   0.03800
   3063.9   0.03809
   3065.7   0.03819
   3067.5   0.03821
   3069.4   0.03816
   3071.2   0.03817
   3073.0   0.03818
   3074.8   0.03819
   3076.6   0.03817
   3078.5   0.03809
   3080.3   0.03802
   3082.1   0.03800
   3084.0   0.03804
   3085.8   0.03813
   3087.6   0.03824
   3089.5   0.03838
   3091.3   0.03844
   3093.2   0.03850
   3095.0   0.03865
   3096.9   0.03873
   3098.7   0.03878
   3100.6   0.03895
   3102.4   0.03905
   3104.3   0.03905
   3106.1   0.03911
   3108.0   0.03927
   3109.9   0.03937
   3111.7   0.03944
   3113.6   0.03957
   3115.5   0.03977
   3117.3   0.03984
   3119.2   0.03993
   3121.1   0.04022
   3123.0   0.04045
   3124.9   0.04064
   3126.7   0.04091
   3128.6   0.04121
   3130.5   0.04143
   3132.4   0.04151
   3134.3   0.04162
   3136.2   0.04167
   3138.1   0.04161
   3140.0   0.04160
   3141.9   0.04171
   3143.8   0.04187
   3145.7   0.04192
   3147.6   0.04201
   3149.5   0.04229
   3151.4   0.04265
   3153.4   0.04309
   3155.3   0.04346
   3157.2   0.04372
   3159.1   0.04392
   3161.1   0.04408
   3163.0   0.04431
   3164.9   0.04454
   3166.9   0.04462
   3168.8   0.04461
   3170.7   0.04462
   3172.7   0.04485
   3174.6   0.04517
   3176.6   0.04543
   3178.5   0.04560
   3180.5   0.04579
   3182.4   0.04616
   3184.4   0.04660
   3186.3   0.04704
   3188.3   0.04735
   3190.2   0.04750
   3192.2   0.04767
   3194.2   0.04805
   3196.1   0.04832
   3198.1   0.04867
   3200.1   0.04893
   3202.1   0.04919
   3204.0   0.04950
   3206.0   0.04982
   3208.0   0.05015
   3210.0   0.05044
   3212.0   0.05074
   3214.0   0.05100
   3216.0   0.05128
   3218.0   0.05156
   3220.0   0.05179
   3222.0   0.05201
   3224.0   0.05237
   3226.0   0.05271
   3228.0   0.05307
   3230.0   0.05350
   3232.0   0.05387
   3234.0   0.05412
   3236.0   0.05441
   3238.1   0.05475
   3240.1   0.05509
   3242.1   0.05548
   3244.1   0.05595
   3246.2   0.05635
   3248.2   0.05662
   3250.2   0.05697
   3252.3   0.05742
   3254.3   0.05786
   3256.4   0.05828
   3258.4   0.05869
   3260.5   0.05899
   3262.5   0.05924
   3264.6   0.05951
   3266.6   0.05979
   3268.7   0.06012
   3270.7   0.06048
   3272.8   0.06079
   3274.9   0.06112
   3276.9   0.06148
   3279.0   0.06185
   3281.1   0.06230
   3283.2   0.06284
   3285.3   0.06339
   3287.3   0.06380
   3289.4   0.06418
   3291.5   0.06463
   3293.6   0.06507
   3295.7   0.06544
   3297.8   0.06584
   3299.9   0.06618
   3302.0   0.06646
   3304.1   0.06681
   3306.2   0.06728
   3308.3   0.06767
   3310.4   0.06797
   3312.5   0.06834
   3314.7   0.06873
   3316.8   0.06914
   3318.9   0.06966
   3321.0   0.07025
   3323.2   0.07078
   3325.3   0.07124
   3327.4   0.07172
   3329.6   0.07226
   3331.7   0.07274
   3333.8   0.07321
   3336.0   0.07362
   3338.1   0.07399
   3340.3   0.07431
   3342.4   0.07461
   3344.6   0.07499
   3346.8   0.07546
   3348.9   0.07587
   3351.1   0.07623
   3353.3   0.07668
   3355.4   0.07721
   3357.6   0.07767
   3359.8   0.07810
   3362.0   0.07857
   3364.1   0.07907
   3366.3   0.07961
   3368.5   0.08019
   3370.7   0.08068
   3372.9   0.08107
   3375.1   0.08148
   3377.3   0.08203
   3379.5   0.08255
   3381.7   0.08314
   3383.9   0.08362
   3386.1   0.08404
   3388.3   0.08448
   3390.5   0.08503
   3392.8   0.08562
   3395.0   0.08618
   3397.2   0.08670
   3399.4   0.08716
   3401.7   0.08764
   3403.9   0.08813
   3406.1   0.08868
   3408.4   0.08928
   3410.6   0.08986
   3412.9   0.09044
   3415.1   0.09102
   3417.4   0.09159
   3419.6   0.09213
   3421.9   0.09270
   3424.1   0.09334
   3426.4   0.09391
   3428.7   0.09438
   3430.9   0.09486
   3433.2   0.09533
   3435.5   0.09582
   3437.8   0.09633
   3440.0   0.09685
   3442.3   0.09731
   3444.6   0.09770
   3446.9   0.09811
   3449.2   0.09857
   3451.5   0.09905
   3453.8   0.09957
   3456.1   0.10004
   3458.4   0.10050
   3460.7   0.10099
   3463.0   0.10150
   3465.3   0.10211
   3467.6   0.10270
   3470.0   0.10326
   3472.3   0.10384
   3474.6   0.10437
   3477.0   0.10495
   3479.3   0.10550
   3481.6   0.10607
   3484.0   0.10668
   3486.3   0.10723
   3488.7   0.10775
   3491.0   0.10828
   3493.4   0.10879
   3495.7   0.10933
   3498.1   0.10989
   3500.4   0.11052
   3502.8   0.11115
   3505.2   0.11171
   3507.5   0.11227
   3509.9   0.11283
   3512.3   0.11338
   3514.7   0.11394
   3517.1   0.11448
   3519.4   0.11498
   3521.8   0.11541
   3524.2   0.11582
   3526.6   0.11625
   3529.0   0.11667
   3531.4   0.11710
   3533.8   0.11755
   3536.2   0.11802
   3538.7   0.11852
   3541.1   0.11900
   3543.5   0.11957
   3545.9   0.12016
   3548.3   0.12070
   3550.8   0.12121
   3553.2   0.12170
   3555.6   0.12221
   3558.1   0.12267
   3560.5   0.12315
   3563.0   0.12362
   3565.4   0.12396
   3567.9   0.12431
   3570.3   0.12469
   3572.8   0.12507
   3575.3   0.12544
   3577.7   0.12580
   3580.2   0.12613
   3582.7   0.12644
   3585.2   0.12677
   3587.6   0.12714
   3590.1   0.12746
   3592.6   0.12777
   3595.1   0.12809
   3597.6   0.12841
   3600.1   0.12875
   3602.6   0.12904
   3605.1   0.12931
   3607.6   0.12963
   3610.1   0.12993
   3612.6   0.13025
   3615.2   0.13057
   3617.7   0.13088
   3620.2   0.13121
   3622.7   0.13153
   3625.3   0.13193
   3627.8   0.13243
   3630.3   0.13290
   3632.9   0.13337
   3635.4   0.13387
   3638.0   0.13441
   3640.5   0.13498
   3643.1   0.13556
   3645.7   0.13619
   3648.2   0.13680
   3650.8   0.13739
   3653.4   0.13803
   3655.9   0.13865
   3658.5   0.13926
   3661.1   0.13988
   3663.7   0.14051
   3666.3   0.14110
   3668.9   0.14172
   3671.5   0.14235
   3674.1   0.14295
   3676.7   0.14354
   3679.3   0.14419
   3681.9   0.14488
   3684.5   0.14557
   3687.2   0.14623
   3689.8   0.14691
   3692.4   0.14757
   3695.0   0.14818
   3697.7   0.14875
   3700.3   0.14928
   3703.0   0.14982
   3705.6   0.15036
   3708.3   0.15088
   3710.9   0.15142
   3713.6   0.15196
   3716.2   0.15254
   3718.9   0.15316
   3721.6   0.15373
   3724.2   0.15424
   3726.9   0.15473
   3729.6   0.15526
   3732.3   0.15579
   3735.0   0.15629
   3737.7   0.15674
   3740.4   0.15712
   3743.1   0.15754
   3745.8   0.15806
   3748.5   0.15859
   3751.2   0.15905
   3753.9   0.15946
   3756.6   0.15984
   3759.3   0.16026
   3762.1   0.16069
   3764.8   0.16104
   3767.5   0.16132
   3770.3   0.16157
   3773.0   0.16186
   3775.8   0.16216
   3778.5   0.16242
   3781.3   0.16269
   3784.0   0.16294
   3786.8   0.16320
   3789.6   0.16354
   3792.3   0.16392
   3795.1   0.16428
   3797.9   0.16467
   3800.7   0.16510
   3803.5   0.16554
   3806.3   0.16597
   3809.1   0.16640
   3811.9   0.16683
   3814.7   0.16726
   3817.5   0.16764
   3820.3   0.16802
   3823.1   0.16834
   3825.9   0.16862
   3828.8   0.16892
   3831.6   0.16922
   3834.4   0.16948
   3837.3   0.16977
   3840.1   0.17007
   3842.9   0.17041
   3845.8   0.17076
   3848.7   0.17112
   3851.5   0.17149
   3854.4   0.17182
   3857.2   0.17213
   3860.1   0.17246
   3863.0   0.17276
   3865.9   0.17306
   3868.8   0.17335
   3871.6   0.17364
   3874.5   0.17393
   3877.4   0.17419
   3880.3   0.17444
   3883.2   0.17473
   3886.2   0.17503
   3889.1   0.17536
   3892.0   0.17562
   3894.9   0.17588
   3897.8   0.17615
   3900.8   0.17640
   3903.7   0.17666
   3906.7   0.17694
   3909.6   0.17717
   3912.6   0.17736
   3915.5   0.17756
   3918.5   0.17778
   3921.4   0.17796
   3924.4   0.17816
   3927.4   0.17840
   3930.4   0.17864
   3933.3   0.17887
   3936.3   0.17909
   3939.3   0.17929
   3942.3   0.17945
   3945.3   0.17966
   3948.3   0.17996
   3951.3   0.18020
   3954.3   0.18039
   3957.4   0.18056
   3960.4   0.18069
   3963.4   0.18083
   3966.4   0.18099
   3969.5   0.18113
   3972.5   0.18121
   3975.6   0.18123
   3978.6   0.18123
   3981.7   0.18122
   3984.7   0.18123
   3987.8   0.18126
   3990.9   0.18127
   3993.9   0.18131
   3997.0   0.18139
   4000.1   0.18145
   4003.2   0.18149
   4006.3   0.18151
   4009.4   0.18153
   4012.5   0.18155
   4015.6   0.18159
   4018.7   0.18165
   4021.8   0.18163
   4024.9   0.18154
   4028.1   0.18147
   4031.2   0.18143
   4034.3   0.18147
   4037.5   0.18151
   4040.6   0.18146
   4043.8   0.18140
   4046.9   0.18142
   4050.1   0.18143
   4053.3   0.18139
   4056.4   0.18130
   4059.6   0.18119
   4062.8   0.18103
   4066.0   0.18084
   4069.2   0.18073
   4072.4   0.18061
   4075.6   0.18037
   4078.8   0.18015
   4082.0   0.18002
   4085.2   0.17992
   4088.4   0.17978
   4091.7   0.17961
   4094.9   0.17946
   4098.1   0.17930
   4101.4   0.17914
   4104.6   0.17901
   4107.9   0.17884
   4111.1   0.17862
   4114.4   0.17833
   4117.7   0.17804
   4120.9   0.17780
   4124.2   0.17757
   4127.5   0.17735
   4130.8   0.17709
   4134.1   0.17683
   4137.4   0.17658
   4140.7   0.17631
   4144.0   0.17611
   4147.3   0.17596
   4150.6   0.17581
   4154.0   0.17561
   4157.3   0.17533
   4160.6   0.17504
   4164.0   0.17475
   4167.3   0.17452
   4170.7   0.17433
   4174.0   0.17412
   4177.4   0.17387
   4180.8   0.17358
   4184.1   0.17334
   4187.5   0.17313
   4190.9   0.17295
   4194.3   0.17274
   4197.7   0.17243
   4201.1   0.17203
   4204.5   0.17166
   4207.9   0.17134
   4211.3   0.17099
   4214.7   0.17054
   4218.2   0.17010
   4221.6   0.16967
   4225.0   0.16921
   4228.5   0.16886
   4231.9   0.16862
   4235.4   0.16836
   4238.9   0.16802
   4242.3   0.16769
   4245.8   0.16745
   4249.3   0.16719
   4252.8   0.16691
   4256.3   0.16661
   4259.8   0.16625
   4263.3   0.16590
   4266.8   0.16555
   4270.3   0.16519
   4273.8   0.16483
   4277.3   0.16446
   4280.9   0.16412
   4284.4   0.16377
   4288.0   0.16346
   4291.5   0.16315
   4295.1   0.16276
   4298.6   0.16238
   4302.2   0.16204
   4305.8   0.16166
   4309.3   0.16132
   4312.9   0.16095
   4316.5   0.16055
   4320.1   0.16021
   4323.7   0.15985
   4327.3   0.15950
   4330.9   0.15915
   4334.6   0.15879
   4338.2   0.15845
   4341.8   0.15806
   4345.5   0.15769
   4349.1   0.15732
   4352.8   0.15693
   4356.4   0.15657
   4360.1   0.15623
   4363.8   0.15587
   4367.4   0.15550
   4371.1   0.15516
   4374.8   0.15486
   4378.5   0.15454
   4382.2   0.15426
   4385.9   0.15398
   4389.6   0.15369
   4393.3   0.15336
   4397.1   0.15305
   4400.8   0.15276
   4404.5   0.15244
   4408.3   0.15210
   4412.0   0.15176
   4415.8   0.15139
   4419.6   0.15098
   4423.3   0.15059
   4427.1   0.15025
   4430.9   0.14990
   4434.7   0.14956
   4438.5   0.14923
   4442.3   0.14889
   4446.1   0.14854
   4449.9   0.14821
   4453.7   0.14794
   4457.6   0.14767
   4461.4   0.14734
   4465.2   0.14706
   4469.1   0.14678
   4472.9   0.14647
   4476.8   0.14615
   4480.7   0.14580
   4484.5   0.14540
   4488.4   0.14500
   4492.3   0.14461
   4496.2   0.14425
   4500.1   0.14382
   4504.0   0.14342
   4507.9   0.14306
   4511.9   0.14268
   4515.8   0.14234
   4519.7   0.14207
   4523.7   0.14177
   4527.6   0.14145
   4531.6   0.14114
   4535.6   0.14086
   4539.5   0.14056
   4543.5   0.14026
   4547.5   0.14000
   4551.5   0.13970
   4555.5   0.13938
   4559.5   0.13910
   4563.5   0.13881
   4567.5   0.13854
   4571.5   0.13828
   4575.6   0.13797
   4579.6   0.13767
   4583.7   0.13738
   4587.7   0.13713
   4591.8   0.13694
   4595.9   0.13675
   4599.9   0.13657
   4604.0   0.13639
   4608.1   0.13617
   4612.2   0.13594
   4616.3   0.13576
   4620.4   0.13558
   4624.6   0.13542
   4628.7   0.13520
   4632.8   0.13496
   4637.0   0.13474
   4641.1   0.13453
   4645.3   0.13433
   4649.4   0.13413
   4653.6   0.13392
   4657.8   0.13372
   4662.0   0.13347
   4666.2   0.13324
   4670.4   0.13304
   4674.6   0.13282
   4678.8   0.13259
   4683.0   0.13241
   4687.3   0.13224
   4691.5   0.13204
   4695.8   0.13179
   4700.0   0.13154
   4704.3   0.13129
   4708.6   0.13103
   4712.8   0.13077
   4717.1   0.13046
   4721.4   0.13012
   4725.7   0.12979
   4730.0   0.12947
   4734.4   0.12917
   4738.7   0.12884
   4743.0   0.12853
   4747.4   0.12825
   4751.7   0.12794
   4756.1   0.12762
   4760.5   0.12730
   4764.8   0.12696
   4769.2   0.12658
   4773.6   0.12620
   4778.0   0.12585
   4782.4   0.12548
   4786.8   0.12507
   4791.3   0.12467
   4795.7   0.12431
   4800.1   0.12396
   4804.6   0.12361
   4809.0   0.12325
   4813.5   0.12290
   4818.0   0.12259
   4822.5   0.12229
   4826.9   0.12196
   4831.4   0.12168
   4835.9   0.12138
   4840.5   0.12100
   4845.0   0.12062
   4849.5   0.12025
   4854.1   0.11987
   4858.6   0.11945
   4863.2   0.11902
   4867.7   0.11859
   4872.3   0.11808
   4876.9   0.11759
   4881.5   0.11714
   4886.1   0.11667
   4890.7   0.11620
   4895.3   0.11572
   4899.9   0.11518
   4904.6   0.11465
   4909.2   0.11414
   4913.9   0.11361
   4918.5   0.11302
   4923.2   0.11240
   4927.9   0.11177
   4932.6   0.11115
   4937.3   0.11046
   4942.0   0.10975
   4946.7   0.10903
   4951.4   0.10826
   4956.2   0.10744
   4960.9   0.10661
   4965.6   0.10580
   4970.4   0.10494
   4975.2   0.10397
   4980.0   0.10304
   4984.7   0.10212
   4989.5   0.10113
   4994.3   0.10010
   4999.2   0.09908
   5004.0   0.09805
   5008.8   0.09699
   5013.7   0.09594
   5018.5   0.09494
   5023.4   0.09392
   5028.3   0.09283
   5033.1   0.09176
   5038.0   0.09073
   5042.9   0.08968
   5047.8   0.08862
   5052.8   0.08754
   5057.7   0.08651
   5062.6   0.08550
   5067.6   0.08449
   5072.5   0.08351
   5077.5   0.08257
   5082.5   0.08164
   5087.5   0.08078
   5092.5   0.07996
   5097.5   0.07917
   5102.5   0.07837
   5107.5   0.07757
   5112.6   0.07685
   5117.6   0.07619
   5122.7   0.07556
   5127.7   0.07497
   5132.8   0.07440
   5137.9   0.07385
   5143.0   0.07333
   5148.1   0.07285
   5153.2   0.07241
   5158.3   0.07198
   5163.5   0.07159
   5168.6   0.07123
   5173.8   0.07086
   5179.0   0.07048
   5184.1   0.07011
   5189.3   0.06980
   5194.5   0.06952
   5199.7   0.06925
   5205.0   0.06898
   5210.2   0.06869
   5215.4   0.06839
   5220.7   0.06812
   5225.9   0.06788
   5231.2   0.06763
   5236.5   0.06733
   5241.8   0.06701
   5247.1   0.06668
   5252.4   0.06638
   5257.7   0.06610
   5263.1   0.06580
   5268.4   0.06547
   5273.8   0.06513
   5279.2   0.06477
   5284.5   0.06440
   5289.9   0.06401
   5295.3   0.06364
   5300.8   0.06323
   5306.2   0.06275
   5311.6   0.06223
   5317.1   0.06174
   5322.5   0.06130
   5328.0   0.06088
   5333.5   0.06045
   5339.0   0.06001
   5344.5   0.05953
   5350.0   0.05906
   5355.5   0.05867
   5361.0   0.05832
   5366.6   0.05795
   5372.2   0.05753
   5377.7   0.05713
   5383.3   0.05674
   5388.9   0.05638
   5394.5   0.05606
   5400.1   0.05575
   5405.8   0.05542
   5411.4   0.05509
   5417.1   0.05476
   5422.7   0.05449
   5428.4   0.05425
   5434.1   0.05402
   5439.8   0.05379
   5445.5   0.05359
   5451.2   0.05343
   5457.0   0.05328
   5462.7   0.05314
   5468.5   0.05305
   5474.3   0.05298
   5480.1   0.05291
   5485.9   0.05287
   5491.7   0.05285
   5497.5   0.05285
   5503.3   0.05287
   5509.2   0.05289
   5515.0   0.05293
   5520.9   0.05296
   5526.8   0.05299
   5532.7   0.05304
   5538.6   0.05311
   5544.5   0.05316
   5550.5   0.05319
   5556.4   0.05320
   5562.4   0.05323
   5568.4   0.05328
   5574.3   0.05331
   5580.3   0.05332
   5586.4   0.05333
   5592.4   0.05336
   5598.4   0.05341
   5604.5   0.05344
   5610.5   0.05346
   5616.6   0.05348
   5622.7   0.05348
   5628.8   0.05347
   5634.9   0.05347
   5641.1   0.05344
   5647.2   0.05338
   5653.4   0.05331
   5659.5   0.05323
   5665.7   0.05314
   5671.9   0.05306
   5678.1   0.05294
   5684.4   0.05282
   5690.6   0.05265
   5696.9   0.05251
   5703.1   0.05237
   5709.4   0.05223
   5715.7   0.05205
   5722.0   0.05182
   5728.3   0.05155
   5734.7   0.05135
   5741.0   0.05114
   5747.4   0.05089
   5753.8   0.05059
   5760.1   0.05027
   5766.6   0.04993
   5773.0   0.04958
   5779.4   0.04927
   5785.9   0.04894
   5792.3   0.04854
   5798.8   0.04812
   5805.3   0.04774
   5811.8   0.04739
   5818.3   0.04702
   5824.9   0.04660
   5831.4   0.04620
   5838.0   0.04583
   5844.6   0.04546
   5851.2   0.04509
   5857.8   0.04472
   5864.4   0.04432
   5871.0   0.04388
   5877.7   0.04351
   5884.4   0.04319
   5891.1   0.04281
   5897.8   0.04238
   5904.5   0.04197
   5911.2   0.04152
   5918.0   0.04106
   5924.7   0.04062
   5931.5   0.04014
   5938.3   0.03956
   5945.1   0.03895
   5951.9   0.03837
   5958.8   0.03776
   5965.6   0.03711
   5972.5   0.03646
   5979.4   0.03580
   5986.3   0.03512
   5993.2   0.03443
   6000.2   0.03374
   6007.1   0.03307
   6014.1   0.03243
   6021.1   0.03180
   6028.1   0.03123
   6035.1   0.03066
   6042.1   0.03009
   6049.2   0.02949
   6056.2   0.02893
   6063.3   0.02839
   6070.4   0.02787
   6077.5   0.02734
   6084.7   0.02682
   6091.8   0.02631
   6099.0   0.02582
   6106.2   0.02534
   6113.4   0.02491
   6120.6   0.02453
   6127.8   0.02420
   6135.1   0.02394
   6142.3   0.02375
   6149.6   0.02361
   6156.9   0.02356
   6164.3   0.02359
   6171.6   0.02372
   6178.9   0.02397
   6186.3   0.02434
   6193.7   0.02484
   6201.1   0.02542
   6208.5   0.02608
   6216.0   0.02683
   6223.5   0.02769
   6230.9   0.02863
   6238.4   0.02968
   6245.9   0.03080
   6253.5   0.03196
   6261.0   0.03317
   6268.6   0.03441
   6276.2   0.03568
   6283.8   0.03697
   6291.4   0.03825
   6299.1   0.03952
   6306.7   0.04079
   6314.4   0.04200
   6322.1   0.04315
   6329.8   0.04420
   6337.6   0.04517
   6345.3   0.04613
   6353.1   0.04699
   6360.9   0.04776
   6368.7   0.04849
   6376.5   0.04914
   6384.4   0.04970
   6392.3   0.05019
   6400.2   0.05068
   6408.1   0.05110
   6416.0   0.05141
   6424.0   0.05170
   6431.9   0.05196
   6439.9   0.05214
   6447.9   0.05225
   6456.0   0.05235
   6464.0   0.05242
   6472.1   0.05242
   6480.2   0.05235
   6488.3   0.05227
   6496.4   0.05220
   6504.6   0.05205
   6512.7   0.05186
   6520.9   0.05162
   6529.1   0.05137
   6537.4   0.05107
   6545.6   0.05076
   6553.9   0.05048
   6562.2   0.05017
   6570.5   0.04979
   6578.9   0.04941
   6587.2   0.04905
   6595.6   0.04874
   6604.0   0.04843
   6612.4   0.04812
   6620.9   0.04779
   6629.3   0.04746
   6637.8   0.04715
   6646.3   0.04686
   6654.9   0.04656
   6663.4   0.04626
   6672.0   0.04594
   6680.6   0.04560
   6689.2   0.04528
   6697.8   0.04504
   6706.5   0.04482
   6715.2   0.04463
   6723.9   0.04446
   6732.6   0.04432
   6741.4   0.04421
   6750.2   0.04411
   6759.0   0.04404
   6767.8   0.04396
   6776.6   0.04381
   6785.5   0.04360
   6794.4   0.04335
   6803.3   0.04313
   6812.3   0.04294
   6821.2   0.04270
   6830.2   0.04244
   6839.2   0.04217
   6848.3   0.04190
   6857.3   0.04165
   6866.4   0.04139
   6875.5   0.04113
   6884.6   0.04087
   6893.8   0.04059
   6903.0   0.04030
   6912.2   0.04003
   6921.4   0.03978
   6930.7   0.03951
   6939.9   0.03924
   6949.2   0.03901
   6958.6   0.03878
   6967.9   0.03852
   6977.3   0.03824
   6986.7   0.03796
   6996.1   0.03768
   7005.6   0.03739
   7015.1   0.03708
   7024.6   0.03680
   7034.1   0.03655
   7043.7   0.03632
   7053.2   0.03606
   7062.9   0.03581
   7072.5   0.03557
   7082.2   0.03533
   7091.8   0.03511
   7101.6   0.03492
   7111.3   0.03473
   7121.1   0.03447
   7130.9   0.03421
   7140.7   0.03400
   7150.5   0.03378
   7160.4   0.03354
   7170.3   0.03332
   7180.2   0.03305
   7190.2   0.03276
   7200.2   0.03252
   7210.2   0.03231
   7220.2   0.03208
   7230.3   0.03184
   7240.4   0.03159
   7250.5   0.03136
   7260.7   0.03111
   7270.9   0.03088
   7281.1   0.03066
   7291.3   0.03043
   7301.6   0.03017
   7311.9   0.02992
   7322.2   0.02968
   7332.6   0.02945
   7343.0   0.02925
   7353.4   0.02907
   7363.8   0.02885
   7374.3   0.02860
   7384.8   0.02833
   7395.3   0.02807
   7405.9   0.02779
   7416.5   0.02750
   7427.1   0.02720
   7437.8   0.02687
   7448.5   0.02654
   7459.2   0.02627
   7469.9   0.02603
   7480.7   0.02576
   7491.5   0.02549
   7502.4   0.02521
   7513.2   0.02493
   7524.1   0.02462
   7535.1   0.02428
   7546.0   0.02392
   7557.0   0.02355
   7568.1   0.02318
   7579.1   0.02281
   7590.2   0.02244
   7601.4   0.02203
   7612.5   0.02161
   7623.7   0.02123
   7635.0   0.02089
   7646.2   0.02056
   7657.5   0.02021
   7668.8   0.01984
   7680.2   0.01949
   7691.6   0.01915
   7703.0   0.01882
   7714.5   0.01852
   7726.0   0.01820
   7737.5   0.01786
   7749.1   0.01752
   7760.7   0.01715
   7772.3   0.01679
   7784.0   0.01645
   7795.7   0.01612
   7807.4   0.01578
   7819.2   0.01541
   7831.0   0.01505
   7842.9   0.01471
   7854.7   0.01438
   7866.7   0.01408
   7878.6   0.01378
   7890.6   0.01343
   7902.6   0.01306
   7914.7   0.01272
   7926.8   0.01243
   7939.0   0.01217
   7951.1   0.01187
   7963.3   0.01157
   7975.6   0.01127
   7987.9   0.01099
   8000.2   0.01074
   8012.6   0.01052
   8025.0   0.01029
   8037.4   0.01003
   8049.9   0.00975
   8062.4   0.00950
   8075.0   0.00929
   8087.6   0.00909
   8100.2   0.00891
   8112.9   0.00876
   8125.6   0.00863
   8138.4   0.00852
   8151.2   0.00841
   8164.0   0.00831
   8176.9   0.00827
   8189.8   0.00829
   8202.7   0.00832
   8215.7   0.00839
   8228.8   0.00848
   8241.9   0.00862
   8255.0   0.00879
   8268.2   0.00904
   8281.4   0.00937
   8294.6   0.00977
   8307.9   0.01024
   8321.2   0.01080
   8334.6   0.01151
   8348.0   0.01240
   8361.5   0.01350
   8375.0   0.01481
   8388.6   0.01631
   8402.2   0.01801
   8415.8   0.01987
   8429.5   0.02196
   8443.2   0.02422
   8457.0   0.02658
   8470.8   0.02903
   8484.7   0.03159
   8498.6   0.03423
   8512.5   0.03693
   8526.5   0.03968
   8540.6   0.04245
   8554.7   0.04512
   8568.8   0.04773
   8583.0   0.05036
   8597.2   0.05292
   8611.5   0.05536
   8625.8   0.05767
   8640.2   0.05984
   8654.6   0.06190
   8669.1   0.06378
   8683.6   0.06555
   8698.2   0.06713
   8712.8   0.06843
   8727.5   0.06954
   8742.2   0.07048
   8757.0   0.07128
   8771.8   0.07186
   8786.7   0.07220
   8801.6   0.07235
   8816.6   0.07236
   8831.6   0.07230
   8846.6   0.07219
   8861.8   0.07194
   8876.9   0.07160
   8892.2   0.07119
   8907.4   0.07082
   8922.8   0.07062
   8938.2   0.07057
   8953.6   0.07062
   8969.1   0.07075
   8984.6   0.07104
   9000.2   0.07157
   9015.9   0.07233
   9031.6   0.07330
   9047.4   0.07441
   9063.2   0.07556
   9079.0   0.07677
   9095.0   0.07811
   9111.0   0.07966
   9127.0   0.08129
   9143.1   0.08299
   9159.2   0.08477
   9175.5   0.08647
   9191.7   0.08812
   9208.1   0.08982
   9224.4   0.09149
   9240.9   0.09298
   9257.4   0.09420
   9273.9   0.09558
   9290.6   0.09626
   9307.2   0.09640
   9324.0   0.09663
   9340.8   0.09668
   9357.6   0.09642
   9374.6   0.09591
   9391.5   0.09530
   9408.6   0.09455
   9425.7   0.09361
   9442.9   0.09254
   9460.1   0.09137
   9477.4   0.09009
   9494.8   0.08872
   9512.2   0.08729
   9529.7   0.08579
   9547.2   0.08418
   9564.8   0.08257
   9582.5   0.08099
   9600.3   0.07937
   9618.1   0.07772
   9635.9   0.07619
   9653.9   0.07481
   9671.9   0.07353
   9690.0   0.07215
   9708.1   0.07102
   9726.3   0.06998
   9744.6   0.06888
   9763.0   0.06788
   9781.4   0.06701
   9799.9   0.06612
   9818.4   0.06513
   9837.1   0.06412
   9855.8   0.06315
   9874.5   0.06221
   9893.4   0.06132
   9912.3   0.06037
   9931.3   0.05943
   9950.4   0.05851
   9969.5   0.05767
   9988.7   0.05687
  10008.0   0.05605
  10027.3   0.05519
  10046.8   0.05433
  10066.3   0.05354
  10085.9   0.05281
  10105.5   0.05209
  10125.3   0.05132
  10145.1   0.05052
  10165.0   0.04972
  10184.9   0.04891
  10205.0   0.04824
  10225.1   0.04765
  10245.3   0.04703
  10265.6   0.04641
  10286.0   0.04581
  10306.4   0.04534
  10327.0   0.04487
  10347.6   0.04440
  10368.3   0.04395
  10389.0   0.04342
  10409.9   0.04290
  10430.9   0.04243
  10451.9   0.04196
  10473.0   0.04152
  10494.2   0.04109
  10515.5   0.04062
  10536.9   0.04022
  10558.3   0.03986
  10579.9   0.03958
  10601.5   0.03928
  10623.2   0.03897
  10645.0   0.03863
  10666.9   0.03823
  10688.9   0.03786
  10711.0   0.03754
  10733.2   0.03720
  10755.5   0.03686
  10777.8   0.03650
  10800.3   0.03613
  10822.8   0.03572
  10845.5   0.03542
  10868.2   0.03519
  10891.0   0.03490
  10914.0   0.03458
  10937.0   0.03428
  10960.1   0.03397
  10983.3   0.03363
  11006.7   0.03334
  11030.1   0.03311
  11053.6   0.03283
  11077.2   0.03248
  11100.9   0.03215
  11124.8   0.03182
  11148.7   0.03149
  11172.7   0.03116
  11196.8   0.03088
  11221.1   0.03056
  11245.4   0.03016
  11269.9   0.02976
  11294.4   0.02946
  11319.1   0.02921
  11343.8   0.02902
  11368.7   0.02885
  11393.7   0.02867
  11418.8   0.02851
  11444.0   0.02840
  11469.3   0.02840
  11494.8   0.02846
  11520.3   0.02841
  11546.0   0.02821
  11571.7   0.02794
  11597.6   0.02766
  11623.6   0.02746
  11649.7   0.02732
  11676.0   0.02710
  11702.3   0.02679
  11728.8   0.02653
  11755.4   0.02644
  11782.1   0.02648
  11809.0   0.02665
  11835.9   0.02687
  11863.0   0.02703
  11890.2   0.02715
  11917.6   0.02733
  11945.0   0.02755
  11972.6   0.02765
  12000.3   0.02767
  12028.2   0.02775
  12056.1   0.02786
  12084.2   0.02788
  12112.5   0.02782
  12140.8   0.02779
  12169.3   0.02785
  12198.0   0.02790
  12226.7   0.02794
  12255.6   0.02793
  12284.7   0.02778
  12313.9   0.02751
  12343.2   0.02723
  12372.6   0.02698
  12402.2   0.02666
  12432.0   0.02623
  12461.9   0.02582
  12491.9   0.02548
  12522.1   0.02519
  12552.4   0.02502
  12582.9   0.02491
  12613.5   0.02487
  12644.2   0.02489
  12675.1   0.02494
  12706.2   0.02501
  12737.4   0.02502
  12768.8   0.02499
  12800.3   0.02498
  12832.0   0.02493
  12863.9   0.02482
  12895.9   0.02469
  12928.0   0.02456
  12960.3   0.02437
  12992.8   0.02413
  13025.5   0.02395
  13058.3   0.02383
  13091.3   0.02367
  13124.4   0.02347
  13157.7   0.02321
  13191.2   0.02295
  13224.8   0.02267
  13258.7   0.02252
  13292.7   0.02247
  13326.8   0.02235
  13361.2   0.02222
  13395.7   0.02207
  13430.4   0.02191
  13465.3   0.02180
  13500.4   0.02165
  13535.6   0.02148
  13571.0   0.02122
  13606.7   0.02092
  13642.5   0.02068
  13678.5   0.02042
  13714.6   0.02014
  13751.0   0.01988
  13787.6   0.01966
  13824.4   0.01945
  13861.3   0.01924
  13898.5   0.01911
  13935.8   0.01899
  13973.4   0.01878
  14011.2   0.01853
  14049.1   0.01833
  14087.3   0.01809
  14125.7   0.01779
  14164.3   0.01750
  14203.1   0.01716
  14242.1   0.01671
  14281.4   0.01624
  14320.8   0.01580
  14360.5   0.01539
  14400.4   0.01501
  14440.5   0.01467
  14480.8   0.01441
  14521.4   0.01417
  14562.2   0.01400
  14603.2   0.01385
  14644.4   0.01367
  14685.9   0.01362
  14727.7   0.01363
  14769.6   0.01362
  14811.8   0.01370
  14854.3   0.01383
  14896.9   0.01397
  14939.9   0.01409
  14983.0   0.01426
  15026.5   0.01446
  15070.2   0.01456
  15114.1   0.01466
  15158.3   0.01474
  15202.7   0.01468
  15247.5   0.01456
  15292.4   0.01441
  15337.7   0.01422
  15383.2   0.01400
  15429.0   0.01383
  15475.0   0.01365
  15521.4   0.01343
  15568.0   0.01321
  15614.9   0.01301
  15662.0   0.01275
  15709.5   0.01248
  15757.2   0.01222
  15805.3   0.01194
  15853.6   0.01165
  15902.3   0.01145
  15951.2   0.01130
  16000.4   0.01108
  16050.0   0.01094
  16099.8   0.01096
  16150.0   0.01103
  16200.4   0.01114
  16251.2   0.01129
  16302.3   0.01148
  16353.7   0.01165
  16405.5   0.01186
  16457.6   0.01219
  16510.0   0.01255
  16562.7   0.01290
  16615.8   0.01330
  16669.2   0.01378
  16723.0   0.01428
  16777.1   0.01484
  16831.6   0.01547
  16886.4   0.01612
  16941.6   0.01674
  16997.2   0.01733
  17053.1   0.01806
  17109.4   0.01882
  17166.0   0.01946
  17223.0   0.02022
  17280.4   0.02102
  17338.2   0.02215
  17396.4   0.02325
  17455.0   0.02519
  17514.0   0.02660
  17573.3   0.02820
  17633.1   0.03025
  17693.3   0.03242
  17753.9   0.03446
  17814.9   0.03631
  17876.3   0.03815
  17938.2   0.04014
  18000.5   0.04231
  18063.2   0.04427
  18126.3   0.04620
  18189.9   0.04826
  18254.0   0.05007
  18318.5   0.05175
  18383.5   0.05380
  18448.9   0.05517
  18514.8   0.05660
  18581.1   0.05806
  18648.0   0.05947
  18715.3   0.06087
  18783.1   0.06189
  18851.4   0.06318
  18920.2   0.06425
  18989.5   0.06511
  19059.3   0.06527
  19129.6   0.06573
  19200.5   0.06602
  19271.9   0.06608
  19343.8   0.06600
  19416.2   0.06579
  19489.2   0.06545
  19562.8   0.06527
  19636.9   0.06479
  19711.5   0.06442
  19786.8   0.06363
  19862.6   0.06265
  19939.0   0.06150
  20016.0   0.06036
  20093.5   0.05847
  20171.7   0.05696
  20250.5   0.05517
  20329.9   0.05322
  20410.0   0.05068
  20490.7   0.04851
  20572.0   0.04623
  20653.9   0.04398
  20736.5   0.04219
  20819.8   0.04142
  20903.8   0.04145
  20988.4   0.04038
  21073.7   0.04088
  21159.7   0.04150
  21246.5   0.04323
  21333.9   0.04424
  21422.0   0.04631
  21510.9   0.04823
  21600.6   0.05070
  21690.9   0.05282
  21782.1   0.05485
  21874.0   0.05673
  21966.7   0.05821
  22060.1   0.05923
  22154.4   0.06040
  22249.5   0.06127
  22345.4   0.06132
  22442.1   0.06209
  22539.7   0.05893
  22638.1   0.06102
  22737.4   0.06678
  22837.6   0.06666
  22938.7   0.06422
  23040.6   0.06117
  23143.5   0.06041
  23247.2   0.05861
  23352.0   0.05701
  23457.6   0.05519
  23564.3   0.05385
  23671.8   0.05259
  23780.4   0.05132
  23890.0   0.05015
  24000.6   0.04869
  24112.3   0.04650
  24224.9   0.04348
  24338.7   0.03946
  24453.5   0.03658
  24569.4   0.04003
  24686.4   0.03830
  24804.5   0.03814
  24923.7   0.03489
  25044.1   0.03626
  25165.7   0.04187
  25288.5   0.04193
  25412.4   0.03088
  25537.6   0.02622
  25664.0   0.02863
  25791.7   0.03066
  25920.7   0.03815



 S502F542    .ASC                        

 JB-JLB-542                                                              
 nontronite b#1-org                                                      
 from Monika Cogoini #NAu-2                                              
 smoothed 5, 0.5                                                         

 Source Ang: 30.00   Detect Ang: 30.00  Volt: 1.222
 Date: 10-MAY-02   Time: 20:23:12
