   577
    320.0   0.30617
    325.0   0.33758
    330.0   0.36123
    335.0   0.37804
    340.0   0.39513
    345.0   0.40746
    350.0   0.41885
    355.0   0.42957
    360.0   0.44130
    365.0   0.45396
    370.0   0.46450
    375.0   0.47639
    380.0   0.48264
    385.0   0.48908
    390.0   0.50350
    395.0   0.51841
    400.0   0.52954
    405.0   0.53790
    410.0   0.54439
    415.0   0.54856
    420.0   0.55341
    425.0   0.56065
    430.0   0.57015
    435.0   0.57929
    440.0   0.58679
    445.0   0.59374
    450.0   0.60033
    455.0   0.60597
    460.0   0.61130
    465.0   0.61611
    470.0   0.62012
    475.0   0.62322
    480.0   0.62705
    485.0   0.63071
    490.0   0.63514
    495.0   0.63826
    500.0   0.64229
    505.0   0.64678
    510.0   0.65000
    515.0   0.65478
    520.0   0.65762
    525.0   0.66167
    530.0   0.66341
    535.0   0.66513
    540.0   0.66679
    545.0   0.66747
    550.0   0.66831
    555.0   0.66929
    560.0   0.67028
    565.0   0.66992
    570.0   0.67030
    575.0   0.66960
    580.0   0.67026
    585.0   0.67045
    590.0   0.67089
    595.0   0.67075
    600.0   0.67150
    605.0   0.67158
    610.0   0.67248
    615.0   0.67264
    620.0   0.67294
    625.0   0.67349
    630.0   0.67399
    635.0   0.67462
    640.0   0.67531
    645.0   0.67594
    650.0   0.67665
    655.0   0.67738
    660.0   0.67809
    665.0   0.67869
    670.0   0.67924
    675.0   0.68017
    680.0   0.68085
    685.0   0.68161
    690.0   0.68206
    695.0   0.68282
    700.0   0.68342
    705.0   0.68425
    710.0   0.68518
    715.0   0.68613
    720.0   0.68678
    725.0   0.68785
    730.0   0.68898
    735.0   0.69023
    740.0   0.69110
    745.0   0.69244
    750.0   0.69378
    755.0   0.69502
    760.0   0.69610
    765.0   0.69749
    770.0   0.69876
    775.0   0.70002
    780.0   0.70081
    785.0   0.70174
    790.0   0.70230
    795.0   0.70251
    800.0   0.70297
    805.0   0.70231
    810.0   0.70184
    815.0   0.70122
    820.0   0.70106
    825.0   0.70123
    830.0   0.70073
    835.0   0.70042
    840.0   0.69955
    845.0   0.69913
    850.0   0.69881
    855.0   0.69847
    860.0   0.69759
    865.0   0.69726
    870.0   0.69688
    875.0   0.69684
    880.0   0.69656
    885.0   0.69663
    890.0   0.69696
    895.0   0.69722
    900.0   0.69756
    905.0   0.69740
    910.0   0.69728
    915.0   0.69722
    920.0   0.69762
    925.0   0.69809
    930.0   0.69845
    935.0   0.69850
    940.0   0.69834
    945.0   0.69826
    950.0   0.69804
    955.0   0.69794
    960.0   0.69769
    965.0   0.69728
    970.0   0.69694
    975.0   0.69633
    980.0   0.69602
    985.0   0.69513
    990.0   0.69401
    995.0   0.69278
   1000.0   0.69159
   1005.0   0.69036
   1010.0   0.68866
   1015.0   0.68697
   1020.0   0.68576
   1025.0   0.68475
   1030.0   0.68388
   1035.0   0.68226
   1040.0   0.68067
   1045.0   0.67848
   1050.0   0.67664
   1055.0   0.67502
   1060.0   0.67389
   1065.0   0.67232
   1070.0   0.67074
   1075.0   0.66894
   1080.0   0.66763
   1085.0   0.66586
   1090.0   0.66477
   1095.0   0.66341
   1100.0   0.66197
   1105.0   0.66027
   1110.0   0.65861
   1115.0   0.65732
   1120.0   0.65593
   1125.0   0.65476
   1130.0   0.65395
   1135.0   0.65297
   1140.0   0.65189
   1145.0   0.65081
   1150.0   0.64972
   1155.0   0.64915
   1160.0   0.64844
   1165.0   0.64773
   1170.0   0.64660
   1175.0   0.64555
   1180.0   0.64510
   1185.0   0.64470
   1190.0   0.64422
   1195.0   0.64383
   1200.0   0.64318
   1205.0   0.64266
   1210.0   0.64233
   1215.0   0.64180
   1220.0   0.64128
   1225.0   0.64123
   1230.0   0.64129
   1235.0   0.64122
   1240.0   0.64135
   1245.0   0.64164
   1250.0   0.64217
   1255.0   0.64242
   1260.0   0.64271
   1265.0   0.64294
   1270.0   0.64308
   1275.0   0.64299
   1280.0   0.64325
   1285.0   0.64366
   1290.0   0.64446
   1295.0   0.64524
   1300.0   0.64599
   1305.0   0.64690
   1310.0   0.64786
   1315.0   0.64847
   1320.0   0.64932
   1325.0   0.64995
   1330.0   0.65074
   1335.0   0.65140
   1340.0   0.65223
   1345.0   0.65266
   1350.0   0.65333
   1355.0   0.65384
   1360.0   0.65466
   1365.0   0.65545
   1370.0   0.65654
   1375.0   0.65714
   1380.0   0.65681
   1385.0   0.65515
   1390.0   0.65341
   1395.0   0.65217
   1400.0   0.65150
   1405.0   0.65132
   1410.0   0.65292
   1415.0   0.65501
   1420.0   0.65713
   1425.0   0.65923
   1430.0   0.66202
   1435.0   0.66451
   1440.0   0.66674
   1445.0   0.66885
   1450.0   0.67098
   1455.0   0.67276
   1460.0   0.67459
   1465.0   0.67660
   1470.0   0.67859
   1475.0   0.68046
   1480.0   0.68307
   1485.0   0.68497
   1490.0   0.68678
   1495.0   0.68844
   1500.0   0.69057
   1505.0   0.69194
   1510.0   0.69366
   1515.0   0.69534
   1520.0   0.69705
   1525.0   0.69858
   1530.0   0.70029
   1535.0   0.70196
   1540.0   0.70360
   1545.0   0.70513
   1550.0   0.70663
   1555.0   0.70778
   1560.0   0.70912
   1565.0   0.70987
   1570.0   0.71092
   1575.0   0.71163
   1580.0   0.71265
   1585.0   0.71347
   1590.0   0.71499
   1595.0   0.71567
   1600.0   0.71685
   1605.0   0.71777
   1610.0   0.71865
   1615.0   0.71873
   1620.0   0.71897
   1625.0   0.71871
   1630.0   0.71902
   1635.0   0.71897
   1640.0   0.71954
   1645.0   0.72046
   1650.0   0.72115
   1655.0   0.72150
   1660.0   0.72205
   1665.0   0.72267
   1670.0   0.72328
   1675.0   0.72407
   1680.0   0.72470
   1685.0   0.72543
   1690.0   0.72591
   1695.0   0.72619
   1700.0   0.72620
   1705.0   0.72604
   1710.0   0.72613
   1715.0   0.72619
   1720.0   0.72672
   1725.0   0.72742
   1730.0   0.72803
   1735.0   0.72820
   1740.0   0.72826
   1745.0   0.72777
   1750.0   0.72728
   1755.0   0.72724
   1760.0   0.72750
   1765.0   0.72782
   1770.0   0.72796
   1775.0   0.72825
   1780.0   0.72857
   1785.0   0.72879
   1790.0   0.72903
   1795.0   0.72958
   1800.0   0.73018
   1805.0   0.73073
   1810.0   0.73083
   1815.0   0.73084
   1820.0   0.73094
   1825.0   0.73098
   1830.0   0.73076
   1835.0   0.73043
   1840.0   0.73003
   1845.0   0.72996
   1850.0   0.73000
   1855.0   0.72956
   1860.0   0.72883
   1865.0   0.72775
   1870.0   0.72612
   1875.0   0.72364
   1880.0   0.71978
   1885.0   0.71438
   1890.0   0.70821
   1895.0   0.70084
   1900.0   0.69337
   1905.0   0.68629
   1910.0   0.68040
   1915.0   0.67572
   1920.0   0.67226
   1925.0   0.66990
   1930.0   0.66915
   1935.0   0.66966
   1940.0   0.67100
   1945.0   0.67289
   1950.0   0.67500
   1955.0   0.67790
   1960.0   0.68121
   1965.0   0.68452
   1970.0   0.68676
   1975.0   0.68912
   1980.0   0.69087
   1985.0   0.69281
   1990.0   0.69473
   1995.0   0.69660
   2000.0   0.69838
   2005.0   0.70080
   2010.0   0.70296
   2015.0   0.70532
   2020.0   0.70776
   2025.0   0.71011
   2030.0   0.71211
   2035.0   0.71403
   2040.0   0.71592
   2045.0   0.71781
   2050.0   0.71969
   2055.0   0.72101
   2060.0   0.72226
   2065.0   0.72363
   2070.0   0.72507
   2075.0   0.72634
   2080.0   0.72717
   2085.0   0.72775
   2090.0   0.72855
   2095.0   0.72920
   2100.0   0.72961
   2105.0   0.73035
   2110.0   0.73146
   2115.0   0.73231
   2120.0   0.73313
   2125.0   0.73430
   2130.0   0.73495
   2135.0   0.73589
   2140.0   0.73618
   2145.0   0.73592
   2150.0   0.73549
   2155.0   0.73512
   2160.0   0.73459
   2165.0   0.73380
   2170.0   0.73271
   2175.0   0.73141
   2180.0   0.73004
   2185.0   0.72883
   2190.0   0.72769
   2195.0   0.72569
   2200.0   0.72460
   2205.0   0.72363
   2210.0   0.72312
   2215.0   0.72269
   2220.0   0.72216
   2225.0   0.72122
   2230.0   0.72109
   2235.0   0.72011
   2240.0   0.71947
   2245.0   0.71916
   2250.0   0.71920
   2255.0   0.71942
   2260.0   0.71982
   2265.0   0.72004
   2270.0   0.72038
   2275.0   0.72016
   2280.0   0.71824
   2285.0   0.71617
   2290.0   0.71421
   2295.0   0.71318
   2300.0   0.71077
   2305.0   0.70838
   2310.0   0.70593
   2315.0   0.70488
   2320.0   0.70331
   2325.0   0.70182
   2330.0   0.70004
   2335.0   0.69948
   2340.0   0.69920
   2345.0   0.69996
   2350.0   0.70037
   2355.0   0.70088
   2360.0   0.70145
   2365.0   0.70166
   2370.0   0.70170
   2375.0   0.70151
   2380.0   0.70132
   2385.0   0.70084
   2390.0   0.70007
   2395.0   0.69866
   2400.0   0.69731
   2405.0   0.69538
   2410.0   0.69326
   2415.0   0.69066
   2420.0   0.68835
   2425.0   0.68604
   2430.0   0.68367
   2435.0   0.68171
   2440.0   0.67985
   2445.0   0.67748
   2450.0   0.67575
   2455.0   0.67466
   2460.0   0.67392
   2465.0   0.67343
   2470.0   0.67271
   2475.0   0.67186
   2480.0   0.67096
   2485.0   0.67034
   2490.0   0.67042
   2495.0   0.67037
   2500.0   0.67019
   2505.0   0.66976
   2510.0   0.66917
   2515.0   0.66907
   2520.0   0.66917
   2525.0   0.66883
   2530.0   0.66862
   2535.0   0.66808
   2540.0   0.66730
   2545.0   0.66720
   2550.0   0.66733
   2555.0   0.66737
   2560.0   0.66687
   2565.0   0.66574
   2570.0   0.66521
   2575.0   0.66494
   2580.0   0.66441
   2585.0   0.66380
   2590.0   0.66348
   2595.0   0.66177
   2600.0   0.66098
   2605.0   0.65988
   2610.0   0.65879
   2615.0   0.65828
   2620.0   0.65612
   2625.0   0.65426
   2630.0   0.65234
   2635.0   0.64887
   2640.0   0.64617
   2645.0   0.64142
   2650.0   0.63662
   2655.0   0.63125
   2660.0   0.62282
   2665.0   0.61384
   2670.0   0.60128
   2675.0   0.58488
   2680.0   0.56159
   2685.0   0.53290
   2690.0   0.50127
   2695.0   0.46772
   2700.0   0.43351
   2705.0   0.39906
   2710.0   0.36527
   2715.0   0.33384
   2720.0   0.30743
   2725.0   0.28794
   2730.0   0.27226
   2735.0   0.26104
   2740.0   0.25276
   2745.0   0.24990
   2750.0   0.24507
   2755.0   0.24138
   2760.0   0.24063
   2765.0   0.23795
   2770.0   0.23650
   2775.0   0.23563
   2780.0   0.23482
   2785.0   0.23353
   2790.0   0.22939
   2795.0   0.22734
   2800.0   0.22757
   2805.0   0.22332
   2810.0   0.22103
   2815.0   0.21859
   2820.0   0.21836
   2825.0   0.21735
   2830.0   0.21706
   2835.0   0.21663
   2840.0   0.21816
   2845.0   0.21739
   2850.0   0.21915
   2855.0   0.22040
   2860.0   0.22041
   2865.0   0.21949
   2870.0   0.21950
   2875.0   0.21830
   2880.0   0.21650
   2885.0   0.21581
   2890.0   0.21477
   2895.0   0.21340
   2900.0   0.21233
   2905.0   0.21263
   2910.0   0.21287
   2915.0   0.21179
   2920.0   0.21179
   2925.0   0.21218
   2930.0   0.21230
   2935.0   0.21203
   2940.0   0.21225
   2945.0   0.21307
   2950.0   0.21346
   2955.0   0.21388
   2960.0   0.21455
   2965.0   0.21598
   2970.0   0.21697
   2975.0   0.21780
   2980.0   0.21873
   2985.0   0.21975
   2990.0   0.22109
   2995.0   0.22233
   3000.0   0.22392
   3005.0   0.22599
   3010.0   0.22711
   3015.0   0.22857
   3020.0   0.23018
   3025.0   0.23230
   3030.0   0.23416
   3035.0   0.23571
   3040.0   0.23769
   3045.0   0.23969
   3050.0   0.24172
   3055.0   0.24363
   3060.0   0.24535
   3065.0   0.24765
   3070.0   0.24980
   3075.0   0.25188
   3080.0   0.25405
   3085.0   0.25627
   3090.0   0.25923
   3095.0   0.26193
   3100.0   0.26408
   3105.0   0.26662
   3110.0   0.26871
   3115.0   0.27137
   3120.0   0.27443
   3125.0   0.27701
   3130.0   0.27978
   3135.0   0.28277
   3140.0   0.28586
   3145.0   0.28872
   3150.0   0.29197
   3155.0   0.29520
   3160.0   0.29859
   3165.0   0.30269
   3170.0   0.30583
   3175.0   0.30902
   3180.0   0.31250
   3185.0   0.31566
   3190.0   0.31797
   3195.0   0.32044
   3200.0   0.32243



 S5PF12      .ASC                        

 PF-CMP-012                                                              
 FELDSPAR NS  45-63 UM FOR LOOK AT FAR IR                                
 RATIOS ADJUSTED USING NBS HALON CALIBRATION TABLE                       
 SSMOOTHED 1X WITH S=0 E=5                                               

 Source Ang: 30.00   Detect Ang:  0.00  Volt: 0.777
 Date:  4-JUN-87   Time: 17:32:16
